Iteration	CPUTime	PhysTime	Travels	Value	AvValue	MinValue	MaxValue	Delta	Criteria	PrevAvRefValue	Progress	CriteriaType	CriteriaVarType	CriteriaPercentage
1	6	0	0.00897155323	1.54860236	1.54860236	1.54860236	1.54860236	0	0	0	0	0	0	3
2	7	0	0.0179431065	2.04958674	1.79909455	1.54860236	2.04958674	0.250492191	0	0	0	0	0	3
3	8	0	0.0269146597	0.841779072	1.47998939	0.841779072	2.04958674	0.319105159	0	0	0	0	0	3
4	8	0	0.0358862129	0.800827941	1.31019903	0.800827941	2.04958674	0.488895521	0	0	0	0	0	3
5	9	0	0.0448577662	0.363704247	1.12090007	0.363704247	2.04958674	0.678194477	0	0	0	0	0	3
6	10	0	0.0538293194	0.40054188	1.00084037	0.363704247	2.04958674	0.798254176	0	0	0	0	0	3
7	11	0	0.0628008726	0.193291026	0.88547618	0.193291026	2.04958674	0.913618368	0	0	0	0	0	3
8	11	0	0.0717724258	0.527411071	0.840718042	0.193291026	2.04958674	0.958376507	0	0	0	0	0	3
9	12	0	0.0807439791	0.127164348	0.761434298	0.127164348	2.04958674	1.03766025	0	0	0	0	0	3
10	13	0	0.0897155323	0.416280774	0.726918946	0.127164348	2.04958674	1.0721756	0	0	0	0	0	3
11	14	0	0.0986870855	0.157976018	0.675196861	0.127164348	2.04958674	1.12389769	0	0	0	0	0	3
12	14	0	0.107658639	0.462292473	0.657454829	0.127164348	2.04958674	1.14163972	0	0	0	0	0	3
13	15	0	0.116630192	0.296135847	0.629661061	0.127164348	2.04958674	1.16943349	0	0	0	0	0	3
14	16	0	0.125601745	0.332718982	0.608450913	0.127164348	2.04958674	1.19064364	0	0	0	0	0	3
15	17	0	0.134573298	0.287165339	0.587031874	0.127164348	2.04958674	1.21206267	0	0	0	0	0	3
16	17	0	0.143544852	0.446690075	0.578260512	0.127164348	2.04958674	1.22083404	0	0	0	0	0	3
17	18	0	0.152516405	0.319934589	0.563064869	0.127164348	2.04958674	1.23602968	0	0	0	0	0	3
18	19	0	0.161487958	0.328211732	0.550017473	0.127164348	2.04958674	1.24907708	0	0	0	0	0	3
19	20	0	0.170459511	0.357414376	0.539880468	0.127164348	2.04958674	1.25921408	0	0	0	0	0	3
20	20	0	0.179431065	0.365264898	0.531149689	0.127164348	2.04958674	1.26794486	0	0	0	0	0	3
21	21	0	0.188402618	0.405285127	0.525156139	0.127164348	2.04958674	1.27393841	0	0	0	0	0	3
22	22	0	0.197374171	0.409910861	0.519917717	0.127164348	2.04958674	1.27917683	0	0	0	0	0	3
23	23	0	0.206345724	0.442251916	0.516540943	0.127164348	2.04958674	1.28255361	0	0	0	0	0	3
24	23	0	0.215317278	0.416057327	0.512354126	0.127164348	2.04958674	1.28674042	0	0	0	0	0	3
25	24	0	0.224288831	0.436223465	0.509308899	0.127164348	2.04958674	1.28978565	0	0	0	0	0	3
26	25	0	0.233260384	0.417128504	0.505763499	0.127164348	2.04958674	1.29333105	0	0	0	0	0	3
27	26	0	0.242231937	0.4172971	0.502486966	0.127164348	2.04958674	1.29660758	0	0	0	0	0	3
28	26	0	0.25120349	0.391102943	0.498508965	0.127164348	2.04958674	1.30058558	0	0	0	0	0	3
29	27	0	0.260175044	0.368058327	0.494010667	0.127164348	2.04958674	1.30508388	0	0	0	0	0	3
30	28	0	0.269146597	0.328749376	0.488501958	0.127164348	2.04958674	1.31059259	0	0	0	0	0	3
31	29	0	0.27811815	0.310934367	0.482773971	0.127164348	2.04958674	1.31632058	0	0	0	0	0	3
32	30	0	0.287089703	0.285419262	0.476606636	0.127164348	2.04958674	1.32248791	0	0	0	0	0	3
33	30	0	0.296061257	0.272057982	0.470408192	0.127164348	2.04958674	1.32868636	0	0	0	0	0	3
34	31	0	0.30503281	0.249992908	0.46392539	0.127164348	2.04958674	1.33516916	0	0	0	0	0	3
35	32	0	0.314004363	0.242313257	0.457593615	0.127164348	2.04958674	1.34150093	0	0	0	0	0	3
36	33	0	0.322975916	0.237584145	0.45148224	0.127164348	2.04958674	1.34761231	0	0	0	0	0	3
37	33	0	0.33194747	0.241984076	0.445820128	0.127164348	2.04958674	1.35327442	0	0	0	0	0	3
38	34	0	0.340919023	0.25607313	0.440826786	0.127164348	2.04958674	1.35826776	0	0	0	0	0	3
39	35	0	0.349890576	0.256864869	0.436109814	0.127164348	2.04958674	1.36298474	0	0	0	0	0	3
40	36	0	0.358862129	0.268368672	0.431916285	0.127164348	2.04958674	1.36717826	0	0	0	0	0	3
41	37	0	0.367833682	0.257178787	0.427654395	0.127164348	2.04958674	1.37144015	0	0	0	0	0	3
42	37	0	0.376805236	0.252421899	0.423482193	0.127164348	2.04958674	1.37561236	0	0	0	0	0	3
43	38	0	0.385776789	0.231193747	0.419010368	0.127164348	2.04958674	1.38008418	0	0	0	0	0	3
44	39	0	0.394748342	0.219393507	0.414473621	0.127164348	2.04958674	1.38462093	0	0	0	0	0	3
45	40	0	0.403719895	0.200044115	0.409708521	0.127164348	2.04958674	1.38938603	0	0	0	0	0	3
46	41	0	0.412691449	0.206661748	0.405294461	0.127164348	2.04958674	1.39380009	0	0	0	0	0	3
47	41	0	0.421663002	0.201371522	0.400955675	0.127164348	2.04958674	1.39813887	0	0	0	0	0	3
48	42	0	0.430634555	0.201746303	0.39680548	0.127164348	2.04958674	1.40228907	0	0	0	0	0	3
49	43	0	0.439606108	0.198780358	0.392764151	0.127164348	2.04958674	1.4063304	0	0	0	0	0	3
50	44	0	0.448577662	0.19580908	0.388825049	0.127164348	2.04958674	1.4102695	0	0	0	0	0	3
51	44	0	0.457549215	0.187118759	0.384870024	0.127164348	2.04958674	1.41422452	0	0	0	0	0	3
52	45	0	0.466520768	0.183330959	0.380994273	0.127164348	2.04958674	1.41810028	0	0	0	0	0	3
53	46	0	0.475492321	0.171669148	0.377044742	0.127164348	2.04958674	1.42204981	0	0	0	0	0	3
54	47	0	0.484463874	0.176138645	0.373324259	0.127164348	2.04958674	1.42577029	0	0	0	0	0	3
55	48	0	0.493435428	0.174114153	0.369702257	0.127164348	2.04958674	1.42939229	0	0	0	0	0	3
56	48	0	0.502406981	0.179744395	0.366310152	0.127164348	2.04958674	1.4327844	0	0	0	0	0	3
57	49	0	0.511378534	0.184764384	0.341955903	0.127164348	2.04958674	1.45713865	0	0	0	0	0	3
58	50	0	0.520350087	0.189791678	0.308745277	0.127164348	0.841779072	0.714614724	0	0	0	0	0	3
59	51	0	0.529321641	0.188574421	0.297080908	0.127164348	0.800827941	0.673663592	0	0	0	0	0	3
60	51	0	0.538293194	0.185739867	0.286097192	0.127164348	0.527411071	0.400246723	0	0	0	0	0	3
61	52	0	0.547264747	0.174696397	0.282722052	0.127164348	0.527411071	0.400246723	0	0	0	0	0	3
62	53	0	0.5562363	0.166117963	0.278535911	0.127164348	0.527411071	0.400246723	0	0	0	0	0	3
63	54	0	0.565207854	0.151287831	0.277785854	0.127164348	0.527411071	0.400246723	0	0	0	0	0	3
64	55	0	0.574179407	0.158100898	0.271191029	0.127164348	0.462292473	0.335128125	0	0	0	0	0	3
65	55	0	0.58315096	0.156678826	0.271718073	0.151287831	0.462292473	0.311004643	0	0	0	0	0	3
66	56	0	0.592122513	0.165336136	0.267236919	0.151287831	0.462292473	0.311004643	0	0	0	0	0	3
67	57	0	0.601094066	0.168153622	0.267418662	0.151287831	0.462292473	0.311004643	0	0	0	0	0	3
68	58	0	0.61006562	0.174000379	0.262270589	0.151287831	0.446690075	0.295402245	0	0	0	0	0	3
69	59	0	0.619037173	0.170666474	0.260030064	0.151287831	0.446690075	0.295402245	0	0	0	0	0	3
70	61	0	0.628008726	0.172163765	0.257163007	0.151287831	0.446690075	0.295402245	0	0	0	0	0	3
71	61	0	0.636980279	0.166550592	0.255009172	0.151287831	0.446690075	0.295402245	0	0	0	0	0	3
72	62	0	0.645951833	0.172580589	0.25011436	0.151287831	0.442251916	0.290964085	0	0	0	0	0	3
73	63	0	0.654923386	0.174118621	0.247510503	0.151287831	0.442251916	0.290964085	0	0	0	0	0	3
74	64	0	0.663894939	0.178579236	0.244838495	0.151287831	0.442251916	0.290964085	0	0	0	0	0	3
75	65	0	0.672866492	0.175435738	0.241588876	0.151287831	0.442251916	0.289560813	0	0	0	0	0	3
76	65	0	0.681838046	0.169874491	0.238099762	0.151287831	0.442251916	0.287056377	0	0	0	0	0	3
77	66	0	0.690809599	0.152920778	0.233593255	0.151287831	0.442251916	0.286324462	0	0	0	0	0	3
78	67	0	0.699781152	0.141934093	0.228807956	0.141934093	0.442251916	0.287732987	0	0	0	0	0	3
79	68	0	0.708752705	0.131855898	0.22326517	0.131855898	0.436223465	0.289088956	0	0	0	0	0	3
80	69	0	0.717724258	0.130605417	0.218167814	0.130605417	0.436223465	0.291141085	0	0	0	0	0	3
81	70	0	0.726695812	0.131981112	0.212734915	0.130605417	0.4172971	0.286691683	0	0	0	0	0	3
82	70	0	0.735667365	0.146392858	0.20790035	0.130605417	0.4172971	0.286691683	0	0	0	0	0	3
83	71	0	0.744638918	0.152446164	0.203170869	0.130605417	0.391102943	0.260497526	0	0	0	0	0	3
84	72	0	0.753610471	0.163021886	0.199097993	0.130605417	0.368058327	0.23745291	0	0	0	0	0	3
85	73	0	0.762582025	0.160043232	0.195383438	0.130605417	0.328749376	0.198143959	0	0	0	0	0	3
86	73	0	0.771553578	0.153151334	0.192247758	0.130605417	0.310934367	0.18032895	0	0	0	0	0	3
87	74	0	0.780525131	0.139478949	0.189186055	0.130605417	0.285419262	0.154813845	0	0	0	0	0	3
88	75	0	0.789496684	0.132260954	0.186451085	0.130605417	0.272057982	0.141452565	0	0	0	0	0	3
89	76	0	0.798468238	0.125525982	0.183834442	0.125525982	0.268368672	0.142842691	0	0	0	0	0	3
90	77	0	0.807439791	0.130774217	0.181705537	0.125525982	0.268368672	0.142842691	0	0	0	0	0	3
91	78	0	0.816411344	0.133788862	0.179767601	0.125525982	0.268368672	0.142842691	0	0	0	0	0	3
92	78	0	0.825382897	0.137171342	0.177974515	0.125525982	0.268368672	0.142842691	0	0	0	0	0	3
93	79	0	0.83435445	0.130465552	0.175983113	0.125525982	0.268368672	0.142842691	0	0	0	0	0	3
94	80	0	0.843326004	0.126516035	0.173669594	0.125525982	0.268368672	0.142842691	0	0	0	0	0	3
95	81	0	0.852297557	0.122586165	0.17127176	0.122586165	0.268368672	0.145782508	0	0	0	0	0	3
96	82	0	0.86126911	0.125962091	0.168728785	0.122586165	0.257178787	0.134592623	0	0	0	0	0	3
97	82	0	0.870240663	0.129932023	0.166456521	0.122586165	0.252421899	0.129835735	0	0	0	0	0	3
98	83	0	0.879212217	0.137419931	0.164402915	0.122586165	0.231193747	0.108607582	0	0	0	0	0	3
99	84	0	0.88818377	0.136466931	0.162711364	0.122586165	0.219393507	0.0968073427	0	0	0	0	0	3
100	85	0	0.897155323	0.132729147	0.161163786	0.122586165	0.206661748	0.084075583	0	0	0	0	0	3
101	89	0	0.906126876	0.122563646	0.159780207	0.122563646	0.206661748	0.0840981017	0	0	0	0	0	3
102	90	0	0.91509843	0.109201122	0.158039838	0.109201122	0.201746303	0.0925451811	0	0	0	0	0	3
103	91	0	0.924069983	0.0959856882	0.156157948	0.0959856882	0.201746303	0.105760615	0	0	0	0	0	3
104	92	0	0.933041536	0.0916822511	0.154192519	0.0916822511	0.198780358	0.107098107	0	0	0	0	0	3
105	92	0	0.942013089	0.0937112994	0.152316286	0.0916822511	0.19580908	0.104126829	0	0	0	0	0	3
106	93	0	0.950984642	0.10979373	0.150780297	0.0916822511	0.189791678	0.0981094273	0	0	0	0	0	3
107	94	0	0.959956196	0.119122687	0.149566082	0.0916822511	0.189791678	0.0981094273	0	0	0	0	0	3
108	95	0	0.968927749	0.130897503	0.14862977	0.0916822511	0.189791678	0.0981094273	0	0	0	0	0	3
109	96	0	0.977899302	0.133675376	0.14795131	0.0916822511	0.189791678	0.0981094273	0	0	0	0	0	3
110	97	0	0.986870855	0.135177607	0.147219863	0.0916822511	0.189791678	0.0981094273	0	0	0	0	0	3
111	97	0	0.995842409	0.130141682	0.14643464	0.0916822511	0.189791678	0.0981094273	0	0	0	0	0	3
112	98	0	1.00481396	0.131780815	0.145578148	0.0916822511	0.189791678	0.0981094273	0.0225029046	0	22.9	0	0	3
113	99	0	1.01378552	0.132074792	0.144637262	0.0916822511	0.189791678	0.0981094273	0.0225029046	0	22.9	0	0	3
114	100	0	1.02275707	0.136392575	0.143683707	0.0916822511	0.188574421	0.0968921704	0.0225029046	0	23.2	0	0	3
115	101	0	1.03172862	0.137813916	0.142777269	0.0916822511	0.185739867	0.0940576161	0.0225029046	0	23.9	0	0	3
116	101	0	1.04070017	0.143196276	0.142017562	0.0916822511	0.178579236	0.0868969849	0.0225029046	0	25.8	0	0	3
117	102	0	1.04967173	0.135870827	0.141324248	0.0916822511	0.178579236	0.0868969849	0.0225029046	0	25.8	0	0	3
118	103	0	1.05864328	0.136228667	0.140790511	0.0916822511	0.178579236	0.0868969849	0.0225029046	0	25.8	0	0	3
119	104	0	1.06761483	0.128636731	0.140386027	0.0916822511	0.178579236	0.0868969849	0.0225029046	0	25.8	0	0	3
120	105	0	1.07658639	0.130111231	0.139886211	0.0916822511	0.178579236	0.0868969849	0.0225029046	0	25.8	0	0	3
121	105	0	1.08555794	0.128637969	0.139385482	0.0916822511	0.178579236	0.0868969849	0.0225029046	0	25.8	0	0	3
122	106	0	1.09452949	0.137752276	0.138892913	0.0916822511	0.178579236	0.0868969849	0.0225029046	0	25.8	0	0	3
123	107	0	1.10350105	0.142797908	0.138440132	0.0916822511	0.178579236	0.0868969849	0.0225029046	0	25.8	0	0	3
124	108	0	1.1124726	0.158030546	0.138154957	0.0916822511	0.178579236	0.0868969849	0.0225029046	0	25.8	0	0	3
125	108	0	1.12144415	0.166047854	0.138072481	0.0916822511	0.178579236	0.0868969849	0.0225029046	0	25.8	0	0	3
126	109	0	1.13041571	0.176939946	0.13815777	0.0916822511	0.178579236	0.0868969849	0.0225029046	0	25.8	0	0	3
127	110	0	1.13938726	0.175015211	0.138308924	0.0916822511	0.178579236	0.0868969849	0.0225029046	0	25.8	0	0	3
128	111	0	1.14835881	0.17787407	0.138403451	0.0916822511	0.178579236	0.0868969849	0.0225029046	0	25.8	0	0	3
129	112	0	1.15733037	0.172913601	0.138381932	0.0916822511	0.178579236	0.0868969849	0.0225029046	0	25.8	0	0	3
130	112	0	1.16630192	0.174195701	0.138303655	0.0916822511	0.17787407	0.086191819	0.0225029046	0	26.1	0	0	3
131	113	0	1.17527347	0.169250116	0.138193198	0.0916822511	0.17787407	0.086191819	0.0225029046	0	26.1	0	0	3
132	114	0	1.18424503	0.176771562	0.138316359	0.0916822511	0.17787407	0.086191819	0.0225029046	0	26.1	0	0	3
133	115	0	1.19321658	0.178648042	0.138775775	0.0916822511	0.178648042	0.0869657908	0.0225029046	0	25.8	0	0	3
134	115	0	1.20218813	0.1911368	0.139654395	0.0916822511	0.1911368	0.0851926885	0.0225029046	0	26.4	0	0	3
135	116	0	1.21115969	0.195294084	0.140787219	0.0916822511	0.195294084	0.080095333	0.0225029046	0	28	0	0	3
136	117	0	1.22013124	0.201373955	0.142050943	0.0916822511	0.201373955	0.0746624338	0.0225029046	0	30.1	0	0	3
137	118	0	1.22910279	0.19401305	0.143158657	0.0916822511	0.201373955	0.0698278687	0.0225029046	0	32.2	0	0	3
138	118	0	1.23807435	0.19228162	0.143978099	0.0916822511	0.201373955	0.0650983877	0.0225029046	0	34.5	0	0	3
139	119	0	1.2470459	0.182463395	0.144514121	0.0916822511	0.201373955	0.0610255117	0.0225029046	0	36.8	0	0	3
140	120	0	1.25601745	0.186727909	0.144937443	0.0916822511	0.201373955	0.0573109564	0.0225029046	0	39.2	0	0	3
141	121	0	1.26498901	0.190866746	0.145487862	0.0916822511	0.201373955	0.0541752771	0.0225029046	0	41.5	0	0	3
142	122	0	1.27396056	0.213719755	0.146569441	0.0916822511	0.213719755	0.0511135732	0.0225029046	0	44	0	0	3
143	122	0	1.28293211	0.233486899	0.148248155	0.0916822511	0.233486899	0.0483786034	0.0225029046	0	46.5	0	0	3
144	123	0	1.29190367	0.254667098	0.150433979	0.0916822511	0.254667098	0.0457619605	0.0225029046	0	49.1	0	0	3
145	124	0	1.30087522	0.262550672	0.152880848	0.0916822511	0.262550672	0.0436330553	0.0225029046	0	51.5	0	0	3
146	125	0	1.30984677	0.265328234	0.155283599	0.0916822511	0.265328234	0.0416951197	0.0225029046	0	53.9	0	0	3
147	126	0	1.31881832	0.255259112	0.15745271	0.0916822511	0.265328234	0.0399020339	0.0225029046	0	56.3	0	0	3
148	126	0	1.32778988	0.236421505	0.159225034	0.0916822511	0.265328234	0.0379106317	0.0225029046	0	59.3	0	0	3
149	127	0	1.33676143	0.211432771	0.160670878	0.0916822511	0.265328234	0.0355971122	0.0225029046	0	63.2	0	0	3
150	128	0	1.34573298	0.189203071	0.161790289	0.0916822511	0.265328234	0.0331992782	0.0225029046	0	67.7	0	0	3
151	129	0	1.35470454	0.166999096	0.162583377	0.0916822511	0.265328234	0.0306563035	0.0225029046	0	73.4	0	0	3
152	129	0	1.36367609	0.159760549	0.163186921	0.0916822511	0.265328234	0.0283840399	0.0225029046	0	79.2	0	0	3
153	130	0	1.37264764	0.152781315	0.163594944	0.0916822511	0.265328234	0.0263304333	0.0225029046	0	85.4	0	0	3
154	131	0	1.3816192	0.159910862	0.163996568	0.0916822511	0.265328234	0.0259240865	0.0225029046	0	86.8	0	0	3
155	132	0	1.39059075	0.161921866	0.16445112	0.0916822511	0.265328234	0.0263786389	0.0225029046	0	85.3	0	0	3
156	133	0	1.3995623	0.168936847	0.165097686	0.0916822511	0.265328234	0.027025205	0.0225029046	0	83.2	0	0	3
157	133	0	1.40853386	0.175210825	0.166037815	0.0916822511	0.265328234	0.0279653332	0.0225029046	0	80.4	0	0	3
158	134	0	1.41750541	0.186239721	0.167413504	0.0916822511	0.265328234	0.0293410225	0.0225029046	0	76.6	0	0	3
159	135	0	1.42647696	0.192895287	0.169144032	0.0916822511	0.265328234	0.031071551	0.0225029046	0	72.4	0	0	3
160	136	0	1.43544852	0.202810201	0.17112846	0.0937112994	0.265328234	0.0330559787	0.0225029046	0	68	0	0	3
161	136	0	1.44442007	0.205151676	0.173118467	0.10979373	0.265328234	0.0350459854	0.0225029046	0	64.2	0	0	3
162	137	0	1.45339162	0.20539234	0.174825585	0.119122687	0.265328234	0.0367531034	0.0225029046	0	61.2	0	0	3
163	138	0	1.46236318	0.196728922	0.17621141	0.128636731	0.265328234	0.038138929	0.0225029046	0	59	0	0	3
164	139	0	1.47133473	0.19157468	0.177294931	0.128636731	0.265328234	0.0392224501	0.0225029046	0	57.3	0	0	3
165	140	0	1.48030628	0.180652001	0.1781338	0.128636731	0.265328234	0.0400613184	0.0225029046	0	56.1	0	0	3
166	140	0	1.48927784	0.174714019	0.178839807	0.128636731	0.265328234	0.0407673257	0.0225029046	0	55.1	0	0	3
167	141	0	1.49824939	0.166827431	0.17949491	0.128636731	0.265328234	0.0414224284	0.0225029046	0	54.3	0	0	3
168	142	0	1.50722094	0.16198629	0.180034293	0.128636731	0.265328234	0.0419618119	0.0225029046	0	53.6	0	0	3
169	143	0	1.5161925	0.156506041	0.180470566	0.128636731	0.265328234	0.0423980842	0.0225029046	0	53	0	0	3
170	144	0	1.52516405	0.163785528	0.180959725	0.128636731	0.265328234	0.042887244	0.0225029046	0	52.4	0	0	3
171	144	0	1.5341356	0.168734646	0.181511881	0.128636731	0.265328234	0.0434393999	0.0225029046	0	51.8	0	0	3
172	145	0	1.54310716	0.183152807	0.182225391	0.128636731	0.265328234	0.0441529094	0.0225029046	0	50.9	0	0	3
173	146	0	1.55207871	0.194659841	0.183275195	0.128636731	0.265328234	0.0452027132	0.0225029046	0	49.7	0	0	3
174	147	0	1.56105026	0.205384348	0.184510117	0.128636731	0.265328234	0.0464376361	0.0225029046	0	48.4	0	0	3
175	148	0	1.57002182	0.208587172	0.185937804	0.128637969	0.265328234	0.0478653225	0.0225029046	0	47	0	0	3
176	148	0	1.57899337	0.218705974	0.187519853	0.128637969	0.265328234	0.0494473715	0.0225029046	0	45.5	0	0	3
177	149	0	1.58796492	0.224031051	0.189223301	0.137752276	0.265328234	0.0511508194	0.0225029046	0	43.9	0	0	3
178	150	0	1.59693648	0.226127404	0.190801428	0.142797908	0.265328234	0.0527289467	0.0225029046	0	42.6	0	0	3
179	151	0	1.60590803	0.224561119	0.192261485	0.152781315	0.265328234	0.0541890041	0.0225029046	0	41.5	0	0	3
180	151	0	1.61487958	0.226664637	0.193487094	0.152781315	0.265328234	0.0554146128	0.0225029046	0	40.6	0	0	3
181	152	0	1.62385113	0.223679511	0.194516231	0.152781315	0.265328234	0.0563584606	0.0225029046	0	39.9	0	0	3
182	153	0	1.63282269	0.229417123	0.195453323	0.152781315	0.265328234	0.0572601259	0.0225029046	0	39.2	0	0	3
183	154	0	1.64179424	0.229667975	0.196429266	0.152781315	0.265328234	0.0582360681	0.0225029046	0	38.6	0	0	3
184	155	0	1.65076579	0.235943873	0.197466226	0.152781315	0.265328234	0.0592730288	0.0225029046	0	37.9	0	0	3
185	155	0	1.65973735	0.235783215	0.198588898	0.152781315	0.265328234	0.0603957005	0.0225029046	0	37.2	0	0	3
186	156	0	1.6687089	0.237558322	0.199720373	0.152781315	0.265328234	0.0615271759	0.0225029046	0	36.5	0	0	3
187	157	0	1.67768045	0.236886968	0.200928174	0.152781315	0.265328234	0.0626118148	0.0225029046	0	35.9	0	0	3
188	158	0	1.68665201	0.240673057	0.202069272	0.152781315	0.265328234	0.0632934975	0.0225029046	0	35.5	0	0	3
189	158	0	1.69562356	0.240814881	0.203179395	0.152781315	0.265328234	0.0635249999	0.0225029046	0	35.4	0	0	3
190	159	0	1.70459511	0.243162617	0.204108427	0.152781315	0.265328234	0.0633212076	0.0225029046	0	35.5	0	0	3
191	160	0	1.71356667	0.246612833	0.205024833	0.152781315	0.265328234	0.0629738899	0.0225029046	0	35.7	0	0	3
192	161	0	1.72253822	0.254551441	0.205974431	0.152781315	0.265328234	0.0628157747	0.0225029046	0	35.8	0	0	3
193	161	0	1.73150977	0.26210657	0.207190387	0.152781315	0.265328234	0.0632122882	0.0225029046	0	35.5	0	0	3
194	162	0	1.74048133	0.275678987	0.208679626	0.152781315	0.275678987	0.0641655049	0.0225029046	0	35	0	0	3
195	163	0	1.74945288	0.279177227	0.210406658	0.152781315	0.279177227	0.0654692158	0.0225029046	0	34.3	0	0	3
196	164	0	1.75842443	0.287094876	0.212198926	0.152781315	0.287094876	0.0667110632	0.0225029046	0	33.7	0	0	3
197	165	0	1.76739599	0.284251588	0.213866512	0.152781315	0.287094876	0.0672970707	0.0225029046	0	33.4	0	0	3
198	165	0	1.77636754	0.285231032	0.215143499	0.152781315	0.287094876	0.0668953445	0.0225029046	0	33.6	0	0	3
199	166	0	1.78533909	0.273312699	0.215854674	0.152781315	0.287094876	0.0654206954	0.0225029046	0	34.3	0	0	3
200	167	0	1.79431065	0.26997269	0.216127988	0.152781315	0.287094876	0.0632471401	0.0225029046	0	35.5	0	0	3
201	171	0	1.8032822	0.256128652	0.216013309	0.152781315	0.287094876	0.0608443898	0.0225029046	0	36.9	0	0	3
202	172	0	1.81225375	0.250291486	0.215744796	0.152781315	0.287094876	0.0586752782	0.0225029046	0	38.3	0	0	3
203	173	0	1.82122531	0.238866475	0.21545207	0.152781315	0.287094876	0.0569029538	0.0225029046	0	39.5	0	0	3
204	174	0	1.83019686	0.244533365	0.215596925	0.152781315	0.287094876	0.0554571106	0.0225029046	0	40.5	0	0	3
205	174	0	1.83916841	0.242677024	0.216154858	0.152781315	0.287094876	0.054364569	0.0225029046	0	41.3	0	0	3
206	175	0	1.84813997	0.250394109	0.217247555	0.152781315	0.287094876	0.0546641781	0.0225029046	0	41.1	0	0	3
207	176	0	1.85711152	0.243912669	0.218621012	0.152781315	0.287094876	0.0554340909	0.0225029046	0	40.5	0	0	3
208	177	0	1.86608307	0.241082538	0.22007319	0.152781315	0.287094876	0.0564782462	0.0225029046	0	39.8	0	0	3
209	178	0	1.87505463	0.231288425	0.221475103	0.156506041	0.287094876	0.0574785351	0.0225029046	0	39.1	0	0	3
210	178	0	1.88402618	0.234524842	0.222807495	0.156506041	0.287094876	0.0583563752	0.0225029046	0	38.5	0	0	3
211	179	0	1.89299773	0.235762965	0.224126086	0.156506041	0.287094876	0.0590284001	0.0225029046	0	38.1	0	0	3
212	180	0	1.90196928	0.245598634	0.225495047	0.156506041	0.287094876	0.0594572324	0.0225029046	0	37.8	0	0	3
213	181	0	1.91094084	0.245401614	0.226748454	0.156506041	0.287094876	0.0593349501	0.0225029046	0	37.9	0	0	3
214	181	0	1.91991239	0.248751304	0.227864732	0.156506041	0.287094876	0.0587206998	0.0225029046	0	38.3	0	0	3
215	182	0	1.92888394	0.241781057	0.228737692	0.156506041	0.287094876	0.0576092323	0.0225029046	0	39	0	0	3
216	183	0	1.9378555	0.238107873	0.229368008	0.156506041	0.287094876	0.0562495411	0.0225029046	0	40	0	0	3
217	184	0	1.94682705	0.219622233	0.229626411	0.156506041	0.287094876	0.0548008259	0.0225029046	0	41	0	0	3
218	184	0	1.9557986	0.20731038	0.229660661	0.156506041	0.287094876	0.053449251	0.0225029046	0	42.1	0	0	3
219	185	0	1.96477016	0.187281137	0.229491951	0.156506041	0.287094876	0.05236573	0.0225029046	0	42.9	0	0	3
220	186	0	1.97374171	0.178376144	0.229256263	0.156506041	0.287094876	0.0515268617	0.0225029046	0	43.6	0	0	3
221	187	0	1.98271326	0.17711554	0.229193112	0.156506041	0.287094876	0.0508208543	0.0225029046	0	44.2	0	0	3
222	188	0	1.99168482	0.190149106	0.229468738	0.156506041	0.287094876	0.0501657517	0.0225029046	0	44.8	0	0	3
223	189	0	2.00065637	0.198917131	0.230041769	0.156506041	0.287094876	0.0500074754	0.0225029046	0	44.9	0	0	3
224	189	0	2.00962792	0.204685468	0.230804254	0.156506041	0.287094876	0.0503336885	0.0225029046	0	44.7	0	0	3
225	190	0	2.01859948	0.192142256	0.231440615	0.163785528	0.287094876	0.0504808896	0.0225029046	0	44.5	0	0	3
226	191	0	2.02757103	0.175831911	0.231655729	0.168734646	0.287094876	0.0501438477	0.0225029046	0	44.8	0	0	3
227	192	0	2.03654258	0.149818283	0.231317937	0.149818283	0.287094876	0.0494303382	0.0225029046	0	45.5	0	0	3
228	193	0	2.04551414	0.132640748	0.230415936	0.132640748	0.287094876	0.0483805344	0.0225029046	0	46.5	0	0	3
229	193	0	2.05448569	0.11965132	0.229076498	0.11965132	0.287094876	0.0471456115	0.0225029046	0	47.7	0	0	3
230	194	0	2.06345724	0.122830155	0.227602316	0.11965132	0.287094876	0.0457179251	0.0225029046	0	49.2	0	0	3
231	195	0	2.0724288	0.13066415	0.226210833	0.11965132	0.287094876	0.0441358761	0.0225029046	0	50.9	0	0	3
232	196	0	2.08140035	0.14432289	0.224882564	0.11965132	0.287094876	0.0424324282	0.0225029046	0	53	0	0	3
233	197	0	2.0903719	0.147863636	0.223522432	0.11965132	0.287094876	0.0408543009	0.0225029046	0	55	0	0	3
234	197	0	2.09934346	0.145671817	0.222085725	0.11965132	0.287094876	0.0393942435	0.0225029046	0	57.1	0	0	3
235	198	0	2.10831501	0.132818278	0.22044746	0.11965132	0.287094876	0.0381686348	0.0225029046	0	58.9	0	0	3
236	199	0	2.11728656	0.125929482	0.218648618	0.11965132	0.287094876	0.037139498	0.0225029046	0	60.5	0	0	3
237	200	0	2.12625812	0.123720336	0.216863632	0.11965132	0.287094876	0.0362024056	0.0225029046	0	62.1	0	0	3
238	200	0	2.13522967	0.130833155	0.215103204	0.11965132	0.287094876	0.0352264634	0.0225029046	0	63.8	0	0	3
239	201	0	2.14420122	0.138065459	0.213467445	0.11965132	0.287094876	0.0341895026	0.0225029046	0	65.8	0	0	3
240	202	0	2.15317278	0.152449903	0.211976481	0.11965132	0.287094876	0.0330668309	0.0225029046	0	68	0	0	3
241	203	0	2.16214433	0.159842196	0.210620392	0.11965132	0.287094876	0.0319353556	0.0225029046	0	70.4	0	0	3
242	204	0	2.17111588	0.168190106	0.209381674	0.11965132	0.287094876	0.0307275546	0.0225029046	0	73.2	0	0	3
243	205	0	2.18008744	0.17598836	0.208294198	0.11965132	0.287094876	0.0295864565	0.0225029046	0	76	0	0	3
244	205	0	2.18905899	0.189293521	0.207376707	0.11965132	0.287094876	0.0284763344	0.0225029046	0	79	0	0	3
245	206	0	2.19803054	0.207120654	0.206775024	0.11965132	0.287094876	0.0275473019	0.0225029046	0	81.6	0	0	3
246	207	0	2.20700209	0.231210301	0.20656159	0.11965132	0.287094876	0.0266308957	0.0225029046	0	84.4	0	0	3
247	208	0	2.21597365	0.251303618	0.206645354	0.11965132	0.287094876	0.0256812977	0.0225029046	0	87.6	0	0	3
248	208	0	2.2249452	0.263824724	0.206810948	0.11965132	0.287094876	0.0250941391	0.0225029046	0	89.6	0	0	3
249	209	0	2.23391675	0.265563395	0.206872677	0.11965132	0.287094876	0.0250941391	0.0225029046	0	89.6	0	0	3
250	210	0	2.24288831	0.260957273	0.206609789	0.11965132	0.287094876	0.0250941391	0.0225029046	0	89.6	0	0	3
251	211	0	2.25185986	0.253413143	0.206149717	0.11965132	0.287094876	0.0255060124	0.0225029046	0	88.2	0	0	3
252	212	0	2.26083141	0.259057405	0.205649047	0.11965132	0.285231032	0.0260066816	0.0225029046	0	86.5	0	0	3
253	212	0	2.26980297	0.262052195	0.20525263	0.11965132	0.285231032	0.0264030993	0.0225029046	0	85.2	0	0	3
254	213	0	2.27877452	0.273200929	0.205037806	0.11965132	0.273312699	0.0266179226	0.0225029046	0	84.5	0	0	3
255	214	0	2.28774607	0.275165451	0.205070891	0.11965132	0.275165451	0.0266179226	0.0225029046	0	84.5	0	0	3
256	215	0	2.29671763	0.272384541	0.20511396	0.11965132	0.275165451	0.0266179226	0.0225029046	0	84.5	0	0	3
257	216	0	2.30568918	0.250671522	0.205016511	0.11965132	0.275165451	0.0266392177	0.0225029046	0	84.4	0	0	3
258	216	0	2.31466073	0.232557867	0.204699839	0.11965132	0.275165451	0.0269558895	0.0225029046	0	83.4	0	0	3
259	217	0	2.32363229	0.212710381	0.204232766	0.11965132	0.275165451	0.0274229626	0.0225029046	0	82	0	0	3
260	218	0	2.33260384	0.212596682	0.203662468	0.11965132	0.275165451	0.0279932605	0.0225029046	0	80.3	0	0	3
261	219	0	2.34157539	0.219802323	0.203253992	0.11965132	0.275165451	0.0284017373	0.0225029046	0	79.2	0	0	3
262	220	0	2.35054695	0.244268244	0.203144601	0.11965132	0.275165451	0.0285111277	0.0225029046	0	78.9	0	0	3
263	220	0	2.3595185	0.266493176	0.203547825	0.11965132	0.275165451	0.0285111277	0.0225029046	0	78.9	0	0	3
264	221	0	2.36849005	0.293345557	0.204481093	0.11965132	0.293345557	0.0285111277	0.0225029046	0	78.9	0	0	3
265	222	0	2.37746161	0.305256721	0.205801955	0.11965132	0.305256721	0.0285111277	0.0225029046	0	78.9	0	0	3
266	223	0	2.38643316	0.311209982	0.207171333	0.11965132	0.311209982	0.0285111277	0.0225029046	0	78.9	0	0	3
267	224	0	2.39540471	0.300023999	0.208318851	0.11965132	0.311209982	0.0285111277	0.0225029046	0	78.9	0	0	3
268	224	0	2.40437627	0.285971386	0.209039793	0.11965132	0.311209982	0.0285111277	0.0225029046	0	78.9	0	0	3
269	225	0	2.41334782	0.272061345	0.20951586	0.11965132	0.311209982	0.0285111277	0.0225029046	0	78.9	0	0	3
270	226	0	2.42231937	0.266040998	0.209824604	0.11965132	0.311209982	0.0285111277	0.0225029046	0	78.9	0	0	3
271	227	0	2.43129093	0.260834406	0.210164843	0.11965132	0.311209982	0.0285111277	0.0225029046	0	78.9	0	0	3
272	228	0	2.44026248	0.264879676	0.210642911	0.11965132	0.311209982	0.0285111277	0.0225029046	0	78.9	0	0	3
273	228	0	2.44923403	0.25878675	0.211342277	0.11965132	0.311209982	0.0285111277	0.0225029046	0	78.9	0	0	3
274	229	0	2.45820559	0.253821291	0.212172829	0.11965132	0.311209982	0.0285111277	0.0225029046	0	78.9	0	0	3
275	230	0	2.46717714	0.230917265	0.212952046	0.11965132	0.311209982	0.0285111277	0.0225029046	0	78.9	0	0	3
276	231	0	2.47614869	0.212401432	0.21355964	0.11965132	0.311209982	0.0285111277	0.0225029046	0	78.9	0	0	3
277	232	0	2.48512024	0.182703926	0.213659433	0.11965132	0.311209982	0.0285111277	0.0225029046	0	78.9	0	0	3
278	232	0	2.4940918	0.162701197	0.213169291	0.11965132	0.311209982	0.0285111277	0.0225029046	0	78.9	0	0	3
279	233	0	2.50306335	0.146863338	0.212239759	0.11965132	0.311209982	0.0285111277	0.0225029046	0	78.9	0	0	3
280	234	0	2.5120349	0.140207304	0.211088364	0.11965132	0.311209982	0.0285111277	0.0225029046	0	78.9	0	0	3
281	235	0	2.52100646	0.127204799	0.209928766	0.11965132	0.311209982	0.0285111277	0.0225029046	0	78.9	0	0	3
282	235	0	2.52997801	0.123905611	0.209001511	0.11965132	0.311209982	0.0281733355	0.0225029046	0	79.8	0	0	3
283	236	0	2.53894956	0.11120267	0.208311946	0.11120267	0.311209982	0.0272713345	0.0225029046	0	82.5	0	0	3
284	237	0	2.54792112	0.108768518	0.207885656	0.108768518	0.311209982	0.0259318966	0.0225029046	0	86.7	0	0	3
285	238	0	2.55689267	0.110855785	0.207728593	0.108768518	0.311209982	0.0244577146	0.0225029046	0	92	0	0	3
286	239	0	2.56586422	0.131102891	0.207876321	0.108768518	0.311209982	0.0230662321	0.0225029046	0	97.5	0	0	3
287	239	0	2.57483578	0.149552027	0.208213604	0.108768518	0.311209982	0.0217379627	0.0225029046	0	100	0	0	3
