Iteration	CPUTime	PhysTime	Travels	Value	AvValue	MinValue	MaxValue	Delta	Criteria	PrevAvRefValue	Progress	CriteriaType	CriteriaVarType	CriteriaPercentage
1	6	0	0.00897239991	1.03215024	1.03215024	1.03215024	1.03215024	0	0	0	0	0	0	3
2	7	0	0.0179447998	2.34651304	1.68933164	1.03215024	2.34651304	0.657181396	0	0	0	0	0	3
3	8	0	0.0269171997	1.666944	1.68186909	1.03215024	2.34651304	0.657181396	0	0	0	0	0	3
4	9	0	0.0358895996	1.23108639	1.56917342	1.03215024	2.34651304	0.657181396	0	0	0	0	0	3
5	10	0	0.0448619995	0.802151707	1.41576907	0.802151707	2.34651304	0.657181396	0	0	0	0	0	3
6	11	0	0.0538343994	0.470851975	1.25828289	0.470851975	2.34651304	0.657181396	0	0	0	0	0	3
7	12	0	0.0628067993	-0.0680840072	1.06880191	-0.0680840072	2.34651304	0.657181396	0	0	0	0	0	3
8	12	0	0.0717791993	0.643934295	1.01569345	-0.0680840072	2.34651304	0.673638185	0	0	0	0	0	3
9	13	0	0.0807515992	-0.0325723673	0.899219474	-0.0680840072	2.34651304	0.790112165	0	0	0	0	0	3
10	14	0	0.0897239991	0.373331657	0.846630693	-0.0680840072	2.34651304	0.842700947	0	0	0	0	0	3
11	15	0	0.098696399	-0.136896541	0.757219126	-0.136896541	2.34651304	0.932112514	0	0	0	0	0	3
12	15	0	0.107668799	0.136115707	0.705460508	-0.136896541	2.34651304	0.983871132	0	0	0	0	0	3
13	16	0	0.116641199	-0.0497451358	0.647367766	-0.136896541	2.34651304	1.04196387	0	0	0	0	0	3
14	17	0	0.125613599	0.128640843	0.610315843	-0.136896541	2.34651304	1.0790158	0	0	0	0	0	3
15	18	0	0.134585999	0.341315255	0.59238247	-0.136896541	2.34651304	1.09694917	0	0	0	0	0	3
16	19	0	0.143558399	0.514813745	0.587534425	-0.136896541	2.34651304	1.10179721	0	0	0	0	0	3
17	19	0	0.152530798	0.15611345	0.562156721	-0.136896541	2.34651304	1.12717492	0	0	0	0	0	3
18	20	0	0.161503198	0.148160082	0.539156907	-0.136896541	2.34651304	1.15017473	0	0	0	0	0	3
19	21	0	0.170475598	0.474313354	0.535744089	-0.136896541	2.34651304	1.15358755	0	0	0	0	0	3
20	22	0	0.179447998	0.257063175	0.521810043	-0.136896541	2.34651304	1.1675216	0	0	0	0	0	3
21	22	0	0.188420398	0.410020313	0.516486723	-0.136896541	2.34651304	1.17284492	0	0	0	0	0	3
22	23	0	0.197392798	0.314138566	0.507289079	-0.136896541	2.34651304	1.18204256	0	0	0	0	0	3
23	24	0	0.206365198	0.35465759	0.500652927	-0.136896541	2.34651304	1.18867871	0	0	0	0	0	3
24	25	0	0.215337598	0.383448543	0.495769411	-0.136896541	2.34651304	1.19356223	0	0	0	0	0	3
25	25	0	0.224309998	0.197078462	0.483821773	-0.136896541	2.34651304	1.20550987	0	0	0	0	0	3
26	26	0	0.233282398	0.152874977	0.47109305	-0.136896541	2.34651304	1.21823859	0	0	0	0	0	3
27	27	0	0.242254797	0.0645011726	0.456034092	-0.136896541	2.34651304	1.23329755	0	0	0	0	0	3
28	28	0	0.251227197	-0.0041724459	0.439598144	-0.136896541	2.34651304	1.2497335	0	0	0	0	0	3
29	29	0	0.260199597	0.0124246325	0.424868023	-0.136896541	2.34651304	1.26446362	0	0	0	0	0	3
30	30	0	0.269171997	-0.0141587335	0.410233798	-0.136896541	2.34651304	1.27909784	0	0	0	0	0	3
31	31	0	0.278144397	-0.00453009103	0.396854318	-0.136896541	2.34651304	1.29247732	0	0	0	0	0	3
32	31	0	0.287116797	0.0186243652	0.385034632	-0.136896541	2.34651304	1.30429701	0	0	0	0	0	3
33	32	0	0.296089197	0.0297635	0.37426884	-0.136896541	2.34651304	1.3150628	0	0	0	0	0	3
34	33	0	0.305061597	0.0851871379	0.365766437	-0.136896541	2.34651304	1.3235652	0	0	0	0	0	3
35	34	0	0.314033997	0.137941771	0.359257161	-0.136896541	2.34651304	1.33007448	0	0	0	0	0	3
36	35	0	0.323006397	0.156752734	0.353632038	-0.136896541	2.34651304	1.3356996	0	0	0	0	0	3
37	36	0	0.331978797	0.191152267	0.349240692	-0.136896541	2.34651304	1.34009095	0	0	0	0	0	3
38	37	0	0.340951196	0.224831277	0.34596676	-0.136896541	2.34651304	1.34336488	0	0	0	0	0	3
39	37	0	0.349923596	0.233896957	0.343093176	-0.136896541	2.34651304	1.34623846	0	0	0	0	0	3
40	38	0	0.358895996	0.266859077	0.341187323	-0.136896541	2.34651304	1.34814432	0	0	0	0	0	3
41	39	0	0.367868396	0.273898048	0.339546121	-0.136896541	2.34651304	1.34978552	0	0	0	0	0	3
42	40	0	0.376840796	0.276922511	0.338055083	-0.136896541	2.34651304	1.35127656	0	0	0	0	0	3
43	41	0	0.385813196	0.253780452	0.336095208	-0.136896541	2.34651304	1.35323643	0	0	0	0	0	3
44	41	0	0.394785596	0.233685456	0.333767714	-0.136896541	2.34651304	1.35556393	0	0	0	0	0	3
45	42	0	0.403757996	0.208678694	0.330987958	-0.136896541	2.34651304	1.35834368	0	0	0	0	0	3
46	43	0	0.412730396	0.183229781	0.327775823	-0.136896541	2.34651304	1.36155582	0	0	0	0	0	3
47	44	0	0.421702796	0.149961352	0.323992537	-0.136896541	2.34651304	1.3653391	0	0	0	0	0	3
48	45	0	0.430675196	0.129473121	0.319940049	-0.136896541	2.34651304	1.36939159	0	0	0	0	0	3
49	46	0	0.439647595	0.120107181	0.315861827	-0.136896541	2.34651304	1.37346981	0	0	0	0	0	3
50	46	0	0.448619995	0.114714929	0.311838889	-0.136896541	2.34651304	1.37749275	0	0	0	0	0	3
51	47	0	0.457592395	0.0958096371	0.307603021	-0.136896541	2.34651304	1.38172862	0	0	0	0	0	3
52	48	0	0.466564795	0.0692507568	0.303019324	-0.136896541	2.34651304	1.38631232	0	0	0	0	0	3
53	49	0	0.475537195	0.0350765674	0.2979638	-0.136896541	2.34651304	1.39136784	0	0	0	0	0	3
54	50	0	0.484509595	0.00290110424	0.292499676	-0.136896541	2.34651304	1.39683196	0	0	0	0	0	3
55	51	0	0.493481995	-0.0256714085	0.286714748	-0.136896541	2.34651304	1.40261689	0	0	0	0	0	3
56	52	0	0.502454395	-0.0453291971	0.280785391	-0.136896541	2.34651304	1.40854625	0	0	0	0	0	3
57	52	0	0.511426795	-0.0358313903	0.261714291	-0.136896541	2.34651304	1.42761735	0	0	0	0	0	3
58	53	0	0.520399195	-0.00848291991	0.219660792	-0.136896541	1.666944	1.4622083	0	0	0	0	0	3
59	54	0	0.529371595	0.0105795965	0.190082856	-0.136896541	1.23108639	1.36798293	0	0	0	0	0	3
60	55	0	0.538343994	0.0110813635	0.168297052	-0.136896541	0.802151707	0.939048249	0	0	0	0	0	3
61	56	0	0.547316394	-0.0167789024	0.153673291	-0.136896541	0.643934295	0.780830837	0	0	0	0	0	3
62	57	0	0.556288794	-0.0419799062	0.144515579	-0.136896541	0.643934295	0.780830837	0	0	0	0	0	3
63	58	0	0.565261194	-0.0776189363	0.144345312	-0.136896541	0.643934295	0.780830837	0	0	0	0	0	3
64	58	0	0.574233594	-0.0958619931	0.131134664	-0.136896541	0.514813745	0.651710286	0	0	0	0	0	3
65	59	0	0.583205994	-0.121375337	0.129548897	-0.136896541	0.514813745	0.651710286	0	0	0	0	0	3
66	60	0	0.592178394	-0.125132158	0.120647757	-0.136896541	0.514813745	0.636571369	0	0	0	0	0	3
67	61	0	0.601150794	-0.146524409	0.120475831	-0.146524409	0.514813745	0.584984677	0	0	0	0	0	3
68	62	0	0.610123194	-0.145042705	0.115455145	-0.146524409	0.514813745	0.531912621	0	0	0	0	0	3
69	63	0	0.619095594	-0.141524713	0.113816224	-0.146524409	0.514813745	0.496499619	0	0	0	0	0	3
70	64	0	0.628067993	-0.121524516	0.109348986	-0.146524409	0.514813745	0.483033485	0	0	0	0	0	3
71	64	0	0.637040393	-0.118969942	0.101129607	-0.146524409	0.514813745	0.486404818	0	0	0	0	0	3
72	65	0	0.646012793	-0.124099024	0.0897204505	-0.146524409	0.474313354	0.47243627	0	0	0	0	0	3
73	66	0	0.654985193	-0.15564352	0.0841533617	-0.15564352	0.474313354	0.455003546	0	0	0	0	0	3
74	67	0	0.663957593	-0.178686795	0.0783168103	-0.178686795	0.474313354	0.457427278	0	0	0	0	0	3
75	68	0	0.672929993	-0.204521496	0.0661947594	-0.204521496	0.410020313	0.455615284	0	0	0	0	0	3
76	69	0	0.681902393	-0.194771488	0.0581262833	-0.204521496	0.410020313	0.458360439	0	0	0	0	0	3
77	70	0	0.690874793	-0.15299942	0.0480723595	-0.204521496	0.383448543	0.45921672	0	0	0	0	0	3
78	71	0	0.699847193	-0.106256994	0.040565296	-0.204521496	0.383448543	0.460087631	0	0	0	0	0	3
79	71	0	0.708819593	-0.0507550032	0.0333257854	-0.204521496	0.383448543	0.462443626	0	0	0	0	0	3
80	72	0	0.717791993	0.0147561362	0.0267419924	-0.204521496	0.276922511	0.457079781	0	0	0	0	0	3
81	73	0	0.726764392	0.0336964502	0.0238244565	-0.204521496	0.276922511	0.447268594	0	0	0	0	0	3
82	74	0	0.735736792	0.0445449479	0.0218899916	-0.204521496	0.276922511	0.4341441	0	0	0	0	0	3
83	75	0	0.744709192	0.0405397704	0.0214621095	-0.204521496	0.276922511	0.418136035	0	0	0	0	0	3
84	76	0	0.753681592	0.0380937188	0.0222168624	-0.204521496	0.276922511	0.403405914	0	0	0	0	0	3
85	76	0	0.762653992	0.0224392111	0.0223956942	-0.204521496	0.276922511	0.388771688	0	0	0	0	0	3
86	77	0	0.771626392	0.0233732933	0.0230659089	-0.204521496	0.276922511	0.375392208	0	0	0	0	0	3
87	78	0	0.780598792	0.0265483304	0.0236208807	-0.204521496	0.276922511	0.363572522	0	0	0	0	0	3
88	79	0	0.789571192	0.0187998132	0.0236240137	-0.204521496	0.276922511	0.35280673	0	0	0	0	0	3
89	80	0	0.798543592	0.00534312134	0.0231879355	-0.204521496	0.276922511	0.344304327	0	0	0	0	0	3
90	81	0	0.807515992	-0.0276096629	0.021173707	-0.204521496	0.276922511	0.338083454	0	0	0	0	0	3
91	81	0	0.816488392	-0.0683104555	0.0174906315	-0.204521496	0.276922511	0.336141406	0	0	0	0	0	3
92	82	0	0.825460791	-0.0823553826	0.0132208437	-0.204521496	0.276922511	0.336019849	0	0	0	0	0	3
93	83	0	0.834433191	-0.101159382	0.00800099281	-0.204521496	0.276922511	0.337965768	0	0	0	0	0	3
94	84	0	0.843405591	-0.0900811595	0.00237755645	-0.204521496	0.276922511	0.340715619	0	0	0	0	0	3
95	85	0	0.852377991	-0.0912655176	-0.0034289163	-0.204521496	0.276922511	0.34461624	0	0	0	0	0	3
96	86	0	0.861350391	-0.0640281059	-0.00933761599	-0.204521496	0.276922511	0.348883737	0	0	0	0	0	3
97	87	0	0.870322791	-0.0482189797	-0.0150897058	-0.204521496	0.276922511	0.353144789	0	0	0	0	0	3
98	88	0	0.879295191	-0.0064920248	-0.0201506796	-0.204521496	0.253780452	0.356245888	0	0	0	0	0	3
99	88	0	0.888267591	0.0107593499	-0.0244903422	-0.204521496	0.233685456	0.358258056	0	0	0	0	0	3
100	89	0	0.897239991	0.0319935677	-0.028091983	-0.204521496	0.208678694	0.359079941	0	0	0	0	0	3
101	94	0	0.906212391	0.0306505718	-0.0312710566	-0.204521496	0.183229781	0.35904688	0	0	0	0	0	3
102	95	0	0.915184791	0.0449548947	-0.033740251	-0.204521496	0.149961352	0.354482847	0	0	0	0	0	3
103	96	0	0.92415719	0.042932396	-0.0356514824	-0.204521496	0.129473121	0.333994617	0	0	0	0	0	3
104	97	0	0.93312959	0.0461864846	-0.0371387438	-0.204521496	0.120107181	0.324628677	0	0	0	0	0	3
105	97	0	0.94210199	0.0239257974	-0.0388562685	-0.204521496	0.114714929	0.319236425	0	0	0	0	0	3
106	98	0	0.95107439	0.016971754	-0.0406016823	-0.204521496	0.0958096371	0.300331133	0	0	0	0	0	3
107	99	0	0.96004679	-0.00344591056	-0.0423741028	-0.204521496	0.0692507568	0.273772252	0	0	0	0	0	3
108	100	0	0.96901919	-0.00702347897	-0.0437361427	-0.204521496	0.0461864846	0.25070798	0	0	0	0	0	3
109	101	0	0.97799159	-0.0241668081	-0.0447940601	-0.204521496	0.0461864846	0.25070798	0	0	0	0	0	3
110	102	0	0.98696399	-0.0224205528	-0.0452462326	-0.204521496	0.0461864846	0.25070798	0	0	0	0	0	3
111	103	0	0.99593639	-0.0247265345	-0.0452293598	-0.204521496	0.0461864846	0.25070798	0	0	0	0	0	3
112	104	0	1.00490879	-0.00174645953	-0.0444510967	-0.204521496	0.0461864846	0.25070798	0.0561439649	0	22.3	0	0	3
113	105	0	1.01388119	-0.00181582943	-0.0438436759	-0.204521496	0.0461864846	0.25070798	0.0561439649	0	22.3	0	0	3
114	105	0	1.02285359	0.0206324832	-0.043323758	-0.204521496	0.0461864846	0.235329088	0.0561439649	0	23.8	0	0	3
115	106	0	1.03182599	0.0290536694	-0.0429938639	-0.204521496	0.0461864846	0.213543284	0.0561439649	0	26.2	0	0	3
116	107	0	1.04079839	0.0392093822	-0.0424915778	-0.204521496	0.0461864846	0.198919523	0.0561439649	0	28.2	0	0	3
117	108	0	1.04977079	0.0179175917	-0.0418719976	-0.204521496	0.0461864846	0.189761811	0.0561439649	0	29.5	0	0	3
118	109	0	1.05874319	0.00351675407	-0.0410595572	-0.204521496	0.0461864846	0.189591545	0.0561439649	0	29.6	0	0	3
119	110	0	1.06771559	-0.0311627411	-0.0402299823	-0.204521496	0.0461864846	0.176380897	0.0561439649	0	31.8	0	0	3
120	111	0	1.07668799	-0.0199166629	-0.0388738157	-0.204521496	0.0461864846	0.174795129	0.0561439649	0	32.1	0	0	3
121	111	0	1.08566039	-0.0191451716	-0.037048277	-0.204521496	0.0461864846	0.16589399	0.0561439649	0	33.8	0	0	3
122	112	0	1.09463279	2.75489486e-05	-0.0348132822	-0.204521496	0.0461864846	0.165722064	0.0561439649	0	33.8	0	0	3
123	113	0	1.10360519	-0.00915156916	-0.0323601958	-0.204521496	0.0461864846	0.160701378	0.0561439649	0	34.9	0	0	3
124	114	0	1.11257759	0.00650814416	-0.0296539307	-0.204521496	0.0461864846	0.159062457	0.0561439649	0	35.2	0	0	3
125	115	0	1.12154999	0.000537774444	-0.0271171005	-0.204521496	0.0461864846	0.154595218	0.0561439649	0	36.3	0	0	3
126	116	0	1.13052239	0.0107588404	-0.0247548977	-0.204521496	0.0461864846	0.14637584	0.0561439649	0	38.3	0	0	3
127	116	0	1.13949479	-0.00380459316	-0.0226983736	-0.204521496	0.0461864846	0.134966683	0.0561439649	0	41.5	0	0	3
128	117	0	1.14846719	0.00575138409	-0.0203796164	-0.204521496	0.0461864846	0.129399594	0.0561439649	0	43.3	0	0	3
129	118	0	1.15743959	-0.00693419179	-0.0177240926	-0.204521496	0.0461864846	0.123563043	0.0561439649	0	45.4	0	0	3
130	119	0	1.16641199	-0.00164377021	-0.0145626101	-0.204521496	0.0461864846	0.111440992	0.0561439649	0	50.3	0	0	3
131	120	0	1.17538439	-0.0348893765	-0.0115334651	-0.194771488	0.0461864846	0.103372516	0.0561439649	0	54.3	0	0	3
132	120	0	1.18435679	-0.0464869942	-0.00888552769	-0.15299942	0.0461864846	0.0933185921	0.0561439649	0	60.1	0	0	3
133	121	0	1.19332919	-0.0857764965	-0.00768511835	-0.106256994	0.0461864846	0.0858115285	0.0561439649	0	65.4	0	0	3
134	122	0	1.20230159	-0.10151352	-0.00760041345	-0.10151352	0.0461864846	0.078572018	0.0561439649	0	71.4	0	0	3
135	123	0	1.21127399	-0.128060556	-0.00898086974	-0.128060556	0.0461864846	0.071988225	0.0561439649	0	77.9	0	0	3
136	124	0	1.22024639	-0.125365288	-0.011483038	-0.128060556	0.0461864846	0.069070689	0.0561439649	0	81.2	0	0	3
137	125	0	1.22921879	-0.131533677	-0.014433576	-0.131533677	0.0461864846	0.0688702463	0.0561439649	0	81.5	0	0	3
138	125	0	1.23819119	-0.10765383	-0.0171514113	-0.131533677	0.0461864846	0.0688702463	0.0561439649	0	81.5	0	0	3
139	126	0	1.24716359	-0.0983501323	-0.0196315882	-0.131533677	0.0461864846	0.0688702463	0.0561439649	0	81.5	0	0	3
140	127	0	1.25613599	-0.066033168	-0.0214909969	-0.131533677	0.0461864846	0.0688702463	0.0561439649	0	81.5	0	0	3
141	128	0	1.26510839	-0.0727301178	-0.0231904492	-0.131533677	0.0461864846	0.0688702463	0.0561439649	0	81.5	0	0	3
142	129	0	1.27408079	-0.0704555373	-0.024865964	-0.131533677	0.0461864846	0.0688702463	0.0561439649	0	81.5	0	0	3
143	129	0	1.28305319	-0.0895742995	-0.0269395824	-0.131533677	0.0461864846	0.0688702463	0.0561439649	0	81.5	0	0	3
144	130	0	1.29202559	-0.0925389405	-0.0289277744	-0.131533677	0.0461864846	0.0684341681	0.0561439649	0	82	0	0	3
145	131	0	1.30099799	-0.11130609	-0.0310107961	-0.131533677	0.0461864846	0.0664199395	0.0561439649	0	84.5	0	0	3
146	132	0	1.30997039	-0.100877333	-0.0323191473	-0.131533677	0.0461864846	0.0627368641	0.0561439649	0	89.4	0	0	3
147	133	0	1.31894279	-0.0975618698	-0.032841494	-0.131533677	0.0461864846	0.0584670763	0.0561439649	0	96	0	0	3
148	133	0	1.32791519	-0.0673569342	-0.0325736646	-0.131533677	0.0461864846	0.0532472254	0.0561439649	0	100	0	0	3
149	134	0	1.33688759	-0.0607804977	-0.0318526131	-0.131533677	0.0461864846	0.047623789	0.0561439649	0	100	0	0	3
150	135	0	1.34585999	-0.048593121	-0.0311117552	-0.131533677	0.0461864846	0.0418173163	0.0561439649	0	100	0	0	3
151	136	0	1.35483239	-0.0544227293	-0.0304538483	-0.131533677	0.0461864846	0.0376458191	0.0561439649	0	100	0	0	3
152	137	0	1.36380479	-0.0478840131	-0.0301655609	-0.131533677	0.0461864846	0.0376458191	0.0561439649	0	100	0	0	3
153	138	0	1.37277719	-0.0546791008	-0.0302809202	-0.131533677	0.0461864846	0.0376458191	0.0561439649	0	100	0	0	3
154	138	0	1.38174959	-0.050383965	-0.0310647049	-0.131533677	0.0461864846	0.0376458191	0.0561439649	0	100	0	0	3
155	139	0	1.39072199	-0.0517223359	-0.0321804493	-0.131533677	0.0461864846	0.0376458191	0.0561439649	0	100	0	0	3
156	140	0	1.39969439	-0.0201085	-0.0331108433	-0.131533677	0.0461864846	0.0376458191	0.0561439649	0	100	0	0	3
157	141	0	1.40866679	-0.00196216256	-0.0336932136	-0.131533677	0.0461864846	0.0376458191	0.0561439649	0	100	0	0	3
158	142	0	1.41763919	0.0227963579	-0.0340889017	-0.131533677	0.0461864846	0.0376458191	0.0561439649	0	100	0	0	3
159	142	0	1.42661159	0.0162985906	-0.0345645054	-0.131533677	0.0461864846	0.0376458191	0.0561439649	0	100	0	0	3
160	143	0	1.43558399	0.0214909395	-0.0350054973	-0.131533677	0.0392093822	0.0376458191	0.0561439649	0	100	0	0	3
161	144	0	1.44455639	0.0199742474	-0.0350760607	-0.131533677	0.0392093822	0.0376458191	0.0561439649	0	100	0	0	3
162	145	0	1.45352878	0.0326650126	-0.0347958239	-0.131533677	0.0392093822	0.0376458191	0.0561439649	0	100	0	0	3
163	146	0	1.46250118	0.0460275138	-0.0339123699	-0.131533677	0.0460275138	0.0376458191	0.0561439649	0	100	0	0	3
164	146	0	1.47147358	0.0974725385	-0.0320463696	-0.131533677	0.0974725385	0.0376458191	0.0561439649	0	100	0	0	3
165	147	0	1.48044598	0.146829858	-0.0289928577	-0.131533677	0.146829858	0.0376458191	0.0561439649	0	100	0	0	3
166	148	0	1.48941838	0.208642536	-0.0248667311	-0.131533677	0.208642536	0.0376289464	0.0561439649	0	100	0	0	3
167	149	0	1.49839078	0.224923286	-0.0204086986	-0.131533677	0.224923286	0.0368506832	0.0561439649	0	100	0	0	3
168	150	0	1.50736318	0.24795763	-0.015949697	-0.131533677	0.24795763	0.0362432625	0.0561439649	0	100	0	0	3
169	151	0	1.51633558	0.249933809	-0.0114541677	-0.131533677	0.249933809	0.0357233446	0.0561439649	0	100	0	0	3
170	151	0	1.52530798	0.269663348	-0.00700718803	-0.131533677	0.269663348	0.0359866758	0.0561439649	0	100	0	0	3
171	152	0	1.53428038	0.287139354	-0.00239851508	-0.131533677	0.287139354	0.0400930627	0.0561439649	0	100	0	0	3
172	153	0	1.54325278	0.314307645	0.0025139539	-0.131533677	0.314307645	0.0443859515	0.0561439649	0	100	0	0	3
173	154	0	1.55222518	0.319508876	0.00789951255	-0.131533677	0.319508876	0.0489590698	0.0561439649	0	100	0	0	3
174	155	0	1.56119758	0.328083564	0.0136953484	-0.131533677	0.328083564	0.0539253307	0.0561439649	0	100	0	0	3
175	156	0	1.57016998	0.312212924	0.0198270568	-0.131533677	0.328083564	0.0587008724	0.0561439649	0	95.6	0	0	3
176	156	0	1.57914238	0.308972401	0.0257000758	-0.131533677	0.328083564	0.0627483528	0.0561439649	0	89.4	0	0	3
177	157	0	1.58811478	0.278793425	0.0310204078	-0.131533677	0.328083564	0.0660964685	0.0561439649	0	84.9	0	0	3
178	158	0	1.59708718	0.266026359	0.0357703866	-0.131533677	0.328083564	0.0708464472	0.0561439649	0	79.2	0	0	3
179	159	0	1.60605958	0.24084355	0.0402345851	-0.131533677	0.328083564	0.0753106458	0.0561439649	0	74.5	0	0	3
180	160	0	1.61503198	0.239489182	0.0443949608	-0.131533677	0.328083564	0.0794710215	0.0561439649	0	70.6	0	0	3
181	160	0	1.62400438	0.218756678	0.0482917269	-0.131533677	0.328083564	0.0833677876	0.0561439649	0	67.3	0	0	3
182	161	0	1.63297678	0.210383655	0.0518564558	-0.131533677	0.328083564	0.0869325165	0.0561439649	0	64.5	0	0	3
183	162	0	1.64194918	0.185025775	0.0552284266	-0.131533677	0.328083564	0.0903044873	0.0561439649	0	62.1	0	0	3
184	163	0	1.65092158	0.179806957	0.0583365619	-0.131533677	0.328083564	0.0934126225	0.0561439649	0	60.1	0	0	3
185	164	0	1.65989398	0.158813443	0.0612963411	-0.131533677	0.328083564	0.0963724017	0.0561439649	0	58.2	0	0	3
186	165	0	1.66886638	0.156230409	0.0641155228	-0.131533677	0.328083564	0.0991915835	0.0561439649	0	56.6	0	0	3
187	165	0	1.67783878	0.135927282	0.0671658203	-0.131533677	0.328083564	0.102241881	0.0561439649	0	54.9	0	0	3
188	166	0	1.68681118	0.134998367	0.0704066303	-0.131533677	0.328083564	0.105482691	0.0561439649	0	53.2	0	0	3
189	167	0	1.69578358	0.125203972	0.0741741387	-0.131533677	0.328083564	0.109250199	0.0561439649	0	51.3	0	0	3
190	168	0	1.70475598	0.134448062	0.0783877384	-0.131533677	0.328083564	0.113463799	0.0561439649	0	49.4	0	0	3
191	169	0	1.71372838	0.123839356	0.0828859511	-0.131533677	0.328083564	0.117962012	0.0561439649	0	47.5	0	0	3
192	170	0	1.72270078	0.124004293	0.0873389793	-0.131533677	0.328083564	0.12241504	0.0561439649	0	45.8	0	0	3
193	170	0	1.73167318	0.103013901	0.0915273289	-0.11130609	0.328083564	0.12660339	0.0561439649	0	44.3	0	0	3
194	171	0	1.74064558	0.0886122642	0.0950320806	-0.11130609	0.328083564	0.130108141	0.0561439649	0	43.1	0	0	3
195	172	0	1.74961798	0.0490316453	0.0976638981	-0.11130609	0.328083564	0.132739959	0.0561439649	0	42.2	0	0	3
196	173	0	1.75859038	0.0225137086	0.0992450923	-0.11130609	0.328083564	0.134321153	0.0561439649	0	41.7	0	0	3
197	174	0	1.76756278	-0.0236824633	0.100120943	-0.11130609	0.328083564	0.135197004	0.0561439649	0	41.5	0	0	3
198	174	0	1.77653518	-0.0491602158	0.100501217	-0.11130609	0.328083564	0.135577278	0.0561439649	0	41.4	0	0	3
199	175	0	1.78550758	-0.0844288661	0.1005931	-0.11130609	0.328083564	0.13566916	0.0561439649	0	41.3	0	0	3
200	176	0	1.79447998	-0.106547025	0.100342955	-0.11130609	0.328083564	0.13566916	0.0561439649	0	41.3	0	0	3
201	181	0	1.80345238	-0.150807211	0.0996375781	-0.150807211	0.328083564	0.13566916	0.0561439649	0	41.3	0	0	3
202	182	0	1.81242478	-0.173483194	0.0983410448	-0.173483194	0.328083564	0.13566916	0.0561439649	0	41.3	0	0	3
203	182	0	1.82139718	-0.206469504	0.0963962656	-0.206469504	0.328083564	0.13566916	0.0561439649	0	41.3	0	0	3
204	183	0	1.83036958	-0.210011743	0.0938488583	-0.210011743	0.328083564	0.13566916	0.0561439649	0	41.3	0	0	3
205	184	0	1.83934198	-0.224311288	0.0909286657	-0.224311288	0.328083564	0.13566916	0.0561439649	0	41.3	0	0	3
206	185	0	1.84831438	-0.215439522	0.0879492656	-0.224311288	0.328083564	0.13566916	0.0561439649	0	41.3	0	0	3
207	186	0	1.85728678	-0.233636585	0.0847490182	-0.233636585	0.328083564	0.13566916	0.0561439649	0	41.3	0	0	3
208	187	0	1.86625918	-0.238259071	0.0813494636	-0.238259071	0.328083564	0.13566916	0.0561439649	0	41.3	0	0	3
209	187	0	1.87523158	-0.268741205	0.077526926	-0.268741205	0.328083564	0.13566916	0.0561439649	0	41.3	0	0	3
210	188	0	1.88420398	-0.277941142	0.073463405	-0.277941142	0.328083564	0.13566916	0.0561439649	0	41.3	0	0	3
211	189	0	1.89317638	-0.289483014	0.0692176786	-0.289483014	0.328083564	0.13566916	0.0561439649	0	41.3	0	0	3
212	190	0	1.90214878	-0.278003473	0.0646124112	-0.289483014	0.328083564	0.13566916	0.0561439649	0	41.3	0	0	3
213	191	0	1.91112118	-0.275960467	0.0597195844	-0.289483014	0.328083564	0.13566916	0.0561439649	0	41.3	0	0	3
214	191	0	1.92009358	-0.248120012	0.054881792	-0.289483014	0.328083564	0.13566916	0.0561439649	0	41.3	0	0	3
215	192	0	1.92906598	-0.228742207	0.0505060635	-0.289483014	0.328083564	0.13566916	0.0561439649	0	41.3	0	0	3
216	193	0	1.93803838	-0.196131381	0.0466199506	-0.289483014	0.328083564	0.13566916	0.0561439649	0	41.3	0	0	3
217	194	0	1.94701078	-0.185331601	0.0429537748	-0.289483014	0.328083564	0.135388924	0.0561439649	0	41.4	0	0	3
218	195	0	1.95598318	-0.166375078	0.0393994874	-0.289483014	0.328083564	0.134505469	0.0561439649	0	41.7	0	0	3
219	196	0	1.96495558	-0.161335802	0.0356965711	-0.289483014	0.328083564	0.132639469	0.0561439649	0	42.3	0	0	3
220	196	0	1.97392798	-0.145319569	0.0313609977	-0.289483014	0.328083564	0.129585957	0.0561439649	0	43.3	0	0	3
221	197	0	1.98290038	-0.136719959	0.0262976081	-0.289483014	0.328083564	0.125459831	0.0561439649	0	44.7	0	0	3
222	198	0	1.99187278	-0.110206707	0.0206038717	-0.289483014	0.328083564	0.121001798	0.0561439649	0	46.3	0	0	3
223	199	0	2.00084518	-0.0906781815	0.0149681312	-0.289483014	0.328083564	0.116542797	0.0561439649	0	48.1	0	0	3
224	200	0	2.00981758	-0.0614538087	0.00944292691	-0.289483014	0.328083564	0.112047267	0.0561439649	0	50.1	0	0	3
225	201	0	2.01878998	-0.0574652538	0.00395365793	-0.289483014	0.328083564	0.107600288	0.0561439649	0	52.1	0	0	3
226	201	0	2.02776238	-0.0384457517	-0.00154829028	-0.289483014	0.328083564	0.102991615	0.0561439649	0	54.5	0	0	3
227	202	0	2.03673478	-0.0344694208	-0.00729130412	-0.289483014	0.328083564	0.107884404	0.0561439649	0	52	0	0	3
228	203	0	2.04570718	0.0110283328	-0.0127070061	-0.289483014	0.328083564	0.113300106	0.0561439649	0	49.5	0	0	3
229	204	0	2.05467958	0.0425086392	-0.0176534389	-0.289483014	0.328083564	0.118246539	0.0561439649	0	47.4	0	0	3
230	205	0	2.06365198	0.0967704302	-0.0217840306	-0.289483014	0.312212924	0.12237713	0.0561439649	0	45.8	0	0	3
231	205	0	2.07262438	0.122497857	-0.0251717997	-0.289483014	0.308972401	0.125764899	0.0561439649	0	44.6	0	0	3
232	206	0	2.08159678	0.15196157	-0.0279755645	-0.289483014	0.278793425	0.128568664	0.0561439649	0	43.6	0	0	3
233	207	0	2.09056918	0.148923968	-0.0302946619	-0.289483014	0.266026359	0.130887762	0.0561439649	0	42.8	0	0	3
234	208	0	2.09954158	0.153360635	-0.0323065499	-0.289483014	0.24084355	0.132899649	0.0561439649	0	42.2	0	0	3
235	209	0	2.10851398	0.142633311	-0.0340603041	-0.289483014	0.239489182	0.134653404	0.0561439649	0	41.6	0	0	3
236	209	0	2.11748638	0.139200488	-0.0358511737	-0.289483014	0.218756678	0.136444273	0.0561439649	0	41.1	0	0	3
237	210	0	2.12645878	0.110732898	-0.0377801698	-0.289483014	0.210383655	0.138373269	0.0561439649	0	40.5	0	0	3
238	211	0	2.13543118	0.0927560811	-0.0398806622	-0.289483014	0.185025775	0.140473762	0.0561439649	0	39.9	0	0	3
239	212	0	2.14440358	0.0720012571	-0.0418989571	-0.289483014	0.179806957	0.142492057	0.0561439649	0	39.4	0	0	3
240	213	0	2.15337598	0.0654373485	-0.0439412715	-0.289483014	0.158813443	0.144534371	0.0561439649	0	38.8	0	0	3
241	213	0	2.16234838	0.0386828113	-0.0460864614	-0.289483014	0.156230409	0.146679561	0.0561439649	0	38.2	0	0	3
242	214	0	2.17132078	0.0182923689	-0.0485496407	-0.289483014	0.153360635	0.14914274	0.0561439649	0	37.6	0	0	3
243	215	0	2.18029318	-0.0031874154	-0.0510338317	-0.289483014	0.153360635	0.151626931	0.0561439649	0	37	0	0	3
244	216	0	2.18926558	-0.0109106561	-0.05363935	-0.289483014	0.153360635	0.15423245	0.0561439649	0	36.4	0	0	3
245	217	0	2.19823798	-0.0357353871	-0.0565132671	-0.289483014	0.153360635	0.157106367	0.0561439649	0	35.7	0	0	3
246	218	0	2.20721038	-0.0374200419	-0.0595823404	-0.289483014	0.153360635	0.16017544	0.0561439649	0	35	0	0	3
247	218	0	2.21618278	-0.0544880927	-0.0627667591	-0.289483014	0.153360635	0.163359859	0.0561439649	0	34.3	0	0	3
248	219	0	2.22515518	-0.0590771704	-0.066036071	-0.289483014	0.153360635	0.166629171	0.0561439649	0	33.6	0	0	3
249	220	0	2.23412758	-0.0800257002	-0.0693046353	-0.289483014	0.153360635	0.169897735	0.0561439649	0	33	0	0	3
250	221	0	2.24309998	-0.0808352373	-0.0723304835	-0.289483014	0.153360635	0.172923583	0.0561439649	0	32.4	0	0	3
251	222	0	2.25207238	-0.0991987346	-0.0749774546	-0.289483014	0.153360635	0.175570554	0.0561439649	0	31.9	0	0	3
252	222	0	2.26104478	-0.101168748	-0.0771860699	-0.289483014	0.153360635	0.177779169	0.0561439649	0	31.5	0	0	3
253	223	0	2.27001718	-0.123304376	-0.0789650326	-0.289483014	0.153360635	0.179558132	0.0561439649	0	31.2	0	0	3
254	224	0	2.27898958	-0.120345252	-0.080236194	-0.289483014	0.153360635	0.180829294	0.0561439649	0	31	0	0	3
255	225	0	2.28796198	-0.137935538	-0.0811916703	-0.289483014	0.153360635	0.181534625	0.0561439649	0	30.9	0	0	3
256	226	0	2.29693438	-0.132734786	-0.0816593088	-0.289483014	0.153360635	0.181296887	0.0561439649	0	30.9	0	0	3
257	227	0	2.30590678	-0.140948926	-0.081483268	-0.289483014	0.153360635	0.180000354	0.0561439649	0	31.1	0	0	3
258	227	0	2.31487918	-0.127726448	-0.0806661833	-0.289483014	0.153360635	0.178055574	0.0561439649	0	31.5	0	0	3
259	228	0	2.32385158	-0.130233217	-0.079304821	-0.289483014	0.153360635	0.175508167	0.0561439649	0	31.9	0	0	3
260	229	0	2.33282398	-0.104310845	-0.077417305	-0.289483014	0.153360635	0.172587974	0.0561439649	0	32.5	0	0	3
261	230	0	2.34179638	-0.0930168233	-0.0750727609	-0.289483014	0.153360635	0.169608574	0.0561439649	0	33.1	0	0	3
262	231	0	2.35076878	-0.0639496231	-0.0723675842	-0.289483014	0.153360635	0.166408327	0.0561439649	0	33.7	0	0	3
263	232	0	2.35974118	-0.0543518936	-0.0691660718	-0.289483014	0.153360635	0.163008772	0.0561439649	0	34.4	0	0	3
264	232	0	2.36871358	-0.0231914291	-0.0653255782	-0.289483014	0.153360635	0.159186235	0.0561439649	0	35.2	0	0	3
265	233	0	2.37768598	-0.0134948151	-0.060767607	-0.289483014	0.153360635	0.155122714	0.0561439649	0	36.1	0	0	3
266	234	0	2.38665838	0.0245046503	-0.0553667893	-0.289483014	0.153360635	0.150876987	0.0561439649	0	37.2	0	0	3
267	235	0	2.39563078	0.0399889757	-0.0494833609	-0.278003473	0.153360635	0.14627172	0.0561439649	0	38.3	0	0	3
268	236	0	2.40460318	0.0691678427	-0.0432838731	-0.275960467	0.153360635	0.141378893	0.0561439649	0	39.7	0	0	3
269	236	0	2.41357557	0.0686276707	-0.0371305135	-0.248120012	0.153360635	0.136541101	0.0561439649	0	41.1	0	0	3
270	237	0	2.42254797	0.0793819497	-0.0312822642	-0.228742207	0.153360635	0.132165372	0.0561439649	0	42.4	0	0	3
271	238	0	2.43152037	0.0565591177	-0.0261875976	-0.196131381	0.153360635	0.128279259	0.0561439649	0	43.7	0	0	3
272	239	0	2.44049277	0.0518661614	-0.0217590701	-0.185331601	0.153360635	0.124613084	0.0561439649	0	45	0	0	3
273	240	0	2.44946517	0.0282670772	-0.017944808	-0.166375078	0.153360635	0.121058796	0.0561439649	0	46.3	0	0	3
274	241	0	2.45843757	0.0249163452	-0.0145288897	-0.161335802	0.153360635	0.11735588	0.0561439649	0	47.8	0	0	3
275	241	0	2.46740997	-0.000801719983	-0.0116622097	-0.145319569	0.153360635	0.113020307	0.0561439649	0	49.6	0	0	3
276	242	0	2.47638237	0.0154563845	-0.00879121051	-0.140948926	0.153360635	0.107956917	0.0561439649	0	52	0	0	3
277	243	0	2.48535477	0.0233246541	-0.00593327098	-0.140948926	0.153360635	0.102263181	0.0561439649	0	54.9	0	0	3
278	244	0	2.49432717	0.0662489101	-0.00278227781	-0.140948926	0.153360635	0.09662744	0.0561439649	0	58.1	0	0	3
279	245	0	2.50329957	0.0845752449	0.00034724766	-0.140948926	0.153360635	0.0911022358	0.0561439649	0	61.6	0	0	3
280	245	0	2.51227197	0.11445476	0.0034884721	-0.140948926	0.153360635	0.0856129668	0.0561439649	0	65.5	0	0	3
281	246	0	2.52124437	0.111194595	0.00650025511	-0.140948926	0.153360635	0.088159564	0.0561439649	0	63.6	0	0	3
282	247	0	2.53021677	0.119228129	0.00931586013	-0.140948926	0.153360635	0.090975169	0.0561439649	0	61.7	0	0	3
283	248	0	2.53918917	0.0967092465	0.0116583363	-0.140948926	0.153360635	0.0933176452	0.0561439649	0	60.1	0	0	3
284	249	0	2.54816157	0.103859054	0.0133160278	-0.140948926	0.153360635	0.0949753366	0.0561439649	0	59.1	0	0	3
285	250	0	2.55713397	0.100855177	0.0143579302	-0.140948926	0.153360635	0.0960172391	0.0561439649	0	58.4	0	0	3
286	250	0	2.56610637	0.121237068	0.0147948345	-0.140948926	0.153360635	0.0964541433	0.0561439649	0	58.2	0	0	3
287	251	0	2.57507877	0.104284527	0.0144695965	-0.140948926	0.153360635	0.0964541433	0.0561439649	0	58.2	0	0	3
288	252	0	2.58405117	0.116746334	0.013840753	-0.140948926	0.153360635	0.0964541433	0.0561439649	0	58.2	0	0	3
289	253	0	2.59302357	0.0984708765	0.0129398049	-0.140948926	0.153360635	0.0964541433	0.0561439649	0	58.2	0	0	3
290	254	0	2.60199597	0.0964019159	0.0119226849	-0.140948926	0.142633311	0.0964541433	0.0561439649	0	58.2	0	0	3
291	255	0	2.61096837	0.0747889402	0.0107111783	-0.140948926	0.139200488	0.0964541433	0.0561439649	0	58.2	0	0	3
292	256	0	2.61994077	0.0754960399	0.00957359887	-0.140948926	0.121237068	0.0964541433	0.0561439649	0	58.2	0	0	3
293	257	0	2.62891317	0.0545618743	0.00857054488	-0.140948926	0.121237068	0.0964541433	0.0561439649	0	58.2	0	0	3
294	261	0	2.63788557	0.0525155857	0.0078519646	-0.140948926	0.121237068	0.0964541433	0.0561439649	0	58.2	0	0	3
295	267	0	2.64685797	0.0298327197	0.007098955	-0.140948926	0.121237068	0.0964541433	0.0561439649	0	58.2	0	0	3
296	270	0	2.65583037	0.038037863	0.00660967848	-0.140948926	0.121237068	0.0964541433	0.0561439649	0	58.2	0	0	3
297	271	0	2.66480277	0.0193130453	0.0062637898	-0.140948926	0.121237068	0.0964541433	0.0561439649	0	58.2	0	0	3
298	271	0	2.67377517	0.0319345158	0.00650739956	-0.140948926	0.121237068	0.0964541433	0.0561439649	0	58.2	0	0	3
299	272	0	2.68274757	0.0152402617	0.00683646523	-0.140948926	0.121237068	0.0964541433	0.0561439649	0	58.2	0	0	3
300	273	0	2.69171997	0.0266097545	0.00750647256	-0.140948926	0.121237068	0.0964541433	0.0561439649	0	58.2	0	0	3
301	278	0	2.70069237	0.0110130848	0.0083412667	-0.140948926	0.121237068	0.0964541433	0.0561439649	0	58.2	0	0	3
302	279	0	2.70966477	0.0100443123	0.00918884445	-0.140948926	0.121237068	0.0964541433	0.0561439649	0	58.2	0	0	3
303	280	0	2.71863717	-0.0110954365	0.00996371331	-0.140948926	0.121237068	0.0964541433	0.0561439649	0	58.2	0	0	3
304	281	0	2.72760957	-0.0152866268	0.0107456873	-0.140948926	0.121237068	0.0964541433	0.0561439649	0	58.2	0	0	3
305	282	0	2.73658197	-0.0436728684	0.011394845	-0.140948926	0.121237068	0.0964541433	0.0561439649	0	58.2	0	0	3
306	282	0	2.74555437	-0.0402529035	0.0121195295	-0.140948926	0.121237068	0.0964541433	0.0561439649	0	58.2	0	0	3
307	283	0	2.75452677	-0.0506383759	0.0129866788	-0.140948926	0.121237068	0.0964541433	0.0561439649	0	58.2	0	0	3
308	284	0	2.76349917	-0.0432183473	0.0140215074	-0.140948926	0.121237068	0.0964541433	0.0561439649	0	58.2	0	0	3
309	285	0	2.77247157	-0.0499132514	0.0153320632	-0.140948926	0.121237068	0.096991372	0.0561439649	0	57.8	0	0	3
310	286	0	2.78144397	-0.0477064907	0.0166291839	-0.140948926	0.121237068	0.0982884928	0.0561439649	0	57.1	0	0	3
311	287	0	2.79041637	-0.0595207655	0.0180294477	-0.140948926	0.121237068	0.0996887566	0.0561439649	0	56.3	0	0	3
312	288	0	2.79938877	-0.0439659499	0.0196146055	-0.140948926	0.121237068	0.101097874	0.0561439649	0	55.5	0	0	3
313	289	0	2.80836117	-0.0389427165	0.021436145	-0.130233217	0.121237068	0.102102328	0.0561439649	0	54.9	0	0	3
314	289	0	2.81733357	-0.0145207766	0.0234576748	-0.130233217	0.121237068	0.102762496	0.0561439649	0	54.6	0	0	3
315	290	0	2.82630597	-0.0107830803	0.025590713	-0.104310845	0.121237068	0.103008018	0.0561439649	0	54.5	0	0	3
316	291	0	2.83527837	0.00732682619	0.0275842428	-0.0930168233	0.121237068	0.102657004	0.0561439649	0	54.6	0	0	3
317	292	0	2.84425077	0.00390217618	0.0293149392	-0.0639496231	0.121237068	0.101682523	0.0561439649	0	55.2	0	0	3
318	293	0	2.85322317	0.0159121045	0.0307410415	-0.0595207655	0.121237068	0.0999071133	0.0561439649	0	56.1	0	0	3
319	294	0	2.86219557	0.0118893735	0.0319239213	-0.0595207655	0.121237068	0.0972494995	0.0561439649	0	57.7	0	0	3
320	295	0	2.87116797	0.0325200402	0.0329187689	-0.0595207655	0.121237068	0.0936863759	0.0561439649	0	59.9	0	0	3
321	296	0	2.88014037	0.0356795583	0.0337968827	-0.0595207655	0.121237068	0.089163672	0.0561439649	0	62.9	0	0	3
322	296	0	2.88911277	0.0578491142	0.0343923196	-0.0595207655	0.121237068	0.0838756805	0.0561439649	0	66.9	0	0	3
323	297	0	2.89808517	0.0597252311	0.0347447527	-0.0595207655	0.121237068	0.0780286258	0.0561439649	0	71.9	0	0	3
324	298	0	2.90705757	0.0806302272	0.0349494382	-0.0595207655	0.121237068	0.0720799516	0.0561439649	0	77.8	0	0	3
325	299	0	2.91602997	0.0895352586	0.035322788	-0.0595207655	0.121237068	0.0666050521	0.0561439649	0	84.2	0	0	3
326	300	0	2.92500237	0.111470083	0.0358957903	-0.0595207655	0.121237068	0.062083388	0.0561439649	0	90.4	0	0	3
327	300	0	2.93397477	0.123457369	0.037090402	-0.0595207655	0.123457369	0.0588494721	0.0561439649	0	95.4	0	0	3
328	301	0	2.94294717	0.14181062	0.038696553	-0.0595207655	0.14181062	0.056641361	0.0561439649	0	99.1	0	0	3
329	302	0	2.95191957	0.14324677	0.0407497618	-0.0595207655	0.14324677	0.0552786515	0.0561439649	0	100	0	0	3
330	303	0	2.96089197	0.164063943	0.0432345404	-0.0595207655	0.164063943	0.05489675	0.0561439649	0	100	0	0	3
331	304	0	2.96986437	0.174719874	0.0463688545	-0.0595207655	0.174719874	0.0551600651	0.0561439649	0	100	0	0	3
332	305	0	2.97883677	0.194318669	0.0495628239	-0.0595207655	0.194318669	0.0554960949	0.0561439649	0	100	0	0	3
333	305	0	2.98780917	0.202126947	0.052755722	-0.0595207655	0.202126947	0.0555379998	0.0561439649	0	100	0	0	3
334	306	0	2.99678157	0.22046909	0.0555096538	-0.0595207655	0.22046909	0.0551624061	0.0561439649	0	100	0	0	3
335	307	0	3.00575397	0.227490024	0.0580617034	-0.0595207655	0.227490024	0.0545732313	0.0561439649	0	100	0	0	3
336	308	0	3.01472637	0.240620525	0.0603146635	-0.0595207655	0.240620525	0.0540508737	0.0561439649	0	100	0	0	3
337	309	0	3.02369877	0.235758198	0.0625390136	-0.0595207655	0.240620525	0.0562752238	0.0561439649	0	99.7	0	0	3
338	310	0	3.03267117	0.244285507	0.064772181	-0.0595207655	0.244285507	0.0585083912	0.0561439649	0	95.9	0	0	3
339	311	0	3.04164357	0.231889965	0.0671861224	-0.0595207655	0.244285507	0.0609223326	0.0561439649	0	92.1	0	0	3
340	311	0	3.05061597	0.233181224	0.0694954469	-0.0595207655	0.244285507	0.0632316571	0.0561439649	0	88.7	0	0	3
341	312	0	3.05958837	0.226966142	0.0717474284	-0.0595207655	0.244285507	0.0654836386	0.0561439649	0	85.7	0	0	3
342	313	0	3.06856077	0.232596126	0.073735983	-0.0595207655	0.244285507	0.0674721932	0.0561439649	0	83.2	0	0	3
343	314	0	3.07753317	0.226537478	0.0759190714	-0.0595207655	0.244285507	0.0696552816	0.0561439649	0	80.6	0	0	3
344	315	0	3.08650557	0.235683352	0.0780429467	-0.0595207655	0.244285507	0.0717791569	0.0561439649	0	78.2	0	0	3
345	316	0	3.09547797	0.235364879	0.0804874825	-0.0595207655	0.244285507	0.0742236927	0.0561439649	0	75.6	0	0	3
346	316	0	3.10445037	0.255875405	0.0833352234	-0.0595207655	0.255875405	0.0770714336	0.0561439649	0	72.8	0	0	3
347	317	0	3.11342277	0.250012727	0.0864642196	-0.0595207655	0.255875405	0.0802004298	0.0561439649	0	70	0	0	3
348	318	0	3.12239517	0.25163026	0.0896094735	-0.0595207655	0.255875405	0.0833456837	0.0561439649	0	67.3	0	0	3
349	319	0	3.13136757	0.21864864	0.0925395943	-0.0595207655	0.255875405	0.0862758045	0.0561439649	0	65	0	0	3
350	320	0	3.14033997	0.188856996	0.0949742623	-0.0595207655	0.255875405	0.0887104725	0.0561439649	0	63.2	0	0	3
351	320	0	3.14931237	0.140349859	0.0969477827	-0.0595207655	0.255875405	0.0906839929	0.0561439649	0	61.9	0	0	3
352	321	0	3.15828477	0.102975429	0.0981073821	-0.0595207655	0.255875405	0.0918435923	0.0561439649	0	61.1	0	0	3
353	322	0	3.16725717	0.0521213782	0.0986932452	-0.0595207655	0.255875405	0.0921858456	0.0561439649	0	60.9	0	0	3
354	323	0	3.17622957	0.0201598706	0.0984829836	-0.0595207655	0.255875405	0.0918567799	0.0561439649	0	61.1	0	0	3
355	324	0	3.18520197	-0.0186791226	0.0978772803	-0.0595207655	0.255875405	0.0911867726	0.0561439649	0	61.5	0	0	3
356	325	0	3.19417437	-0.031977167	0.0968310853	-0.0595207655	0.255875405	0.0903519785	0.0561439649	0	62.1	0	0	3
357	326	0	3.20314677	-0.0588535703	0.0955834665	-0.0595207655	0.255875405	0.0895044007	0.0561439649	0	62.7	0	0	3
358	327	0	3.21211917	-0.0702523527	0.0941495975	-0.0702523527	0.255875405	0.0887295318	0.0561439649	0	63.2	0	0	3
359	327	0	3.22109157	-0.0965453074	0.0926237069	-0.0965453074	0.255875405	0.0879475579	0.0561439649	0	63.8	0	0	3
360	328	0	3.23006397	-0.105940387	0.0910048898	-0.105940387	0.255875405	0.0872984001	0.0561439649	0	64.3	0	0	3
361	329	0	3.23903637	-0.127706685	0.0895042859	-0.127706685	0.255875405	0.0865737156	0.0561439649	0	64.8	0	0	3
362	330	0	3.24800877	-0.13559163	0.0878018086	-0.13559163	0.255875405	0.0857065663	0.0561439649	0	65.5	0	0	3
363	331	0	3.25698117	-0.154432592	0.0859483405	-0.154432592	0.255875405	0.0846717378	0.0561439649	0	66.3	0	0	3
364	332	0	3.26595357	-0.150149179	0.0840388614	-0.154432592	0.255875405	0.083361182	0.0561439649	0	67.3	0	0	3
365	333	0	3.27492597	-0.139162628	0.0824451225	-0.154432592	0.255875405	0.0820640612	0.0561439649	0	68.4	0	0	3
366	333	0	3.28389837	-0.128022962	0.0810108998	-0.154432592	0.255875405	0.0806637974	0.0561439649	0	69.6	0	0	3
367	334	0	3.29287077	-0.120972592	0.0799135457	-0.154432592	0.255875405	0.0790786396	0.0561439649	0	70.9	0	0	3
368	335	0	3.30184317	-0.0928189779	0.0790411702	-0.154432592	0.255875405	0.0772571002	0.0561439649	0	72.6	0	0	3
369	336	0	3.31081557	-0.062640948	0.0786179875	-0.154432592	0.255875405	0.0752355704	0.0561439649	0	74.6	0	0	3
370	337	0	3.31978797	-0.0301337843	0.0783391838	-0.154432592	0.255875405	0.0731025322	0.0561439649	0	76.8	0	0	3
371	337	0	3.32876037	-0.0356731082	0.077894719	-0.154432592	0.255875405	0.0711090024	0.0561439649	0	78.9	0	0	3
372	338	0	3.33773277	-0.0354928148	0.0771300826	-0.154432592	0.255875405	0.0693783059	0.0561439649	0	80.9	0	0	3
373	339	0	3.34670517	-0.0439055189	0.0762763738	-0.154432592	0.255875405	0.0679522037	0.0561439649	0	82.6	0	0	3
374	340	0	3.35567757	-0.0556419556	0.0749986227	-0.154432592	0.255875405	0.0667693239	0.0561439649	0	84	0	0	3
375	341	0	3.36464997	-0.0839985194	0.0732863389	-0.154432592	0.255875405	0.0657744762	0.0561439649	0	85.3	0	0	3
376	342	0	3.37362236	-0.0946252454	0.0710158873	-0.154432592	0.255875405	0.0648963624	0.0561439649	0	86.5	0	0	3
377	342	0	3.38259476	-0.118019344	0.0682712641	-0.154432592	0.255875405	0.0643009256	0.0561439649	0	87.3	0	0	3
378	343	0	3.39156716	-0.127944395	0.0649535229	-0.154432592	0.255875405	0.0639484924	0.0561439649	0	87.7	0	0	3
379	344	0	3.40053956	-0.143872933	0.0613178414	-0.154432592	0.255875405	0.063743807	0.0561439649	0	88	0	0	3
380	345	0	3.40951196	-0.140563281	0.0573679573	-0.154432592	0.255875405	0.0633704572	0.0561439649	0	88.5	0	0	3
381	346	0	3.41848436	-0.149860816	0.0530930274	-0.154432592	0.255875405	0.0627974548	0.0561439649	0	89.4	0	0	3
382	346	0	3.42745676	-0.156013599	0.0483165331	-0.156013599	0.255875405	0.0616028432	0.0561439649	0	91.1	0	0	3
383	347	0	3.43642916	-0.168356525	0.0431055707	-0.168356525	0.255875405	0.0599966921	0.0561439649	0	93.5	0	0	3
384	348	0	3.44540156	-0.17299035	0.0374841248	-0.17299035	0.255875405	0.0612091204	0.0561439649	0	91.7	0	0	3
385	349	0	3.45437396	-0.191440256	0.0315075707	-0.191440256	0.255875405	0.0671856744	0.0561439649	0	83.5	0	0	3
386	350	0	3.46334636	-0.199719539	0.0250114371	-0.199719539	0.255875405	0.073681808	0.0561439649	0	76.1	0	0	3
387	351	0	3.47231876	-0.224034132	0.0178908299	-0.224034132	0.255875405	0.0808024153	0.0561439649	0	69.4	0	0	3
388	351	0	3.48129116	-0.242551943	0.0100895689	-0.242551943	0.255875405	0.0886036762	0.0561439649	0	63.3	0	0	3
389	352	0	3.49026356	-0.267241584	0.00170798803	-0.267241584	0.255875405	0.0969852571	0.0561439649	0	57.8	0	0	3
390	353	0	3.49923596	-0.275782763	-0.00715365221	-0.275782763	0.255875405	0.105846897	0.0561439649	0	53	0	0	3
391	354	0	3.50820836	-0.278245776	-0.0161846487	-0.278245776	0.255875405	0.114877894	0.0561439649	0	48.8	0	0	3
392	355	0	3.51718076	-0.274247572	-0.0253787218	-0.278245776	0.255875405	0.124071967	0.0561439649	0	45.2	0	0	3
393	355	0	3.52615316	-0.267395236	-0.0343636046	-0.278245776	0.255875405	0.13305685	0.0561439649	0	42.1	0	0	3
394	356	0	3.53512556	-0.26699423	-0.0434935999	-0.278245776	0.255875405	0.142186845	0.0561439649	0	39.4	0	0	3
395	357	0	3.54409796	-0.264299845	-0.0523541322	-0.278245776	0.255875405	0.151047377	0.0561439649	0	37.1	0	0	3
396	358	0	3.55307036	-0.255643834	-0.0610831511	-0.278245776	0.255875405	0.159776396	0.0561439649	0	35.1	0	0	3
397	359	0	3.56204276	-0.231882672	-0.0692768799	-0.278245776	0.255875405	0.167970125	0.0561439649	0	33.4	0	0	3
398	359	0	3.57101516	-0.199817935	-0.0769985596	-0.278245776	0.255875405	0.175691805	0.0561439649	0	31.9	0	0	3
399	360	0	3.57998756	-0.18643521	-0.0843730718	-0.278245776	0.255875405	0.183066317	0.0561439649	0	30.6	0	0	3
400	361	0	3.58895996	-0.171402784	-0.0916424671	-0.278245776	0.255875405	0.190335712	0.0561439649	0	29.4	0	0	3
401	366	0	3.59793236	-0.177637638	-0.0990175121	-0.278245776	0.255875405	0.197710757	0.0561439649	0	28.3	0	0	3
402	366	0	3.60690476	-0.184471414	-0.106880848	-0.278245776	0.25163026	0.205574093	0.0561439649	0	27.3	0	0	3
403	367	0	3.61587716	-0.189052418	-0.114721297	-0.278245776	0.25163026	0.213414542	0.0561439649	0	26.3	0	0	3
404	368	0	3.62484956	-0.178853291	-0.122408503	-0.278245776	0.21864864	0.221101749	0.0561439649	0	25.3	0	0	3
405	369	0	3.63382196	-0.162298273	-0.129211127	-0.278245776	0.188856996	0.227904372	0.0561439649	0	24.6	0	0	3
406	370	0	3.64279436	-0.137788905	-0.135044089	-0.278245776	0.140349859	0.233737335	0.0561439649	0	24	0	0	3
407	370	0	3.65176676	-0.115890084	-0.139619803	-0.278245776	0.102975429	0.238313048	0.0561439649	0	23.5	0	0	3
408	371	0	3.66073916	-0.0963596369	-0.143179357	-0.278245776	0.0521213782	0.241872603	0.0561439649	0	23.2	0	0	3
409	372	0	3.66971156	-0.0822039487	-0.145578024	-0.278245776	0.0201598706	0.244061008	0.0561439649	0	23	0	0	3
410	373	0	3.67868396	-0.0655632654	-0.147108794	-0.278245776	-0.0186791226	0.244986075	0.0561439649	0	22.9	0	0	3
411	374	0	3.68765636	-0.0498058294	-0.147664628	-0.278245776	-0.0301337843	0.244495714	0.0561439649	0	22.9	0	0	3
412	375	0	3.69662876	-0.0247737162	-0.147535995	-0.278245776	-0.0247737162	0.243248095	0.0561439649	0	23	0	0	3
413	375	0	3.70560116	0.00174216228	-0.146453929	-0.278245776	0.00174216228	0.241814226	0.0561439649	0	23.2	0	0	3
414	376	0	3.71457356	0.033890837	-0.144594229	-0.278245776	0.033890837	0.240288335	0.0561439649	0	23.3	0	0	3
415	377	0	3.72354596	0.0548531876	-0.141890684	-0.278245776	0.0548531876	0.238669518	0.0561439649	0	23.5	0	0	3
416	378	0	3.73251836	0.0729942424	-0.138695423	-0.278245776	0.0729942424	0.237168914	0.0561439649	0	23.6	0	0	3
417	379	0	3.74149076	0.0760067662	-0.135057683	-0.278245776	0.0760067662	0.235466437	0.0561439649	0	23.8	0	0	3
418	379	0	3.75046316	0.0810282335	-0.131189471	-0.278245776	0.0810282335	0.233612969	0.0561439649	0	24	0	0	3
419	380	0	3.75943556	0.0858279821	-0.126899104	-0.278245776	0.0858279821	0.23170349	0.0561439649	0	24.2	0	0	3
420	381	0	3.76840796	0.101867754	-0.122398801	-0.278245776	0.101867754	0.230109751	0.0561439649	0	24.3	0	0	3
421	382	0	3.77738036	0.111832056	-0.117916753	-0.278245776	0.111832056	0.228675528	0.0561439649	0	24.5	0	0	3
422	383	0	3.78635276	0.120554866	-0.113477863	-0.278245776	0.120554866	0.227578174	0.0561439649	0	24.6	0	0	3
423	384	0	3.79532516	0.119476058	-0.109184138	-0.278245776	0.120554866	0.226705799	0.0561439649	0	24.7	0	0	3
424	384	0	3.80429756	0.111468936	-0.105536139	-0.278245776	0.120554866	0.226282616	0.0561439649	0	24.8	0	0	3
425	385	0	3.81326996	0.0920946102	-0.102773004	-0.278245776	0.120554866	0.226003812	0.0561439649	0	24.8	0	0	3
426	386	0	3.82224236	0.0778513296	-0.100844698	-0.278245776	0.120554866	0.225559347	0.0561439649	0	24.8	0	0	3
427	387	0	3.83121476	0.0598436992	-0.0991390412	-0.278245776	0.120554866	0.224794711	0.0561439649	0	24.9	0	0	3
428	388	0	3.84018716	0.0438502399	-0.097722201	-0.278245776	0.120554866	0.223941002	0.0561439649	0	25	0	0	3
429	388	0	3.84915956	0.026067525	-0.0964726823	-0.278245776	0.120554866	0.222663251	0.0561439649	0	25.2	0	0	3
430	389	0	3.85813196	0.00874956901	-0.0953228337	-0.278245776	0.120554866	0.220950967	0.0561439649	0	25.4	0	0	3
431	390	0	3.86710436	-0.00756444378	-0.0939579395	-0.278245776	0.120554866	0.218680516	0.0561439649	0	25.6	0	0	3
432	391	0	3.87607676	-0.00986055844	-0.0924442843	-0.278245776	0.120554866	0.215935892	0.0561439649	0	26	0	0	3
433	392	0	3.88504916	-0.0137291172	-0.0905819589	-0.278245776	0.120554866	0.212618151	0.0561439649	0	26.4	0	0	3
434	393	0	3.89402156	-0.0211965553	-0.0886757474	-0.278245776	0.120554866	0.20898247	0.0561439649	0	26.8	0	0	3
435	393	0	3.90299396	-0.0364054513	-0.0867566853	-0.278245776	0.120554866	0.205032586	0.0561439649	0	27.3	0	0	3
436	394	0	3.91196636	-0.0554194502	-0.0852362597	-0.278245776	0.120554866	0.200757656	0.0561439649	0	27.9	0	0	3
437	395	0	3.92093876	-0.0742265891	-0.0838856485	-0.278245776	0.120554866	0.195981161	0.0561439649	0	28.6	0	0	3
438	396	0	3.92991116	-0.0808121019	-0.0825427646	-0.278245776	0.120554866	0.190770199	0.0561439649	0	29.4	0	0	3
439	397	0	3.93888356	-0.0766030779	-0.0809043102	-0.278245776	0.120554866	0.185148753	0.0561439649	0	30.3	0	0	3
440	398	0	3.94785596	-0.0617430257	-0.0789177509	-0.278245776	0.120554866	0.179172199	0.0561439649	0	31.3	0	0	3
441	398	0	3.95682836	-0.0453864152	-0.0763096466	-0.278245776	0.120554866	0.172676065	0.0561439649	0	32.5	0	0	3
442	399	0	3.96580076	-0.0354775188	-0.0733767533	-0.278245776	0.120554866	0.165555458	0.0561439649	0	33.9	0	0	3
443	400	0	3.97477316	-0.0428085698	-0.0701405826	-0.278245776	0.120554866	0.157754197	0.0561439649	0	35.5	0	0	3
444	401	0	3.98374556	-0.0547833676	-0.0667875723	-0.278245776	0.120554866	0.149372616	0.0561439649	0	37.5	0	0	3
445	402	0	3.99271796	-0.0698866708	-0.0632633774	-0.278245776	0.120554866	0.140510976	0.0561439649	0	39.9	0	0	3
446	403	0	4.00169036	-0.0785804026	-0.0597419067	-0.278245776	0.120554866	0.13147998	0.0561439649	0	42.7	0	0	3
