Iteration	CPUTime	PhysTime	Travels	Value	AvValue	MinValue	MaxValue	Delta	Criteria	PrevAvRefValue	Progress	CriteriaType	CriteriaVarType	CriteriaPercentage
1	6	0	0.00897239991	101324.725	101324.725	101324.725	101324.725	0	0	0	0	0	0	3
2	7	0	0.0179447998	101323.714	101324.219	101323.714	101324.725	0.505132868	0	0	0	0	0	3
3	8	0	0.0269171997	101325.195	101324.545	101323.714	101325.195	0.505132868	0	0	0	0	0	3
4	9	0	0.0358895996	101325.2	101324.709	101323.714	101325.2	0.505132868	0	0	0	0	0	3
5	10	0	0.0448619995	101325.088	101324.784	101323.714	101325.2	0.565050075	0	0	0	0	0	3
6	11	0	0.0538343994	101324.981	101324.817	101323.714	101325.2	0.597864909	0	0	0	0	0	3
7	12	0	0.0628067993	101325.083	101324.855	101323.714	101325.2	0.635845739	0	0	0	0	0	3
8	12	0	0.0717791993	101325.033	101324.877	101323.714	101325.2	0.658011843	0	0	0	0	0	3
9	13	0	0.0807515992	101325.11	101324.903	101323.714	101325.2	0.683809576	0	0	0	0	0	3
10	14	0	0.0897239991	101325.052	101324.918	101323.714	101325.2	0.698705298	0	0	0	0	0	3
11	15	0	0.098696399	101325.113	101324.936	101323.714	101325.2	0.716410693	0	0	0	0	0	3
12	15	0	0.107668799	101325.076	101324.948	101323.714	101325.2	0.728114914	0	0	0	0	0	3
13	16	0	0.116641199	101325.131	101324.962	101323.714	101325.2	0.742229376	0	0	0	0	0	3
14	17	0	0.125613599	101325.106	101324.972	101323.714	101325.2	0.752509915	0	0	0	0	0	3
15	18	0	0.134585999	101325.143	101324.983	101323.714	101325.2	0.763941082	0	0	0	0	0	3
16	19	0	0.143558399	101325.134	101324.993	101323.714	101325.2	0.773372525	0	0	0	0	0	3
17	19	0	0.152530798	101325.156	101325.002	101323.714	101325.2	0.782958607	0	0	0	0	0	3
18	20	0	0.161503198	101325.15	101325.011	101323.714	101325.2	0.791138113	0	0	0	0	0	3
19	21	0	0.170475598	101325.161	101325.018	101323.714	101325.2	0.799058285	0	0	0	0	0	3
20	22	0	0.179447998	101325.158	101325.025	101323.714	101325.2	0.806038624	0	0	0	0	0	3
21	22	0	0.188420398	101325.166	101325.032	101323.714	101325.2	0.812752338	0	0	0	0	0	3
22	23	0	0.197392798	101325.167	101325.038	101323.714	101325.2	0.818865211	0	0	0	0	0	3
23	24	0	0.206365198	101325.165	101325.044	101323.714	101325.2	0.824374693	0	0	0	0	0	3
24	25	0	0.215337598	101325.164	101325.049	101323.714	101325.2	0.8293762	0	0	0	0	0	3
25	25	0	0.224309998	101325.161	101325.053	101323.714	101325.2	0.833857178	0	0	0	0	0	3
26	26	0	0.233282398	101325.156	101325.057	101323.714	101325.2	0.837808306	0	0	0	0	0	3
27	27	0	0.242254797	101325.133	101325.06	101323.714	101325.2	0.840618463	0	0	0	0	0	3
28	28	0	0.251227197	101325.104	101325.062	101323.714	101325.2	0.842198464	0	0	0	0	0	3
29	29	0	0.260199597	101325.073	101325.062	101323.714	101325.2	0.842579599	0	0	0	0	0	3
30	30	0	0.269171997	101325.038	101325.061	101323.714	101325.2	0.842579599	0	0	0	0	0	3
31	31	0	0.278144397	101325.001	101325.059	101323.714	101325.2	0.842579599	0	0	0	0	0	3
32	31	0	0.287116797	101324.947	101325.056	101323.714	101325.2	0.842579599	0	0	0	0	0	3
33	32	0	0.296089197	101324.9	101325.051	101323.714	101325.2	0.842579599	0	0	0	0	0	3
34	33	0	0.305061597	101324.864	101325.045	101323.714	101325.2	0.842579599	0	0	0	0	0	3
35	34	0	0.314033997	101324.836	101325.039	101323.714	101325.2	0.842579599	0	0	0	0	0	3
36	35	0	0.323006397	101324.814	101325.033	101323.714	101325.2	0.842579599	0	0	0	0	0	3
37	36	0	0.331978797	101324.795	101325.027	101323.714	101325.2	0.842579599	0	0	0	0	0	3
38	37	0	0.340951196	101324.78	101325.02	101323.714	101325.2	0.842579599	0	0	0	0	0	3
39	37	0	0.349923596	101324.772	101325.014	101323.714	101325.2	0.842579599	0	0	0	0	0	3
40	38	0	0.358895996	101324.767	101325.008	101323.714	101325.2	0.842579599	0	0	0	0	0	3
41	39	0	0.367868396	101324.764	101325.002	101323.714	101325.2	0.842579599	0	0	0	0	0	3
42	40	0	0.376840796	101324.759	101324.996	101323.714	101325.2	0.842579599	0	0	0	0	0	3
43	41	0	0.385813196	101324.745	101324.99	101323.714	101325.2	0.842579599	0	0	0	0	0	3
44	41	0	0.394785596	101324.73	101324.984	101323.714	101325.2	0.842579599	0	0	0	0	0	3
45	42	0	0.403757996	101324.722	101324.978	101323.714	101325.2	0.842579599	0	0	0	0	0	3
46	43	0	0.412730396	101324.714	101324.973	101323.714	101325.2	0.842579599	0	0	0	0	0	3
47	44	0	0.421702796	101324.709	101324.967	101323.714	101325.2	0.842579599	0	0	0	0	0	3
48	45	0	0.430675196	101324.703	101324.962	101323.714	101325.2	0.842579599	0	0	0	0	0	3
49	46	0	0.439647595	101324.698	101324.956	101323.714	101325.2	0.842579599	0	0	0	0	0	3
50	46	0	0.448619995	101324.69	101324.951	101323.714	101325.2	0.842579599	0	0	0	0	0	3
51	47	0	0.457592395	101324.684	101324.946	101323.714	101325.2	0.842579599	0	0	0	0	0	3
52	48	0	0.466564795	101324.679	101324.941	101323.714	101325.2	0.842579599	0	0	0	0	0	3
53	49	0	0.475537195	101324.677	101324.936	101323.714	101325.2	0.842579599	0	0	0	0	0	3
54	50	0	0.484509595	101324.673	101324.931	101323.714	101325.2	0.842579599	0	0	0	0	0	3
55	51	0	0.493481995	101324.67	101324.926	101323.714	101325.2	0.842579599	0	0	0	0	0	3
56	52	0	0.502454395	101324.667	101324.921	101323.714	101325.2	0.842579599	0	0	0	0	0	3
57	52	0	0.511426795	101324.666	101324.92	101323.714	101325.2	0.842579599	0	0	0	0	0	3
58	53	0	0.520399195	101324.665	101324.937	101324.665	101325.2	0.517247539	0	0	0	0	0	3
59	54	0	0.529371595	101324.662	101324.928	101324.662	101325.2	0.353331231	0	0	0	0	0	3
60	55	0	0.538343994	101324.656	101324.918	101324.656	101325.167	0.277529524	0	0	0	0	0	3
61	56	0	0.547316394	101324.646	101324.91	101324.646	101325.167	0.24471469	0	0	0	0	0	3
62	57	0	0.556288794	101324.636	101324.904	101324.636	101325.167	0.20673386	0	0	0	0	0	3
63	58	0	0.565261194	101324.631	101324.896	101324.631	101325.167	0.184567756	0	0	0	0	0	3
64	58	0	0.574233594	101324.63	101324.889	101324.63	101325.167	0.173315312	0	0	0	0	0	3
65	59	0	0.583205994	101324.63	101324.88	101324.63	101325.167	0.181883388	0	0	0	0	0	3
66	60	0	0.592178394	101324.634	101324.873	101324.63	101325.167	0.1893568	0	0	0	0	0	3
67	61	0	0.601150794	101324.636	101324.864	101324.63	101325.167	0.197867279	0	0	0	0	0	3
68	62	0	0.610123194	101324.633	101324.856	101324.63	101325.167	0.205778908	0	0	0	0	0	3
69	63	0	0.619095594	101324.629	101324.847	101324.629	101325.167	0.214742073	0	0	0	0	0	3
70	64	0	0.628067993	101324.62	101324.839	101324.62	101325.167	0.22341204	0	0	0	0	0	3
71	64	0	0.637040393	101324.606	101324.829	101324.606	101325.167	0.233001687	0	0	0	0	0	3
72	65	0	0.646012793	101324.6	101324.819	101324.6	101325.167	0.242538939	0	0	0	0	0	3
73	66	0	0.654985193	101324.603	101324.81	101324.6	101325.167	0.252407849	0	0	0	0	0	3
74	67	0	0.663957593	101324.613	101324.8	101324.6	101325.167	0.26199466	0	0	0	0	0	3
75	68	0	0.672929993	101324.621	101324.79	101324.6	101325.167	0.271634466	0	0	0	0	0	3
76	69	0	0.681902393	101324.623	101324.781	101324.6	101325.167	0.281196146	0	0	0	0	0	3
77	70	0	0.690874793	101324.616	101324.771	101324.6	101325.167	0.291032632	0	0	0	0	0	3
78	71	0	0.699847193	101324.605	101324.761	101324.6	101325.165	0.301065747	0	0	0	0	0	3
79	71	0	0.708819593	101324.596	101324.751	101324.596	101325.164	0.311225563	0	0	0	0	0	3
80	72	0	0.717791993	101324.598	101324.741	101324.596	101325.161	0.32132994	0	0	0	0	0	3
81	73	0	0.726764392	101324.604	101324.731	101324.596	101325.156	0.331266032	0	0	0	0	0	3
82	74	0	0.735736792	101324.61	101324.721	101324.596	101325.133	0.341016714	0	0	0	0	0	3
83	75	0	0.744709192	101324.611	101324.712	101324.596	101325.104	0.350344056	0	0	0	0	0	3
84	76	0	0.753681592	101324.607	101324.703	101324.596	101325.073	0.359215832	0	0	0	0	0	3
85	76	0	0.762653992	101324.599	101324.694	101324.596	101325.038	0.366859842	0	0	0	0	0	3
86	77	0	0.771626392	101324.591	101324.686	101324.591	101325.001	0.372893611	0	0	0	0	0	3
87	78	0	0.780598792	101324.587	101324.679	101324.587	101324.947	0.359399393	0	0	0	0	0	3
88	79	0	0.789571192	101324.595	101324.673	101324.587	101324.9	0.31282669	0	0	0	0	0	3
89	80	0	0.798543592	101324.606	101324.667	101324.587	101324.864	0.276441024	0	0	0	0	0	3
90	81	0	0.807515992	101324.611	101324.663	101324.587	101324.836	0.248712686	0	0	0	0	0	3
91	81	0	0.816488392	101324.607	101324.659	101324.587	101324.814	0.226249586	0	0	0	0	0	3
92	82	0	0.825460791	101324.596	101324.655	101324.587	101324.795	0.207980126	0	0	0	0	0	3
93	83	0	0.834433191	101324.585	101324.651	101324.585	101324.78	0.194843765	0	0	0	0	0	3
94	84	0	0.843405591	101324.579	101324.648	101324.579	101324.772	0.192946778	0	0	0	0	0	3
95	85	0	0.852377991	101324.584	101324.644	101324.579	101324.767	0.187517037	0	0	0	0	0	3
96	86	0	0.861350391	101324.596	101324.641	101324.579	101324.764	0.185136503	0	0	0	0	0	3
97	87	0	0.870322791	101324.607	101324.638	101324.579	101324.759	0.179799028	0	0	0	0	0	3
98	88	0	0.879295191	101324.611	101324.636	101324.579	101324.745	0.166231064	0	0	0	0	0	3
99	88	0	0.888267591	101324.609	101324.633	101324.579	101324.73	0.151259005	0	0	0	0	0	3
100	89	0	0.897239991	101324.599	101324.631	101324.579	101324.722	0.143059323	0	0	0	0	0	3
101	94	0	0.906212391	101324.589	101324.629	101324.579	101324.714	0.134928583	0	0	0	0	0	3
102	95	0	0.915184791	101324.579	101324.626	101324.579	101324.709	0.129987737	0	0	0	0	0	3
103	96	0	0.92415719	101324.578	101324.624	101324.578	101324.703	0.125180022	0	0	0	0	0	3
104	97	0	0.93312959	101324.585	101324.622	101324.578	101324.698	0.120171237	0	0	0	0	0	3
105	97	0	0.94210199	101324.595	101324.62	101324.578	101324.69	0.112416068	0	0	0	0	0	3
106	98	0	0.95107439	101324.601	101324.618	101324.578	101324.684	0.106412904	0	0	0	0	0	3
107	99	0	0.96004679	101324.603	101324.617	101324.578	101324.679	0.10189636	0	0	0	0	0	3
108	100	0	0.96901919	101324.597	101324.615	101324.578	101324.677	0.0989939695	0	0	0	0	0	3
109	101	0	0.97799159	101324.591	101324.614	101324.578	101324.673	0.0953428526	0	0	0	0	0	3
110	102	0	0.98696399	101324.584	101324.612	101324.578	101324.67	0.0920134138	0	0	0	0	0	3
111	103	0	0.99593639	101324.582	101324.611	101324.578	101324.667	0.0897745475	0	0	0	0	0	3
112	104	0	1.00490879	101324.582	101324.609	101324.578	101324.666	0.0882564592	0.0186849982	0	0	0	0	3
113	105	0	1.01388119	101324.584	101324.608	101324.578	101324.665	0.0878980966	0.0186849982	0	0	0	0	3
114	105	0	1.02285359	101324.587	101324.606	101324.578	101324.662	0.0841266471	0.0186849982	0	0	0	0	3
115	106	0	1.03182599	101324.588	101324.605	101324.578	101324.656	0.0781937382	0.0186849982	0	0	0	0	3
116	107	0	1.04079839	101324.586	101324.604	101324.578	101324.646	0.0679513559	0.0186849982	0	0	0	0	3
117	108	0	1.04977079	101324.585	101324.603	101324.578	101324.636	0.0587138086	0.0186849982	0	0	0	0	3
118	109	0	1.05874319	101324.583	101324.602	101324.578	101324.636	0.0587138086	0.0186849982	0	0	0	0	3
119	110	0	1.06771559	101324.581	101324.601	101324.578	101324.636	0.0587138086	0.0186849982	0	0	0	0	3
120	111	0	1.07668799	101324.579	101324.6	101324.578	101324.636	0.0587138086	0.0186849982	0	0	0	0	3
121	111	0	1.08566039	101324.579	101324.599	101324.578	101324.636	0.0587138086	0.0186849982	0	0	0	0	3
122	112	0	1.09463279	101324.578	101324.598	101324.578	101324.636	0.0587138086	0.0186849982	0	0	0	0	3
123	113	0	1.10360519	101324.579	101324.597	101324.578	101324.633	0.0556460765	0.0186849982	0	0	0	0	3
124	114	0	1.11257759	101324.578	101324.596	101324.578	101324.629	0.0515481861	0.0186849982	0	0	0	0	3
125	115	0	1.12154999	101324.58	101324.595	101324.578	101324.623	0.0450935085	0.0186849982	0	0	0	0	3
126	116	0	1.13052239	101324.579	101324.594	101324.578	101324.623	0.0450935085	0.0186849982	0	0	0	0	3
127	116	0	1.13949479	101324.578	101324.594	101324.578	101324.623	0.0450935085	0.0186849982	0	0	0	0	3
128	117	0	1.14846719	101324.577	101324.593	101324.577	101324.623	0.0457169391	0.0186849982	0	0	0	0	3
129	118	0	1.15743959	101324.576	101324.593	101324.576	101324.623	0.046779484	0.0186849982	0	0	0	0	3
130	119	0	1.16641199	101324.576	101324.592	101324.576	101324.623	0.046779484	0.0186849982	0	0	0	0	3
131	120	0	1.17538439	101324.576	101324.592	101324.576	101324.623	0.046779484	0.0186849982	0	0	0	0	3
132	120	0	1.18435679	101324.574	101324.591	101324.574	101324.616	0.0419192685	0.0186849982	0	0	0	0	3
133	121	0	1.19332919	101324.571	101324.59	101324.571	101324.611	0.0399128738	0.0186849982	0	0	0	0	3
134	122	0	1.20230159	101324.568	101324.589	101324.568	101324.611	0.042724876	0.0186849982	0	0	0	0	3
135	123	0	1.21127399	101324.567	101324.589	101324.567	101324.611	0.0442449578	0.0186849982	0	0	0	0	3
136	124	0	1.22024639	101324.565	101324.588	101324.565	101324.611	0.0463024965	0.0186849982	0	0	0	0	3
137	125	0	1.22921879	101324.565	101324.587	101324.565	101324.611	0.0463024965	0.0186849982	0	0	0	0	3
138	125	0	1.23819119	101324.563	101324.587	101324.563	101324.611	0.0481127011	0.0186849982	0	0	0	0	3
139	126	0	1.24716359	101324.559	101324.586	101324.559	101324.611	0.0521893115	0.0186849982	0	0	0	0	3
140	127	0	1.25613599	101324.558	101324.585	101324.558	101324.611	0.0533940233	0.0186849982	0	0	0	0	3
141	128	0	1.26510839	101324.56	101324.584	101324.558	101324.611	0.0533940233	0.0186849982	0	0	0	0	3
142	129	0	1.27408079	101324.563	101324.584	101324.558	101324.611	0.0533940233	0.0186849982	0	0	0	0	3
143	129	0	1.28305319	101324.569	101324.583	101324.558	101324.611	0.0533940233	0.0186849982	0	0	0	0	3
144	130	0	1.29202559	101324.573	101324.583	101324.558	101324.611	0.0533940233	0.0186849982	0	0	0	0	3
145	131	0	1.30099799	101324.574	101324.582	101324.558	101324.611	0.0533940233	0.0186849982	0	0	0	0	3
146	132	0	1.30997039	101324.573	101324.582	101324.558	101324.611	0.0533602868	0.0186849982	0	0	0	0	3
147	133	0	1.31894279	101324.575	101324.581	101324.558	101324.611	0.0533602868	0.0186849982	0	0	0	0	3
148	133	0	1.32791519	101324.579	101324.581	101324.558	101324.611	0.0533602868	0.0186849982	0	0	0	0	3
149	134	0	1.33688759	101324.584	101324.581	101324.558	101324.611	0.0533602868	0.0186849982	0	0	0	0	3
150	135	0	1.34585999	101324.585	101324.581	101324.558	101324.611	0.0533602868	0.0186849982	0	0	0	0	3
151	136	0	1.35483239	101324.583	101324.581	101324.558	101324.611	0.0533602868	0.0186849982	0	0	0	0	3
152	137	0	1.36380479	101324.578	101324.58	101324.558	101324.611	0.0533602868	0.0186849982	0	0	0	0	3
153	138	0	1.37277719	101324.571	101324.58	101324.558	101324.611	0.0533602868	0.0186849982	0	0	0	0	3
154	138	0	1.38174959	101324.561	101324.579	101324.558	101324.609	0.0511649798	0.0186849982	0	0	0	0	3
155	139	0	1.39072199	101324.555	101324.578	101324.555	101324.603	0.047313976	0.0186849982	0	0	0	0	3
156	140	0	1.39969439	101324.554	101324.577	101324.554	101324.603	0.0486695537	0.0186849982	0	0	0	0	3
157	141	0	1.40866679	101324.558	101324.577	101324.554	101324.603	0.0486695537	0.0186849982	0	0	0	0	3
158	142	0	1.41763919	101324.566	101324.576	101324.554	101324.603	0.0475002347	0.0186849982	0	0	0	0	3
159	142	0	1.42661159	101324.573	101324.576	101324.554	101324.603	0.0454651651	0.0186849982	0	0	0	0	3
160	143	0	1.43558399	101324.574	101324.576	101324.554	101324.603	0.0438098964	0.0186849982	0	0	0	0	3
161	144	0	1.44455639	101324.57	101324.576	101324.554	101324.603	0.042680005	0.0186849982	0	0	0	0	3
162	145	0	1.45352878	101324.564	101324.575	101324.554	101324.603	0.0419015229	0.0186849982	0	0	0	0	3
163	146	0	1.46250118	101324.558	101324.574	101324.554	101324.597	0.0412353207	0.0186849982	0	0	0	0	3
164	146	0	1.47147358	101324.551	101324.573	101324.551	101324.591	0.0401263942	0.0186849982	0	0	0	0	3
165	147	0	1.48044598	101324.552	101324.573	101324.551	101324.588	0.0365693721	0.0186849982	0	0	0	0	3
166	148	0	1.48941838	101324.56	101324.572	101324.551	101324.588	0.0365693721	0.0186849982	0	0	0	0	3
167	149	0	1.49839078	101324.571	101324.572	101324.551	101324.588	0.0365693721	0.0186849982	0	0	0	0	3
168	150	0	1.50736318	101324.581	101324.572	101324.551	101324.588	0.0357739697	0.0186849982	0	0	0	0	3
169	151	0	1.51633558	101324.581	101324.572	101324.551	101324.588	0.0344242241	0.0186849982	0	0	0	0	3
170	151	0	1.52530798	101324.574	101324.572	101324.551	101324.588	0.0333361403	0.0186849982	0	0	0	0	3
171	152	0	1.53428038	101324.569	101324.571	101324.551	101324.586	0.0324311891	0.0186849982	0	0	0	0	3
172	153	0	1.54325278	101324.575	101324.571	101324.551	101324.585	0.0315497611	0.0186849982	0	0	0	0	3
173	154	0	1.55222518	101324.585	101324.571	101324.551	101324.585	0.0305969083	0.0186849982	0	0	0	0	3
174	155	0	1.56119758	101324.596	101324.571	101324.551	101324.596	0.0297024453	0.0186849982	0	0	0	0	3
175	156	0	1.57016998	101324.603	101324.572	101324.551	101324.603	0.0287912893	0.0186849982	0	0	0	0	3
176	156	0	1.57914238	101324.604	101324.572	101324.551	101324.604	0.0278812803	0.0186849982	0	0	0	0	3
177	157	0	1.58811478	101324.6	101324.573	101324.551	101324.604	0.0268916481	0.0186849982	0	0	0	0	3
178	158	0	1.59708718	101324.591	101324.573	101324.551	101324.604	0.0258706209	0.0186849982	0	0	0	0	3
179	159	0	1.60605958	101324.582	101324.573	101324.551	101324.604	0.0248761099	0.0186849982	0	0	0	0	3
180	160	0	1.61503198	101324.581	101324.573	101324.551	101324.604	0.024001343	0.0186849982	0	0	0	0	3
181	160	0	1.62400438	101324.592	101324.573	101324.551	101324.604	0.0232634266	0.0186849982	0	0	0	0	3
182	161	0	1.63297678	101324.606	101324.574	101324.551	101324.606	0.0227585328	0.0186849982	0	0	0	0	3
183	162	0	1.64194918	101324.619	101324.574	101324.551	101324.619	0.0223431041	0.0186849982	0	0	0	0	3
184	163	0	1.65092158	101324.621	101324.575	101324.551	101324.621	0.0218565784	0.0186849982	0	0	0	0	3
185	164	0	1.65989398	101324.616	101324.576	101324.551	101324.621	0.0212043742	0.0186849982	0	0	0	0	3
186	165	0	1.66886638	101324.606	101324.576	101324.551	101324.621	0.0203946562	0.0186849982	0	0	0	0	3
187	165	0	1.67783878	101324.595	101324.577	101324.551	101324.621	0.0195206049	0.0186849982	0	0	0	0	3
188	166	0	1.68681118	101324.587	101324.577	101324.551	101324.621	0.01872456	0.0186849982	0	0	0	0	3
189	167	0	1.69578358	101324.585	101324.577	101324.551	101324.621	0.0180711981	0.0186849982	0	0	0	0	3
190	168	0	1.70475598	101324.582	101324.577	101324.551	101324.621	0.0175468978	0.0186849982	0	0	0	0	3
191	169	0	1.71372838	101324.58	101324.578	101324.551	101324.621	0.0169513531	0.0186849982	0	0	0	0	3
192	170	0	1.72270078	101324.581	101324.578	101324.551	101324.621	0.0162535582	0.0186849982	0	0	0	0	3
193	170	0	1.73167318	101324.583	101324.578	101324.551	101324.621	0.0154117143	0.0186849982	0	0	0	0	3
194	171	0	1.74064558	101324.585	101324.579	101324.551	101324.621	0.0144827326	0.0186849982	0	0	0	0	3
195	172	0	1.74961798	101324.584	101324.579	101324.551	101324.621	0.0135913872	0.0186849982	0	0	0	0	3
196	173	0	1.75859038	101324.579	101324.58	101324.551	101324.621	0.0128974092	0.0186849982	0	0	0	0	3
197	174	0	1.76756278	101324.576	101324.58	101324.551	101324.621	0.012408709	0.0186849982	0	0	0	0	3
198	174	0	1.77653518	101324.576	101324.58	101324.551	101324.621	0.0120783995	0.0186849982	0	0	0	0	3
199	175	0	1.78550758	101324.578	101324.58	101324.551	101324.621	0.0116890288	0.0186849982	0	0	0	0	3
200	176	0	1.79447998	101324.58	101324.58	101324.551	101324.621	0.0111219098	0.0186849982	0	0	0	0	3
201	181	0	1.80345238	101324.584	101324.58	101324.551	101324.621	0.0104404771	0.0186849982	0	0	0	0	3
202	182	0	1.81242478	101324.588	101324.581	101324.551	101324.621	0.00986116975	0.0186849982	0	0	0	0	3
203	182	0	1.82139718	101324.589	101324.581	101324.551	101324.621	0.00991058204	0.0186849982	0	0	0	0	3
204	183	0	1.83036958	101324.591	101324.581	101324.551	101324.621	0.0101195446	0.0186849982	0	0	0	0	3
205	184	0	1.83934198	101324.588	101324.581	101324.551	101324.621	0.010198888	0.0186849982	0	0	0	0	3
206	185	0	1.84831438	101324.583	101324.581	101324.551	101324.621	0.010198888	0.0186849982	0	0	0	0	3
207	186	0	1.85728678	101324.574	101324.581	101324.551	101324.621	0.010198888	0.0186849982	0	0	0	0	3
208	187	0	1.86625918	101324.57	101324.581	101324.551	101324.621	0.010198888	0.0186849982	0	0	0	0	3
209	187	0	1.87523158	101324.571	101324.581	101324.551	101324.621	0.010198888	0.0186849982	0	0	0	0	3
210	188	0	1.88420398	101324.578	101324.581	101324.551	101324.621	0.010198888	0.0186849982	0	0	0	0	3
211	189	0	1.89317638	101324.587	101324.582	101324.551	101324.621	0.0107424412	0.0186849982	0	0	0	0	3
212	190	0	1.90214878	101324.592	101324.583	101324.551	101324.621	0.0114152442	0.0186849982	0	0	0	0	3
213	191	0	1.91112118	101324.59	101324.583	101324.551	101324.621	0.0119998519	0.0186849982	0	0	0	0	3
214	191	0	1.92009358	101324.583	101324.583	101324.551	101324.621	0.012300766	0.0186849982	0	0	0	0	3
215	192	0	1.92906598	101324.573	101324.583	101324.551	101324.621	0.012300766	0.0186849982	0	0	0	0	3
216	193	0	1.93803838	101324.566	101324.583	101324.551	101324.621	0.012300766	0.0186849982	0	0	0	0	3
217	194	0	1.94701078	101324.563	101324.583	101324.551	101324.621	0.012300766	0.0186849982	0	0	0	0	3
218	195	0	1.95598318	101324.561	101324.583	101324.551	101324.621	0.012300766	0.0186849982	0	0	0	0	3
219	196	0	1.96495558	101324.564	101324.583	101324.551	101324.621	0.012300766	0.0186849982	0	0	0	0	3
220	196	0	1.97392798	101324.573	101324.584	101324.552	101324.621	0.0124834785	0.0186849982	0	0	0	0	3
221	197	0	1.98290038	101324.584	101324.584	101324.56	101324.621	0.0130638518	0.0186849982	0	0	0	0	3
222	198	0	1.99187278	101324.59	101324.585	101324.561	101324.621	0.0135893157	0.0186849982	0	0	0	0	3
223	199	0	2.00084518	101324.591	101324.585	101324.561	101324.621	0.0139440764	0.0186849982	0	0	0	0	3
224	200	0	2.00981758	101324.591	101324.585	101324.561	101324.621	0.0141303019	0.0186849982	0	0	0	0	3
225	201	0	2.01878998	101324.592	101324.585	101324.561	101324.621	0.0143295944	0.0186849982	0	0	0	0	3
226	201	0	2.02776238	101324.591	101324.586	101324.561	101324.621	0.0146443492	0.0186849982	0	0	0	0	3
227	202	0	2.03673478	101324.59	101324.586	101324.561	101324.621	0.0150220127	0.0186849982	0	0	0	0	3
228	203	0	2.04570718	101324.589	101324.586	101324.561	101324.621	0.0152686844	0.0186849982	0	0	0	0	3
229	204	0	2.05467958	101324.591	101324.586	101324.561	101324.621	0.0151392453	0.0186849982	0	0	0	0	3
230	205	0	2.06365198	101324.595	101324.586	101324.561	101324.621	0.0147456616	0.0186849982	0	0	0	0	3
231	205	0	2.07262438	101324.602	101324.586	101324.561	101324.621	0.0143050446	0.0186849982	0	0	0	0	3
232	206	0	2.08159678	101324.608	101324.587	101324.561	101324.621	0.0139889346	0.0186849982	0	0	0	0	3
233	207	0	2.09056918	101324.612	101324.587	101324.561	101324.621	0.0139759549	0.0186849982	0	0	0	0	3
234	208	0	2.09954158	101324.612	101324.587	101324.561	101324.621	0.0142980486	0.0186849982	0	0	0	0	3
235	209	0	2.10851398	101324.609	101324.588	101324.561	101324.621	0.0147167366	0.0186849982	0	0	0	0	3
236	209	0	2.11748638	101324.605	101324.588	101324.561	101324.621	0.0149290976	0.0186849982	0	0	0	0	3
237	210	0	2.12645878	101324.602	101324.588	101324.561	101324.621	0.0146142323	0.0186849982	0	0	0	0	3
238	211	0	2.13543118	101324.599	101324.588	101324.561	101324.621	0.013876869	0.0186849982	0	0	0	0	3
239	212	0	2.14440358	101324.6	101324.588	101324.561	101324.621	0.0130813437	0.0186849982	0	0	0	0	3
240	213	0	2.15337598	101324.6	101324.587	101324.561	101324.616	0.0123650168	0.0186849982	0	0	0	0	3
241	213	0	2.16234838	101324.602	101324.587	101324.561	101324.612	0.0118416184	0.0186849982	0	0	0	0	3
242	214	0	2.17132078	101324.602	101324.587	101324.561	101324.612	0.0114988631	0.0186849982	0	0	0	0	3
243	215	0	2.18029318	101324.6	101324.587	101324.561	101324.612	0.0112623499	0.0186849982	0	0	0	0	3
244	216	0	2.18926558	101324.595	101324.587	101324.561	101324.612	0.0110165104	0.0186849982	0	0	0	0	3
245	217	0	2.19823798	101324.59	101324.587	101324.561	101324.612	0.0107737018	0.0186849982	0	0	0	0	3
246	218	0	2.20721038	101324.586	101324.587	101324.561	101324.612	0.0105347835	0.0186849982	0	0	0	0	3
247	218	0	2.21618278	101324.585	101324.588	101324.561	101324.612	0.0102491351	0.0186849982	0	0	0	0	3
248	219	0	2.22515518	101324.583	101324.588	101324.561	101324.612	0.00993389681	0.0186849982	0	0	0	0	3
249	220	0	2.23412758	101324.583	101324.588	101324.561	101324.612	0.00953635703	0.0186849982	0	0	0	0	3
250	221	0	2.24309998	101324.583	101324.588	101324.561	101324.612	0.00908414116	0.0186849982	0	0	0	0	3
251	222	0	2.25207238	101324.584	101324.588	101324.561	101324.612	0.00869283608	0.0186849982	0	0	0	0	3
252	222	0	2.26104478	101324.585	101324.588	101324.561	101324.612	0.00841650895	0.0186849982	0	0	0	0	3
253	223	0	2.27001718	101324.586	101324.588	101324.561	101324.612	0.00819570357	0.0186849982	0	0	0	0	3
254	224	0	2.27898958	101324.586	101324.588	101324.561	101324.612	0.00803030001	0.0186849982	0	0	0	0	3
255	225	0	2.28796198	101324.584	101324.588	101324.561	101324.612	0.00790956365	0.0186849982	0	0	0	0	3
256	226	0	2.29693438	101324.581	101324.588	101324.561	101324.612	0.00773530809	0.0186849982	0	0	0	0	3
257	227	0	2.30590678	101324.578	101324.588	101324.561	101324.612	0.00746007675	0.0186849982	0	0	0	0	3
258	227	0	2.31487918	101324.582	101324.588	101324.561	101324.612	0.00724646583	0.0186849982	0	0	0	0	3
259	228	0	2.32385158	101324.587	101324.588	101324.561	101324.612	0.00724646583	0.0186849982	0	0	0	0	3
260	229	0	2.33282398	101324.595	101324.588	101324.561	101324.612	0.00724646583	0.0186849982	0	0	0	0	3
261	230	0	2.34179638	101324.601	101324.588	101324.561	101324.612	0.00724646583	0.0186849982	0	0	0	0	3
262	231	0	2.35076878	101324.601	101324.589	101324.561	101324.612	0.00753898099	0.0186849982	0	0	0	0	3
263	232	0	2.35974118	101324.603	101324.589	101324.561	101324.612	0.00805567332	0.0186849982	0	0	0	0	3
264	232	0	2.36871358	101324.6	101324.59	101324.561	101324.612	0.00859536708	0.0186849982	0	0	0	0	3
265	233	0	2.37768598	101324.594	101324.59	101324.561	101324.612	0.00869251981	0.0186849982	0	0	0	0	3
266	234	0	2.38665838	101324.584	101324.59	101324.561	101324.612	0.00822808935	0.0186849982	0	0	0	0	3
267	235	0	2.39563078	101324.574	101324.59	101324.561	101324.612	0.00755528639	0.0186849982	0	0	0	0	3
268	236	0	2.40460318	101324.566	101324.589	101324.561	101324.612	0.00698999075	0.0186849982	0	0	0	0	3
269	236	0	2.41357557	101324.563	101324.589	101324.561	101324.612	0.00698999075	0.0186849982	0	0	0	0	3
270	237	0	2.42254797	101324.561	101324.589	101324.561	101324.612	0.00698999075	0.0186849982	0	0	0	0	3
271	238	0	2.43152037	101324.566	101324.588	101324.561	101324.612	0.00698999075	0.0186849982	0	0	0	0	3
272	239	0	2.44049277	101324.581	101324.589	101324.561	101324.612	0.00698999075	0.0186849982	0	0	0	0	3
273	240	0	2.44946517	101324.597	101324.589	101324.561	101324.612	0.00698999075	0.0186849982	0	0	0	0	3
274	241	0	2.45843757	101324.607	101324.59	101324.561	101324.612	0.00688970349	0.0186849982	0	0	0	0	3
275	241	0	2.46740997	101324.608	101324.591	101324.561	101324.612	0.00729561095	0.0186849982	0	0	0	0	3
276	242	0	2.47638237	101324.602	101324.591	101324.561	101324.612	0.00723300576	0.0186849982	0	0	0	0	3
277	243	0	2.48535477	101324.59	101324.592	101324.561	101324.612	0.00682115337	0.0186849982	0	0	0	0	3
278	244	0	2.49432717	101324.581	101324.591	101324.561	101324.612	0.00646639272	0.0186849982	0	0	0	0	3
279	245	0	2.50329957	101324.577	101324.591	101324.561	101324.612	0.0062801672	0.0186849982	0	0	0	0	3
280	245	0	2.51227197	101324.579	101324.591	101324.561	101324.612	0.00608087472	0.0186849982	0	0	0	0	3
281	246	0	2.52124437	101324.583	101324.591	101324.561	101324.612	0.00576611991	0.0186849982	0	0	0	0	3
282	247	0	2.53021677	101324.589	101324.591	101324.561	101324.612	0.00538845638	0.0186849982	0	0	0	0	3
283	248	0	2.53918917	101324.592	101324.591	101324.561	101324.612	0.00514177003	0.0186849982	0	0	0	0	3
284	249	0	2.54816157	101324.591	101324.591	101324.561	101324.612	0.00505050723	0.0186849982	0	0	0	0	3
285	250	0	2.55713397	101324.589	101324.591	101324.561	101324.612	0.00505050723	0.0186849982	0	0	0	0	3
286	250	0	2.56610637	101324.587	101324.591	101324.561	101324.612	0.00505050723	0.0186849982	0	0	0	0	3
287	251	0	2.57507877	101324.589	101324.59	101324.561	101324.612	0.00497293046	0.0186849982	0	0	0	0	3
288	252	0	2.58405117	101324.593	101324.59	101324.561	101324.612	0.00475537316	0.0186849982	0	0	0	0	3
289	253	0	2.59302357	101324.597	101324.59	101324.561	101324.612	0.00447364831	0.0186849982	0	0	0	0	3
290	254	0	2.60199597	101324.599	101324.59	101324.561	101324.609	0.00447364831	0.0186849982	0	0	0	0	3
291	255	0	2.61096837	101324.599	101324.589	101324.561	101324.608	0.00447364831	0.0186849982	0	0	0	0	3
292	256	0	2.61994077	101324.597	101324.589	101324.561	101324.608	0.00447364831	0.0186849982	0	0	0	0	3
293	257	0	2.62891317	101324.594	101324.589	101324.561	101324.608	0.00447364831	0.0186849982	0	0	0	0	3
294	261	0	2.63788557	101324.593	101324.589	101324.561	101324.608	0.00447364831	0.0186849982	0	0	0	0	3
295	267	0	2.64685797	101324.594	101324.589	101324.561	101324.608	0.00447364831	0.0186849982	0	0	0	0	3
296	270	0	2.65583037	101324.596	101324.589	101324.561	101324.608	0.00447364831	0.0186849982	0	0	0	0	3
297	271	0	2.66480277	101324.598	101324.589	101324.561	101324.608	0.00447364831	0.0186849982	0	0	0	0	3
298	271	0	2.67377517	101324.598	101324.589	101324.561	101324.608	0.00437863538	0.0186849982	0	0	0	0	3
299	272	0	2.68274757	101324.597	101324.589	101324.561	101324.608	0.00424292497	0.0186849982	0	0	0	0	3
300	273	0	2.69171997	101324.597	101324.589	101324.561	101324.608	0.00414437945	0.0186849982	0	0	0	0	3
301	278	0	2.70069237	101324.599	101324.589	101324.561	101324.608	0.00406033754	0.0186849982	0	0	0	0	3
302	279	0	2.70966477	101324.6	101324.589	101324.561	101324.608	0.003975638	0.0186849982	0	0	0	0	3
303	280	0	2.71863717	101324.601	101324.589	101324.561	101324.608	0.003975638	0.0186849982	0	0	0	0	3
304	281	0	2.72760957	101324.603	101324.59	101324.561	101324.608	0.003975638	0.0186849982	0	0	0	0	3
305	282	0	2.73658197	101324.605	101324.59	101324.561	101324.608	0.003975638	0.0186849982	0	0	0	0	3
306	282	0	2.74555437	101324.606	101324.591	101324.561	101324.608	0.003975638	0.0186849982	0	0	0	0	3
307	283	0	2.75452677	101324.606	101324.591	101324.561	101324.608	0.00387061056	0.0186849982	0	0	0	0	3
308	284	0	2.76349917	101324.605	101324.591	101324.561	101324.608	0.00368839994	0.0186849982	0	0	0	0	3
309	285	0	2.77247157	101324.602	101324.592	101324.561	101324.608	0.00368002085	0.0186849982	0	0	0	0	3
310	286	0	2.78144397	101324.601	101324.592	101324.561	101324.608	0.00393687072	0.0186849982	0	0	0	0	3
311	287	0	2.79041637	101324.6	101324.592	101324.561	101324.608	0.00422968314	0.0186849982	0	0	0	0	3
312	288	0	2.79938877	101324.601	101324.592	101324.561	101324.608	0.00460049475	0.0186849982	0	0	0	0	3
313	289	0	2.80836117	101324.602	101324.593	101324.561	101324.608	0.00502623865	0.0186849982	0	0	0	0	3
314	289	0	2.81733357	101324.603	101324.593	101324.561	101324.608	0.00539746127	0.0186849982	0	0	0	0	3
315	290	0	2.82630597	101324.602	101324.594	101324.561	101324.608	0.00559816751	0.0186849982	0	0	0	0	3
316	291	0	2.83527837	101324.6	101324.594	101324.561	101324.608	0.00547160543	0.0186849982	0	0	0	0	3
317	292	0	2.84425077	101324.599	101324.594	101324.561	101324.608	0.00524740109	0.0186849982	0	0	0	0	3
318	293	0	2.85322317	101324.597	101324.594	101324.561	101324.608	0.00524740109	0.0186849982	0	0	0	0	3
319	294	0	2.86219557	101324.593	101324.593	101324.561	101324.608	0.00524740109	0.0186849982	0	0	0	0	3
320	295	0	2.87116797	101324.595	101324.593	101324.561	101324.608	0.00524740109	0.0186849982	0	0	0	0	3
321	296	0	2.88014037	101324.598	101324.593	101324.561	101324.608	0.00524740109	0.0186849982	0	0	0	0	3
322	296	0	2.88911277	101324.604	101324.594	101324.561	101324.608	0.00526925334	0.0186849982	0	0	0	0	3
323	297	0	2.89808517	101324.605	101324.594	101324.561	101324.608	0.00582181368	0.0186849982	0	0	0	0	3
324	298	0	2.90705757	101324.603	101324.595	101324.561	101324.608	0.00647172399	0.0186849982	0	0	0	0	3
325	299	0	2.91602997	101324.599	101324.596	101324.561	101324.608	0.00711747367	0.0186849982	0	0	0	0	3
326	300	0	2.92500237	101324.594	101324.596	101324.566	101324.608	0.00770615163	0.0186849982	0	0	0	0	3
327	300	0	2.93397477	101324.592	101324.597	101324.577	101324.608	0.0079240062	0.0186849982	0	0	0	0	3
328	301	0	2.94294717	101324.59	101324.597	101324.577	101324.608	0.0081015449	0.0186849982	0	0	0	0	3
329	302	0	2.95191957	101324.589	101324.597	101324.577	101324.608	0.0081015449	0.0186849982	0	0	0	0	3
330	303	0	2.96089197	101324.589	101324.596	101324.577	101324.608	0.0081015449	0.0186849982	0	0	0	0	3
331	304	0	2.96986437	101324.588	101324.596	101324.577	101324.606	0.0081015449	0.0186849982	0	0	0	0	3
332	305	0	2.97883677	101324.582	101324.596	101324.577	101324.606	0.0081015449	0.0186849982	0	0	0	0	3
333	305	0	2.98780917	101324.57	101324.595	101324.57	101324.606	0.0081015449	0.0186849982	0	0	0	0	3
334	306	0	2.99678157	101324.563	101324.595	101324.563	101324.606	0.0081015449	0.0186849982	0	0	0	0	3
335	307	0	3.00575397	101324.565	101324.595	101324.563	101324.606	0.0081015449	0.0186849982	0	0	0	0	3
336	308	0	3.01472637	101324.572	101324.595	101324.563	101324.606	0.0081015449	0.0186849982	0	0	0	0	3
337	309	0	3.02369877	101324.583	101324.595	101324.563	101324.606	0.0081015449	0.0186849982	0	0	0	0	3
338	310	0	3.03267117	101324.593	101324.595	101324.563	101324.606	0.0081015449	0.0186849982	0	0	0	0	3
339	311	0	3.04164357	101324.6	101324.595	101324.563	101324.606	0.0081015449	0.0186849982	0	0	0	0	3
340	311	0	3.05061597	101324.602	101324.595	101324.563	101324.606	0.0081015449	0.0186849982	0	0	0	0	3
341	312	0	3.05958837	101324.601	101324.595	101324.563	101324.606	0.0081015449	0.0186849982	0	0	0	0	3
342	313	0	3.06856077	101324.599	101324.595	101324.563	101324.606	0.0081015449	0.0186849982	0	0	0	0	3
343	314	0	3.07753317	101324.599	101324.596	101324.563	101324.606	0.0081015449	0.0186849982	0	0	0	0	3
344	315	0	3.08650557	101324.601	101324.596	101324.563	101324.606	0.0081015449	0.0186849982	0	0	0	0	3
345	316	0	3.09547797	101324.603	101324.596	101324.563	101324.606	0.0081015449	0.0186849982	0	0	0	0	3
346	316	0	3.10445037	101324.604	101324.596	101324.563	101324.606	0.0081015449	0.0186849982	0	0	0	0	3
347	317	0	3.11342277	101324.605	101324.596	101324.563	101324.606	0.0081015449	0.0186849982	0	0	0	0	3
348	318	0	3.12239517	101324.602	101324.596	101324.563	101324.606	0.0081015449	0.0186849982	0	0	0	0	3
349	319	0	3.13136757	101324.598	101324.596	101324.563	101324.606	0.0081015449	0.0186849982	0	0	0	0	3
350	320	0	3.14033997	101324.595	101324.596	101324.563	101324.606	0.0081015449	0.0186849982	0	0	0	0	3
351	320	0	3.14931237	101324.594	101324.596	101324.563	101324.606	0.0081015449	0.0186849982	0	0	0	0	3
352	321	0	3.15828477	101324.594	101324.596	101324.563	101324.606	0.0081015449	0.0186849982	0	0	0	0	3
353	322	0	3.16725717	101324.595	101324.596	101324.563	101324.606	0.0081015449	0.0186849982	0	0	0	0	3
354	323	0	3.17622957	101324.597	101324.596	101324.563	101324.606	0.0081015449	0.0186849982	0	0	0	0	3
355	324	0	3.18520197	101324.597	101324.596	101324.563	101324.606	0.00806127189	0.0186849982	0	0	0	0	3
356	325	0	3.19417437	101324.596	101324.596	101324.563	101324.606	0.00791195866	0.0186849982	0	0	0	0	3
357	326	0	3.20314677	101324.589	101324.596	101324.563	101324.606	0.00767153109	0.0186849982	0	0	0	0	3
358	327	0	3.21211917	101324.582	101324.596	101324.563	101324.606	0.00737811415	0.0186849982	0	0	0	0	3
359	327	0	3.22109157	101324.577	101324.595	101324.563	101324.606	0.00702565839	0.0186849982	0	0	0	0	3
360	328	0	3.23006397	101324.572	101324.595	101324.563	101324.606	0.00662946624	0.0186849982	0	0	0	0	3
361	329	0	3.23903637	101324.571	101324.594	101324.563	101324.606	0.0062174718	0.0186849982	0	0	0	0	3
362	330	0	3.24800877	101324.572	101324.593	101324.563	101324.606	0.00583064833	0.0186849982	0	0	0	0	3
363	331	0	3.25698117	101324.574	101324.593	101324.563	101324.605	0.00548151424	0.0186849982	0	0	0	0	3
364	332	0	3.26595357	101324.575	101324.592	101324.563	101324.605	0.00518621194	0.0186849982	0	0	0	0	3
365	333	0	3.27492597	101324.577	101324.592	101324.563	101324.605	0.00494630383	0.0186849982	0	0	0	0	3
366	333	0	3.28389837	101324.578	101324.591	101324.563	101324.605	0.00534798973	0.0186849982	0	0	0	0	3
367	334	0	3.29287077	101324.577	101324.591	101324.563	101324.605	0.00576453959	0.0186849982	0	0	0	0	3
368	335	0	3.30184317	101324.575	101324.591	101324.563	101324.605	0.00623427663	0.0186849982	0	0	0	0	3
369	336	0	3.31081557	101324.575	101324.59	101324.563	101324.605	0.0067237344	0.0186849982	0	0	0	0	3
370	337	0	3.31978797	101324.575	101324.59	101324.563	101324.605	0.00721146062	0.0186849982	0	0	0	0	3
371	337	0	3.32876037	101324.576	101324.589	101324.563	101324.605	0.00768384214	0.0186849982	0	0	0	0	3
372	338	0	3.33773277	101324.576	101324.589	101324.563	101324.605	0.00811331444	0.0186849982	0	0	0	0	3
373	339	0	3.34670517	101324.574	101324.588	101324.563	101324.605	0.00855372392	0.0186849982	0	0	0	0	3
374	340	0	3.35567757	101324.57	101324.588	101324.563	101324.605	0.00902169901	0.0186849982	0	0	0	0	3
375	341	0	3.36464997	101324.572	101324.587	101324.563	101324.605	0.00940327441	0.0186849982	0	0	0	0	3
376	342	0	3.37362236	101324.582	101324.587	101324.563	101324.605	0.00963324399	0.0186849982	0	0	0	0	3
377	342	0	3.38259476	101324.59	101324.587	101324.563	101324.605	0.00978267891	0.0186849982	0	0	0	0	3
378	343	0	3.39156716	101324.594	101324.587	101324.563	101324.605	0.00995742268	0.0186849982	0	0	0	0	3
379	344	0	3.40053956	101324.595	101324.587	101324.563	101324.605	0.0101413192	0.0186849982	0	0	0	0	3
380	345	0	3.40951196	101324.593	101324.586	101324.563	101324.605	0.010323181	0.0186849982	0	0	0	0	3
381	346	0	3.41848436	101324.592	101324.586	101324.563	101324.605	0.0104602988	0.0186849982	0	0	0	0	3
382	346	0	3.42745676	101324.588	101324.586	101324.563	101324.605	0.0105623979	0.0186849982	0	0	0	0	3
383	347	0	3.43642916	101324.587	101324.586	101324.563	101324.605	0.0106581552	0.0186849982	0	0	0	0	3
384	348	0	3.44540156	101324.586	101324.586	101324.563	101324.605	0.0105935008	0.0186849982	0	0	0	0	3
385	349	0	3.45437396	101324.589	101324.586	101324.563	101324.605	0.01026297	0.0186849982	0	0	0	0	3
386	350	0	3.46334636	101324.594	101324.586	101324.563	101324.605	0.0101568906	0.0186849982	0	0	0	0	3
387	351	0	3.47231876	101324.599	101324.586	101324.563	101324.605	0.0101568906	0.0186849982	0	0	0	0	3
388	351	0	3.48129116	101324.601	101324.587	101324.563	101324.605	0.0101568906	0.0186849982	0	0	0	0	3
389	352	0	3.49026356	101324.602	101324.587	101324.563	101324.605	0.0101568906	0.0186849982	0	0	0	0	3
390	353	0	3.49923596	101324.599	101324.588	101324.565	101324.605	0.0101568906	0.0186849982	0	0	0	0	3
391	354	0	3.50820836	101324.596	101324.588	101324.57	101324.605	0.0101568906	0.0186849982	0	0	0	0	3
392	355	0	3.51718076	101324.594	101324.589	101324.57	101324.605	0.0101568906	0.0186849982	0	0	0	0	3
393	355	0	3.52615316	101324.595	101324.589	101324.57	101324.605	0.0101568906	0.0186849982	0	0	0	0	3
394	356	0	3.53512556	101324.597	101324.589	101324.57	101324.605	0.0101568906	0.0186849982	0	0	0	0	3
395	357	0	3.54409796	101324.599	101324.589	101324.57	101324.605	0.0101568906	0.0186849982	0	0	0	0	3
396	358	0	3.55307036	101324.598	101324.589	101324.57	101324.605	0.0101568906	0.0186849982	0	0	0	0	3
397	359	0	3.56204276	101324.595	101324.589	101324.57	101324.605	0.0101568906	0.0186849982	0	0	0	0	3
398	359	0	3.57101516	101324.591	101324.589	101324.57	101324.605	0.0101568906	0.0186849982	0	0	0	0	3
399	360	0	3.57998756	101324.592	101324.589	101324.57	101324.605	0.0101568906	0.0186849982	0	0	0	0	3
400	361	0	3.58895996	101324.6	101324.589	101324.57	101324.605	0.0101568906	0.0186849982	0	0	0	0	3
401	366	0	3.59793236	101324.609	101324.589	101324.57	101324.609	0.0101568906	0.0186849982	0	0	0	0	3
402	366	0	3.60690476	101324.611	101324.589	101324.57	101324.611	0.0101568906	0.0186849982	0	0	0	0	3
403	367	0	3.61587716	101324.606	101324.589	101324.57	101324.611	0.0101568906	0.0186849982	0	0	0	0	3
404	368	0	3.62484956	101324.6	101324.589	101324.57	101324.611	0.0101568906	0.0186849982	0	0	0	0	3
405	369	0	3.63382196	101324.597	101324.589	101324.57	101324.611	0.0101568906	0.0186849982	0	0	0	0	3
406	370	0	3.64279436	101324.597	101324.589	101324.57	101324.611	0.010147726	0.0186849982	0	0	0	0	3
407	370	0	3.65176676	101324.599	101324.589	101324.57	101324.611	0.0101035195	0.0186849982	0	0	0	0	3
408	371	0	3.66073916	101324.602	101324.589	101324.57	101324.611	0.0100590278	0.0186849982	0	0	0	0	3
409	372	0	3.66971156	101324.601	101324.589	101324.57	101324.611	0.0100549608	0.0186849982	0	0	0	0	3
410	373	0	3.67868396	101324.597	101324.589	101324.57	101324.611	0.0100549608	0.0186849982	0	0	0	0	3
411	374	0	3.68765636	101324.592	101324.589	101324.57	101324.611	0.010033943	0.0186849982	0	0	0	0	3
412	375	0	3.69662876	101324.589	101324.589	101324.57	101324.611	0.00986904308	0.0186849982	0	0	0	0	3
413	375	0	3.70560116	101324.586	101324.589	101324.57	101324.611	0.00955690705	0.0186849982	0	0	0	0	3
414	376	0	3.71457356	101324.585	101324.589	101324.57	101324.611	0.00911269669	0.0186849982	0	0	0	0	3
415	377	0	3.72354596	101324.587	101324.589	101324.57	101324.611	0.00856651488	0.0186849982	0	0	0	0	3
416	378	0	3.73251836	101324.595	101324.59	101324.57	101324.611	0.00795485628	0.0186849982	0	0	0	0	3
417	379	0	3.74149076	101324.605	101324.59	101324.57	101324.611	0.00735473794	0.0186849982	0	0	0	0	3
418	379	0	3.75046316	101324.612	101324.591	101324.57	101324.612	0.00678689183	0.0186849982	0	0	0	0	3
419	380	0	3.75943556	101324.616	101324.592	101324.57	101324.616	0.00625830317	0.0186849982	0	0	0	0	3
420	381	0	3.76840796	101324.613	101324.592	101324.57	101324.616	0.00631747945	0.0186849982	0	0	0	0	3
421	382	0	3.77738036	101324.605	101324.593	101324.57	101324.616	0.00682257544	0.0186849982	0	0	0	0	3
422	383	0	3.78635276	101324.596	101324.593	101324.57	101324.616	0.00714820168	0.0186849982	0	0	0	0	3
423	384	0	3.79532516	101324.588	101324.593	101324.57	101324.616	0.00735592203	0.0186849982	0	0	0	0	3
424	384	0	3.80429756	101324.587	101324.594	101324.57	101324.616	0.00757658237	0.0186849982	0	0	0	0	3
425	385	0	3.81326996	101324.596	101324.594	101324.57	101324.616	0.0079466868	0.0186849982	0	0	0	0	3
426	386	0	3.82224236	101324.606	101324.595	101324.57	101324.616	0.00849819429	0.0186849982	0	0	0	0	3
427	387	0	3.83121476	101324.611	101324.595	101324.57	101324.616	0.00913060951	0.0186849982	0	0	0	0	3
428	388	0	3.84018716	101324.61	101324.596	101324.57	101324.616	0.0097440074	0.0186849982	0	0	0	0	3
429	388	0	3.84915956	101324.603	101324.596	101324.57	101324.616	0.0102624635	0.0186849982	0	0	0	0	3
430	389	0	3.85813196	101324.596	101324.597	101324.572	101324.616	0.0107239394	0.0186849982	0	0	0	0	3
431	390	0	3.86710436	101324.591	101324.597	101324.582	101324.616	0.011069775	0.0186849982	0	0	0	0	3
432	391	0	3.87607676	101324.59	101324.597	101324.585	101324.616	0.0112234722	0.0186849982	0	0	0	0	3
433	392	0	3.88504916	101324.587	101324.597	101324.585	101324.616	0.0112234722	0.0186849982	0	0	0	0	3
434	393	0	3.89402156	101324.584	101324.597	101324.584	101324.616	0.0112234722	0.0186849982	0	0	0	0	3
435	393	0	3.90299396	101324.582	101324.597	101324.582	101324.616	0.0112234722	0.0186849982	0	0	0	0	3
436	394	0	3.91196636	101324.581	101324.597	101324.581	101324.616	0.0112234722	0.0186849982	0	0	0	0	3
437	395	0	3.92093876	101324.584	101324.596	101324.581	101324.616	0.0112234722	0.0186849982	0	0	0	0	3
438	396	0	3.92991116	101324.586	101324.596	101324.581	101324.616	0.0112234722	0.0186849982	0	0	0	0	3
439	397	0	3.93888356	101324.589	101324.596	101324.581	101324.616	0.0112234722	0.0186849982	0	0	0	0	3
440	398	0	3.94785596	101324.591	101324.597	101324.581	101324.616	0.0112144613	0.0186849982	0	0	0	0	3
441	398	0	3.95682836	101324.588	101324.597	101324.581	101324.616	0.0111154131	0.0186849982	0	0	0	0	3
442	399	0	3.96580076	101324.582	101324.596	101324.581	101324.616	0.0109261126	0.0186849982	0	0	0	0	3
443	400	0	3.97477316	101324.576	101324.596	101324.576	101324.616	0.0105845084	0.0186849982	0	0	0	0	3
444	401	0	3.98374556	101324.576	101324.595	101324.576	101324.616	0.0100216274	0.0186849982	0	0	0	0	3
445	402	0	3.99271796	101324.581	101324.595	101324.576	101324.616	0.00938056616	0.0186849982	0	0	0	0	3
446	403	0	4.00169036	101324.591	101324.595	101324.576	101324.616	0.00881617449	0.0186849982	0	0	0	0	3
