Iteration	CPUTime	PhysTime	Travels	Value	AvValue	MinValue	MaxValue	Delta	Criteria	PrevAvRefValue	Progress	CriteriaType	CriteriaVarType	CriteriaPercentage
1	8	0	0.00897179511	0.0346307928	0.0346307928	0.0346307928	0.0346307928	0	0	0	0	0	0	3
2	9	0	0.0179435902	0.00730590233	0.0209683476	0.00730590233	0.0346307928	0.0136624452	0	0	0	0	0	3
3	11	0	0.0269153853	0.0036739295	0.0152035415	0.0036739295	0.0346307928	0.0194272512	0	0	0	0	0	3
4	12	0	0.0358871804	0.00279916421	0.0121024472	0.00279916421	0.0346307928	0.0225283456	0	0	0	0	0	3
5	14	0	0.0448589755	0.00273811026	0.0102295798	0.00273811026	0.0346307928	0.024401213	0	0	0	0	0	3
6	15	0	0.0538307706	0.00248997329	0.0089396454	0.00248997329	0.0346307928	0.0256911474	0	0	0	0	0	3
7	16	0	0.0628025657	0.00222387153	0.00798024913	0.00222387153	0.0346307928	0.0266505436	0	0	0	0	0	3
8	18	0	0.0717743608	0.00237789364	0.00727995469	0.00222387153	0.0346307928	0.0273508381	0	0	0	0	0	3
9	19	0	0.080746156	0.00245714454	0.0067440869	0.00222387153	0.0346307928	0.0278867059	0	0	0	0	0	3
10	21	0	0.0897179511	0.00274162704	0.00634384091	0.00222387153	0.0346307928	0.0282869519	0	0	0	0	0	3
11	22	0	0.0986897462	0.00255021766	0.00599896607	0.00222387153	0.0346307928	0.0286318267	0	0	0	0	0	3
12	23	0	0.107661541	0.00273013154	0.00572656319	0.00222387153	0.0346307928	0.0289042296	0	0	0	0	0	3
13	25	0	0.116633336	0.00234957532	0.0054667949	0.00222387153	0.0346307928	0.0291639979	0	0	0	0	0	3
14	26	0	0.125605131	0.00250242707	0.00525505434	0.00222387153	0.0346307928	0.0293757384	0	0	0	0	0	3
15	28	0	0.134576927	0.0024379632	0.00506724826	0.00222387153	0.0346307928	0.0295635445	0	0	0	0	0	3
16	29	0	0.143548722	0.0024795268	0.00490551567	0.00222387153	0.0346307928	0.0297252771	0	0	0	0	0	3
17	30	0	0.152520517	0.00241826122	0.00475920658	0.00222387153	0.0346307928	0.0298715862	0	0	0	0	0	3
18	32	0	0.161492312	0.00242110282	0.00462931193	0.00222387153	0.0346307928	0.0300014808	0	0	0	0	0	3
19	33	0	0.170464107	0.00233076207	0.00450833562	0.00222387153	0.0346307928	0.0301224572	0	0	0	0	0	3
20	34	0	0.179435902	0.00245461153	0.00440564942	0.00222387153	0.0346307928	0.0302251434	0	0	0	0	0	3
21	36	0	0.188407697	0.00240712376	0.00431048153	0.00222387153	0.0346307928	0.0303203112	0	0	0	0	0	3
22	37	0	0.197379492	0.00252034356	0.00422911162	0.00222387153	0.0346307928	0.0304016812	0	0	0	0	0	3
23	38	0	0.206351287	0.00255830802	0.00415646799	0.00222387153	0.0346307928	0.0304743248	0	0	0	0	0	3
24	40	0	0.215323083	0.00255575626	0.00408977166	0.00222387153	0.0346307928	0.0305410211	0	0	0	0	0	3
25	41	0	0.224294878	0.0025638982	0.00402873673	0.00222387153	0.0346307928	0.030602056	0	0	0	0	0	3
26	43	0	0.233266673	0.00254939378	0.00397183892	0.00222387153	0.0346307928	0.0306589539	0	0	0	0	0	3
27	44	0	0.242238468	0.00254646466	0.00391904728	0.00222387153	0.0346307928	0.0307117455	0	0	0	0	0	3
28	46	0	0.251210263	0.00255228307	0.00387023427	0.00222387153	0.0346307928	0.0307605585	0	0	0	0	0	3
29	47	0	0.260182058	0.00253560799	0.00382421268	0.00222387153	0.0346307928	0.0308065801	0	0	0	0	0	3
30	49	0	0.269153853	0.00253736341	0.0037813177	0.00222387153	0.0346307928	0.0308494751	0	0	0	0	0	3
31	50	0	0.278125648	0.00249505342	0.00373982531	0.00222387153	0.0346307928	0.0308909675	0	0	0	0	0	3
32	51	0	0.287097443	0.00250120712	0.00370111849	0.00222387153	0.0346307928	0.0309296743	0	0	0	0	0	3
33	53	0	0.296069238	0.00244479815	0.00366304817	0.00222387153	0.0346307928	0.0309677446	0	0	0	0	0	3
34	54	0	0.305041034	0.00246694851	0.00362786877	0.00222387153	0.0346307928	0.031002924	0	0	0	0	0	3
35	56	0	0.314012829	0.00242205821	0.00359341704	0.00222387153	0.0346307928	0.0310373757	0	0	0	0	0	3
36	57	0	0.322984624	0.0024404327	0.0035613897	0.00222387153	0.0346307928	0.0310694031	0	0	0	0	0	3
37	59	0	0.331956419	0.00237447572	0.00352931094	0.00222387153	0.0346307928	0.0311014818	0	0	0	0	0	3
38	61	0	0.340928214	0.00236377972	0.00349863907	0.00222387153	0.0346307928	0.0311321537	0	0	0	0	0	3
39	62	0	0.349900009	0.00229222039	0.00346770526	0.00222387153	0.0346307928	0.0311630875	0	0	0	0	0	3
40	64	0	0.358871804	0.00229933185	0.00343849592	0.00222387153	0.0346307928	0.0311922969	0	0	0	0	0	3
41	65	0	0.367843599	0.00225090543	0.0034095303	0.00222387153	0.0346307928	0.0312212625	0	0	0	0	0	3
42	67	0	0.376815394	0.00223130909	0.00338147741	0.00222387153	0.0346307928	0.0312493154	0	0	0	0	0	3
43	68	0	0.38578719	0.00219738644	0.00335394041	0.00219738644	0.0346307928	0.0312768524	0	0	0	0	0	3
44	70	0	0.394758985	0.0021417222	0.00332639	0.0021417222	0.0346307928	0.0313044028	0	0	0	0	0	3
45	71	0	0.40373078	0.00220082327	0.00330137741	0.0021417222	0.0346307928	0.0313294154	0	0	0	0	0	3
46	73	0	0.412702575	0.00207534132	0.00327472445	0.00207534132	0.0346307928	0.0313560683	0	0	0	0	0	3
47	74	0	0.42167437	0.00217116665	0.00325124449	0.00207534132	0.0346307928	0.0313795483	0	0	0	0	0	3
48	76	0	0.430646165	0.00202785518	0.00322575722	0.00202785518	0.0346307928	0.0314050356	0	0	0	0	0	3
49	78	0	0.43961796	0.00216493929	0.00320410787	0.00202785518	0.0346307928	0.0314266849	0	0	0	0	0	3
50	79	0	0.448589755	0.00196540145	0.00317933374	0.00196540145	0.0346307928	0.031451459	0	0	0	0	0	3
51	81	0	0.45756155	0.00212457209	0.00315865214	0.00196540145	0.0346307928	0.0314721406	0	0	0	0	0	3
52	83	0	0.466533345	0.00192225338	0.00313487524	0.00192225338	0.0346307928	0.0314959175	0	0	0	0	0	3
53	84	0	0.475505141	0.0020598982	0.00311459266	0.00192225338	0.0346307928	0.0315162001	0	0	0	0	0	3
54	86	0	0.484476936	0.00191817635	0.0030924368	0.00191817635	0.0346307928	0.031538356	0	0	0	0	0	3
55	87	0	0.493448731	0.00202148355	0.00307296492	0.00191817635	0.0346307928	0.0315578279	0	0	0	0	0	3
56	89	0	0.502420526	0.00184872335	0.00305110347	0.00184872335	0.0346307928	0.0315796893	0	0	0	0	0	3
57	90	0	0.511392321	0.00199662969	0.00246835055	0.00184872335	0.00730590233	0.00545717899	0	0	0	0	0	3
58	92	0	0.520364116	0.00185572434	0.00237102595	0.00184872335	0.0036739295	0.00182520615	0	0	0	0	0	3
59	94	0	0.529335911	0.0019849961	0.00234086642	0.00184872335	0.00279916421	0.000950440867	0	0	0	0	0	3
60	95	0	0.538307706	0.00182586226	0.00232348603	0.00182586226	0.00274162704	0.000915764775	0	0	0	0	0	3
61	97	0	0.547279501	0.00194944648	0.00230940275	0.00182586226	0.00274162704	0.000915764775	0	0	0	0	0	3
62	98	0	0.556251297	0.00183229391	0.00229765847	0.00182586226	0.00274162704	0.000915764775	0	0	0	0	0	3
63	100	0	0.565223092	0.00194228835	0.0022926302	0.00182586226	0.00274162704	0.000915764775	0	0	0	0	0	3
64	101	0	0.574194887	0.00181571889	0.00228259137	0.00181571889	0.00274162704	0.000925908146	0	0	0	0	0	3
65	103	0	0.583166682	0.00192507895	0.0022730902	0.00181571889	0.00274162704	0.000925908146	0	0	0	0	0	3
66	104	0	0.592138477	0.00185391128	0.00225723813	0.00181571889	0.00273013154	0.000914412652	0	0	0	0	0	3
67	106	0	0.601110272	0.00189636023	0.0022455621	0.00181571889	0.00273013154	0.000914412652	0	0	0	0	0	3
68	107	0	0.610082067	0.00190289102	0.00223078995	0.00181571889	0.0025638982	0.000748179307	0	0	0	0	0	3
69	109	0	0.619053862	0.00187927039	0.00222239165	0.00181571889	0.0025638982	0.000748179307	0	0	0	0	0	3
70	110	0	0.628025657	0.00187302262	0.00221115228	0.00181571889	0.0025638982	0.000748179307	0	0	0	0	0	3
71	112	0	0.636997452	0.00189166673	0.00220139699	0.00181571889	0.0025638982	0.000748179307	0	0	0	0	0	3
72	113	0	0.645969248	0.00187377562	0.00219058	0.00181571889	0.0025638982	0.000748179307	0	0	0	0	0	3
73	115	0	0.654941043	0.00189681546	0.00218126847	0.00181571889	0.0025638982	0.000748179307	0	0	0	0	0	3
74	116	0	0.663912838	0.0018594265	0.00217123854	0.00181571889	0.0025638982	0.000748179307	0	0	0	0	0	3
75	118	0	0.672884633	0.00190208192	0.00216358354	0.00181571889	0.0025638982	0.000748179307	0	0	0	0	0	3
76	119	0	0.681856428	0.00186244404	0.00215300912	0.00181571889	0.0025638982	0.000748179307	0	0	0	0	0	3
77	121	0	0.690828223	0.0019107927	0.00214414606	0.00181571889	0.0025638982	0.000748179307	0	0	0	0	0	3
78	122	0	0.699800018	0.00185371787	0.00213224203	0.00181571889	0.0025638982	0.000748179307	0	0	0	0	0	3
79	124	0	0.708771813	0.00190822865	0.00212063347	0.00181571889	0.0025638982	0.000748179307	0	0	0	0	0	3
80	125	0	0.717743608	0.00183830719	0.00210782188	0.00181571889	0.0025638982	0.000748179307	0	0	0	0	0	3
81	127	0	0.726715404	0.00190750462	0.00209610057	0.00181571889	0.00255228307	0.000736564182	0	0	0	0	0	3
82	128	0	0.735687199	0.00182279484	0.00208312559	0.00181571889	0.00255228307	0.000736564182	0	0	0	0	0	3
83	130	0	0.744658994	0.00191344162	0.0020718216	0.00181571889	0.00255228307	0.000736564182	0	0	0	0	0	3
84	131	0	0.753630789	0.00181393599	0.00205863683	0.00181393599	0.00253736341	0.000723427413	0	0	0	0	0	3
85	133	0	0.762602584	0.00191441421	0.00204754409	0.00181393599	0.00253736341	0.000723427413	0	0	0	0	0	3
86	134	0	0.771574379	0.00181158243	0.00203458371	0.00181158243	0.00250120712	0.000689624682	0	0	0	0	0	3
87	136	0	0.780546174	0.00190804218	0.00202410137	0.00181158243	0.00250120712	0.000689624682	0	0	0	0	0	3
88	137	0	0.789517969	0.0017857811	0.00201132591	0.0017857811	0.00246694851	0.000681167413	0	0	0	0	0	3
89	139	0	0.798489764	0.00188800809	0.00200138323	0.0017857811	0.00246694851	0.000681167413	0	0	0	0	0	3
90	140	0	0.80746156	0.00177169793	0.00198896804	0.00177169793	0.0024404327	0.000668734773	0	0	0	0	0	3
91	142	0	0.816433355	0.00189597037	0.00197957361	0.00177169793	0.0024404327	0.000668734773	0	0	0	0	0	3
92	143	0	0.82540515	0.00176747471	0.0019675565	0.00176747471	0.00237447572	0.000607001011	0	0	0	0	0	3
93	145	0	0.834376945	0.00191279435	0.00195931219	0.00176747471	0.00236377972	0.000596305006	0	0	0	0	0	3
94	146	0	0.84334874	0.0017761559	0.00194881891	0.00176747471	0.00229933185	0.000531857139	0	0	0	0	0	3
95	148	0	0.852320535	0.00191666371	0.00194211254	0.00176747471	0.00229933185	0.000531857139	0	0	0	0	0	3
96	149	0	0.86129233	0.00178947477	0.00193300795	0.00176747471	0.00225090543	0.000483430718	0	0	0	0	0	3
97	151	0	0.870264125	0.00189024649	0.00192656761	0.00176747471	0.00223130909	0.000463834377	0	0	0	0	0	3
98	152	0	0.87923592	0.00178877897	0.00191866529	0.00176747471	0.00220082327	0.00043334856	0	0	0	0	0	3
99	154	0	0.888207715	0.00189535104	0.0019132718	0.00176747471	0.00220082327	0.00043334856	0	0	0	0	0	3
100	155	0	0.897179511	0.00179436917	0.00190706907	0.00176747471	0.00220082327	0.00043334856	0	0	0	0	0	3
101	161	0	0.906151306	0.00190017079	0.00190170027	0.00176747471	0.00217116665	0.000403691939	0	0	0	0	0	3
102	163	0	0.915123101	0.00180335889	0.00189684344	0.00176747471	0.00217116665	0.000403691939	0	0	0	0	0	3
103	164	0	0.924094896	0.00191834659	0.0018923288	0.00176747471	0.00216493929	0.000397464575	0	0	0	0	0	3
104	166	0	0.933066691	0.00182346865	0.00188867904	0.00176747471	0.00216493929	0.000397464575	0	0	0	0	0	3
105	167	0	0.942038486	0.00192986156	0.00188448122	0.00176747471	0.00212457209	0.000357097372	0	0	0	0	0	3
106	169	0	0.951010281	0.00182600767	0.00188199205	0.00176747471	0.00212457209	0.000357097372	0	0	0	0	0	3
107	170	0	0.959982076	0.00193029451	0.00187852281	0.00176747471	0.0020598982	0.000292423491	0	0	0	0	0	3
108	172	0	0.968953871	0.00183078913	0.00187688952	0.00176747471	0.0020598982	0.000292423491	0	0	0	0	0	3
109	173	0	0.977925667	0.00193777646	0.00187470877	0.00176747471	0.00202148355	0.000254008838	0	0	0	0	0	3
110	175	0	0.986897462	0.00183267125	0.00187318189	0.00176747471	0.00202148355	0.000254008838	0	0	0	0	0	3
111	176	0	0.995869257	0.00193062993	0.00187155951	0.00176747471	0.00199662969	0.000229154976	0	0	0	0	0	3
112	178	0	1.00484105	0.00182347247	0.0018711086	0.00176747471	0.00199662969	0.000229154976	5.71936435e-05	0	24.9	0	0	3
113	179	0	1.01381285	0.00192355256	0.00186980365	0.00176747471	0.0019849961	0.000217521382	5.71936435e-05	0	26.2	0	0	3
114	181	0	1.02278464	0.00181699029	0.00186911197	0.00176747471	0.0019849961	0.000217521382	5.71936435e-05	0	26.2	0	0	3
115	182	0	1.03175644	0.00191866407	0.00186792747	0.00176747471	0.00194944648	0.000181971769	5.71936435e-05	0	31.4	0	0	3
116	184	0	1.04072823	0.00182255117	0.00186786834	0.00176747471	0.00194944648	0.000181971769	5.71936435e-05	0	31.4	0	0	3
117	185	0	1.04970003	0.00193203564	0.00186755744	0.00176747471	0.00194228835	0.000174813636	5.71936435e-05	0	32.7	0	0	3
118	187	0	1.05867182	0.00183232559	0.001867558	0.00176747471	0.00194228835	0.000174813636	5.71936435e-05	0	32.7	0	0	3
119	189	0	1.06764362	0.00193394461	0.00186740901	0.00176747471	0.00193777646	0.000170301742	5.71936435e-05	0	33.5	0	0	3
120	190	0	1.07661541	0.00182915388	0.00186764892	0.00176747471	0.00193777646	0.000170301742	5.71936435e-05	0	33.5	0	0	3
121	192	0	1.08558721	0.00193405002	0.00186780911	0.00176747471	0.00193777646	0.000170301742	5.71936435e-05	0	33.5	0	0	3
122	193	0	1.094559	0.00183406695	0.00186745475	0.00176747471	0.00193777646	0.000170301742	5.71936435e-05	0	33.5	0	0	3
123	195	0	1.1035308	0.00193520409	0.00186814839	0.00176747471	0.00193777646	0.000170301742	5.71936435e-05	0	33.5	0	0	3
124	196	0	1.11250259	0.00183088392	0.00186686255	0.00176747471	0.00193777646	0.000170301742	5.71936435e-05	0	33.5	0	0	3
125	198	0	1.12147439	0.00193266632	0.00186781605	0.00176747471	0.00193777646	0.000170301742	5.71936435e-05	0	33.5	0	0	3
126	199	0	1.13044618	0.00183003335	0.00186704838	0.00176747471	0.00193777646	0.000170301742	5.71936435e-05	0	33.5	0	0	3
127	201	0	1.13941798	0.00192346723	0.00186761625	0.00176747471	0.00193777646	0.000170301742	5.71936435e-05	0	33.5	0	0	3
128	203	0	1.14838977	0.00181470884	0.00186656149	0.00176747471	0.00193777646	0.000170301742	5.71936435e-05	0	33.5	0	0	3
129	205	0	1.15736157	0.00191548693	0.00186689491	0.00176747471	0.00193777646	0.000170301742	5.71936435e-05	0	33.5	0	0	3
130	206	0	1.16633336	0.00181828429	0.00186616022	0.00176747471	0.00193777646	0.000170301742	5.71936435e-05	0	33.5	0	0	3
131	208	0	1.17530516	0.00191986383	0.00186647776	0.00176747471	0.00193777646	0.000170301742	5.71936435e-05	0	33.5	0	0	3
132	210	0	1.18427695	0.00182135732	0.00186574407	0.00176747471	0.00193777646	0.000170301742	5.71936435e-05	0	33.5	0	0	3
133	212	0	1.19324875	0.00192351577	0.00186597126	0.00176747471	0.00193777646	0.000170301742	5.71936435e-05	0	33.5	0	0	3
134	213	0	1.20222054	0.00182068676	0.00186538142	0.00176747471	0.00193777646	0.000170301742	5.71936435e-05	0	33.5	0	0	3
135	215	0	1.21119234	0.0019187524	0.00186556935	0.00176747471	0.00193777646	0.000170301742	5.71936435e-05	0	33.5	0	0	3
136	216	0	1.22016413	0.00181763043	0.00186520012	0.00176747471	0.00193777646	0.000170301742	5.71936435e-05	0	33.5	0	0	3
137	218	0	1.22913593	0.0019222493	0.00186546342	0.00176747471	0.00193777646	0.000170301742	5.71936435e-05	0	33.5	0	0	3
138	219	0	1.23810772	0.0018291794	0.00186557743	0.00176747471	0.00193777646	0.000170301742	5.71936435e-05	0	33.5	0	0	3
139	221	0	1.24707952	0.00193401131	0.00186594474	0.00176747471	0.00193777646	0.000170301742	5.71936435e-05	0	33.5	0	0	3
140	223	0	1.25605131	0.00183782136	0.00186637127	0.00176747471	0.00193777646	0.000170301742	5.71936435e-05	0	33.5	0	0	3
141	224	0	1.26502311	0.00194351648	0.00186689095	0.00176747471	0.00194351648	0.000169383595	5.71936435e-05	0	33.7	0	0	3
142	226	0	1.2739949	0.00184248791	0.00186744283	0.00176747471	0.00194351648	0.000158901252	5.71936435e-05	0	35.9	0	0	3
143	227	0	1.2829667	0.00194010419	0.00186801537	0.00176747471	0.00194351648	0.000146125787	5.71936435e-05	0	39.1	0	0	3
144	229	0	1.2919385	0.00183509024	0.00186889589	0.00176747471	0.00194351648	0.000136183107	5.71936435e-05	0	41.9	0	0	3
145	230	0	1.30091029	0.00193662728	0.00186976409	0.00176747471	0.00194351648	0.000123767918	5.71936435e-05	0	46.2	0	0	3
146	232	0	1.30988209	0.00183587795	0.00187091016	0.00176747471	0.00194351648	0.000114373493	5.71936435e-05	0	50	0	0	3
147	233	0	1.31885388	0.00193421786	0.00187159315	0.00176747471	0.00194351648	0.000102356386	5.71936435e-05	0	55.8	0	0	3
148	235	0	1.32782568	0.00182830897	0.00187267948	0.0017761559	0.00194351648	9.41120756e-05	5.71936435e-05	0	60.7	0	0	3
149	236	0	1.33679747	0.00192783991	0.00187294815	0.0017761559	0.00194351648	8.3618793e-05	5.71936435e-05	0	68.3	0	0	3
150	238	0	1.34576927	0.00182393759	0.00187380139	0.00178877897	0.00194351648	7.69124238e-05	5.71936435e-05	0	74.3	0	0	3
151	239	0	1.35474106	0.00192052035	0.00187387026	0.00178877897	0.00194351648	6.78078331e-05	5.71936435e-05	0	84.3	0	0	3
152	241	0	1.36371286	0.00181542103	0.00187433359	0.00178877897	0.00194351648	6.13674948e-05	5.71936435e-05	0	93.1	0	0	3
153	242	0	1.37268465	0.00192192007	0.00187489919	0.00178877897	0.00194351648	5.34651712e-05	5.71936435e-05	0	100	0	0	3
154	244	0	1.38165645	0.0018263028	0.00187556926	0.00179436917	0.00194351648	4.80716819e-05	5.71936435e-05	0	100	0	0	3
155	246	0	1.39062824	0.00192802054	0.00187615264	0.00179436917	0.00194351648	4.18689492e-05	5.71936435e-05	0	100	0	0	3
156	247	0	1.39960004	0.00182688619	0.0018767333	0.00180335889	0.00194351648	3.65001549e-05	5.71936435e-05	0	100	0	0	3
157	249	0	1.40857183	0.00192821727	0.00187723413	0.00180335889	0.00194351648	3.16433258e-05	5.71936435e-05	0	100	0	0	3
158	250	0	1.41754363	0.00182515536	0.00187762335	0.00181470884	0.00194351648	2.71286818e-05	5.71936435e-05	0	100	0	0	3
159	252	0	1.42651542	0.00192265347	0.00187770026	0.00181470884	0.00194351648	2.34789224e-05	5.71936435e-05	0	100	0	0	3
160	253	0	1.43548722	0.0018176902	0.00187759708	0.00181470884	0.00194351648	1.92811059e-05	5.71936435e-05	0	100	0	0	3
161	255	0	1.44445901	0.00191937824	0.00187740987	0.00181470884	0.00194351648	1.67919312e-05	5.71936435e-05	0	100	0	0	3
162	256	0	1.45343081	0.00181203227	0.00187716031	0.00181203227	0.00194351648	1.33226888e-05	5.71936435e-05	0	100	0	0	3
163	258	0	1.4624026	0.00190947113	0.00187678847	0.00181203227	0.00194351648	1.25001441e-05	5.71936435e-05	0	100	0	0	3
164	260	0	1.4713744	0.0018025572	0.00187628433	0.0018025572	0.00194351648	1.25001441e-05	5.71936435e-05	0	100	0	0	3
165	261	0	1.48034619	0.00190233516	0.00187565144	0.0018025572	0.00194351648	1.25001441e-05	5.71936435e-05	0	100	0	0	3
166	263	0	1.48931799	0.00180270272	0.00187511629	0.0018025572	0.00194351648	1.25001441e-05	5.71936435e-05	0	100	0	0	3
167	264	0	1.49828978	0.00190477712	0.00187465464	0.0018025572	0.00194351648	1.25001441e-05	5.71936435e-05	0	100	0	0	3
168	266	0	1.50726158	0.00180138591	0.00187426023	0.00180138591	0.00194351648	1.25001441e-05	5.71936435e-05	0	100	0	0	3
169	267	0	1.51623337	0.00190173668	0.00187387066	0.00180138591	0.00194351648	1.25001441e-05	5.71936435e-05	0	100	0	0	3
170	269	0	1.52520517	0.00180039443	0.00187357431	0.00180039443	0.00194351648	1.25001441e-05	5.71936435e-05	0	100	0	0	3
171	270	0	1.53417696	0.00190228917	0.0018732819	0.00180039443	0.00194351648	1.25001441e-05	5.71936435e-05	0	100	0	0	3
172	272	0	1.54314876	0.00180805006	0.00187302295	0.00180039443	0.00194351648	1.25001441e-05	5.71936435e-05	0	100	0	0	3
173	273	0	1.55212055	0.00191745542	0.00187276259	0.00180039443	0.00194351648	1.25001441e-05	5.71936435e-05	0	100	0	0	3
174	275	0	1.56109235	0.00182034637	0.00187254868	0.00180039443	0.00194351648	1.25001441e-05	5.71936435e-05	0	100	0	0	3
175	277	0	1.57006414	0.00192466651	0.001872383	0.00180039443	0.00194351648	1.25001441e-05	5.71936435e-05	0	100	0	0	3
176	278	0	1.57903594	0.00183257533	0.00187244409	0.00180039443	0.00194351648	1.25001441e-05	5.71936435e-05	0	100	0	0	3
177	280	0	1.58800773	0.00194121885	0.00187257211	0.00180039443	0.00194351648	1.25001441e-05	5.71936435e-05	0	100	0	0	3
178	281	0	1.59697953	0.00184444583	0.00187275744	0.00180039443	0.00194351648	1.25001441e-05	5.71936435e-05	0	100	0	0	3
179	283	0	1.60595132	0.00194721779	0.00187297197	0.00180039443	0.00194721779	1.25001441e-05	5.71936435e-05	0	100	0	0	3
180	285	0	1.61492312	0.00184753824	0.00187326937	0.00180039443	0.00194721779	1.25001441e-05	5.71936435e-05	0	100	0	0	3
181	286	0	1.62389491	0.00195167987	0.0018736089	0.00180039443	0.00195167987	1.25001441e-05	5.71936435e-05	0	100	0	0	3
182	288	0	1.63286671	0.00185421261	0.00187404067	0.00180039443	0.00195167987	1.25001441e-05	5.71936435e-05	0	100	0	0	3
183	289	0	1.6418385	0.00195698329	0.00187463917	0.00180039443	0.00195698329	1.25001441e-05	5.71936435e-05	0	100	0	0	3
184	291	0	1.6508103	0.00185056535	0.00187527947	0.00180039443	0.00195698329	1.25001441e-05	5.71936435e-05	0	100	0	0	3
185	293	0	1.65978209	0.00195103364	0.00187591423	0.00180039443	0.00195698329	1.25001441e-05	5.71936435e-05	0	100	0	0	3
186	294	0	1.66875389	0.00184639646	0.00187641624	0.00180039443	0.00195698329	1.25001441e-05	5.71936435e-05	0	100	0	0	3
187	296	0	1.67772568	0.00194138453	0.00187680053	0.00180039443	0.00195698329	1.25001441e-05	5.71936435e-05	0	100	0	0	3
188	297	0	1.68669748	0.00183248532	0.00187699925	0.00180039443	0.00195698329	1.25001441e-05	5.71936435e-05	0	100	0	0	3
189	299	0	1.69566927	0.00193217396	0.00187715386	0.00180039443	0.00195698329	1.25001441e-05	5.71936435e-05	0	100	0	0	3
190	300	0	1.70464107	0.00182863642	0.00187729582	0.00180039443	0.00195698329	1.25001441e-05	5.71936435e-05	0	100	0	0	3
191	302	0	1.71361287	0.00192802813	0.00187746145	0.00180039443	0.00195698329	1.25001441e-05	5.71936435e-05	0	100	0	0	3
192	303	0	1.72258466	0.00182250517	0.0018775485	0.00180039443	0.00195698329	1.22368461e-05	5.71936435e-05	0	100	0	0	3
193	305	0	1.73155646	0.00192984748	0.00187768419	0.00180039443	0.00195698329	1.21228362e-05	5.71936435e-05	0	100	0	0	3
194	307	0	1.74052825	0.00183093086	0.00187771546	0.00180039443	0.00195698329	1.17707196e-05	5.71936435e-05	0	100	0	0	3
195	308	0	1.74950005	0.00193220691	0.00187768324	0.00180039443	0.00195698329	1.13441953e-05	5.71936435e-05	0	100	0	0	3
196	310	0	1.75847184	0.00182265086	0.00187741234	0.00180039443	0.00195698329	1.0824512e-05	5.71936435e-05	0	100	0	0	3
197	311	0	1.76744364	0.00191472369	0.00187689818	0.00180039443	0.00195698329	1.02726284e-05	5.71936435e-05	0	100	0	0	3
198	313	0	1.77641543	0.00180511401	0.00187623079	0.00180039443	0.00195698329	9.70009243e-06	5.71936435e-05	0	100	0	0	3
199	314	0	1.78538723	0.00190319798	0.00187557175	0.00180039443	0.00195698329	8.81957197e-06	5.71936435e-05	0	100	0	0	3
200	316	0	1.79435902	0.00179321549	0.00187482399	0.00179321549	0.00195698329	7.9513721e-06	5.71936435e-05	0	100	0	0	3
201	322	0	1.80333082	0.00189232636	0.0018740329	0.00179321549	0.00195698329	6.80530032e-06	5.71936435e-05	0	100	0	0	3
202	323	0	1.81230261	0.00178782255	0.00187317477	0.00178782255	0.00195698329	6.12230937e-06	5.71936435e-05	0	100	0	0	3
203	325	0	1.82127441	0.00189001777	0.00187238548	0.00178782255	0.00195698329	5.33246634e-06	5.71936435e-05	0	100	0	0	3
204	326	0	1.8302462	0.00178751247	0.00187165697	0.00178751247	0.00195698329	6.05849041e-06	5.71936435e-05	0	100	0	0	3
205	328	0	1.839218	0.00189006041	0.00187098234	0.00178751247	0.00195698329	6.73312428e-06	5.71936435e-05	0	100	0	0	3
206	330	0	1.84818979	0.00177872992	0.00187017506	0.00177872992	0.00195698329	7.54040399e-06	5.71936435e-05	0	100	0	0	3
207	331	0	1.85716159	0.0018815618	0.00186947937	0.00177872992	0.00195698329	8.23609248e-06	5.71936435e-05	0	100	0	0	3
208	333	0	1.86613338	0.00177582975	0.00186877238	0.00177582975	0.00195698329	8.94307966e-06	5.71936435e-05	0	100	0	0	3
209	334	0	1.87510518	0.00187921277	0.00186800975	0.00177582975	0.00195698329	9.70570999e-06	5.71936435e-05	0	100	0	0	3
210	336	0	1.88407697	0.00177673947	0.00186712469	0.00177582975	0.00195698329	1.05907694e-05	5.71936435e-05	0	100	0	0	3
211	337	0	1.89304877	0.00187990601	0.0018662655	0.00177582975	0.00195698329	1.14499574e-05	5.71936435e-05	0	100	0	0	3
212	339	0	1.90202056	0.00178755804	0.00186556322	0.00177582975	0.00195698329	1.21522459e-05	5.71936435e-05	0	100	0	0	3
213	340	0	1.91099236	0.0019005155	0.00186506854	0.00177582975	0.00195698329	1.26469204e-05	5.71936435e-05	0	100	0	0	3
214	342	0	1.91996415	0.00180640367	0.00186473369	0.00177582975	0.00195698329	1.2981772e-05	5.71936435e-05	0	100	0	0	3
215	344	0	1.92893595	0.00191061838	0.00186451878	0.00177582975	0.00195698329	1.31966843e-05	5.71936435e-05	0	100	0	0	3
216	345	0	1.93790774	0.0018150165	0.00186447103	0.00177582975	0.00195698329	1.32444288e-05	5.71936435e-05	0	100	0	0	3
217	347	0	1.94687954	0.00191844445	0.00186445436	0.00177582975	0.00195698329	1.32611036e-05	5.71936435e-05	0	100	0	0	3
218	348	0	1.95585133	0.00182888292	0.00186475526	0.00177582975	0.00195698329	1.32611036e-05	5.71936435e-05	0	100	0	0	3
219	350	0	1.96482313	0.00193797225	0.00186526421	0.00177582975	0.00195698329	1.32611036e-05	5.71936435e-05	0	100	0	0	3
220	352	0	1.97379492	0.00184635525	0.00186604632	0.00177582975	0.00195698329	1.32611036e-05	5.71936435e-05	0	100	0	0	3
221	353	0	1.98276672	0.00194821041	0.00186686552	0.00177582975	0.00195698329	1.32611036e-05	5.71936435e-05	0	100	0	0	3
222	355	0	1.99173851	0.00185070805	0.00186772276	0.00177582975	0.00195698329	1.32611036e-05	5.71936435e-05	0	100	0	0	3
223	356	0	2.00071031	0.00195033379	0.00186853627	0.00177582975	0.00195698329	1.32611036e-05	5.71936435e-05	0	100	0	0	3
224	358	0	2.0096821	0.00184922309	0.00186939051	0.00177582975	0.00195698329	1.32611036e-05	5.71936435e-05	0	100	0	0	3
225	359	0	2.0186539	0.00194644369	0.00187018885	0.00177582975	0.00195698329	1.32611036e-05	5.71936435e-05	0	100	0	0	3
226	361	0	2.02762569	0.0018416245	0.0018709251	0.00177582975	0.00195698329	1.32611036e-05	5.71936435e-05	0	100	0	0	3
227	363	0	2.03659749	0.00193808274	0.00187156427	0.00177582975	0.00195698329	1.32611036e-05	5.71936435e-05	0	100	0	0	3
228	364	0	2.04556928	0.00183256937	0.00187200211	0.00177582975	0.00195698329	1.32611036e-05	5.71936435e-05	0	100	0	0	3
229	366	0	2.05454108	0.00193052321	0.00187223547	0.00177582975	0.00195698329	1.32611036e-05	5.71936435e-05	0	100	0	0	3
230	367	0	2.06351287	0.00182521954	0.00187232249	0.00177582975	0.00195698329	1.32611036e-05	5.71936435e-05	0	100	0	0	3
231	369	0	2.07248467	0.00191794744	0.0018722025	0.00177582975	0.00195698329	1.32611036e-05	5.71936435e-05	0	100	0	0	3
232	370	0	2.08145646	0.00180730583	0.00187175126	0.00177582975	0.00195698329	1.32611036e-05	5.71936435e-05	0	100	0	0	3
233	372	0	2.09042826	0.00190567187	0.00187111649	0.00177582975	0.00195698329	1.32611036e-05	5.71936435e-05	0	100	0	0	3
234	374	0	2.09940005	0.00180278554	0.00187037256	0.00177582975	0.00195698329	1.32611036e-05	5.71936435e-05	0	100	0	0	3
235	375	0	2.10837185	0.00189987872	0.00186952722	0.00177582975	0.00195698329	1.32611036e-05	5.71936435e-05	0	100	0	0	3
236	377	0	2.11734364	0.0017928848	0.00186855127	0.00177582975	0.00195698329	1.32611036e-05	5.71936435e-05	0	100	0	0	3
237	378	0	2.12631544	0.00189180303	0.00186748204	0.00177582975	0.00195698329	1.32611036e-05	5.71936435e-05	0	100	0	0	3
238	380	0	2.13528724	0.00179434416	0.00186641296	0.00177582975	0.00195698329	1.32611036e-05	5.71936435e-05	0	100	0	0	3
239	381	0	2.14425903	0.0019032426	0.0018654533	0.00177582975	0.00195103364	1.32611036e-05	5.71936435e-05	0	100	0	0	3
240	383	0	2.15323083	0.00180655647	0.00186466743	0.00177582975	0.00195103364	1.32611036e-05	5.71936435e-05	0	100	0	0	3
241	385	0	2.16220262	0.00191151211	0.00186396169	0.00177582975	0.00195033379	1.37537743e-05	5.71936435e-05	0	100	0	0	3
242	386	0	2.17117442	0.00181080807	0.00186332618	0.00177582975	0.00195033379	1.43892813e-05	5.71936435e-05	0	100	0	0	3
243	388	0	2.18014621	0.00191444899	0.00186284519	0.00177582975	0.00195033379	1.48702731e-05	5.71936435e-05	0	100	0	0	3
244	389	0	2.18911801	0.00181454999	0.00186252491	0.00177582975	0.00195033379	1.51905468e-05	5.71936435e-05	0	100	0	0	3
245	391	0	2.1980898	0.0019162788	0.00186224107	0.00177582975	0.00195033379	1.54743888e-05	5.71936435e-05	0	100	0	0	3
246	393	0	2.2070616	0.0018162678	0.0018620202	0.00177582975	0.00195033379	1.5695257e-05	5.71936435e-05	0	100	0	0	3
247	395	0	2.21603339	0.00192711207	0.00186200385	0.00177582975	0.00195033379	1.57116152e-05	5.71936435e-05	0	100	0	0	3
248	396	0	2.22500519	0.00183473958	0.00186222232	0.00177582975	0.00195033379	1.57116152e-05	5.71936435e-05	0	100	0	0	3
249	398	0	2.23397698	0.00194007365	0.00186240493	0.00177582975	0.00195033379	1.57116152e-05	5.71936435e-05	0	100	0	0	3
250	400	0	2.24294878	0.0018367468	0.00186250878	0.00177582975	0.00195033379	1.56793938e-05	5.71936435e-05	0	100	0	0	3
251	402	0	2.25192057	0.00193956231	0.00186264013	0.00177582975	0.00195033379	1.54084921e-05	5.71936435e-05	0	100	0	0	3
252	404	0	2.26089237	0.001837348	0.00186290258	0.00177582975	0.00195033379	1.48943352e-05	5.71936435e-05	0	100	0	0	3
253	406	0	2.26986416	0.0019373254	0.00186330618	0.00177582975	0.00195033379	1.42269441e-05	5.71936435e-05	0	100	0	0	3
254	408	0	2.27883596	0.00183318106	0.00186380738	0.00177582975	0.00195033379	1.35679046e-05	5.71936435e-05	0	100	0	0	3
255	409	0	2.28780775	0.00193889584	0.00186444484	0.00177582975	0.00195033379	1.28201411e-05	5.71936435e-05	0	100	0	0	3
256	411	0	2.29677955	0.00183984516	0.00186527751	0.00177582975	0.00195033379	1.20290532e-05	5.71936435e-05	0	100	0	0	3
257	413	0	2.30575134	0.00194194165	0.0018661635	0.00177582975	0.00195033379	1.11709211e-05	5.71936435e-05	0	100	0	0	3
258	415	0	2.31472314	0.00183600299	0.00186702387	0.00177582975	0.00195033379	1.03816336e-05	5.71936435e-05	0	100	0	0	3
259	416	0	2.32369493	0.00193881032	0.00186789516	0.00177582975	0.00195033379	1.031864e-05	5.71936435e-05	0	100	0	0	3
260	418	0	2.33266673	0.00183501803	0.00186874347	0.00177582975	0.00195033379	1.031864e-05	5.71936435e-05	0	100	0	0	3
261	419	0	2.34163852	0.00193470846	0.00186954076	0.00177582975	0.00195033379	1.031864e-05	5.71936435e-05	0	100	0	0	3
262	421	0	2.35061032	0.00182739186	0.00187040972	0.00177582975	0.00195033379	1.031864e-05	5.71936435e-05	0	100	0	0	3
263	423	0	2.35958211	0.00193037482	0.00187128139	0.00177582975	0.00195033379	1.031864e-05	5.71936435e-05	0	100	0	0	3
264	424	0	2.36855391	0.00183061858	0.00187225976	0.00177673947	0.00195033379	1.031864e-05	5.71936435e-05	0	100	0	0	3
265	426	0	2.3775257	0.00193430349	0.00187324352	0.00177673947	0.00195033379	1.12396743e-05	5.71936435e-05	0	100	0	0	3
266	427	0	2.3864975	0.0018330475	0.00187424902	0.00178755804	0.00195033379	1.22451748e-05	5.71936435e-05	0	100	0	0	3
267	429	0	2.39546929	0.00193838903	0.00187529336	0.00178755804	0.00195033379	1.32895144e-05	5.71936435e-05	0	100	0	0	3
268	431	0	2.40444109	0.00183822663	0.00187619816	0.0017928848	0.00195033379	1.41943106e-05	5.71936435e-05	0	100	0	0	3
269	432	0	2.41341288	0.00194012988	0.00187690556	0.0017928848	0.00195033379	1.49017103e-05	5.71936435e-05	0	100	0	0	3
270	434	0	2.42238468	0.00183671611	0.00187744685	0.0017928848	0.00195033379	1.54430038e-05	5.71936435e-05	0	100	0	0	3
271	435	0	2.43135647	0.00194335564	0.00187803144	0.0017928848	0.00195033379	1.60275977e-05	5.71936435e-05	0	100	0	0	3
272	437	0	2.44032827	0.00184328755	0.00187853628	0.0017928848	0.00195033379	1.65324377e-05	5.71936435e-05	0	100	0	0	3
273	439	0	2.44930006	0.0019415712	0.00187894926	0.0017928848	0.00195033379	1.69454154e-05	5.71936435e-05	0	100	0	0	3
274	440	0	2.45827186	0.00183404443	0.00187904143	0.0017928848	0.00195033379	1.70375851e-05	5.71936435e-05	0	100	0	0	3
275	442	0	2.46724365	0.00192992151	0.00187889767	0.0017928848	0.00195033379	1.70375851e-05	5.71936435e-05	0	100	0	0	3
276	444	0	2.47621545	0.00181964186	0.00187842064	0.0017928848	0.00195033379	1.70375851e-05	5.71936435e-05	0	100	0	0	3
277	445	0	2.48518724	0.00192345382	0.00187797856	0.0017928848	0.00195033379	1.70375851e-05	5.71936435e-05	0	100	0	0	3
278	447	0	2.49415904	0.00180951376	0.00187724295	0.0017928848	0.00195033379	1.70375851e-05	5.71936435e-05	0	100	0	0	3
279	449	0	2.50313083	0.0019093166	0.0018765105	0.0017928848	0.00194644369	1.70375851e-05	5.71936435e-05	0	100	0	0	3
280	450	0	2.51210263	0.00179958654	0.00187562413	0.0017928848	0.00194644369	1.70375851e-05	5.71936435e-05	0	100	0	0	3
281	452	0	2.52107442	0.00190639778	0.00187490903	0.0017928848	0.00194335564	1.70375851e-05	5.71936435e-05	0	100	0	0	3
282	454	0	2.53004622	0.001793737	0.00187405389	0.0017928848	0.00194335564	1.70375851e-05	5.71936435e-05	0	100	0	0	3
283	456	0	2.53901801	0.00189885123	0.00187335333	0.0017928848	0.00194335564	1.70375851e-05	5.71936435e-05	0	100	0	0	3
284	457	0	2.54798981	0.00178496627	0.00187250328	0.00178496627	0.00194335564	1.70375851e-05	5.71936435e-05	0	100	0	0	3
285	459	0	2.55696161	0.00188121377	0.00187162275	0.00178496627	0.00194335564	1.70375851e-05	5.71936435e-05	0	100	0	0	3
286	461	0	2.5659334	0.00177608627	0.00187074537	0.00177608627	0.00194335564	1.70375851e-05	5.71936435e-05	0	100	0	0	3
287	463	0	2.5749052	0.0018818841	0.00187010138	0.00177608627	0.00194335564	1.70375851e-05	5.71936435e-05	0	100	0	0	3
288	465	0	2.58387699	0.00176963919	0.00186942876	0.00176963919	0.00194335564	1.70375851e-05	5.71936435e-05	0	100	0	0	3
289	466	0	2.59284879	0.00187658497	0.00186890935	0.00176963919	0.00194335564	1.70375851e-05	5.71936435e-05	0	100	0	0	3
290	468	0	2.60182058	0.00177970023	0.00186849712	0.00176963919	0.00194335564	1.70375851e-05	5.71936435e-05	0	100	0	0	3
291	470	0	2.61079238	0.00188621261	0.00186825308	0.00176963919	0.00194335564	1.70375851e-05	5.71936435e-05	0	100	0	0	3
292	471	0	2.61976417	0.00179248418	0.00186824592	0.00176963919	0.00194335564	1.70375851e-05	5.71936435e-05	0	100	0	0	3
293	473	0	2.62873597	0.00189792081	0.00186835517	0.00176963919	0.00194335564	1.70375851e-05	5.71936435e-05	0	100	0	0	3
294	475	0	2.63770776	0.001794906	0.0018683652	0.00176963919	0.00194335564	1.70375851e-05	5.71936435e-05	0	100	0	0	3
295	476	0	2.64667956	0.00189762035	0.00186826481	0.00176963919	0.00194335564	1.70375851e-05	5.71936435e-05	0	100	0	0	3
296	478	0	2.65565135	0.00179826618	0.00186811677	0.00176963919	0.00194335564	1.70375851e-05	5.71936435e-05	0	100	0	0	3
297	481	0	2.66462315	0.00190941412	0.0018680793	0.00176963919	0.00194335564	1.70375851e-05	5.71936435e-05	0	100	0	0	3
298	483	0	2.67359494	0.00181073434	0.00186807798	0.00176963919	0.00194335564	1.70375851e-05	5.71936435e-05	0	100	0	0	3
299	486	0	2.68256674	0.00191507979	0.00186808925	0.00176963919	0.00194335564	1.70375851e-05	5.71936435e-05	0	100	0	0	3
300	487	0	2.69153853	0.001811398	0.00186803296	0.00176963919	0.00194335564	1.70375851e-05	5.71936435e-05	0	100	0	0	3
301	493	0	2.70051033	0.00191460434	0.00186800306	0.00176963919	0.00194335564	1.70375851e-05	5.71936435e-05	0	100	0	0	3
302	495	0	2.70948212	0.00180455523	0.00186779391	0.00176963919	0.00194335564	1.70375851e-05	5.71936435e-05	0	100	0	0	3
303	496	0	2.71845392	0.00190173571	0.00186734076	0.00176963919	0.00194335564	1.68191136e-05	5.71936435e-05	0	100	0	0	3
304	498	0	2.72742571	0.00179544175	0.00186663901	0.00176963919	0.00194335564	1.66365034e-05	5.71936435e-05	0	100	0	0	3
305	499	0	2.73639751	0.00190708775	0.00186604998	0.00176963919	0.00194335564	1.65326475e-05	5.71936435e-05	0	100	0	0	3
306	501	0	2.7453693	0.00180136532	0.00186541817	0.00176963919	0.00194335564	1.6401301e-05	5.71936435e-05	0	100	0	0	3
307	503	0	2.7543411	0.00189989256	0.00186470978	0.00176963919	0.00194335564	1.61388521e-05	5.71936435e-05	0	100	0	0	3
308	504	0	2.76331289	0.00178788907	0.00186382658	0.00176963919	0.00194335564	1.57352503e-05	5.71936435e-05	0	100	0	0	3
309	506	0	2.77228469	0.00189177178	0.00186301313	0.00176963919	0.00194335564	1.60283056e-05	5.71936435e-05	0	100	0	0	3
310	507	0	2.78125648	0.00177863446	0.00186203908	0.00176963919	0.00194335564	1.70023521e-05	5.71936435e-05	0	100	0	0	3
311	509	0	2.79022828	0.00188209335	0.00186102475	0.00176963919	0.00194335564	1.80166822e-05	5.71936435e-05	0	100	0	0	3
312	511	0	2.79920007	0.001779296	0.00185994351	0.00176963919	0.00194335564	1.90979173e-05	5.71936435e-05	0	100	0	0	3
313	512	0	2.80817187	0.00189257865	0.00185906203	0.00176963919	0.00194335564	1.99793994e-05	5.71936435e-05	0	100	0	0	3
314	514	0	2.81714366	0.0017860425	0.00185816988	0.00176963919	0.00194335564	2.08715511e-05	5.71936435e-05	0	100	0	0	3
315	515	0	2.82611546	0.00189716722	0.00185742625	0.00176963919	0.00194335564	2.16151778e-05	5.71936435e-05	0	100	0	0	3
316	517	0	2.83508725	0.00178792221	0.00185658526	0.00176963919	0.00194335564	2.24561746e-05	5.71936435e-05	0	100	0	0	3
317	519	0	2.84405905	0.00190211204	0.00185600318	0.00176963919	0.00194335564	2.30382537e-05	5.71936435e-05	0	100	0	0	3
318	520	0	2.85303084	0.00177511801	0.00185506972	0.00176963919	0.00194335564	2.39717154e-05	5.71936435e-05	0	100	0	0	3
319	522	0	2.86200264	0.00189641294	0.00185446325	0.00176963919	0.00194335564	2.45781776e-05	5.71936435e-05	0	100	0	0	3
320	524	0	2.87097443	0.00178565362	0.00185366031	0.00176963919	0.00194335564	2.53811233e-05	5.71936435e-05	0	100	0	0	3
321	525	0	2.87994623	0.00189208219	0.00185290636	0.00176963919	0.00194335564	2.61350752e-05	5.71936435e-05	0	100	0	0	3
322	527	0	2.88891802	0.0017986194	0.00185229157	0.00176963919	0.00194335564	2.67498626e-05	5.71936435e-05	0	100	0	0	3
323	528	0	2.89788982	0.00189072446	0.00185144042	0.00176963919	0.00194335564	2.76010156e-05	5.71936435e-05	0	100	0	0	3
324	530	0	2.90686161	0.00180363904	0.00185082278	0.00176963919	0.00194335564	2.82186511e-05	5.71936435e-05	0	100	0	0	3
325	531	0	2.91583341	0.00189458617	0.0018500095	0.00176963919	0.00194335564	2.90319317e-05	5.71936435e-05	0	100	0	0	3
326	533	0	2.9248052	0.00179553947	0.0018492742	0.00176963919	0.00194335564	2.97672288e-05	5.71936435e-05	0	100	0	0	3
327	534	0	2.933777	0.00188425721	0.00184821887	0.00176963919	0.0019415712	3.08225578e-05	5.71936435e-05	0	100	0	0	3
328	536	0	2.94274879	0.00179852465	0.00184741954	0.00176963919	0.0019415712	3.16218952e-05	5.71936435e-05	0	100	0	0	3
329	538	0	2.95172059	0.00188214097	0.00184635828	0.00176963919	0.00192992151	3.26831493e-05	5.71936435e-05	0	100	0	0	3
330	539	0	2.96069238	0.00180643194	0.0018458652	0.00176963919	0.00192992151	3.30324662e-05	5.71936435e-05	0	100	0	0	3
331	541	0	2.96966418	0.00189443061	0.00184523144	0.00176963919	0.00192345382	3.31892073e-05	5.71936435e-05	0	100	0	0	3
332	542	0	2.97863598	0.00181024921	0.00184506371	0.00176963919	0.00192345382	3.29148514e-05	5.71936435e-05	0	100	0	0	3
333	544	0	2.98760777	0.00189277357	0.00184451585	0.00176963919	0.00191507979	3.27271009e-05	5.71936435e-05	0	100	0	0	3
334	545	0	2.99657957	0.00182259666	0.00184474947	0.00176963919	0.00191507979	3.19946511e-05	5.71936435e-05	0	100	0	0	3
335	547	0	3.00555136	0.00190341372	0.00184464406	0.00176963919	0.00191507979	3.11082843e-05	5.71936435e-05	0	100	0	0	3
336	548	0	3.01452316	0.00181604176	0.00184493791	0.00176963919	0.00191507979	3.03931787e-05	5.71936435e-05	0	100	0	0	3
337	550	0	3.02349495	0.0018952182	0.00184473827	0.00176963919	0.00191507979	2.95380448e-05	5.71936435e-05	0	100	0	0	3
338	552	0	3.03246675	0.00182331054	0.00184526637	0.00176963919	0.00191507979	2.8837482e-05	5.71936435e-05	0	100	0	0	3
339	553	0	3.04143854	0.00188451882	0.00184501043	0.00176963919	0.00191507979	2.79874266e-05	5.71936435e-05	0	100	0	0	3
340	555	0	3.05041034	0.00182094699	0.00184565295	0.00176963919	0.00191507979	2.71069009e-05	5.71936435e-05	0	100	0	0	3
341	556	0	3.05938213	0.00188568545	0.0018457328	0.00176963919	0.00191507979	2.6229521e-05	5.71936435e-05	0	100	0	0	3
342	558	0	3.06835393	0.00179666178	0.00184610022	0.00176963919	0.00191507979	2.55855329e-05	5.71936435e-05	0	100	0	0	3
343	559	0	3.07732572	0.00188024494	0.00184607095	0.00176963919	0.00191507979	2.49129144e-05	5.71936435e-05	0	100	0	0	3
344	561	0	3.08629752	0.00182034988	0.0018469765	0.00177511801	0.00191507979	2.43935054e-05	5.71936435e-05	0	100	0	0	3
345	563	0	3.09526931	0.00188070888	0.00184705014	0.00177511801	0.00191507979	2.39812678e-05	5.71936435e-05	0	100	0	0	3
346	564	0	3.10424111	0.00184785032	0.0018482671	0.00177511801	0.00191507979	2.38493553e-05	5.71936435e-05	0	100	0	0	3
347	566	0	3.1132129	0.00189890995	0.00184849384	0.00177511801	0.00191507979	2.38493553e-05	5.71936435e-05	0	100	0	0	3
348	567	0	3.1221847	0.00182577757	0.00184908837	0.00177511801	0.00191507979	2.38493553e-05	5.71936435e-05	0	100	0	0	3
349	569	0	3.13115649	0.00192440853	0.00184956136	0.00177511801	0.00192440853	2.38493553e-05	5.71936435e-05	0	100	0	0	3
350	571	0	3.14012829	0.00182549294	0.00185010756	0.00177511801	0.00192440853	2.3748958e-05	5.71936435e-05	0	100	0	0	3
351	572	0	3.14910008	0.00194290379	0.00185091619	0.00177511801	0.00194290379	2.36009171e-05	5.71936435e-05	0	100	0	0	3
352	574	0	3.15807188	0.00183697947	0.0018516075	0.00177511801	0.00194290379	2.35734007e-05	5.71936435e-05	0	100	0	0	3
353	575	0	3.16704367	0.0019228072	0.00185184666	0.00177511801	0.00194290379	2.35734007e-05	5.71936435e-05	0	100	0	0	3
354	577	0	3.17601547	0.00186609029	0.00185283516	0.00177511801	0.00194290379	2.35734007e-05	5.71936435e-05	0	100	0	0	3
355	578	0	3.18498726	0.00191827268	0.00185289217	0.00177511801	0.00194290379	2.35171151e-05	5.71936435e-05	0	100	0	0	3
356	580	0	3.19395906	0.00187305104	0.00185399312	0.00177511801	0.00194290379	2.3487214e-05	5.71936435e-05	0	100	0	0	3
357	582	0	3.20293085	0.00192025769	0.00185409407	0.00177511801	0.00194290379	2.32780609e-05	5.71936435e-05	0	100	0	0	3
358	583	0	3.21190265	0.00186291197	0.00185513616	0.00177511801	0.00194290379	2.28249116e-05	5.71936435e-05	0	100	0	0	3
359	585	0	3.22087444	0.00193645317	0.00185575611	0.00177511801	0.00194290379	2.21231646e-05	5.71936435e-05	0	100	0	0	3
360	586	0	3.22984624	0.001849558	0.00185672248	0.00177511801	0.00194290379	2.15341306e-05	5.71936435e-05	0	100	0	0	3
361	588	0	3.23881803	0.00192466268	0.00185703631	0.00177511801	0.00194290379	2.09023185e-05	5.71936435e-05	0	100	0	0	3
362	589	0	3.24778983	0.00182354616	0.0018574324	0.00177511801	0.00194290379	2.01939301e-05	5.71936435e-05	0	100	0	0	3
363	591	0	3.25676162	0.00190135917	0.00185745859	0.00177511801	0.00194290379	1.9310735e-05	5.71936435e-05	0	100	0	0	3
364	592	0	3.26573342	0.00179957561	0.00185766728	0.00177511801	0.00194290379	1.84972776e-05	5.71936435e-05	0	100	0	0	3
365	594	0	3.27470521	0.00189628793	0.00185774792	0.00177511801	0.00194290379	1.75232311e-05	5.71936435e-05	0	100	0	0	3
366	596	0	3.28367701	0.00179957263	0.00185812182	0.00177511801	0.00194290379	1.65089009e-05	5.71936435e-05	0	100	0	0	3
367	597	0	3.2926488	0.00190274991	0.00185849069	0.00177511801	0.00194290379	1.54276659e-05	5.71936435e-05	0	100	0	0	3
368	599	0	3.3016206	0.00180056576	0.0018588705	0.00177511801	0.00194290379	1.45461838e-05	5.71936435e-05	0	100	0	0	3
369	600	0	3.31059239	0.00190636162	0.00185911663	0.00177511801	0.00194290379	1.46007785e-05	5.71936435e-05	0	100	0	0	3
370	602	0	3.31956419	0.00180263632	0.00185941295	0.00177511801	0.00194290379	1.48970967e-05	5.71936435e-05	0	100	0	0	3
371	603	0	3.32853598	0.00190584957	0.00185956799	0.00177511801	0.00194290379	1.50521385e-05	5.71936435e-05	0	100	0	0	3
372	604	0	3.33750778	0.0018027079	0.00185983202	0.00177511801	0.00194290379	1.53161685e-05	5.71936435e-05	0	100	0	0	3
373	606	0	3.34647957	0.00191185975	0.00186000608	0.00177511801	0.00194290379	1.54902348e-05	5.71936435e-05	0	100	0	0	3
374	607	0	3.35545137	0.00180735417	0.00186058173	0.00178565362	0.00194290379	1.60658807e-05	5.71936435e-05	0	100	0	0	3
375	609	0	3.36442316	0.00192000973	0.0018610031	0.00178565362	0.00194290379	1.64872518e-05	5.71936435e-05	0	100	0	0	3
376	610	0	3.37339496	0.001819398	0.00186160568	0.00179553947	0.00194290379	1.70898301e-05	5.71936435e-05	0	100	0	0	3
377	612	0	3.38236675	0.00192301881	0.00186215812	0.00179553947	0.00194290379	1.76422698e-05	5.71936435e-05	0	100	0	0	3
378	613	0	3.39133855	0.00181764855	0.00186249792	0.00179553947	0.00194290379	1.7982076e-05	5.71936435e-05	0	100	0	0	3
379	615	0	3.40031035	0.00191799671	0.00186298493	0.00179553947	0.00194290379	1.84690804e-05	5.71936435e-05	0	100	0	0	3
380	616	0	3.40928214	0.00180841985	0.0018630703	0.00179553947	0.00194290379	1.85544519e-05	5.71936435e-05	0	100	0	0	3
381	618	0	3.41825394	0.00190358896	0.00186323106	0.00179553947	0.00194290379	1.87152161e-05	5.71936435e-05	0	100	0	0	3
382	619	0	3.42722573	0.00179504057	0.00186322216	0.00179504057	0.00194290379	1.87152161e-05	5.71936435e-05	0	100	0	0	3
383	621	0	3.43619753	0.00189979173	0.00186349956	0.00179504057	0.00194290379	1.89837093e-05	5.71936435e-05	0	100	0	0	3
384	622	0	3.44516932	0.00179273319	0.00186339614	0.00179273319	0.00194290379	1.89837093e-05	5.71936435e-05	0	100	0	0	3
385	624	0	3.45414112	0.00189267892	0.00186358432	0.00179273319	0.00194290379	1.9068468e-05	5.71936435e-05	0	100	0	0	3
386	625	0	3.46311291	0.00178938002	0.00186327982	0.00178938002	0.00194290379	1.9068468e-05	5.71936435e-05	0	100	0	0	3
387	627	0	3.47208471	0.00189809637	0.00186334528	0.00178938002	0.00194290379	1.9068468e-05	5.71936435e-05	0	100	0	0	3
388	628	0	3.4810565	0.00178995011	0.00186298279	0.00178938002	0.00194290379	1.9068468e-05	5.71936435e-05	0	100	0	0	3
389	629	0	3.4900283	0.00188836955	0.00186290415	0.00178938002	0.00194290379	1.89402534e-05	5.71936435e-05	0	100	0	0	3
390	631	0	3.49900009	0.00178331414	0.00186220268	0.00178331414	0.00194290379	1.89402534e-05	5.71936435e-05	0	100	0	0	3
391	633	0	3.50797189	0.00189824795	0.00186211043	0.00178331414	0.00194290379	1.88460456e-05	5.71936435e-05	0	100	0	0	3
392	634	0	3.51694368	0.00179697479	0.00186176995	0.00178331414	0.00194290379	1.88460456e-05	5.71936435e-05	0	100	0	0	3
393	635	0	3.52591548	0.00190217841	0.00186189424	0.00178331414	0.00194290379	1.85738825e-05	5.71936435e-05	0	100	0	0	3
394	637	0	3.53488727	0.00179861706	0.00186145328	0.00178331414	0.00194290379	1.85738825e-05	5.71936435e-05	0	100	0	0	3
395	638	0	3.54385907	0.00190585319	0.00186183425	0.00178331414	0.00194290379	1.79313696e-05	5.71936435e-05	0	100	0	0	3
396	640	0	3.55283086	0.001795045	0.00186137172	0.00178331414	0.00194290379	1.78515182e-05	5.71936435e-05	0	100	0	0	3
397	641	0	3.56180266	0.00189353702	0.00186151193	0.00178331414	0.00194290379	1.75133691e-05	5.71936435e-05	0	100	0	0	3
398	643	0	3.57077445	0.00178322408	0.00186127197	0.00178322408	0.00194290379	1.75133691e-05	5.71936435e-05	0	100	0	0	3
399	644	0	3.57974625	0.00189377242	0.00186151353	0.00178322408	0.00194290379	1.66078211e-05	5.71936435e-05	0	100	0	0	3
400	646	0	3.58871804	0.00178720475	0.00186092165	0.00178322408	0.00194290379	1.65341799e-05	5.71936435e-05	0	100	0	0	3
401	651	0	3.59768984	0.00189111426	0.00186110746	0.00178322408	0.00194290379	1.5317214e-05	5.71936435e-05	0	100	0	0	3
402	652	0	3.60666163	0.00178424837	0.00185997171	0.00178322408	0.00194290379	1.50904757e-05	5.71936435e-05	0	100	0	0	3
403	654	0	3.61563343	0.00189502999	0.00185990243	0.00178322408	0.00194290379	1.4495951e-05	5.71936435e-05	0	100	0	0	3
404	655	0	3.62460522	0.00178819309	0.00185923128	0.00178322408	0.00194290379	1.4022956e-05	5.71936435e-05	0	100	0	0	3
405	657	0	3.63357702	0.00188991158	0.00185861526	0.00178322408	0.00194290379	1.34767606e-05	5.71936435e-05	0	100	0	0	3
406	658	0	3.64254881	0.00178243211	0.00185784632	0.00178243211	0.00194290379	1.26681277e-05	5.71936435e-05	0	100	0	0	3
407	660	0	3.65152061	0.00188952848	0.00185689319	0.00178243211	0.00193645317	1.19768191e-05	5.71936435e-05	0	100	0	0	3
408	661	0	3.6604924	0.00177837225	0.00185584663	0.00177837225	0.00193645317	1.1737657e-05	5.71936435e-05	0	100	0	0	3
409	662	0	3.6694642	0.00188753792	0.00185521682	0.00177837225	0.00193645317	1.07491579e-05	5.71936435e-05	0	100	0	0	3
410	664	0	3.67843599	0.00178214178	0.00185371774	0.00177837225	0.00193645317	1.06921421e-05	5.71936435e-05	0	100	0	0	3
411	665	0	3.68740779	0.0018838534	0.00185310311	0.00177837225	0.00193645317	1.04812076e-05	5.71936435e-05	0	100	0	0	3
412	667	0	3.69637958	0.00178626799	0.00185155341	0.00177837225	0.00193645317	1.20309049e-05	5.71936435e-05	0	100	0	0	3
413	668	0	3.70535138	0.00189292608	0.00185106535	0.00177837225	0.00193645317	1.25189693e-05	5.71936435e-05	0	100	0	0	3
414	669	0	3.71432317	0.00178104339	0.00184960341	0.00177837225	0.00193645317	1.39809081e-05	5.71936435e-05	0	100	0	0	3
415	671	0	3.72329497	0.00188140555	0.00184862041	0.00177837225	0.00192466268	1.49639014e-05	5.71936435e-05	0	100	0	0	3
416	672	0	3.73226676	0.00177966201	0.00184737227	0.00177837225	0.00192466268	1.62120441e-05	5.71936435e-05	0	100	0	0	3
417	674	0	3.74123856	0.00188266266	0.00184662227	0.00177837225	0.00192301881	1.69620444e-05	5.71936435e-05	0	100	0	0	3
418	675	0	3.75021035	0.00178969888	0.00184601786	0.00177837225	0.00192301881	1.756646e-05	5.71936435e-05	0	100	0	0	3
419	677	0	3.75918215	0.00189904272	0.00184597649	0.00177837225	0.00192301881	1.76078251e-05	5.71936435e-05	0	100	0	0	3
420	678	0	3.76815394	0.00179897695	0.0018459658	0.00177837225	0.00192301881	1.76185154e-05	5.71936435e-05	0	100	0	0	3
421	679	0	3.77712574	0.0019046399	0.00184611494	0.00177837225	0.00192301881	1.76185154e-05	5.71936435e-05	0	100	0	0	3
422	681	0	3.78609753	0.00180522816	0.00184621594	0.00177837225	0.00192301881	1.76185154e-05	5.71936435e-05	0	100	0	0	3
423	682	0	3.79506933	0.00191521419	0.00184643851	0.00177837225	0.00192301881	1.76185154e-05	5.71936435e-05	0	100	0	0	3
424	684	0	3.80404112	0.00181274313	0.00184665596	0.00177837225	0.00192301881	1.76185154e-05	5.71936435e-05	0	100	0	0	3
425	685	0	3.81301292	0.00191385136	0.00184678971	0.00177837225	0.00192301881	1.76185154e-05	5.71936435e-05	0	100	0	0	3
426	686	0	3.82198471	0.00180976346	0.00184691698	0.00177837225	0.00192301881	1.76185154e-05	5.71936435e-05	0	100	0	0	3
427	688	0	3.83095651	0.00191274095	0.00184704004	0.00177837225	0.00192301881	1.76185154e-05	5.71936435e-05	0	100	0	0	3
428	689	0	3.83992831	0.00180368623	0.00184705751	0.00177837225	0.00192301881	1.76185154e-05	5.71936435e-05	0	100	0	0	3
429	690	0	3.8489001	0.00190242001	0.00184688894	0.00177837225	0.00192301881	1.76185154e-05	5.71936435e-05	0	100	0	0	3
430	692	0	3.8578719	0.00179973295	0.00184675285	0.00177837225	0.00192301881	1.76185154e-05	5.71936435e-05	0	100	0	0	3
431	693	0	3.86684369	0.00190773477	0.00184653366	0.00177837225	0.00192301881	1.76185154e-05	5.71936435e-05	0	100	0	0	3
432	695	0	3.87581549	0.00180551827	0.0018462858	0.00177837225	0.00192301881	1.76185154e-05	5.71936435e-05	0	100	0	0	3
433	696	0	3.88478728	0.00190549646	0.0018459729	0.00177837225	0.00191799671	1.76185154e-05	5.71936435e-05	0	100	0	0	3
434	697	0	3.89375908	0.00179896638	0.00184563929	0.00177837225	0.00191799671	1.79450228e-05	5.71936435e-05	0	100	0	0	3
435	699	0	3.90273087	0.00190421343	0.00184539316	0.00177837225	0.00191521419	1.81911528e-05	5.71936435e-05	0	100	0	0	3
436	700	0	3.91170267	0.00179680909	0.00184518583	0.00177837225	0.00191521419	1.83984876e-05	5.71936435e-05	0	100	0	0	3
437	701	0	3.92067446	0.00189540094	0.00184503961	0.00177837225	0.00191521419	1.85447023e-05	5.71936435e-05	0	100	0	0	3
438	703	0	3.92964626	0.00179244482	0.00184499326	0.00177837225	0.00191521419	1.85910549e-05	5.71936435e-05	0	100	0	0	3
439	704	0	3.93861805	0.00190215145	0.0018450354	0.00177837225	0.00191521419	1.85910549e-05	5.71936435e-05	0	100	0	0	3
440	705	0	3.94758985	0.00180157582	0.0018451933	0.00177837225	0.00191521419	1.85910549e-05	5.71936435e-05	0	100	0	0	3
441	707	0	3.95656164	0.00190665427	0.00184544286	0.00177837225	0.00191521419	1.83520164e-05	5.71936435e-05	0	100	0	0	3
442	708	0	3.96553344	0.00179968319	0.00184562685	0.00177837225	0.00191521419	1.83520164e-05	5.71936435e-05	0	100	0	0	3
443	709	0	3.97450523	0.00192126106	0.0018460405	0.00177837225	0.00192126106	1.79895326e-05	5.71936435e-05	0	100	0	0	3
444	711	0	3.98347703	0.00178327195	0.00184592125	0.00177837225	0.00192126106	1.79108893e-05	5.71936435e-05	0	100	0	0	3
445	712	0	3.99244882	0.00190520579	0.0018462219	0.00177837225	0.00192126106	1.72094156e-05	5.71936435e-05	0	100	0	0	3
446	713	0	4.00142062	0.0017909403	0.00184635808	0.00177837225	0.00192126106	1.71171698e-05	5.71936435e-05	0	100	0	0	3
