Iteration	CPUTime	PhysTime	Travels	Value	AvValue	MinValue	MaxValue	Delta	Criteria	PrevAvRefValue	Progress	CriteriaType	CriteriaVarType	CriteriaPercentage
1	9	0	0.00897179511	-94.6108105	-94.6108105	-94.6108105	-94.6108105	0	0	0	0	0	0	3
2	10	0	0.0179435902	-19.3287733	-56.9697919	-94.6108105	-19.3287733	37.6410186	0	0	0	0	0	3
3	12	0	0.0269153853	-12.2131157	-42.0508998	-94.6108105	-12.2131157	52.5599107	0	0	0	0	0	3
4	13	0	0.0358871804	-4.77380031	-32.7316249	-94.6108105	-4.77380031	61.8791856	0	0	0	0	0	3
5	15	0	0.0448589755	-10.3871478	-28.2627295	-94.6108105	-4.77380031	66.348081	0	0	0	0	0	3
6	16	0	0.0538307706	-5.010553	-24.3873668	-94.6108105	-4.77380031	70.2234438	0	0	0	0	0	3
7	18	0	0.0628025657	-8.87717317	-22.1716248	-94.6108105	-4.77380031	72.4391857	0	0	0	0	0	3
8	19	0	0.0717743608	-4.69562236	-19.9871245	-94.6108105	-4.69562236	74.623686	0	0	0	0	0	3
9	21	0	0.080746156	-8.03420903	-18.6590228	-94.6108105	-4.69562236	75.9517877	0	0	0	0	0	3
10	23	0	0.0897179511	-4.66991091	-17.2601116	-94.6108105	-4.66991091	77.3506989	0	0	0	0	0	3
11	24	0	0.0986897462	-6.98973673	-16.3264412	-94.6108105	-4.66991091	78.2843694	0	0	0	0	0	3
12	26	0	0.107661541	-5.27098501	-15.4051531	-94.6108105	-4.66991091	79.2056574	0	0	0	0	0	3
13	27	0	0.116633336	-6.71020795	-14.7363112	-94.6108105	-4.66991091	79.8744993	0	0	0	0	0	3
14	29	0	0.125605131	-5.54978553	-14.0801308	-94.6108105	-4.66991091	80.5306797	0	0	0	0	0	3
15	30	0	0.134576927	-6.45403115	-13.5717242	-94.6108105	-4.66991091	81.0390864	0	0	0	0	0	3
16	32	0	0.143548722	-5.82399111	-13.0874908	-94.6108105	-4.66991091	81.5233197	0	0	0	0	0	3
17	33	0	0.152520517	-6.11174173	-12.6771527	-94.6108105	-4.66991091	81.9336579	0	0	0	0	0	3
18	35	0	0.161492312	-5.7980512	-12.2949804	-94.6108105	-4.66991091	82.3158302	0	0	0	0	0	3
19	37	0	0.170464107	-5.86297281	-11.9564536	-94.6108105	-4.66991091	82.6543569	0	0	0	0	0	3
20	38	0	0.179435902	-5.68953876	-11.6431079	-94.6108105	-4.66991091	82.9677026	0	0	0	0	0	3
21	40	0	0.188407697	-5.66697795	-11.3585303	-94.6108105	-4.66991091	83.2522803	0	0	0	0	0	3
22	41	0	0.197379492	-5.58464199	-11.0960808	-94.6108105	-4.66991091	83.5147297	0	0	0	0	0	3
23	43	0	0.206351287	-5.54065225	-10.8545404	-94.6108105	-4.66991091	83.7562701	0	0	0	0	0	3
24	44	0	0.215323083	-5.48323727	-10.6307361	-94.6108105	-4.66991091	83.9800744	0	0	0	0	0	3
25	46	0	0.224294878	-5.44456157	-10.4232892	-94.6108105	-4.66991091	84.1875214	0	0	0	0	0	3
26	47	0	0.233266673	-5.41473878	-10.2306526	-94.6108105	-4.66991091	84.3801579	0	0	0	0	0	3
27	49	0	0.242238468	-5.38336623	-10.0511235	-94.6108105	-4.66991091	84.5596871	0	0	0	0	0	3
28	51	0	0.251210263	-5.35609854	-9.88344402	-94.6108105	-4.66991091	84.7273665	0	0	0	0	0	3
29	52	0	0.260182058	-5.32725211	-9.72633396	-94.6108105	-4.66991091	84.8844766	0	0	0	0	0	3
30	53	0	0.269153853	-5.30521562	-9.57896334	-94.6108105	-4.66991091	85.0318472	0	0	0	0	0	3
31	55	0	0.278125648	-5.28261897	-9.44037159	-94.6108105	-4.66991091	85.1704389	0	0	0	0	0	3
32	57	0	0.287097443	-5.26069643	-9.30975674	-94.6108105	-4.66991091	85.3010538	0	0	0	0	0	3
33	58	0	0.296069238	-5.23981003	-9.18642502	-94.6108105	-4.66991091	85.4243855	0	0	0	0	0	3
34	60	0	0.305041034	-5.22143793	-9.06980776	-94.6108105	-4.66991091	85.5410028	0	0	0	0	0	3
35	61	0	0.314012829	-5.20547993	-8.95939839	-94.6108105	-4.66991091	85.6514121	0	0	0	0	0	3
36	63	0	0.322984624	-5.19078353	-8.85471464	-94.6108105	-4.66991091	85.7560959	0	0	0	0	0	3
37	64	0	0.331956419	-5.17320946	-8.7552145	-94.6108105	-4.66991091	85.855596	0	0	0	0	0	3
38	66	0	0.340928214	-5.15598144	-8.66049784	-94.6108105	-4.66991091	85.9503127	0	0	0	0	0	3
39	68	0	0.349900009	-5.14127831	-8.57026144	-94.6108105	-4.66991091	86.0405491	0	0	0	0	0	3
40	69	0	0.358871804	-5.12870624	-8.48422256	-94.6108105	-4.66991091	86.126588	0	0	0	0	0	3
41	71	0	0.367843599	-5.11714346	-8.40209868	-94.6108105	-4.66991091	86.2087119	0	0	0	0	0	3
42	72	0	0.376815394	-5.10314874	-8.32355226	-94.6108105	-4.66991091	86.2872583	0	0	0	0	0	3
43	74	0	0.38578719	-5.08747986	-8.24829476	-94.6108105	-4.66991091	86.3625158	0	0	0	0	0	3
44	76	0	0.394758985	-5.07542407	-8.17618406	-94.6108105	-4.66991091	86.4346265	0	0	0	0	0	3
45	77	0	0.40373078	-5.0647471	-8.10704102	-94.6108105	-4.66991091	86.5037695	0	0	0	0	0	3
46	79	0	0.412702575	-5.05547338	-8.04070259	-94.6108105	-4.66991091	86.5701079	0	0	0	0	0	3
47	80	0	0.42167437	-5.04930325	-7.9770558	-94.6108105	-4.66991091	86.6337547	0	0	0	0	0	3
48	82	0	0.430646165	-5.0429417	-7.91592842	-94.6108105	-4.66991091	86.6948821	0	0	0	0	0	3
49	83	0	0.43961796	-5.03750065	-7.857185	-94.6108105	-4.66991091	86.7536255	0	0	0	0	0	3
50	85	0	0.448589755	-5.0290624	-7.80062254	-94.6108105	-4.66991091	86.810188	0	0	0	0	0	3
51	87	0	0.45756155	-5.01937947	-7.74608837	-94.6108105	-4.66991091	86.8647222	0	0	0	0	0	3
52	88	0	0.466533345	-5.00910754	-7.69345412	-94.6108105	-4.66991091	86.9173564	0	0	0	0	0	3
53	90	0	0.475505141	-5.00118936	-7.64265667	-94.6108105	-4.66991091	86.9681539	0	0	0	0	0	3
54	91	0	0.484476936	-4.99645758	-7.59365298	-94.6108105	-4.66991091	87.0171576	0	0	0	0	0	3
55	93	0	0.493448731	-4.99318142	-7.54637168	-94.6108105	-4.66991091	87.0644389	0	0	0	0	0	3
56	94	0	0.502420526	-4.99010707	-7.5007241	-94.6108105	-4.66991091	87.1100864	0	0	0	0	0	3
57	96	0	0.511392321	-4.98692093	-5.9002975	-19.3287733	-4.66991091	14.6588623	0	0	0	0	0	3
58	97	0	0.520364116	-4.98580158	-5.64417301	-12.2131157	-4.66991091	7.54320475	0	0	0	0	0	3
59	99	0	0.529335911	-4.9814891	-5.51503682	-10.3871478	-4.66991091	5.71723687	0	0	0	0	0	3
60	100	0	0.538307706	-4.97274622	-5.51858942	-10.3871478	-4.66991091	5.71723687	0	0	0	0	0	3
61	102	0	0.547279501	-4.96886079	-5.4218343	-8.87717317	-4.66991091	4.20726226	0	0	0	0	0	3
62	103	0	0.556251297	-4.96432332	-5.42100877	-8.87717317	-4.66991091	4.20726226	0	0	0	0	0	3
63	105	0	0.565223092	-4.95912009	-5.35104353	-8.03420903	-4.66991091	3.36429812	0	0	0	0	0	3
64	106	0	0.574194887	-4.96280624	-5.35581468	-8.03420903	-4.66991091	3.36429812	0	0	0	0	0	3
65	108	0	0.583166682	-4.9593866	-5.30090713	-6.98973673	-4.66991091	2.31982582	0	0	0	0	0	3
66	109	0	0.592138477	-4.95647879	-5.30602442	-6.98973673	-4.95647879	2.03325793	0	0	0	0	0	3
67	111	0	0.601110272	-4.95404879	-5.26967285	-6.71020795	-4.95404879	1.75615917	0	0	0	0	0	3
68	112	0	0.610082067	-4.94941418	-5.26393051	-6.71020795	-4.94941418	1.76079377	0	0	0	0	0	3
69	114	0	0.619053862	-4.94421011	-5.23239483	-6.45403115	-4.94421011	1.50982104	0	0	0	0	0	3
70	115	0	0.628025657	-4.93866606	-5.22148199	-6.45403115	-4.93866606	1.51536509	0	0	0	0	0	3
71	117	0	0.636997452	-4.93503438	-5.19435704	-6.11174173	-4.93503438	1.17670735	0	0	0	0	0	3
72	118	0	0.645969248	-4.93182959	-5.17842559	-6.11174173	-4.93182959	1.17991214	0	0	0	0	0	3
73	119	0	0.654941043	-4.93274973	-5.15737216	-5.86297281	-4.93182959	0.931143219	0	0	0	0	0	3
74	121	0	0.663912838	-4.93524782	-5.14196496	-5.86297281	-4.93182959	0.931143219	0	0	0	0	0	3
75	122	0	0.672884633	-4.93369362	-5.12537068	-5.68953876	-4.93182959	0.757709163	0	0	0	0	0	3
76	124	0	0.681856428	-4.93314096	-5.11186358	-5.66697795	-4.93182959	0.735148359	0	0	0	0	0	3
77	125	0	0.690828223	-4.92881393	-5.09868208	-5.58464199	-4.92881393	0.655828066	0	0	0	0	0	3
78	127	0	0.699800018	-4.92278546	-5.08686321	-5.54065225	-4.92278546	0.617866786	0	0	0	0	0	3
79	128	0	0.708771813	-4.91717625	-5.07572971	-5.48323727	-4.91717625	0.566061012	0	0	0	0	0	3
80	129	0	0.717743608	-4.91535101	-5.06558889	-5.44456157	-4.91535101	0.529210558	0	0	0	0	0	3
81	131	0	0.726715404	-4.91048476	-5.0560518	-5.41473878	-4.91048476	0.504254027	0	0	0	0	0	3
82	133	0	0.735687199	-4.91342912	-5.04709984	-5.38336623	-4.91048476	0.472881473	0	0	0	0	0	3
83	134	0	0.744658994	-4.910714	-5.03865963	-5.35609854	-4.91048476	0.445613785	0	0	0	0	0	3
84	136	0	0.753630789	-4.91620231	-5.03080434	-5.32725211	-4.91048476	0.416767349	0	0	0	0	0	3
85	138	0	0.762602584	-4.91409918	-5.0234266	-5.30521562	-4.91048476	0.394730865	0	0	0	0	0	3
86	140	0	0.771574379	-4.91357135	-5.01643296	-5.28261897	-4.91048476	0.372134217	0	0	0	0	0	3
87	141	0	0.780546174	-4.91158124	-5.00980728	-5.26069643	-4.91048476	0.350211677	0	0	0	0	0	3
88	143	0	0.789517969	-4.90783107	-5.00350612	-5.23981003	-4.90783107	0.331978959	0	0	0	0	0	3
89	145	0	0.798489764	-4.90285976	-4.99748915	-5.22143793	-4.90285976	0.318578163	0	0	0	0	0	3
90	146	0	0.80746156	-4.90201886	-4.99178524	-5.20547993	-4.90201886	0.303461065	0	0	0	0	0	3
91	149	0	0.816433355	-4.9023383	-4.98637199	-5.19078353	-4.90201886	0.288764666	0	0	0	0	0	3
92	150	0	0.82540515	-4.90479569	-4.98126507	-5.17320946	-4.90201886	0.271190596	0	0	0	0	0	3
93	151	0	0.834376945	-4.90676182	-4.97650707	-5.15598144	-4.90201886	0.25396258	0	0	0	0	0	3
94	153	0	0.84334874	-4.90871771	-4.97209165	-5.14127831	-4.90201886	0.23925945	0	0	0	0	0	3
95	154	0	0.852320535	-4.90788181	-4.96792385	-5.12870624	-4.90201886	0.22668738	0	0	0	0	0	3
96	156	0	0.86129233	-4.90534379	-4.96393524	-5.11714346	-4.90201886	0.215124599	0	0	0	0	0	3
97	157	0	0.870264125	-4.90263396	-4.96010471	-5.10314874	-4.90201886	0.20112988	0	0	0	0	0	3
98	159	0	0.87923592	-4.9007836	-4.95649105	-5.08747986	-4.9007836	0.186696256	0	0	0	0	0	3
99	160	0	0.888207715	-4.89655003	-4.95308159	-5.07542407	-4.89655003	0.178874043	0	0	0	0	0	3
100	161	0	0.897179511	-4.89569727	-4.94987218	-5.0647471	-4.89569727	0.169049834	0	0	0	0	0	3
101	166	0	0.906151306	-4.89401999	-4.94682348	-5.05547338	-4.89401999	0.16145339	0	0	0	0	0	3
102	167	0	0.915123101	-4.89558715	-4.94396837	-5.04930325	-4.89401999	0.155283255	0	0	0	0	0	3
103	169	0	0.924094896	-4.89687052	-4.94124636	-5.0429417	-4.89401999	0.148921711	0	0	0	0	0	3
104	170	0	0.933066691	-4.89938812	-4.9386829	-5.03750065	-4.89401999	0.143480653	0	0	0	0	0	3
105	172	0	0.942038486	-4.90016632	-4.9362305	-5.0290624	-4.89401999	0.135042406	0	0	0	0	0	3
106	173	0	0.951010281	-4.89920514	-4.93391162	-5.01937947	-4.89401999	0.125359478	0	0	0	0	0	3
107	174	0	0.959982076	-4.89497299	-4.93169008	-5.00910754	-4.89401999	0.115087552	0	0	0	0	0	3
108	176	0	0.968953871	-4.89309381	-4.9296184	-5.00118936	-4.89309381	0.108095558	0	0	0	0	0	3
109	177	0	0.977925667	-4.88968785	-4.92762731	-4.99645758	-4.88968785	0.10676973	0	0	0	0	0	3
110	178	0	0.986897462	-4.88672731	-4.92566784	-4.99318142	-4.88672731	0.106454113	0	0	0	0	0	3
111	180	0	0.995869257	-4.88317417	-4.92370342	-4.99010707	-4.88317417	0.106932896	0	0	0	0	0	3
112	181	0	1.00484105	-4.88404472	-4.92180945	-4.98692093	-4.88317417	0.103746762	0.226296143	0	100	0	0	3
113	183	0	1.01381285	-4.88433963	-4.91997764	-4.98580158	-4.88317417	0.102627411	0.226296143	0	100	0	0	3
114	184	0	1.02278464	-4.88426981	-4.91816458	-4.9814891	-4.88317417	0.0983149286	0.226296143	0	100	0	0	3
115	185	0	1.03175644	-4.88285945	-4.91640333	-4.97274622	-4.88285945	0.0898867712	0.226296143	0	100	0	0	3
116	187	0	1.04072823	-4.88228071	-4.91478788	-4.96886079	-4.88228071	0.0865800797	0.226296143	0	100	0	0	3
117	188	0	1.04970003	-4.88154589	-4.91322868	-4.96432332	-4.88154589	0.0827774358	0.226296143	0	100	0	0	3
118	190	0	1.05867182	-4.88094897	-4.91173985	-4.96280624	-4.88094897	0.0818572731	0.226296143	0	100	0	0	3
119	191	0	1.06764362	-4.88122585	-4.91034888	-4.96280624	-4.88094897	0.0818572731	0.226296143	0	100	0	0	3
120	193	0	1.07661541	-4.88048031	-4.90887878	-4.9593866	-4.88048031	0.0789062844	0.226296143	0	100	0	0	3
121	194	0	1.08558721	-4.8799047	-4.90745946	-4.95647879	-4.8799047	0.0765740899	0.226296143	0	100	0	0	3
122	196	0	1.094559	-4.87940602	-4.90608316	-4.95404879	-4.87940602	0.0746427608	0.226296143	0	100	0	0	3
123	197	0	1.1035308	-4.87949634	-4.90475187	-4.94941418	-4.87940602	0.0700081573	0.226296143	0	100	0	0	3
124	198	0	1.11250259	-4.87803925	-4.90347731	-4.94421011	-4.87803925	0.0661708604	0.226296143	0	100	0	0	3
125	200	0	1.12147439	-4.87632954	-4.90226516	-4.93866606	-4.87632954	0.0623365174	0.226296143	0	100	0	0	3
126	201	0	1.13044618	-4.87732833	-4.90116984	-4.93524782	-4.87632954	0.0589182804	0.226296143	0	100	0	0	3
127	203	0	1.13941798	-4.87701083	-4.90013371	-4.93524782	-4.87632954	0.0589182804	0.226296143	0	100	0	0	3
128	204	0	1.14838977	-4.87779	-4.89916872	-4.93524782	-4.87632954	0.0589182804	0.226296143	0	100	0	0	3
129	206	0	1.15736157	-4.87876349	-4.89820468	-4.93524782	-4.87632954	0.0589182804	0.226296143	0	100	0	0	3
130	207	0	1.16633336	-4.88246635	-4.89726215	-4.93369362	-4.87632954	0.05736408	0.226296143	0	100	0	0	3
131	209	0	1.17530516	-4.88547562	-4.89640111	-4.93314096	-4.87632954	0.0568114139	0.226296143	0	100	0	0	3
132	210	0	1.18427695	-4.88943544	-4.89562066	-4.92881393	-4.87632954	0.0524843849	0.226296143	0	100	0	0	3
133	211	0	1.19324875	-4.89024178	-4.89493187	-4.92278546	-4.87632954	0.0464559203	0.226296143	0	100	0	0	3
134	213	0	1.20222054	-4.89280994	-4.89439659	-4.91717625	-4.87632954	0.0408467112	0.226296143	0	100	0	0	3
135	214	0	1.21119234	-4.89559377	-4.89401119	-4.91620231	-4.87632954	0.0398727657	0.226296143	0	100	0	0	3
136	216	0	1.22016413	-4.89937479	-4.8937259	-4.91620231	-4.87632954	0.0398727657	0.226296143	0	100	0	0	3
137	217	0	1.22913593	-4.90157195	-4.89356675	-4.91620231	-4.87632954	0.0398727657	0.226296143	0	100	0	0	3
138	218	0	1.23810772	-4.90220703	-4.89336635	-4.91620231	-4.87632954	0.0398727657	0.226296143	0	100	0	0	3
139	220	0	1.24707952	-4.90243686	-4.89321854	-4.91620231	-4.87632954	0.0398727657	0.226296143	0	100	0	0	3
140	221	0	1.25605131	-4.90423152	-4.89300478	-4.91409918	-4.87632954	0.0377696395	0.226296143	0	100	0	0	3
141	223	0	1.26502311	-4.90750207	-4.89288697	-4.91357135	-4.87632954	0.0372418019	0.226296143	0	100	0	0	3
142	224	0	1.2739949	-4.91081655	-4.89283778	-4.91158124	-4.87632954	0.0352516985	0.226296143	0	100	0	0	3
143	226	0	1.2829667	-4.91283185	-4.89286011	-4.91283185	-4.87632954	0.0365023066	0.226296143	0	100	0	0	3
144	227	0	1.2919385	-4.91426672	-4.89297504	-4.91426672	-4.87632954	0.037937176	0.226296143	0	100	0	0	3
145	228	0	1.30091029	-4.91419734	-4.89317749	-4.91426672	-4.87632954	0.037937176	0.226296143	0	100	0	0	3
146	230	0	1.30988209	-4.91297972	-4.89337322	-4.91426672	-4.87632954	0.037937176	0.226296143	0	100	0	0	3
147	231	0	1.31885388	-4.91281263	-4.89356026	-4.91426672	-4.87632954	0.037937176	0.226296143	0	100	0	0	3
148	232	0	1.32782568	-4.91432091	-4.89373036	-4.91432091	-4.87632954	0.0379913702	0.226296143	0	100	0	0	3
149	234	0	1.33679747	-4.9163456	-4.8939015	-4.9163456	-4.87632954	0.040016053	0.226296143	0	100	0	0	3
150	235	0	1.34576927	-4.91750104	-4.89405834	-4.91750104	-4.87632954	0.0411714964	0.226296143	0	100	0	0	3
151	237	0	1.35474106	-4.91697969	-4.8942208	-4.91750104	-4.87632954	0.0411714964	0.226296143	0	100	0	0	3
152	238	0	1.36371286	-4.91581261	-4.89440775	-4.91750104	-4.87632954	0.0411714964	0.226296143	0	100	0	0	3
153	240	0	1.37268465	-4.9131597	-4.89459571	-4.91750104	-4.87632954	0.0411714964	0.226296143	0	100	0	0	3
154	241	0	1.38165645	-4.91217225	-4.89479908	-4.91750104	-4.87632954	0.0411714964	0.226296143	0	100	0	0	3
155	242	0	1.39062824	-4.90836138	-4.89500999	-4.91750104	-4.87632954	0.0411714964	0.226296143	0	100	0	0	3
156	244	0	1.39960004	-4.90492441	-4.89517476	-4.91750104	-4.87632954	0.0411714964	0.226296143	0	100	0	0	3
157	245	0	1.40857183	-4.90435466	-4.89535931	-4.91750104	-4.87632954	0.0411714964	0.226296143	0	100	0	0	3
158	246	0	1.41754363	-4.9046605	-4.89552133	-4.91750104	-4.87632954	0.0411714964	0.226296143	0	100	0	0	3
159	248	0	1.42651542	-4.90574508	-4.89567981	-4.91750104	-4.87632954	0.0411714964	0.226296143	0	100	0	0	3
160	249	0	1.43548722	-4.90724832	-4.89582017	-4.91750104	-4.87632954	0.0411714964	0.226296143	0	100	0	0	3
161	251	0	1.44445901	-4.91113074	-4.89601596	-4.91750104	-4.87632954	0.0410738411	0.226296143	0	100	0	0	3
162	252	0	1.45343081	-4.91332687	-4.89626814	-4.91750104	-4.87632954	0.0388522969	0.226296143	0	100	0	0	3
163	253	0	1.4624026	-4.91435873	-4.89661431	-4.91750104	-4.87632954	0.036780623	0.226296143	0	100	0	0	3
164	255	0	1.4713744	-4.91383167	-4.89698463	-4.91750104	-4.87632954	0.0347895246	0.226296143	0	100	0	0	3
165	256	0	1.48034619	-4.91433379	-4.89742474	-4.91750104	-4.87632954	0.0328300553	0.226296143	0	100	0	0	3
166	258	0	1.48931799	-4.91772662	-4.89797829	-4.91772662	-4.87632954	0.0308656402	0.226296143	0	100	0	0	3
167	259	0	1.49828978	-4.92188572	-4.89866957	-4.92188572	-4.87632954	0.0289716697	0.226296143	0	100	0	0	3
168	261	0	1.50726158	-4.92587469	-4.89941654	-4.92587469	-4.87632954	0.0271398608	0.226296143	0	100	0	0	3
169	262	0	1.51623337	-4.92653938	-4.9001701	-4.92653938	-4.87632954	0.0253267934	0.226296143	0	100	0	0	3
170	263	0	1.52520517	-4.92681821	-4.9009299	-4.92681821	-4.87632954	0.0235655497	0.226296143	0	100	0	0	3
171	265	0	1.53417696	-4.92355578	-4.90165662	-4.92681821	-4.87632954	0.0219500941	0.226296143	0	100	0	0	3
172	266	0	1.54314876	-4.92337569	-4.90239046	-4.92681821	-4.87632954	0.0203908994	0.226296143	0	100	0	0	3
173	267	0	1.55212055	-4.9228817	-4.90312859	-4.92681821	-4.87632954	0.0189020717	0.226296143	0	100	0	0	3
174	269	0	1.56109235	-4.92610157	-4.90393489	-4.92681821	-4.87632954	0.0175111031	0.226296143	0	100	0	0	3
175	270	0	1.57006414	-4.92882697	-4.90478491	-4.92882697	-4.87632954	0.0160409972	0.226296143	0	100	0	0	3
176	272	0	1.57903594	-4.93242183	-4.90571244	-4.93242183	-4.87632954	0.0146216777	0.226296143	0	100	0	0	3
177	273	0	1.58800773	-4.93265497	-4.90665441	-4.93265497	-4.87632954	0.0138166253	0.226296143	0	100	0	0	3
178	274	0	1.59697953	-4.93224263	-4.90759792	-4.93265497	-4.87632954	0.014760136	0.226296143	0	100	0	0	3
179	276	0	1.60595132	-4.93046608	-4.90850809	-4.93265497	-4.87632954	0.01567031	0.226296143	0	100	0	0	3
180	277	0	1.61492312	-4.92971804	-4.90943093	-4.93265497	-4.87632954	0.0165931455	0.226296143	0	100	0	0	3
181	279	0	1.62389491	-4.9289248	-4.91037013	-4.93265497	-4.87701083	0.0175323466	0.226296143	0	100	0	0	3
182	280	0	1.63286671	-4.92744853	-4.91126513	-4.93265497	-4.87701083	0.0184273501	0.226296143	0	100	0	0	3
183	281	0	1.6418385	-4.92445356	-4.91211232	-4.93265497	-4.87779	0.0192745418	0.226296143	0	100	0	0	3
184	283	0	1.6508103	-4.92335607	-4.912926	-4.93265497	-4.87876349	0.0200882216	0.226296143	0	100	0	0	3
185	284	0	1.65978209	-4.9208084	-4.91367681	-4.93265497	-4.88246635	0.0208390236	0.226296143	0	100	0	0	3
186	286	0	1.66875389	-4.91878651	-4.91432538	-4.93265497	-4.88547562	0.021487598	0.226296143	0	100	0	0	3
187	287	0	1.67772568	-4.91825006	-4.91491064	-4.93265497	-4.88943544	0.0220728559	0.226296143	0	100	0	0	3
188	288	0	1.68669748	-4.92042742	-4.91546407	-4.93265497	-4.89024178	0.0226262841	0.226296143	0	100	0	0	3
189	290	0	1.69566927	-4.92103819	-4.916014	-4.93265497	-4.89280994	0.0231762199	0.226296143	0	100	0	0	3
190	291	0	1.70464107	-4.92212011	-4.9165374	-4.93265497	-4.89559377	0.0236996158	0.226296143	0	100	0	0	3
191	293	0	1.71361287	-4.91861983	-4.91694858	-4.93265497	-4.89937479	0.0241107954	0.226296143	0	100	0	0	3
192	294	0	1.72258466	-4.91610401	-4.91724731	-4.93265497	-4.90157195	0.0244095315	0.226296143	0	100	0	0	3
193	295	0	1.73155646	-4.91412309	-4.91747144	-4.93265497	-4.90220703	0.0246336589	0.226296143	0	100	0	0	3
194	297	0	1.74052825	-4.91369571	-4.9176766	-4.93265497	-4.90243686	0.0248388139	0.226296143	0	100	0	0	3
195	298	0	1.74950005	-4.9140741	-4.9178844	-4.93265497	-4.90423152	0.0250466219	0.226296143	0	100	0	0	3
196	299	0	1.75847184	-4.91483472	-4.91807375	-4.93265497	-4.90435466	0.0252359648	0.226296143	0	100	0	0	3
197	301	0	1.76744364	-4.91329034	-4.91817711	-4.93265497	-4.90435466	0.0253393267	0.226296143	0	100	0	0	3
198	302	0	1.77641543	-4.91228353	-4.9182033	-4.93265497	-4.90435466	0.0253431907	0.226296143	0	100	0	0	3
199	303	0	1.78538723	-4.90898373	-4.91813459	-4.93265497	-4.90435466	0.0252282683	0.226296143	0	100	0	0	3
200	305	0	1.79435902	-4.90828755	-4.91802782	-4.93265497	-4.90435466	0.0250258116	0.226296143	0	100	0	0	3
201	310	0	1.80333082	-4.90733508	-4.91790528	-4.93265497	-4.90435466	0.0248300819	0.226296143	0	100	0	0	3
202	311	0	1.81230261	-4.90792359	-4.91781499	-4.93265497	-4.90435466	0.0246430403	0.226296143	0	100	0	0	3
203	312	0	1.82127441	-4.90696525	-4.91771057	-4.93265497	-4.90435466	0.024472947	0.226296143	0	100	0	0	3
204	314	0	1.8302462	-4.91099308	-4.91765115	-4.93265497	-4.90435466	0.0243018081	0.226296143	0	100	0	0	3
205	315	0	1.839218	-4.91268261	-4.91758574	-4.93265497	-4.90435466	0.024144963	0.226296143	0	100	0	0	3
206	316	0	1.84818979	-4.91550049	-4.91755001	-4.93265497	-4.90435466	0.0239825009	0.226296143	0	100	0	0	3
207	318	0	1.85716159	-4.91415314	-4.91749954	-4.93265497	-4.90435466	0.0237955578	0.226296143	0	100	0	0	3
208	319	0	1.86613338	-4.91156452	-4.91742368	-4.93265497	-4.90435466	0.0236075981	0.226296143	0	100	0	0	3
209	321	0	1.87510518	-4.90560823	-4.91728883	-4.93265497	-4.90435466	0.0234042293	0.226296143	0	100	0	0	3
210	322	0	1.88407697	-4.90011968	-4.91707361	-4.93265497	-4.90011968	0.0231933122	0.226296143	0	100	0	0	3
211	323	0	1.89304877	-4.89811092	-4.91689056	-4.93265497	-4.89811092	0.0230285418	0.226296143	0	100	0	0	3
212	325	0	1.90202056	-4.89955694	-4.91679471	-4.93265497	-4.89811092	0.0228439942	0.226296143	0	100	0	0	3
213	326	0	1.91099236	-4.90071323	-4.91672969	-4.93265497	-4.89811092	0.02268197	0.226296143	0	100	0	0	3
214	328	0	1.91996415	-4.90046678	-4.9166548	-4.93265497	-4.89811092	0.0225234957	0.226296143	0	100	0	0	3
215	329	0	1.92893595	-4.8980544	-4.91651747	-4.93265497	-4.8980544	0.022383135	0.226296143	0	100	0	0	3
216	330	0	1.93790774	-4.89128332	-4.91623238	-4.93265497	-4.89128332	0.0221873417	0.226296143	0	100	0	0	3
217	332	0	1.94687954	-4.88755444	-4.91581137	-4.93265497	-4.88755444	0.021935168	0.226296143	0	100	0	0	3
218	333	0	1.95585133	-4.88346799	-4.91527818	-4.93265497	-4.88346799	0.0215889941	0.226296143	0	100	0	0	3
219	335	0	1.96482313	-4.88384269	-4.91473325	-4.93265497	-4.88346799	0.0212186752	0.226296143	0	100	0	0	3
220	336	0	1.97379492	-4.88471076	-4.91421323	-4.93265497	-4.88346799	0.0207785692	0.226296143	0	100	0	0	3
221	337	0	1.98276672	-4.88601143	-4.91370748	-4.93265497	-4.88346799	0.02022501	0.226296143	0	100	0	0	3
222	339	0	1.99173851	-4.88658555	-4.91315139	-4.93265497	-4.88346799	0.0195337324	0.226296143	0	100	0	0	3
223	340	0	2.00071031	-4.88503384	-4.91249332	-4.93265497	-4.88346799	0.0187867687	0.226296143	0	100	0	0	3
224	342	0	2.0096821	-4.88226614	-4.91171459	-4.93265497	-4.88226614	0.0180332018	0.226296143	0	100	0	0	3
225	344	0	2.0186539	-4.87886789	-4.91086332	-4.93265497	-4.87886789	0.0172734089	0.226296143	0	100	0	0	3
226	345	0	2.02762569	-4.87605344	-4.9099568	-4.93265497	-4.87605344	0.0165466886	0.226296143	0	100	0	0	3
227	346	0	2.03659749	-4.87427942	-4.90907687	-4.93265497	-4.87427942	0.0158128497	0.226296143	0	100	0	0	3
228	348	0	2.04556928	-4.87363903	-4.90818871	-4.93265497	-4.87363903	0.0150747102	0.226296143	0	100	0	0	3
229	349	0	2.05454108	-4.87426403	-4.90732054	-4.93265497	-4.87363903	0.0142684139	0.226296143	0	100	0	0	3
230	351	0	2.06351287	-4.88204671	-4.90653385	-4.93265497	-4.87363903	0.0134183938	0.226296143	0	100	0	0	3
231	352	0	2.07248467	-4.8875284	-4.90579637	-4.93265497	-4.87363903	0.0124908667	0.226296143	0	100	0	0	3
232	353	0	2.08145646	-4.89366987	-4.90510437	-4.93265497	-4.87363903	0.0130989321	0.226296143	0	100	0	0	3
233	355	0	2.09042826	-4.89714132	-4.9044702	-4.93224263	-4.87363903	0.0137331043	0.226296143	0	100	0	0	3
234	356	0	2.09940005	-4.90199538	-4.90393007	-4.93046608	-4.87363903	0.0142732337	0.226296143	0	100	0	0	3
235	358	0	2.10837185	-4.90435477	-4.9034638	-4.92971804	-4.87363903	0.0147395071	0.226296143	0	100	0	0	3
236	359	0	2.11734364	-4.90674004	-4.90305348	-4.9289248	-4.87363903	0.0151498285	0.226296143	0	100	0	0	3
237	360	0	2.12631544	-4.90897561	-4.90269724	-4.92744853	-4.87363903	0.015506064	0.226296143	0	100	0	0	3
238	362	0	2.13528724	-4.91019387	-4.90238912	-4.92445356	-4.87363903	0.0158141829	0.226296143	0	100	0	0	3
239	363	0	2.14425903	-4.91116532	-4.90215183	-4.92335607	-4.87363903	0.016051473	0.226296143	0	100	0	0	3
240	365	0	2.15323083	-4.91261499	-4.90196003	-4.92212011	-4.87363903	0.0162432779	0.226296143	0	100	0	0	3
241	366	0	2.16220262	-4.91315504	-4.90182336	-4.92212011	-4.87363903	0.016379945	0.226296143	0	100	0	0	3
242	368	0	2.17117442	-4.91325384	-4.90172456	-4.92212011	-4.87363903	0.0164787427	0.226296143	0	100	0	0	3
243	369	0	2.18014621	-4.91375877	-4.90164436	-4.92212011	-4.87363903	0.0165589442	0.226296143	0	100	0	0	3
244	370	0	2.18911801	-4.9141001	-4.90153137	-4.92212011	-4.87363903	0.0166719321	0.226296143	0	100	0	0	3
245	372	0	2.1980898	-4.9134873	-4.90139654	-4.92212011	-4.87363903	0.0168067694	0.226296143	0	100	0	0	3
246	373	0	2.2070616	-4.91246321	-4.90122409	-4.91861983	-4.87363903	0.016979214	0.226296143	0	100	0	0	3
247	374	0	2.21603339	-4.91320592	-4.90112741	-4.91610401	-4.87363903	0.0170758909	0.226296143	0	100	0	0	3
248	376	0	2.22500519	-4.91072005	-4.90103127	-4.91550049	-4.87363903	0.0171720331	0.226296143	0	100	0	0	3
249	377	0	2.23397698	-4.90999775	-4.9009576	-4.91550049	-4.87363903	0.0172456998	0.226296143	0	100	0	0	3
250	378	0	2.24294878	-4.90585386	-4.90081757	-4.91550049	-4.87363903	0.0173857328	0.226296143	0	100	0	0	3
251	380	0	2.25192057	-4.90142504	-4.9005917	-4.91550049	-4.87363903	0.0176116089	0.226296143	0	100	0	0	3
252	381	0	2.26089237	-4.89766959	-4.90028518	-4.91550049	-4.87363903	0.017918129	0.226296143	0	100	0	0	3
253	383	0	2.26986416	-4.89667291	-4.89998844	-4.91550049	-4.87363903	0.0182148688	0.226296143	0	100	0	0	3
254	384	0	2.27883596	-4.89636556	-4.89970419	-4.91550049	-4.87363903	0.0184304019	0.226296143	0	100	0	0	3
255	385	0	2.28780775	-4.89655347	-4.89948222	-4.91550049	-4.87363903	0.0185456	0.226296143	0	100	0	0	3
256	387	0	2.29677955	-4.89559621	-4.89925559	-4.91550049	-4.87363903	0.0186496908	0.226296143	0	100	0	0	3
257	388	0	2.30575134	-4.89476739	-4.89903116	-4.91550049	-4.87363903	0.0187838256	0.226296143	0	100	0	0	3
258	389	0	2.31472314	-4.89484472	-4.89879761	-4.91550049	-4.87363903	0.0189129594	0.226296143	0	100	0	0	3
259	391	0	2.32369493	-4.89315517	-4.898551	-4.91550049	-4.87363903	0.0191001425	0.226296143	0	100	0	0	3
260	392	0	2.33266673	-4.89101265	-4.89819421	-4.91550049	-4.87363903	0.0193915253	0.226296143	0	100	0	0	3
261	394	0	2.34163852	-4.88844755	-4.89776144	-4.91550049	-4.87363903	0.01978857	0.226296143	0	100	0	0	3
262	395	0	2.35061032	-4.88796148	-4.89726967	-4.91415314	-4.87363903	0.020229864	0.226296143	0	100	0	0	3
263	396	0	2.35958211	-4.88898408	-4.89682023	-4.9141001	-4.87363903	0.0206034528	0.226296143	0	100	0	0	3
264	398	0	2.36855391	-4.8898312	-4.89643213	-4.9141001	-4.87363903	0.0208567001	0.226296143	0	100	0	0	3
265	399	0	2.3775257	-4.88900718	-4.89613568	-4.9141001	-4.87363903	0.0209379229	0.226296143	0	100	0	0	3
266	401	0	2.3864975	-4.88823345	-4.89592343	-4.9141001	-4.87363903	0.0209671329	0.226296143	0	100	0	0	3
267	402	0	2.39546929	-4.88438237	-4.89567828	-4.9141001	-4.87363903	0.0211164379	0.226296143	0	100	0	0	3
268	403	0	2.40444109	-4.88297535	-4.89538218	-4.9141001	-4.87363903	0.0213475123	0.226296143	0	100	0	0	3
269	405	0	2.41341288	-4.88102243	-4.89503056	-4.9141001	-4.87363903	0.0216242458	0.226296143	0	100	0	0	3
270	406	0	2.42238468	-4.88024827	-4.89466951	-4.9141001	-4.87363903	0.0218479571	0.226296143	0	100	0	0	3
271	408	0	2.43135647	-4.8801354	-4.89434953	-4.9141001	-4.87363903	0.02188285	0.226296143	0	100	0	0	3
272	409	0	2.44032827	-4.87819876	-4.89411588	-4.9141001	-4.87363903	0.0216954976	0.226296143	0	100	0	0	3
273	410	0	2.44930006	-4.8776093	-4.89393828	-4.9141001	-4.87363903	0.021339895	0.226296143	0	100	0	0	3
274	412	0	2.45827186	-4.87539904	-4.8937942	-4.9141001	-4.87363903	0.0209390542	0.226296143	0	100	0	0	3
275	413	0	2.46724365	-4.87298347	-4.89360028	-4.9141001	-4.87298347	0.0206129526	0.226296143	0	100	0	0	3
276	414	0	2.47621545	-4.87301335	-4.8933914	-4.9141001	-4.87298347	0.0203160786	0.226296143	0	100	0	0	3
277	416	0	2.48518724	-4.87249032	-4.89314995	-4.9141001	-4.87249032	0.0200014366	0.226296143	0	100	0	0	3
278	417	0	2.49415904	-4.8729877	-4.89290713	-4.9141001	-4.87249032	0.0195861862	0.226296143	0	100	0	0	3
279	418	0	2.50313083	-4.87106153	-4.89265763	-4.9141001	-4.87106153	0.0190569676	0.226296143	0	100	0	0	3
280	420	0	2.51210263	-4.87170512	-4.89246904	-4.9141001	-4.87106153	0.0183942805	0.226296143	0	100	0	0	3
281	421	0	2.52107442	-4.87157548	-4.89233881	-4.9141001	-4.87106153	0.0176179882	0.226296143	0	100	0	0	3
282	422	0	2.53004622	-4.86997701	-4.89223031	-4.9141001	-4.86997701	0.0168465607	0.226296143	0	100	0	0	3
283	423	0	2.53901801	-4.87330026	-4.89221282	-4.9141001	-4.86997701	0.015975891	0.226296143	0	100	0	0	3
284	425	0	2.54798981	-4.87446531	-4.89222758	-4.9141001	-4.86997701	0.0151077185	0.226296143	0	100	0	0	3
285	426	0	2.55696161	-4.87827976	-4.89229929	-4.9141001	-4.86997701	0.0143210247	0.226296143	0	100	0	0	3
286	427	0	2.5659334	-4.88265751	-4.89231019	-4.9141001	-4.86997701	0.0135835502	0.226296143	0	100	0	0	3
287	429	0	2.5749052	-4.88425089	-4.89225167	-4.9141001	-4.86997701	0.0128915509	0.226296143	0	100	0	0	3
288	430	0	2.58387699	-4.88517988	-4.89210006	-4.9141001	-4.86997701	0.0123701411	0.226296143	0	100	0	0	3
289	431	0	2.59284879	-4.88424428	-4.89186976	-4.9141001	-4.86997701	0.012060316	0.226296143	0	100	0	0	3
290	433	0	2.60182058	-4.88074277	-4.89149024	-4.9141001	-4.86997701	0.0119735536	0.226296143	0	100	0	0	3
291	434	0	2.61079238	-4.87954242	-4.89104717	-4.9141001	-4.86997701	0.0120063099	0.226296143	0	100	0	0	3
292	435	0	2.61976417	-4.87860677	-4.89054479	-4.9141001	-4.86997701	0.0121524542	0.226296143	0	100	0	0	3
293	437	0	2.62873597	-4.87989742	-4.89002553	-4.9141001	-4.86997701	0.0123635888	0.226296143	0	100	0	0	3
294	438	0	2.63770776	-4.88176686	-4.88951791	-4.9141001	-4.86997701	0.0126339238	0.226296143	0	100	0	0	3
295	439	0	2.64667956	-4.88547396	-4.88905913	-4.9141001	-4.86997701	0.0129008933	0.226296143	0	100	0	0	3
296	441	0	2.65565135	-4.88821064	-4.88862334	-4.9141001	-4.86997701	0.0132000182	0.226296143	0	100	0	0	3
297	442	0	2.66462315	-4.88872515	-4.88818709	-4.9141001	-4.86997701	0.0135374686	0.226296143	0	100	0	0	3
298	444	0	2.67359494	-4.88741447	-4.88772568	-4.9141001	-4.86997701	0.0139186844	0.226296143	0	100	0	0	3
299	445	0	2.68256674	-4.88619907	-4.88723354	-4.9141001	-4.86997701	0.014297834	0.226296143	0	100	0	0	3
300	446	0	2.69153853	-4.88603757	-4.88673242	-4.9134873	-4.86997701	0.0146641132	0.226296143	0	100	0	0	3
301	451	0	2.70051033	-4.88620663	-4.88624527	-4.91320592	-4.86997701	0.0149788236	0.226296143	0	100	0	0	3
302	452	0	2.70948212	-4.88750186	-4.88579953	-4.91320592	-4.86997701	0.0153278851	0.226296143	0	100	0	0	3
303	453	0	2.71845392	-4.88645182	-4.88532178	-4.91072005	-4.86997701	0.0157094947	0.226296143	0	100	0	0	3
304	455	0	2.72742571	-4.88529256	-4.88486771	-4.90999775	-4.86997701	0.0160898903	0.226296143	0	100	0	0	3
305	456	0	2.73639751	-4.88395792	-4.88440272	-4.90585386	-4.86997701	0.0164148542	0.226296143	0	100	0	0	3
306	457	0	2.7453693	-4.8853735	-4.884037	-4.90142504	-4.86997701	0.0165546989	0.226296143	0	100	0	0	3
307	459	0	2.7543411	-4.88473569	-4.88373897	-4.89766959	-4.86997701	0.0165462031	0.226296143	0	100	0	0	3
308	460	0	2.76331289	-4.88599772	-4.88353055	-4.89667291	-4.86997701	0.0164578894	0.226296143	0	100	0	0	3
309	462	0	2.77228469	-4.88509675	-4.88332383	-4.89655347	-4.86997701	0.016380357	0.226296143	0	100	0	0	3
310	463	0	2.78125648	-4.88763939	-4.883168	-4.89655347	-4.86997701	0.0163142126	0.226296143	0	100	0	0	3
311	464	0	2.79022828	-4.88754099	-4.88300707	-4.89559621	-4.86997701	0.0162485185	0.226296143	0	100	0	0	3
312	466	0	2.79920007	-4.8889604	-4.88288857	-4.89484472	-4.86997701	0.0161425921	0.226296143	0	100	0	0	3
313	467	0	2.80817187	-4.88949657	-4.88279445	-4.89484472	-4.86997701	0.0160031626	0.226296143	0	100	0	0	3
314	468	0	2.81714366	-4.88798843	-4.88267202	-4.89315517	-4.86997701	0.0158789878	0.226296143	0	100	0	0	3
315	470	0	2.82611546	-4.88615296	-4.88254698	-4.89101265	-4.86997701	0.0156472338	0.226296143	0	100	0	0	3
316	471	0	2.83508725	-4.88243702	-4.88239384	-4.8898312	-4.86997701	0.0153676013	0.226296143	0	100	0	0	3
317	472	0	2.84405905	-4.88159674	-4.8822715	-4.8898312	-4.86997701	0.0149981691	0.226296143	0	100	0	0	3
318	474	0	2.85303084	-4.87956113	-4.8821215	-4.8898312	-4.86997701	0.0146987278	0.226296143	0	100	0	0	3
319	475	0	2.86200264	-4.88135105	-4.88198519	-4.8898312	-4.86997701	0.0144469368	0.226296143	0	100	0	0	3
320	476	0	2.87097443	-4.8794962	-4.88180064	-4.88949657	-4.86997701	0.0143350431	0.226296143	0	100	0	0	3
321	478	0	2.87994623	-4.88047645	-4.88164831	-4.88949657	-4.86997701	0.0142751236	0.226296143	0	100	0	0	3
322	479	0	2.88891802	-4.87758796	-4.88145821	-4.88949657	-4.86997701	0.0142200689	0.226296143	0	100	0	0	3
323	481	0	2.89788982	-4.87706018	-4.88132745	-4.88949657	-4.86997701	0.0140547224	0.226296143	0	100	0	0	3
324	483	0	2.90686161	-4.87461699	-4.8811782	-4.88949657	-4.86997701	0.0138523574	0.226296143	0	100	0	0	3
325	484	0	2.91583341	-4.87649676	-4.88109738	-4.88949657	-4.86997701	0.013572128	0.226296143	0	100	0	0	3
326	486	0	2.9248052	-4.87497765	-4.88100326	-4.88949657	-4.86997701	0.0133462642	0.226296143	0	100	0	0	3
327	488	0	2.933777	-4.87615519	-4.88093219	-4.88949657	-4.86997701	0.0131836866	0.226296143	0	100	0	0	3
328	490	0	2.94274879	-4.87841807	-4.88093611	-4.88949657	-4.86997701	0.0130060948	0.226296143	0	100	0	0	3
329	492	0	2.95172059	-4.88312901	-4.88103467	-4.88949657	-4.86997701	0.0128620064	0.226296143	0	100	0	0	3
330	493	0	2.96069238	-4.89068997	-4.88130772	-4.89068997	-4.86997701	0.0126680918	0.226296143	0	100	0	0	3
331	495	0	2.96966418	-4.89521796	-4.88170477	-4.89521796	-4.86997701	0.0124592094	0.226296143	0	100	0	0	3
332	497	0	2.97863598	-4.89936785	-4.88217538	-4.89936785	-4.86997701	0.012217761	0.226296143	0	100	0	0	3
333	499	0	2.98760777	-4.90516194	-4.88275881	-4.90516194	-4.86997701	0.0119749421	0.226296143	0	100	0	0	3
334	500	0	2.99657957	-4.90839091	-4.88339101	-4.90839091	-4.86997701	0.0117254366	0.226296143	0	100	0	0	3
335	502	0	3.00555136	-4.91189977	-4.88412026	-4.91189977	-4.86997701	0.0115368471	0.226296143	0	100	0	0	3
336	503	0	3.01452316	-4.91435014	-4.88488178	-4.91435014	-4.86997701	0.0114066255	0.226296143	0	100	0	0	3
337	505	0	3.02349495	-4.91378368	-4.8856355	-4.91435014	-4.86997701	0.0113780046	0.226296143	0	100	0	0	3
338	506	0	3.03246675	-4.91446294	-4.88642989	-4.91446294	-4.87330026	0.0113780046	0.226296143	0	100	0	0	3
339	508	0	3.04143854	-4.91427837	-4.88716164	-4.91446294	-4.87446531	0.0113780046	0.226296143	0	100	0	0	3
340	509	0	3.05041034	-4.91663338	-4.88791464	-4.91663338	-4.87461699	0.0113780046	0.226296143	0	100	0	0	3
341	511	0	3.05938213	-4.91890002	-4.88864	-4.91890002	-4.87461699	0.0113780046	0.226296143	0	100	0	0	3
342	512	0	3.06835393	-4.92122939	-4.88932879	-4.92122939	-4.87461699	0.0113194775	0.226296143	0	100	0	0	3
343	514	0	3.07732572	-4.919892	-4.88996523	-4.92122939	-4.87461699	0.0111678705	0.226296143	0	100	0	0	3
344	515	0	3.08629752	-4.92063488	-4.89059836	-4.92122939	-4.87461699	0.0109375663	0.226296143	0	100	0	0	3
345	516	0	3.09526931	-4.91768438	-4.8911955	-4.92122939	-4.87461699	0.0105580552	0.226296143	0	100	0	0	3
346	518	0	3.10424111	-4.91674022	-4.89183832	-4.92122939	-4.87461699	0.0109061274	0.226296143	0	100	0	0	3
347	519	0	3.1132129	-4.91634229	-4.89249546	-4.92122939	-4.87461699	0.0115632679	0.226296143	0	100	0	0	3
348	521	0	3.1221847	-4.91809527	-4.89320061	-4.92122939	-4.87461699	0.0122684197	0.226296143	0	100	0	0	3
349	522	0	3.13115649	-4.9181495	-4.89388368	-4.92122939	-4.87461699	0.0129514927	0.226296143	0	100	0	0	3
350	524	0	3.14012829	-4.91903262	-4.89454914	-4.92122939	-4.87461699	0.0136169526	0.226296143	0	100	0	0	3
351	525	0	3.14910008	-4.92018057	-4.8951689	-4.92122939	-4.87461699	0.0142367135	0.226296143	0	100	0	0	3
352	527	0	3.15807188	-4.92131321	-4.89576002	-4.92131321	-4.87461699	0.0148278308	0.226296143	0	100	0	0	3
353	528	0	3.16704367	-4.92123104	-4.89634048	-4.92131321	-4.87461699	0.0154082931	0.226296143	0	100	0	0	3
354	529	0	3.17601547	-4.92106929	-4.89694146	-4.92131321	-4.87461699	0.0160092721	0.226296143	0	100	0	0	3
355	531	0	3.18498726	-4.91843385	-4.89751708	-4.92131321	-4.87461699	0.0165848931	0.226296143	0	100	0	0	3
356	532	0	3.19395906	-4.91626982	-4.89805694	-4.92131321	-4.87461699	0.0171247548	0.226296143	0	100	0	0	3
357	534	0	3.20293085	-4.91153138	-4.89850917	-4.92131321	-4.87461699	0.0175769826	0.226296143	0	100	0	0	3
358	535	0	3.21190265	-4.90854872	-4.89888501	-4.92131321	-4.87461699	0.0179528194	0.226296143	0	100	0	0	3
359	537	0	3.22087444	-4.90452192	-4.89920769	-4.92131321	-4.87461699	0.0182754996	0.226296143	0	100	0	0	3
360	538	0	3.22984624	-4.90372779	-4.89953689	-4.92131321	-4.87461699	0.0186047002	0.226296143	0	100	0	0	3
361	540	0	3.23881803	-4.90387934	-4.89989263	-4.92131321	-4.87461699	0.0189604398	0.226296143	0	100	0	0	3
362	541	0	3.24778983	-4.90755377	-4.9002887	-4.92131321	-4.87461699	0.019356516	0.226296143	0	100	0	0	3
363	543	0	3.25676162	-4.90799231	-4.900704	-4.92131321	-4.87461699	0.0197718128	0.226296143	0	100	0	0	3
364	545	0	3.26573342	-4.90695983	-4.90107832	-4.92131321	-4.87461699	0.0201461362	0.226296143	0	100	0	0	3
365	546	0	3.27470521	-4.90194522	-4.90137919	-4.92131321	-4.87461699	0.0204470017	0.226296143	0	100	0	0	3
366	548	0	3.28367701	-4.89461593	-4.90150377	-4.92131321	-4.87461699	0.0205715829	0.226296143	0	100	0	0	3
367	549	0	3.2926488	-4.88636401	-4.90148275	-4.92131321	-4.87461699	0.0205715829	0.226296143	0	100	0	0	3
368	551	0	3.3016206	-4.88453081	-4.90140365	-4.92131321	-4.87461699	0.0205715829	0.226296143	0	100	0	0	3
369	552	0	3.31059239	-4.88448276	-4.90131412	-4.92131321	-4.87461699	0.0205715829	0.226296143	0	100	0	0	3
370	554	0	3.31956419	-4.88644602	-4.90128658	-4.92131321	-4.87461699	0.0205715829	0.226296143	0	100	0	0	3
371	555	0	3.32853598	-4.88736313	-4.90130819	-4.92131321	-4.87461699	0.0205715829	0.226296143	0	100	0	0	3
372	557	0	3.33750778	-4.88863987	-4.90141895	-4.92131321	-4.87461699	0.0205715829	0.226296143	0	100	0	0	3
373	559	0	3.34647957	-4.88763657	-4.90152681	-4.92131321	-4.87461699	0.0205946195	0.226296143	0	100	0	0	3
374	560	0	3.35545137	-4.88625546	-4.90164635	-4.92131321	-4.87461699	0.0207141612	0.226296143	0	100	0	0	3
375	562	0	3.36442316	-4.88278118	-4.90167189	-4.92131321	-4.87461699	0.0207396992	0.226296143	0	100	0	0	3
376	563	0	3.37339496	-4.88166744	-4.90171066	-4.92131321	-4.87461699	0.0207784715	0.226296143	0	100	0	0	3
377	565	0	3.38236675	-4.88044825	-4.90171016	-4.92131321	-4.87461699	0.0207784715	0.226296143	0	100	0	0	3
378	566	0	3.39133855	-4.88016985	-4.90175626	-4.92131321	-4.87461699	0.0208240732	0.226296143	0	100	0	0	3
379	568	0	3.40031035	-4.87837119	-4.90177967	-4.92131321	-4.87461699	0.0208474841	0.226296143	0	100	0	0	3
380	569	0	3.40928214	-4.87839243	-4.90184709	-4.92131321	-4.87497765	0.0209149026	0.226296143	0	100	0	0	3
381	571	0	3.41825394	-4.87871702	-4.90188674	-4.92131321	-4.87497765	0.0209545501	0.226296143	0	100	0	0	3
382	572	0	3.42722573	-4.88031534	-4.90198205	-4.92131321	-4.87615519	0.021049866	0.226296143	0	100	0	0	3
383	574	0	3.43619753	-4.88156068	-4.90207858	-4.92131321	-4.87837119	0.0211424764	0.226296143	0	100	0	0	3
384	575	0	3.44516932	-4.88165602	-4.9021364	-4.92131321	-4.87837119	0.0211017305	0.226296143	0	100	0	0	3
385	577	0	3.45414112	-4.88290061	-4.90213232	-4.92131321	-4.87837119	0.0208286781	0.226296143	0	100	0	0	3
386	579	0	3.46311291	-4.88507658	-4.90203208	-4.92131321	-4.87837119	0.0204316337	0.226296143	0	100	0	0	3
387	580	0	3.47208471	-4.88745488	-4.90189346	-4.92131321	-4.87837119	0.0199610177	0.226296143	0	100	0	0	3
388	582	0	3.4810565	-4.89127372	-4.90174892	-4.92131321	-4.87837119	0.0193775959	0.226296143	0	100	0	0	3
389	583	0	3.4900283	-4.89286621	-4.90152935	-4.92131321	-4.87837119	0.0187453957	0.226296143	0	100	0	0	3
390	585	0	3.49900009	-4.89469383	-4.90128476	-4.92131321	-4.87837119	0.0180161415	0.226296143	0	100	0	0	3
391	586	0	3.50797189	-4.89423789	-4.90096937	-4.92131321	-4.87837119	0.0172546233	0.226296143	0	100	0	0	3
392	588	0	3.51694368	-4.89612644	-4.90064395	-4.92131321	-4.87837119	0.0165009056	0.226296143	0	100	0	0	3
393	589	0	3.52591548	-4.89566014	-4.90032031	-4.92131321	-4.87837119	0.015706514	0.226296143	0	100	0	0	3
394	591	0	3.53488727	-4.8985219	-4.90003565	-4.92131321	-4.87837119	0.0149747621	0.226296143	0	100	0	0	3
395	592	0	3.54385907	-4.89545112	-4.89969945	-4.92131321	-4.87837119	0.0142217608	0.226296143	0	100	0	0	3
396	594	0	3.55283086	-4.89584925	-4.89932831	-4.92131321	-4.87837119	0.0134963989	0.226296143	0	100	0	0	3
397	595	0	3.56180266	-4.89455065	-4.8988935	-4.92131321	-4.87837119	0.0128076154	0.226296143	0	100	0	0	3
398	597	0	3.57077445	-4.89644936	-4.898451	-4.92131321	-4.87837119	0.0121711671	0.226296143	0	100	0	0	3
399	598	0	3.57974625	-4.89926924	-4.89808273	-4.92131321	-4.87837119	0.0115380421	0.226296143	0	100	0	0	3
400	600	0	3.58871804	-4.90064363	-4.89772575	-4.92131321	-4.87837119	0.0109408975	0.226296143	0	100	0	0	3
401	605	0	3.59768984	-4.89925653	-4.89739668	-4.92131321	-4.87837119	0.0102980858	0.226296143	0	100	0	0	3
402	607	0	3.60666163	-4.89772911	-4.89705719	-4.92131321	-4.87837119	0.00964094534	0.226296143	0	100	0	0	3
403	608	0	3.61563343	-4.89764791	-4.89672336	-4.92131321	-4.87837119	0.00893579356	0.226296143	0	100	0	0	3
404	610	0	3.62460522	-4.89894895	-4.89638147	-4.92131321	-4.87837119	0.00825272056	0.226296143	0	100	0	0	3
405	611	0	3.63357702	-4.90129275	-4.89608045	-4.92131321	-4.87837119	0.00758726067	0.226296143	0	100	0	0	3
406	613	0	3.64254881	-4.90149151	-4.89576722	-4.92131321	-4.87837119	0.00696749974	0.226296143	0	100	0	0	3
407	614	0	3.65152061	-4.90254571	-4.89545231	-4.92131321	-4.87837119	0.00668409157	0.226296143	0	100	0	0	3
408	616	0	3.6604924	-4.90056014	-4.89508172	-4.92123104	-4.87837119	0.0070546821	0.226296143	0	100	0	0	3
409	617	0	3.6694642	-4.90046361	-4.89471087	-4.92106929	-4.87837119	0.007425529	0.226296143	0	100	0	0	3
410	619	0	3.67843599	-4.89832864	-4.89430479	-4.91843385	-4.87837119	0.0078316121	0.226296143	0	100	0	0	3
411	620	0	3.68740779	-4.89902493	-4.8939582	-4.91626982	-4.87837119	0.00817819989	0.226296143	0	100	0	0	3
412	622	0	3.69637958	-4.90053799	-4.89367728	-4.91153138	-4.87837119	0.00845912552	0.226296143	0	100	0	0	3
413	623	0	3.70535138	-4.90051339	-4.89348053	-4.90854872	-4.87837119	0.00865587537	0.226296143	0	100	0	0	3
414	625	0	3.71432317	-4.90026665	-4.89333263	-4.90799231	-4.87837119	0.0088037694	0.226296143	0	100	0	0	3
415	626	0	3.72329497	-4.89958572	-4.89324449	-4.90799231	-4.87837119	0.00889191588	0.226296143	0	100	0	0	3
416	628	0	3.73226676	-4.8985527	-4.89315207	-4.90799231	-4.87837119	0.00898432825	0.226296143	0	100	0	0	3
417	629	0	3.74123856	-4.89700643	-4.89302934	-4.90799231	-4.87837119	0.00910705892	0.226296143	0	100	0	0	3
418	631	0	3.75021035	-4.89600958	-4.8928232	-4.90799231	-4.87837119	0.00931320512	0.226296143	0	100	0	0	3
419	632	0	3.75918215	-4.89507495	-4.89259253	-4.90695983	-4.87837119	0.0095438722	0.226296143	0	100	0	0	3
420	634	0	3.76815394	-4.89475977	-4.89237467	-4.90254571	-4.87837119	0.00976173039	0.226296143	0	100	0	0	3
421	635	0	3.77712574	-4.89223103	-4.8922012	-4.90254571	-4.87837119	0.00993519793	0.226296143	0	100	0	0	3
422	637	0	3.78609753	-4.8947252	-4.89220316	-4.90254571	-4.87837119	0.00993519793	0.226296143	0	100	0	0	3
423	639	0	3.79506933	-4.8954316	-4.89236508	-4.90254571	-4.87837119	0.00993519793	0.226296143	0	100	0	0	3
424	640	0	3.80404112	-4.89554824	-4.89256182	-4.90254571	-4.87837119	0.00993519793	0.226296143	0	100	0	0	3
425	642	0	3.81301292	-4.89468426	-4.89274399	-4.90254571	-4.87837119	0.00993519793	0.226296143	0	100	0	0	3
426	643	0	3.82198471	-4.8943903	-4.89288585	-4.90254571	-4.87837119	0.00993519793	0.226296143	0	100	0	0	3
427	645	0	3.83095651	-4.89182533	-4.89296553	-4.90254571	-4.87837119	0.00993519793	0.226296143	0	100	0	0	3
428	646	0	3.83992831	-4.88993531	-4.89298866	-4.90254571	-4.87837119	0.00993519793	0.226296143	0	100	0	0	3
429	648	0	3.8489001	-4.88966205	-4.89302483	-4.90254571	-4.87837119	0.00993519793	0.226296143	0	100	0	0	3
430	649	0	3.8578719	-4.88637069	-4.89302689	-4.90254571	-4.87837119	0.00993519793	0.226296143	0	100	0	0	3
431	651	0	3.86684369	-4.88585498	-4.89308178	-4.90254571	-4.87837119	0.00993519793	0.226296143	0	100	0	0	3
432	652	0	3.87581549	-4.88669246	-4.89317151	-4.90254571	-4.87837119	0.00993519793	0.226296143	0	100	0	0	3
433	654	0	3.88478728	-4.88610855	-4.89327259	-4.90254571	-4.87837119	0.00993519793	0.226296143	0	100	0	0	3
434	655	0	3.89375908	-4.88830927	-4.89341794	-4.90254571	-4.87837119	0.00993519793	0.226296143	0	100	0	0	3
435	657	0	3.90273087	-4.89004759	-4.89362644	-4.90254571	-4.87839243	0.00993519793	0.226296143	0	100	0	0	3
436	658	0	3.91170267	-4.89181696	-4.89386617	-4.90254571	-4.87871702	0.00993519793	0.226296143	0	100	0	0	3
437	660	0	3.92067446	-4.89262959	-4.89411461	-4.90254571	-4.88031534	0.00993519793	0.226296143	0	100	0	0	3
438	662	0	3.92964626	-4.89466044	-4.89437077	-4.90254571	-4.88156068	0.00993519793	0.226296143	0	100	0	0	3
439	663	0	3.93861805	-4.89444023	-4.89460076	-4.90254571	-4.88165602	0.00993519793	0.226296143	0	100	0	0	3
440	665	0	3.94758985	-4.89501622	-4.89483933	-4.90254571	-4.88290061	0.00993111934	0.226296143	0	100	0	0	3
441	666	0	3.95656164	-4.89669461	-4.89508566	-4.90254571	-4.88507658	0.0098308802	0.226296143	0	100	0	0	3
442	667	0	3.96553344	-4.8976594	-4.89531035	-4.90254571	-4.88585498	0.00969225386	0.226296143	0	100	0	0	3
443	669	0	3.97450523	-4.8996579	-4.89552826	-4.90254571	-4.88585498	0.00954771588	0.226296143	0	100	0	0	3
444	670	0	3.98347703	-4.90055266	-4.89569396	-4.90254571	-4.88585498	0.00932814925	0.226296143	0	100	0	0	3
445	672	0	3.99244882	-4.90302151	-4.8958753	-4.90302151	-4.88585498	0.00908355856	0.226296143	0	100	0	0	3
446	673	0	4.00142062	-4.90422599	-4.89604552	-4.90422599	-4.88585498	0.00876816782	0.226296143	0	100	0	0	3
