Iteration	CPUTime	PhysTime	Travels	Value	AvValue	MinValue	MaxValue	Delta	Criteria	PrevAvRefValue	Progress	CriteriaType	CriteriaVarType	CriteriaPercentage
1	9	0	0.00897179511	101324.689	101324.689	101324.689	101324.689	0	0	0	0	0	0	3
2	10	0	0.0179435902	101324.724	101324.706	101324.689	101324.724	0.0176105623	0	0	0	0	0	3
3	12	0	0.0269153853	101325.055	101324.822	101324.689	101325.055	0.133886937	0	0	0	0	0	3
4	13	0	0.0358871804	101325.027	101324.874	101324.689	101325.055	0.185068218	0	0	0	0	0	3
5	15	0	0.0448589755	101325.038	101324.907	101324.689	101325.055	0.218019382	0	0	0	0	0	3
6	16	0	0.0538307706	101324.993	101324.921	101324.689	101325.055	0.232385608	0	0	0	0	0	3
7	18	0	0.0628025657	101325.037	101324.938	101324.689	101325.055	0.249015721	0	0	0	0	0	3
8	19	0	0.0717743608	101325.008	101324.946	101324.689	101325.055	0.257824359	0	0	0	0	0	3
9	21	0	0.080746156	101325.044	101324.957	101324.689	101325.055	0.26867786	0	0	0	0	0	3
10	23	0	0.0897179511	101325.013	101324.963	101324.689	101325.055	0.274219233	0	0	0	0	0	3
11	24	0	0.0986897462	101325.043	101324.97	101324.689	101325.055	0.281526667	0	0	0	0	0	3
12	26	0	0.107661541	101325.024	101324.975	101324.689	101325.055	0.286017785	0	0	0	0	0	3
13	27	0	0.116633336	101325.049	101324.98	101324.689	101325.055	0.291758719	0	0	0	0	0	3
14	29	0	0.125605131	101325.035	101324.984	101324.689	101325.055	0.295653761	0	0	0	0	0	3
15	30	0	0.134576927	101325.052	101324.989	101324.689	101325.055	0.30014808	0	0	0	0	0	3
16	32	0	0.143548722	101325.045	101324.992	101324.689	101325.055	0.30369568	0	0	0	0	0	3
17	33	0	0.152520517	101325.055	101324.996	101324.689	101325.055	0.307376043	0	0	0	0	0	3
18	35	0	0.161492312	101325.051	101324.999	101324.689	101325.055	0.310434741	0	0	0	0	0	3
19	37	0	0.170464107	101325.056	101325.002	101324.689	101325.056	0.31341737	0	0	0	0	0	3
20	38	0	0.179435902	101325.053	101325.005	101324.689	101325.056	0.315995555	0	0	0	0	0	3
21	40	0	0.188407697	101325.057	101325.007	101324.689	101325.057	0.318481483	0	0	0	0	0	3
22	41	0	0.197379492	101325.056	101325.009	101324.689	101325.057	0.320708355	0	0	0	0	0	3
23	43	0	0.206351287	101325.055	101325.011	101324.689	101325.057	0.322713071	0	0	0	0	0	3
24	44	0	0.215323083	101325.055	101325.013	101324.689	101325.057	0.324528061	0	0	0	0	0	3
25	46	0	0.224294878	101325.053	101325.015	101324.689	101325.057	0.326138985	0	0	0	0	0	3
26	47	0	0.233266673	101325.052	101325.016	101324.689	101325.057	0.327558567	0	0	0	0	0	3
27	49	0	0.242238468	101325.044	101325.017	101324.689	101325.057	0.328579819	0	0	0	0	0	3
28	51	0	0.251210263	101325.034	101325.018	101324.689	101325.057	0.329191261	0	0	0	0	0	3
29	52	0	0.260182058	101325.023	101325.018	101324.689	101325.057	0.329374074	0	0	0	0	0	3
30	53	0	0.269153853	101325.012	101325.018	101324.689	101325.057	0.329374074	0	0	0	0	0	3
31	55	0	0.278125648	101325	101325.017	101324.689	101325.057	0.329374074	0	0	0	0	0	3
32	57	0	0.287097443	101324.981	101325.016	101324.689	101325.057	0.329374074	0	0	0	0	0	3
33	58	0	0.296069238	101324.966	101325.014	101324.689	101325.057	0.329374074	0	0	0	0	0	3
34	60	0	0.305041034	101324.954	101325.013	101324.689	101325.057	0.329374074	0	0	0	0	0	3
35	61	0	0.314012829	101324.945	101325.011	101324.689	101325.057	0.329374074	0	0	0	0	0	3
36	63	0	0.322984624	101324.938	101325.009	101324.689	101325.057	0.329374074	0	0	0	0	0	3
37	64	0	0.331956419	101324.932	101325.007	101324.689	101325.057	0.329374074	0	0	0	0	0	3
38	66	0	0.340928214	101324.927	101325.005	101324.689	101325.057	0.329374074	0	0	0	0	0	3
39	68	0	0.349900009	101324.924	101325.002	101324.689	101325.057	0.329374074	0	0	0	0	0	3
40	69	0	0.358871804	101324.923	101325.001	101324.689	101325.057	0.329374074	0	0	0	0	0	3
41	71	0	0.367843599	101324.922	101324.999	101324.689	101325.057	0.329374074	0	0	0	0	0	3
42	72	0	0.376815394	101324.92	101324.997	101324.689	101325.057	0.329374074	0	0	0	0	0	3
43	74	0	0.38578719	101324.915	101324.995	101324.689	101325.057	0.329374074	0	0	0	0	0	3
44	76	0	0.394758985	101324.911	101324.993	101324.689	101325.057	0.329374074	0	0	0	0	0	3
45	77	0	0.40373078	101324.906	101324.991	101324.689	101325.057	0.329374074	0	0	0	0	0	3
46	79	0	0.412702575	101324.903	101324.989	101324.689	101325.057	0.329374074	0	0	0	0	0	3
47	80	0	0.42167437	101324.902	101324.987	101324.689	101325.057	0.329374074	0	0	0	0	0	3
48	82	0	0.430646165	101324.901	101324.985	101324.689	101325.057	0.329374074	0	0	0	0	0	3
49	83	0	0.43961796	101324.9	101324.984	101324.689	101325.057	0.329374074	0	0	0	0	0	3
50	85	0	0.448589755	101324.899	101324.982	101324.689	101325.057	0.329374074	0	0	0	0	0	3
51	87	0	0.45756155	101324.897	101324.98	101324.689	101325.057	0.329374074	0	0	0	0	0	3
52	88	0	0.466533345	101324.893	101324.979	101324.689	101325.057	0.329374074	0	0	0	0	0	3
53	90	0	0.475505141	101324.89	101324.977	101324.689	101325.057	0.329374074	0	0	0	0	0	3
54	91	0	0.484476936	101324.89	101324.975	101324.689	101325.057	0.329374074	0	0	0	0	0	3
55	93	0	0.493448731	101324.89	101324.974	101324.689	101325.057	0.329374074	0	0	0	0	0	3
56	94	0	0.502420526	101324.891	101324.972	101324.689	101325.057	0.329374074	0	0	0	0	0	3
57	96	0	0.511392321	101324.89	101324.976	101324.724	101325.057	0.311763512	0	0	0	0	0	3
58	97	0	0.520364116	101324.888	101324.979	101324.888	101325.057	0.168473704	0	0	0	0	0	3
59	99	0	0.529335911	101324.885	101324.976	101324.885	101325.057	0.144305855	0	0	0	0	0	3
60	100	0	0.538307706	101324.881	101324.973	101324.881	101325.057	0.111354691	0	0	0	0	0	3
61	102	0	0.547279501	101324.878	101324.97	101324.878	101325.057	0.0969884654	0	0	0	0	0	3
62	103	0	0.556251297	101324.878	101324.968	101324.878	101325.057	0.0803583527	0	0	0	0	0	3
63	105	0	0.565223092	101324.879	101324.965	101324.878	101325.057	0.0715497146	0	0	0	0	0	3
64	106	0	0.574194887	101324.881	101324.963	101324.878	101325.057	0.060696214	0	0	0	0	0	3
65	108	0	0.583166682	101324.88	101324.96	101324.878	101325.057	0.0576313305	0	0	0	0	0	3
66	109	0	0.592138477	101324.881	101324.958	101324.878	101325.057	0.0599839465	0	0	0	0	0	3
67	111	0	0.601110272	101324.881	101324.955	101324.878	101325.057	0.0628792124	0	0	0	0	0	3
68	112	0	0.610082067	101324.881	101324.952	101324.878	101325.057	0.0654233607	0	0	0	0	0	3
69	114	0	0.619053862	101324.88	101324.949	101324.878	101325.057	0.0684402119	0	0	0	0	0	3
70	115	0	0.628025657	101324.879	101324.947	101324.878	101325.057	0.0712163737	0	0	0	0	0	3
71	117	0	0.636997452	101324.877	101324.944	101324.877	101325.057	0.0743306379	0	0	0	0	0	3
72	118	0	0.645969248	101324.876	101324.941	101324.876	101325.057	0.0773561536	0	0	0	0	0	3
73	119	0	0.654941043	101324.876	101324.937	101324.876	101325.057	0.0805483278	0	0	0	0	0	3
74	121	0	0.663912838	101324.876	101324.934	101324.876	101325.057	0.0836791284	0	0	0	0	0	3
75	122	0	0.672884633	101324.875	101324.931	101324.875	101325.057	0.0869112332	0	0	0	0	0	3
76	124	0	0.681856428	101324.874	101324.928	101324.874	101325.057	0.0901141449	0	0	0	0	0	3
77	125	0	0.690828223	101324.873	101324.924	101324.873	101325.056	0.0934024356	0	0	0	0	0	3
78	127	0	0.699800018	101324.871	101324.921	101324.871	101325.055	0.0967054233	0	0	0	0	0	3
79	128	0	0.708771813	101324.869	101324.918	101324.869	101325.055	0.100034725	0	0	0	0	0	3
80	129	0	0.717743608	101324.869	101324.915	101324.869	101325.053	0.103359977	0	0	0	0	0	3
81	131	0	0.726715404	101324.869	101324.911	101324.869	101325.052	0.106657701	0	0	0	0	0	3
82	133	0	0.735687199	101324.871	101324.908	101324.869	101325.044	0.109889038	0	0	0	0	0	3
83	134	0	0.744658994	101324.872	101324.905	101324.869	101325.034	0.112953314	0	0	0	0	0	3
84	136	0	0.753630789	101324.873	101324.902	101324.869	101325.023	0.11583333	0	0	0	0	0	3
85	138	0	0.762602584	101324.872	101324.899	101324.869	101325.012	0.11832856	0	0	0	0	0	3
86	140	0	0.771574379	101324.872	101324.897	101324.869	101325	0.120247478	0	0	0	0	0	3
87	141	0	0.780546174	101324.871	101324.895	101324.869	101324.981	0.112923752	0	0	0	0	0	3
88	143	0	0.789517969	101324.87	101324.893	101324.869	101324.966	0.0974516524	0	0	0	0	0	3
89	145	0	0.798489764	101324.868	101324.891	101324.868	101324.954	0.086095824	0	0	0	0	0	3
90	146	0	0.80746156	101324.867	101324.889	101324.867	101324.945	0.0782462768	0	0	0	0	0	3
91	149	0	0.816433355	101324.866	101324.888	101324.866	101324.938	0.0717262774	0	0	0	0	0	3
92	150	0	0.82540515	101324.867	101324.887	101324.866	101324.932	0.0661506431	0	0	0	0	0	3
93	151	0	0.834376945	101324.868	101324.885	101324.866	101324.927	0.0610668738	0	0	0	0	0	3
94	153	0	0.84334874	101324.869	101324.884	101324.866	101324.924	0.05825186	0	0	0	0	0	3
95	154	0	0.852320535	101324.87	101324.883	101324.866	101324.923	0.0568574935	0	0	0	0	0	3
96	156	0	0.86129233	101324.87	101324.883	101324.866	101324.922	0.0563288409	0	0	0	0	0	3
97	157	0	0.870264125	101324.869	101324.882	101324.866	101324.92	0.0539484826	0	0	0	0	0	3
98	159	0	0.87923592	101324.868	101324.881	101324.866	101324.915	0.0492758878	0	0	0	0	0	3
99	160	0	0.888207715	101324.866	101324.88	101324.866	101324.911	0.0451023227	0	0	0	0	0	3
100	161	0	0.897179511	101324.865	101324.879	101324.865	101324.906	0.0415127899	0	0	0	0	0	3
101	166	0	0.906151306	101324.864	101324.878	101324.864	101324.903	0.0394046421	0	0	0	0	0	3
102	167	0	0.915123101	101324.864	101324.877	101324.864	101324.902	0.0382576862	0	0	0	0	0	3
103	169	0	0.924094896	101324.864	101324.877	101324.864	101324.901	0.0370439766	0	0	0	0	0	3
104	170	0	0.933066691	101324.866	101324.876	101324.864	101324.9	0.0367313849	0	0	0	0	0	3
105	172	0	0.942038486	101324.866	101324.876	101324.864	101324.899	0.0356594446	0	0	0	0	0	3
106	173	0	0.951010281	101324.866	101324.875	101324.864	101324.897	0.0333045762	0	0	0	0	0	3
107	174	0	0.959982076	101324.866	101324.874	101324.864	101324.893	0.0291737646	0	0	0	0	0	3
108	176	0	0.968953871	101324.865	101324.874	101324.864	101324.891	0.0275617993	0	0	0	0	0	3
109	177	0	0.977925667	101324.864	101324.873	101324.864	101324.891	0.0275617993	0	0	0	0	0	3
110	178	0	0.986897462	101324.864	101324.873	101324.864	101324.891	0.0275617993	0	0	0	0	0	3
111	180	0	0.995869257	101324.865	101324.873	101324.864	101324.891	0.0275617993	0	0	0	0	0	3
112	181	0	1.00484105	101324.865	101324.872	101324.864	101324.89	0.0269176351	0.00579571976	0	0	0	0	3
113	183	0	1.01381285	101324.866	101324.872	101324.864	101324.888	0.0247169551	0.00579571976	0	0	0	0	3
114	184	0	1.02278464	101324.866	101324.871	101324.864	101324.885	0.0214243202	0.00579571976	0	0	0	0	3
115	185	0	1.03175644	101324.867	101324.871	101324.864	101324.881	0.0179383743	0.00579571976	0	0	0	0	3
116	187	0	1.04072823	101324.866	101324.871	101324.864	101324.881	0.0179383743	0.00579571976	0	0	0	0	3
117	188	0	1.04970003	101324.866	101324.87	101324.864	101324.881	0.0179383743	0.00579571976	0	0	0	0	3
118	190	0	1.05867182	101324.866	101324.87	101324.864	101324.881	0.0179383743	0.00579571976	0	0	0	0	3
119	191	0	1.06764362	101324.866	101324.87	101324.864	101324.881	0.0179383743	0.00579571976	0	0	0	0	3
120	193	0	1.07661541	101324.866	101324.87	101324.864	101324.881	0.0179383743	0.00579571976	0	0	0	0	3
121	194	0	1.08558721	101324.866	101324.87	101324.864	101324.881	0.0179383743	0.00579571976	0	0	0	0	3
122	196	0	1.094559	101324.865	101324.869	101324.864	101324.881	0.0179383743	0.00579571976	0	0	0	0	3
123	197	0	1.1035308	101324.865	101324.869	101324.864	101324.881	0.0179383743	0.00579571976	0	0	0	0	3
124	198	0	1.11250259	101324.865	101324.869	101324.864	101324.88	0.016696867	0.00579571976	0	0	0	0	3
125	200	0	1.12147439	101324.866	101324.868	101324.864	101324.879	0.0158148409	0.00579571976	0	0	0	0	3
126	201	0	1.13044618	101324.866	101324.868	101324.864	101324.877	0.0136603379	0.00579571976	0	0	0	0	3
127	203	0	1.13941798	101324.867	101324.868	101324.864	101324.876	0.0124907006	0.00579571976	0	0	0	0	3
128	204	0	1.14838977	101324.868	101324.868	101324.864	101324.876	0.0124907006	0.00579571976	0	0	0	0	3
129	206	0	1.15736157	101324.868	101324.868	101324.864	101324.876	0.0120983696	0.00579571976	0	0	0	0	3
130	207	0	1.16633336	101324.867	101324.868	101324.864	101324.875	0.0110974123	0.00579571976	0	0	0	0	3
131	209	0	1.17530516	101324.865	101324.867	101324.864	101324.874	0.0106086078	0.00579571976	0	0	0	0	3
132	210	0	1.18427695	101324.863	101324.867	101324.863	101324.873	0.00993485717	0.00579650722	0	0	0	0	3
133	211	0	1.19324875	101324.862	101324.867	101324.862	101324.873	0.0110024336	0.00579770565	0	0	0	0	3
134	213	0	1.20222054	101324.863	101324.867	101324.862	101324.873	0.0110024336	0.00579790081	0	0	0	0	3
135	214	0	1.21119234	101324.865	101324.867	101324.862	101324.873	0.0110024336	0.00579736944	0	0	0	0	3
136	216	0	1.22016413	101324.867	101324.867	101324.862	101324.873	0.0110024336	0.00579571976	0	0	0	0	3
137	217	0	1.22913593	101324.868	101324.867	101324.862	101324.873	0.0110024336	0.00579571976	0	0	0	0	3
138	218	0	1.23810772	101324.868	101324.867	101324.862	101324.873	0.0110024336	0.00579571976	0	0	0	0	3
139	220	0	1.24707952	101324.868	101324.867	101324.862	101324.873	0.0110024336	0.00579571976	0	0	0	0	3
140	221	0	1.25605131	101324.867	101324.866	101324.862	101324.872	0.0105637859	0.00579571976	0	0	0	0	3
141	223	0	1.26502311	101324.866	101324.866	101324.862	101324.872	0.00998238928	0.00579571976	0	0	0	0	3
142	224	0	1.2739949	101324.865	101324.866	101324.862	101324.871	0.0093974784	0.00579571976	0	0	0	0	3
143	226	0	1.2829667	101324.865	101324.866	101324.862	101324.87	0.00832609423	0.00579571976	0	0	0	0	3
144	227	0	1.2919385	101324.864	101324.866	101324.862	101324.87	0.00832609423	0.00579571976	0	0	0	0	3
145	228	0	1.30091029	101324.863	101324.866	101324.862	101324.87	0.00832609423	0.00579571976	0	0	0	0	3
146	230	0	1.30988209	101324.862	101324.866	101324.862	101324.87	0.00866882775	0.00579571976	0	0	0	0	3
147	231	0	1.31885388	101324.861	101324.866	101324.861	101324.87	0.00908751192	0.00579571976	0	0	0	0	3
148	232	0	1.32782568	101324.861	101324.866	101324.861	101324.87	0.00908751192	0.00579571976	0	0	0	0	3
149	234	0	1.33679747	101324.862	101324.866	101324.861	101324.87	0.00908751192	0.00579571976	0	0	0	0	3
150	235	0	1.34576927	101324.863	101324.865	101324.861	101324.87	0.00908751192	0.00579571976	0	0	0	0	3
151	237	0	1.35474106	101324.863	101324.865	101324.861	101324.87	0.00888187159	0.00579571976	0	0	0	0	3
152	238	0	1.36371286	101324.863	101324.865	101324.861	101324.869	0.00815373413	0.00579571976	0	0	0	0	3
153	240	0	1.37268465	101324.862	101324.865	101324.861	101324.868	0.00732580014	0.00579571976	0	0	0	0	3
154	241	0	1.38165645	101324.861	101324.865	101324.861	101324.868	0.00732580014	0.00579571976	0	0	0	0	3
155	242	0	1.39062824	101324.861	101324.865	101324.861	101324.868	0.00779938695	0.00579571976	0	0	0	0	3
156	244	0	1.39960004	101324.86	101324.865	101324.86	101324.868	0.00836298986	0.00579571976	0	0	0	0	3
157	245	0	1.40857183	101324.86	101324.865	101324.86	101324.868	0.00876348536	0.00579571976	0	0	0	0	3
158	246	0	1.41754363	101324.86	101324.865	101324.86	101324.868	0.00876348536	0.00579571976	0	0	0	0	3
159	248	0	1.42651542	101324.861	101324.865	101324.86	101324.868	0.00876348536	0.00579571976	0	0	0	0	3
160	249	0	1.43548722	101324.863	101324.865	101324.86	101324.868	0.00876348536	0.00579571976	0	0	0	0	3
161	251	0	1.44445901	101324.865	101324.865	101324.86	101324.868	0.00876348536	0.00579571976	0	0	0	0	3
162	252	0	1.45343081	101324.866	101324.865	101324.86	101324.868	0.00876348536	0.00579571976	0	0	0	0	3
163	253	0	1.4624026	101324.866	101324.865	101324.86	101324.868	0.00876348536	0.00579571976	0	0	0	0	3
164	255	0	1.4713744	101324.865	101324.865	101324.86	101324.868	0.00876348536	0.00579571976	0	0	0	0	3
165	256	0	1.48034619	101324.863	101324.865	101324.86	101324.868	0.00850223382	0.00579571976	0	0	0	0	3
166	258	0	1.48931799	101324.863	101324.864	101324.86	101324.868	0.00806704201	0.00579571976	0	0	0	0	3
167	259	0	1.49828978	101324.862	101324.864	101324.86	101324.868	0.00764417936	0.00579571976	0	0	0	0	3
168	261	0	1.50726158	101324.862	101324.864	101324.86	101324.868	0.00725801158	0.00579571976	0	0	0	0	3
169	262	0	1.51623337	101324.861	101324.864	101324.86	101324.868	0.00694675221	0.00579571976	0	0	0	0	3
170	263	0	1.52520517	101324.86	101324.864	101324.86	101324.868	0.00672641439	0.00579571976	0	0	0	0	3
171	265	0	1.53417696	101324.859	101324.864	101324.859	101324.868	0.00660643927	0.00579571976	0	0	0	0	3
172	266	0	1.54314876	101324.857	101324.864	101324.857	101324.868	0.0065711577	0.00579571976	0	0	0	0	3
173	267	0	1.55212055	101324.855	101324.864	101324.855	101324.868	0.00656387185	0.00579571976	0	0	0	0	3
174	269	0	1.56109235	101324.854	101324.863	101324.854	101324.868	0.00655722404	0.00579571976	0	0	0	0	3
175	270	0	1.57006414	101324.854	101324.863	101324.854	101324.868	0.00651623978	0.00579571976	0	0	0	0	3
176	272	0	1.57903594	101324.855	101324.863	101324.854	101324.868	0.00644680284	0.00579571976	0	0	0	0	3
177	273	0	1.58800773	101324.856	101324.863	101324.854	101324.868	0.00633262024	0.00579571976	0	0	0	0	3
178	274	0	1.59697953	101324.856	101324.863	101324.854	101324.868	0.00621173147	0.00579571976	0	0	0	0	3
179	276	0	1.60595132	101324.854	101324.863	101324.854	101324.868	0.00611220323	0.00579571976	0	0	0	0	3
180	277	0	1.61492312	101324.853	101324.862	101324.853	101324.868	0.00607344965	0.00579571976	0	0	0	0	3
181	279	0	1.62389491	101324.852	101324.862	101324.852	101324.868	0.00608515108	0.00579571976	0	0	0	0	3
182	280	0	1.63286671	101324.851	101324.862	101324.851	101324.868	0.00616996971	0.00579571976	0	0	0	0	3
183	281	0	1.6418385	101324.85	101324.862	101324.85	101324.868	0.00631556443	0.00579571976	0	0	0	0	3
184	283	0	1.6508103	101324.85	101324.861	101324.85	101324.868	0.00649789358	0.00579571976	0	0	0	0	3
185	284	0	1.65978209	101324.848	101324.861	101324.848	101324.868	0.00669689864	0.00579571976	0	0	0	0	3
186	286	0	1.66875389	101324.847	101324.86	101324.847	101324.868	0.00688285145	0.00579571976	0	0	0	0	3
187	287	0	1.67772568	101324.847	101324.86	101324.847	101324.868	0.00701235035	0.00579571976	0	0	0	0	3
188	288	0	1.68669748	101324.849	101324.86	101324.847	101324.868	0.00706482894	0.00579571976	0	0	0	0	3
189	290	0	1.69566927	101324.854	101324.86	101324.847	101324.868	0.00705449277	0.00579571976	0	0	0	0	3
190	291	0	1.70464107	101324.859	101324.86	101324.847	101324.868	0.00704051706	0.00579571976	0	0	0	0	3
191	293	0	1.71361287	101324.862	101324.86	101324.847	101324.868	0.00705496242	0.00579571976	0	0	0	0	3
192	294	0	1.72258466	101324.862	101324.86	101324.847	101324.868	0.00714031361	0.00579571976	0	0	0	0	3
193	295	0	1.73155646	101324.86	101324.859	101324.847	101324.868	0.00725905994	0.00579571976	0	0	0	0	3
194	297	0	1.74052825	101324.858	101324.859	101324.847	101324.868	0.0073606911	0.00579571976	0	0	0	0	3
195	298	0	1.74950005	101324.858	101324.859	101324.847	101324.867	0.00741492325	0.00579571976	0	0	0	0	3
196	299	0	1.75847184	101324.859	101324.859	101324.847	101324.866	0.00742361681	0.00579571976	0	0	0	0	3
197	301	0	1.76744364	101324.861	101324.859	101324.847	101324.866	0.00739230737	0.00579571976	0	0	0	0	3
198	302	0	1.77641543	101324.862	101324.859	101324.847	101324.866	0.00733256598	0.00579571976	0	0	0	0	3
199	303	0	1.78538723	101324.862	101324.859	101324.847	101324.866	0.00727191086	0.00579571976	0	0	0	0	3
200	305	0	1.79435902	101324.862	101324.859	101324.847	101324.866	0.00722206803	0.00579571976	0	0	0	0	3
201	310	0	1.80333082	101324.861	101324.859	101324.847	101324.866	0.00715709616	0.00579571976	0	0	0	0	3
202	311	0	1.81230261	101324.861	101324.859	101324.847	101324.866	0.00708817145	0.00579571976	0	0	0	0	3
203	312	0	1.82127441	101324.86	101324.859	101324.847	101324.866	0.00702283473	0.00579571976	0	0	0	0	3
204	314	0	1.8302462	101324.86	101324.859	101324.847	101324.866	0.00694652047	0.00579571976	0	0	0	0	3
205	315	0	1.839218	101324.861	101324.859	101324.847	101324.866	0.00685774248	0.00579571976	0	0	0	0	3
206	316	0	1.84818979	101324.862	101324.859	101324.847	101324.866	0.00674797907	0.00579571976	0	0	0	0	3
207	318	0	1.85716159	101324.862	101324.859	101324.847	101324.866	0.00663841488	0.00579571976	0	0	0	0	3
208	319	0	1.86613338	101324.861	101324.859	101324.847	101324.866	0.00653837249	0.00579571976	0	0	0	0	3
209	321	0	1.87510518	101324.857	101324.858	101324.847	101324.866	0.00650491311	0.00579571976	0	0	0	0	3
210	322	0	1.88407697	101324.856	101324.858	101324.847	101324.866	0.00651387298	0.00579571976	0	0	0	0	3
211	323	0	1.89304877	101324.857	101324.858	101324.847	101324.866	0.00648992982	0.00579571976	0	0	0	0	3
212	325	0	1.90202056	101324.862	101324.858	101324.847	101324.866	0.00642024289	0.00579571976	0	0	0	0	3
213	326	0	1.91099236	101324.866	101324.858	101324.847	101324.866	0.00636279024	0.00579571976	0	0	0	0	3
214	328	0	1.91996415	101324.868	101324.859	101324.847	101324.868	0.0063098337	0.00579571976	0	0	0	0	3
215	329	0	1.92893595	101324.866	101324.859	101324.847	101324.868	0.00627090919	0.00579571976	0	0	0	0	3
216	330	0	1.93790774	101324.862	101324.859	101324.847	101324.868	0.00626643263	0.00579571976	0	0	0	0	3
217	332	0	1.94687954	101324.858	101324.858	101324.847	101324.868	0.00626643263	0.00579571976	0	0	0	0	3
218	333	0	1.95585133	101324.858	101324.858	101324.847	101324.868	0.00626643263	0.00579571976	0	0	0	0	3
219	335	0	1.96482313	101324.86	101324.858	101324.847	101324.868	0.00631263304	0.00579571976	0	0	0	0	3
220	336	0	1.97379492	101324.864	101324.858	101324.847	101324.868	0.00630237297	0.00579571976	0	0	0	0	3
221	337	0	1.98276672	101324.867	101324.858	101324.847	101324.868	0.00627550785	0.00579571976	0	0	0	0	3
222	339	0	1.99173851	101324.868	101324.858	101324.847	101324.868	0.00623790623	0.00579571976	0	0	0	0	3
223	340	0	2.00071031	101324.866	101324.858	101324.847	101324.868	0.00618522	0.00579571976	0	0	0	0	3
224	342	0	2.0096821	101324.864	101324.858	101324.847	101324.868	0.00610690675	0.00579571976	0	0	0	0	3
225	344	0	2.0186539	101324.862	101324.858	101324.847	101324.868	0.00599843152	0.00579571976	0	0	0	0	3
226	345	0	2.02762569	101324.86	101324.858	101324.847	101324.868	0.005859239	0.00579571976	0	0	0	0	3
227	346	0	2.03659749	101324.861	101324.859	101324.847	101324.868	0.00569269675	0.00579571976	0	0	0	0	3
228	348	0	2.04556928	101324.863	101324.859	101324.847	101324.868	0.00549761043	0.00579571976	0	0	0	0	3
229	349	0	2.05454108	101324.865	101324.859	101324.847	101324.868	0.00528473326	0.00579571976	0	0	0	0	3
230	351	0	2.06351287	101324.867	101324.859	101324.847	101324.868	0.00506932473	0.00579571976	0	0	0	0	3
231	352	0	2.07248467	101324.868	101324.859	101324.847	101324.868	0.0048759713	0.00579571976	0	0	0	0	3
232	353	0	2.08145646	101324.867	101324.859	101324.847	101324.868	0.00470867152	0.00579571976	0	0	0	0	3
233	355	0	2.09042826	101324.866	101324.86	101324.847	101324.868	0.00454409882	0.00579571976	0	0	0	0	3
234	356	0	2.09940005	101324.865	101324.86	101324.847	101324.868	0.00435605731	0.00579571976	0	0	0	0	3
235	358	0	2.10837185	101324.864	101324.86	101324.847	101324.868	0.00413504246	0.00579571976	0	0	0	0	3
236	359	0	2.11734364	101324.862	101324.86	101324.847	101324.868	0.00388511267	0.00579571976	0	0	0	0	3
237	360	0	2.12631544	101324.862	101324.86	101324.847	101324.868	0.00361451873	0.00579571976	0	0	0	0	3
238	362	0	2.13528724	101324.861	101324.86	101324.847	101324.868	0.00332079281	0.00579571976	0	0	0	0	3
239	363	0	2.14425903	101324.861	101324.861	101324.847	101324.868	0.00299714482	0.00579571976	0	0	0	0	3
240	365	0	2.15323083	101324.862	101324.861	101324.847	101324.868	0.00270616691	0.00579571976	0	0	0	0	3
241	366	0	2.16220262	101324.862	101324.861	101324.847	101324.868	0.00295685988	0.00579571976	0	0	0	0	3
242	368	0	2.17117442	101324.862	101324.861	101324.847	101324.868	0.00321698684	0.00579571976	0	0	0	0	3
243	369	0	2.18014621	101324.861	101324.862	101324.849	101324.868	0.00346233946	0.00579571976	0	0	0	0	3
244	370	0	2.18911801	101324.859	101324.862	101324.854	101324.868	0.00363457388	0.00579571976	0	0	0	0	3
245	372	0	2.1980898	101324.857	101324.862	101324.856	101324.868	0.00369463778	0.00579571976	0	0	0	0	3
246	373	0	2.2070616	101324.856	101324.862	101324.856	101324.868	0.00369463778	0.00579571976	0	0	0	0	3
247	374	0	2.21603339	101324.855	101324.862	101324.855	101324.868	0.00369463778	0.00579571976	0	0	0	0	3
248	376	0	2.22500519	101324.855	101324.862	101324.855	101324.868	0.00369463778	0.00579571976	0	0	0	0	3
249	377	0	2.23397698	101324.854	101324.862	101324.854	101324.868	0.00369463778	0.00579571976	0	0	0	0	3
250	378	0	2.24294878	101324.853	101324.861	101324.853	101324.868	0.00369463778	0.00579571976	0	0	0	0	3
251	380	0	2.25192057	101324.853	101324.861	101324.853	101324.868	0.00369463778	0.00579571976	0	0	0	0	3
252	381	0	2.26089237	101324.854	101324.861	101324.853	101324.868	0.00369463778	0.00579571976	0	0	0	0	3
253	383	0	2.26986416	101324.855	101324.861	101324.853	101324.868	0.00369463778	0.00579571976	0	0	0	0	3
254	384	0	2.27883596	101324.856	101324.861	101324.853	101324.868	0.00369463778	0.00579571976	0	0	0	0	3
255	385	0	2.28780775	101324.857	101324.861	101324.853	101324.868	0.00369463778	0.00579571976	0	0	0	0	3
256	387	0	2.29677955	101324.858	101324.861	101324.853	101324.868	0.00369463778	0.00579571976	0	0	0	0	3
257	388	0	2.30575134	101324.859	101324.861	101324.853	101324.868	0.00369463778	0.00579571976	0	0	0	0	3
258	389	0	2.31472314	101324.86	101324.861	101324.853	101324.868	0.00369463778	0.00579571976	0	0	0	0	3
259	391	0	2.32369493	101324.86	101324.861	101324.853	101324.868	0.00369463778	0.00579571976	0	0	0	0	3
260	392	0	2.33266673	101324.859	101324.861	101324.853	101324.868	0.00369463778	0.00579571976	0	0	0	0	3
261	394	0	2.34163852	101324.859	101324.861	101324.853	101324.868	0.00369463778	0.00579571976	0	0	0	0	3
262	395	0	2.35061032	101324.86	101324.861	101324.853	101324.868	0.00369463778	0.00579571976	0	0	0	0	3
263	396	0	2.35958211	101324.861	101324.861	101324.853	101324.868	0.00369463778	0.00579571976	0	0	0	0	3
264	398	0	2.36855391	101324.862	101324.861	101324.853	101324.868	0.00369463778	0.00579571976	0	0	0	0	3
265	399	0	2.3775257	101324.862	101324.861	101324.853	101324.868	0.00369463778	0.00579571976	0	0	0	0	3
266	401	0	2.3864975	101324.862	101324.861	101324.853	101324.868	0.00369463778	0.00579571976	0	0	0	0	3
267	402	0	2.39546929	101324.862	101324.861	101324.853	101324.868	0.00369463778	0.00579571976	0	0	0	0	3
268	403	0	2.40444109	101324.862	101324.861	101324.853	101324.868	0.00369463778	0.00579571976	0	0	0	0	3
269	405	0	2.41341288	101324.862	101324.861	101324.853	101324.868	0.00369463778	0.00579571976	0	0	0	0	3
270	406	0	2.42238468	101324.862	101324.861	101324.853	101324.868	0.00369463778	0.00579571976	0	0	0	0	3
271	408	0	2.43135647	101324.863	101324.861	101324.853	101324.868	0.00369463778	0.00579571976	0	0	0	0	3
272	409	0	2.44032827	101324.863	101324.861	101324.853	101324.868	0.00369463778	0.00579571976	0	0	0	0	3
273	410	0	2.44930006	101324.865	101324.861	101324.853	101324.868	0.00369463778	0.00579571976	0	0	0	0	3
274	412	0	2.45827186	101324.866	101324.861	101324.853	101324.868	0.00369463778	0.00579571976	0	0	0	0	3
275	413	0	2.46724365	101324.867	101324.861	101324.853	101324.868	0.00369463778	0.00579571976	0	0	0	0	3
276	414	0	2.47621545	101324.867	101324.861	101324.853	101324.868	0.00363052059	0.00579571976	0	0	0	0	3
277	416	0	2.48518724	101324.866	101324.861	101324.853	101324.868	0.00353621275	0.00579571976	0	0	0	0	3
278	417	0	2.49415904	101324.865	101324.861	101324.853	101324.868	0.00346378311	0.00579571976	0	0	0	0	3
279	418	0	2.50313083	101324.865	101324.861	101324.853	101324.868	0.00343179522	0.00579571976	0	0	0	0	3
280	420	0	2.51210263	101324.865	101324.861	101324.853	101324.868	0.00342790934	0.00579571976	0	0	0	0	3
281	421	0	2.52107442	101324.865	101324.861	101324.853	101324.868	0.00342790934	0.00579571976	0	0	0	0	3
282	422	0	2.53004622	101324.865	101324.861	101324.853	101324.868	0.00339506241	0.00579571976	0	0	0	0	3
283	423	0	2.53901801	101324.866	101324.861	101324.853	101324.868	0.00329657638	0.00579571976	0	0	0	0	3
284	425	0	2.54798981	101324.867	101324.862	101324.853	101324.868	0.00312332466	0.00579571976	0	0	0	0	3
285	426	0	2.55696161	101324.869	101324.862	101324.853	101324.869	0.00289342324	0.00579571976	0	0	0	0	3
286	427	0	2.5659334	101324.871	101324.862	101324.853	101324.871	0.00264833432	0.00579571976	0	0	0	0	3
287	429	0	2.5749052	101324.872	101324.862	101324.853	101324.872	0.00243450546	0.00579571976	0	0	0	0	3
288	430	0	2.58387699	101324.872	101324.862	101324.853	101324.872	0.00225293211	0.00579571976	0	0	0	0	3
289	431	0	2.59284879	101324.871	101324.862	101324.853	101324.872	0.00209750398	0.00579571976	0	0	0	0	3
290	433	0	2.60182058	101324.869	101324.862	101324.853	101324.872	0.00200075012	0.00579571976	0	0	0	0	3
291	434	0	2.61079238	101324.868	101324.862	101324.853	101324.872	0.00190358378	0.00579571976	0	0	0	0	3
292	435	0	2.61976417	101324.867	101324.862	101324.853	101324.872	0.00180790534	0.00579571976	0	0	0	0	3
293	437	0	2.62873597	101324.867	101324.862	101324.853	101324.872	0.0017249884	0.00579571976	0	0	0	0	3
294	438	0	2.63770776	101324.868	101324.862	101324.853	101324.872	0.00164672239	0.00579571976	0	0	0	0	3
295	439	0	2.64667956	101324.869	101324.862	101324.853	101324.872	0.00171918483	0.00579571976	0	0	0	0	3
296	441	0	2.65565135	101324.869	101324.863	101324.853	101324.872	0.00185646312	0.00579571976	0	0	0	0	3
297	442	0	2.66462315	101324.869	101324.863	101324.853	101324.872	0.00197235153	0.00579571976	0	0	0	0	3
298	444	0	2.67359494	101324.867	101324.863	101324.853	101324.872	0.00207658084	0.00579571976	0	0	0	0	3
299	445	0	2.68256674	101324.866	101324.863	101324.853	101324.872	0.00217104203	0.00579571976	0	0	0	0	3
300	446	0	2.69153853	101324.865	101324.863	101324.853	101324.872	0.00227193459	0.00579571976	0	0	0	0	3
301	451	0	2.70051033	101324.864	101324.863	101324.853	101324.872	0.00239173583	0.00579571976	0	0	0	0	3
302	452	0	2.70948212	101324.864	101324.863	101324.853	101324.872	0.00253887719	0.00579571976	0	0	0	0	3
303	453	0	2.71845392	101324.865	101324.863	101324.853	101324.872	0.00270575167	0.00579571976	0	0	0	0	3
304	455	0	2.72742571	101324.864	101324.864	101324.853	101324.872	0.00287696377	0.00579571976	0	0	0	0	3
305	456	0	2.73639751	101324.864	101324.864	101324.853	101324.872	0.00304823973	0.00579571976	0	0	0	0	3
306	457	0	2.7453693	101324.864	101324.864	101324.853	101324.872	0.00323441086	0.00579571976	0	0	0	0	3
307	459	0	2.7543411	101324.864	101324.864	101324.854	101324.872	0.00342882703	0.00579571976	0	0	0	0	3
308	460	0	2.76331289	101324.864	101324.864	101324.855	101324.872	0.00360935327	0.00579571976	0	0	0	0	3
309	462	0	2.77228469	101324.864	101324.865	101324.856	101324.872	0.00376461906	0.00579571976	0	0	0	0	3
310	463	0	2.78125648	101324.864	101324.865	101324.857	101324.872	0.00389671224	0.00579571976	0	0	0	0	3
311	464	0	2.79022828	101324.864	101324.865	101324.858	101324.872	0.00401782399	0.00579571976	0	0	0	0	3
312	466	0	2.79920007	101324.864	101324.865	101324.859	101324.872	0.00412062684	0.00579571976	0	0	0	0	3
313	467	0	2.80817187	101324.864	101324.865	101324.859	101324.872	0.00421000583	0.00579571976	0	0	0	0	3
314	468	0	2.81714366	101324.862	101324.865	101324.859	101324.872	0.00425489861	0.00579571976	0	0	0	0	3
315	470	0	2.82611546	101324.86	101324.865	101324.859	101324.872	0.00425627237	0.00579571976	0	0	0	0	3
316	471	0	2.83508725	101324.858	101324.865	101324.858	101324.872	0.00425627237	0.00579571976	0	0	0	0	3
317	472	0	2.84405905	101324.857	101324.865	101324.857	101324.872	0.00425627237	0.00579571976	0	0	0	0	3
318	474	0	2.85303084	101324.858	101324.865	101324.857	101324.872	0.00425627237	0.00579571976	0	0	0	0	3
319	475	0	2.86200264	101324.86	101324.865	101324.857	101324.872	0.00423629848	0.00579571976	0	0	0	0	3
320	476	0	2.87097443	101324.863	101324.865	101324.857	101324.872	0.00417315932	0.00579571976	0	0	0	0	3
321	478	0	2.87994623	101324.865	101324.865	101324.857	101324.872	0.00417315932	0.00579571976	0	0	0	0	3
322	479	0	2.88891802	101324.866	101324.865	101324.857	101324.872	0.0041870354	0.00579571976	0	0	0	0	3
323	481	0	2.89788982	101324.866	101324.865	101324.857	101324.872	0.00426880083	0.00579571976	0	0	0	0	3
324	483	0	2.90686161	101324.866	101324.865	101324.857	101324.872	0.00434346916	0.00579571976	0	0	0	0	3
325	484	0	2.91583341	101324.865	101324.865	101324.857	101324.872	0.00440796155	0.00579571976	0	0	0	0	3
326	486	0	2.9248052	101324.865	101324.865	101324.857	101324.872	0.00445697378	0.00579571976	0	0	0	0	3
327	488	0	2.933777	101324.865	101324.865	101324.857	101324.872	0.00447191748	0.00579571976	0	0	0	0	3
328	490	0	2.94274879	101324.865	101324.865	101324.857	101324.872	0.00438868182	0.00579571976	0	0	0	0	3
329	492	0	2.95172059	101324.866	101324.865	101324.857	101324.872	0.00426544942	0.00579571976	0	0	0	0	3
330	493	0	2.96069238	101324.867	101324.865	101324.857	101324.872	0.00420900442	0.00579571976	0	0	0	0	3
331	495	0	2.96966418	101324.868	101324.865	101324.857	101324.872	0.00423889112	0.00579571976	0	0	0	0	3
332	497	0	2.97863598	101324.868	101324.865	101324.857	101324.872	0.0042668301	0.00579571976	0	0	0	0	3
333	499	0	2.98760777	101324.867	101324.865	101324.857	101324.872	0.00428891492	0.00579571976	0	0	0	0	3
334	500	0	2.99657957	101324.866	101324.865	101324.857	101324.872	0.00429583875	0.00579571976	0	0	0	0	3
335	502	0	3.00555136	101324.864	101324.865	101324.857	101324.872	0.00428577303	0.00579571976	0	0	0	0	3
336	503	0	3.01452316	101324.863	101324.865	101324.857	101324.872	0.00423563462	0.00579571976	0	0	0	0	3
337	505	0	3.02349495	101324.861	101324.865	101324.857	101324.872	0.00415612732	0.00579571976	0	0	0	0	3
338	506	0	3.03246675	101324.86	101324.865	101324.857	101324.872	0.00406704341	0.00579571976	0	0	0	0	3
339	508	0	3.04143854	101324.858	101324.865	101324.857	101324.872	0.00398461839	0.00579571976	0	0	0	0	3
340	509	0	3.05041034	101324.858	101324.865	101324.857	101324.872	0.00391373329	0.00579571976	0	0	0	0	3
341	511	0	3.05938213	101324.857	101324.865	101324.857	101324.872	0.00383804017	0.00579571976	0	0	0	0	3
342	512	0	3.06835393	101324.857	101324.865	101324.857	101324.872	0.00376438648	0.00579571976	0	0	0	0	3
343	514	0	3.07732572	101324.857	101324.864	101324.857	101324.872	0.00368050496	0.00579571976	0	0	0	0	3
344	515	0	3.08629752	101324.856	101324.864	101324.856	101324.871	0.00360276445	0.00579571976	0	0	0	0	3
345	516	0	3.09526931	101324.855	101324.864	101324.855	101324.869	0.00352754179	0.00579571976	0	0	0	0	3
346	518	0	3.10424111	101324.854	101324.863	101324.854	101324.869	0.00345612571	0.00579571976	0	0	0	0	3
347	519	0	3.1132129	101324.856	101324.863	101324.854	101324.869	0.00337004956	0.00579571976	0	0	0	0	3
348	521	0	3.1221847	101324.859	101324.863	101324.854	101324.869	0.00327092024	0.00579571976	0	0	0	0	3
349	522	0	3.13115649	101324.861	101324.863	101324.854	101324.869	0.0031531377	0.00579571976	0	0	0	0	3
350	524	0	3.14012829	101324.865	101324.863	101324.854	101324.869	0.00302355003	0.00579571976	0	0	0	0	3
351	525	0	3.14910008	101324.867	101324.863	101324.854	101324.869	0.00288627174	0.00579571976	0	0	0	0	3
352	527	0	3.15807188	101324.869	101324.863	101324.854	101324.869	0.00277038333	0.00579571976	0	0	0	0	3
353	528	0	3.16704367	101324.869	101324.863	101324.854	101324.869	0.00266615402	0.00579571976	0	0	0	0	3
354	529	0	3.17601547	101324.869	101324.863	101324.854	101324.869	0.00264103473	0.00579571976	0	0	0	0	3
355	531	0	3.18498726	101324.867	101324.863	101324.854	101324.869	0.00264103473	0.00579571976	0	0	0	0	3
356	532	0	3.19395906	101324.866	101324.863	101324.854	101324.869	0.00264103473	0.00579571976	0	0	0	0	3
357	534	0	3.20293085	101324.863	101324.863	101324.854	101324.869	0.00264103473	0.00579571976	0	0	0	0	3
358	535	0	3.21190265	101324.861	101324.863	101324.854	101324.869	0.00264372528	0.00579571976	0	0	0	0	3
359	537	0	3.22087444	101324.86	101324.863	101324.854	101324.869	0.0027269556	0.00579571976	0	0	0	0	3
360	538	0	3.22984624	101324.861	101324.863	101324.854	101324.869	0.00278764234	0.00579571976	0	0	0	0	3
361	540	0	3.23881803	101324.863	101324.863	101324.854	101324.869	0.00279397736	0.00579571976	0	0	0	0	3
362	541	0	3.24778983	101324.866	101324.863	101324.854	101324.869	0.00279397736	0.00579571976	0	0	0	0	3
363	543	0	3.25676162	101324.867	101324.863	101324.854	101324.869	0.00279397736	0.00579571976	0	0	0	0	3
364	545	0	3.26573342	101324.866	101324.863	101324.854	101324.869	0.00279397736	0.00579571976	0	0	0	0	3
365	546	0	3.27470521	101324.864	101324.863	101324.854	101324.869	0.00279397736	0.00579571976	0	0	0	0	3
366	548	0	3.28367701	101324.86	101324.863	101324.854	101324.869	0.00279397736	0.00579571976	0	0	0	0	3
367	549	0	3.2926488	101324.857	101324.863	101324.854	101324.869	0.00285208863	0.00579571976	0	0	0	0	3
368	551	0	3.3016206	101324.858	101324.863	101324.854	101324.869	0.00295974486	0.00579571976	0	0	0	0	3
369	552	0	3.31059239	101324.86	101324.862	101324.854	101324.869	0.00302317514	0.00579571976	0	0	0	0	3
370	554	0	3.31956419	101324.863	101324.862	101324.854	101324.869	0.00302317514	0.00579571976	0	0	0	0	3
371	555	0	3.32853598	101324.866	101324.863	101324.854	101324.869	0.00302317514	0.00579571976	0	0	0	0	3
372	557	0	3.33750778	101324.867	101324.863	101324.854	101324.869	0.00302317514	0.00579571976	0	0	0	0	3
373	559	0	3.34647957	101324.867	101324.863	101324.854	101324.869	0.00302317514	0.00579571976	0	0	0	0	3
374	560	0	3.35545137	101324.867	101324.863	101324.854	101324.869	0.00302317514	0.00579571976	0	0	0	0	3
375	562	0	3.36442316	101324.867	101324.863	101324.854	101324.869	0.00302317514	0.00579571976	0	0	0	0	3
376	563	0	3.37339496	101324.867	101324.863	101324.854	101324.869	0.00302317514	0.00579571976	0	0	0	0	3
377	565	0	3.38236675	101324.866	101324.863	101324.854	101324.869	0.00302317514	0.00579571976	0	0	0	0	3
378	566	0	3.39133855	101324.866	101324.863	101324.854	101324.869	0.00302317514	0.00579571976	0	0	0	0	3
379	568	0	3.40031035	101324.864	101324.863	101324.854	101324.869	0.00302317514	0.00579571976	0	0	0	0	3
380	569	0	3.40928214	101324.863	101324.863	101324.854	101324.869	0.00302317514	0.00579571976	0	0	0	0	3
381	571	0	3.41825394	101324.862	101324.863	101324.854	101324.869	0.00302317514	0.00579571976	0	0	0	0	3
382	572	0	3.42722573	101324.861	101324.863	101324.854	101324.869	0.00302317514	0.00579571976	0	0	0	0	3
383	574	0	3.43619753	101324.86	101324.863	101324.854	101324.869	0.00302317514	0.00579571976	0	0	0	0	3
384	575	0	3.44516932	101324.861	101324.863	101324.854	101324.869	0.00302317514	0.00579571976	0	0	0	0	3
385	577	0	3.45414112	101324.861	101324.863	101324.854	101324.869	0.00302317514	0.00579571976	0	0	0	0	3
386	579	0	3.46311291	101324.863	101324.863	101324.854	101324.869	0.00302317514	0.00579571976	0	0	0	0	3
387	580	0	3.47208471	101324.867	101324.863	101324.854	101324.869	0.00302317514	0.00579571976	0	0	0	0	3
388	582	0	3.4810565	101324.869	101324.863	101324.854	101324.869	0.00302317514	0.00579571976	0	0	0	0	3
389	583	0	3.4900283	101324.87	101324.863	101324.854	101324.87	0.00302317514	0.00579571976	0	0	0	0	3
390	585	0	3.49900009	101324.87	101324.863	101324.854	101324.87	0.00300181624	0.00579571976	0	0	0	0	3
391	586	0	3.50797189	101324.868	101324.863	101324.854	101324.87	0.00296488615	0.00579571976	0	0	0	0	3
392	588	0	3.51694368	101324.866	101324.863	101324.854	101324.87	0.00290568096	0.00579571976	0	0	0	0	3
393	589	0	3.52591548	101324.864	101324.863	101324.854	101324.87	0.00281472343	0.00579571976	0	0	0	0	3
394	591	0	3.53488727	101324.863	101324.863	101324.854	101324.87	0.00268408346	0.00579571976	0	0	0	0	3
395	592	0	3.54385907	101324.861	101324.863	101324.854	101324.87	0.00251433732	0.00579571976	0	0	0	0	3
396	594	0	3.55283086	101324.861	101324.863	101324.854	101324.87	0.00230313092	0.00579571976	0	0	0	0	3
397	595	0	3.56180266	101324.861	101324.863	101324.854	101324.87	0.00204648533	0.00579571976	0	0	0	0	3
398	597	0	3.57077445	101324.862	101324.863	101324.854	101324.87	0.00176875087	0.00579571976	0	0	0	0	3
399	598	0	3.57974625	101324.863	101324.864	101324.854	101324.87	0.00148123584	0.00579571976	0	0	0	0	3
400	600	0	3.58871804	101324.863	101324.864	101324.854	101324.87	0.00119586129	0.00579571976	0	0	0	0	3
401	605	0	3.59768984	101324.862	101324.864	101324.854	101324.87	0.00127389445	0.00579571976	0	0	0	0	3
402	607	0	3.60666163	101324.861	101324.864	101324.856	101324.87	0.00138990556	0.00579571976	0	0	0	0	3
403	608	0	3.61563343	101324.86	101324.864	101324.857	101324.87	0.0014738746	0.00579571976	0	0	0	0	3
404	610	0	3.62460522	101324.86	101324.864	101324.857	101324.87	0.00149802699	0.00579571976	0	0	0	0	3
405	611	0	3.63357702	101324.86	101324.864	101324.857	101324.87	0.00149802699	0.00579571976	0	0	0	0	3
406	613	0	3.64254881	101324.861	101324.864	101324.857	101324.87	0.00149802699	0.00579571976	0	0	0	0	3
407	614	0	3.65152061	101324.862	101324.864	101324.857	101324.87	0.00149802699	0.00579571976	0	0	0	0	3
408	616	0	3.6604924	101324.862	101324.864	101324.857	101324.87	0.00149802699	0.00579571976	0	0	0	0	3
409	617	0	3.6694642	101324.861	101324.864	101324.857	101324.87	0.00149802699	0.00579571976	0	0	0	0	3
410	619	0	3.67843599	101324.86	101324.863	101324.857	101324.87	0.00149802699	0.00579571976	0	0	0	0	3
411	620	0	3.68740779	101324.859	101324.863	101324.857	101324.87	0.00149802699	0.00579571976	0	0	0	0	3
412	622	0	3.69637958	101324.859	101324.863	101324.857	101324.87	0.00149802699	0.00579571976	0	0	0	0	3
413	623	0	3.70535138	101324.859	101324.863	101324.857	101324.87	0.00149802699	0.00579571976	0	0	0	0	3
414	625	0	3.71432317	101324.86	101324.863	101324.857	101324.87	0.00149802699	0.00579571976	0	0	0	0	3
415	626	0	3.72329497	101324.859	101324.863	101324.857	101324.87	0.00149802699	0.00579571976	0	0	0	0	3
416	628	0	3.73226676	101324.858	101324.863	101324.857	101324.87	0.00149802699	0.00579571976	0	0	0	0	3
417	629	0	3.74123856	101324.857	101324.863	101324.857	101324.87	0.00149802699	0.00579571976	0	0	0	0	3
418	631	0	3.75021035	101324.857	101324.863	101324.857	101324.87	0.00149802699	0.00579571976	0	0	0	0	3
419	632	0	3.75918215	101324.857	101324.863	101324.857	101324.87	0.00149802699	0.00579571976	0	0	0	0	3
420	634	0	3.76815394	101324.858	101324.862	101324.857	101324.87	0.00159029313	0.00579571976	0	0	0	0	3
421	635	0	3.77712574	101324.857	101324.862	101324.857	101324.87	0.00170186441	0.00579571976	0	0	0	0	3
422	637	0	3.78609753	101324.857	101324.862	101324.857	101324.87	0.00175951397	0.00579571976	0	0	0	0	3
423	639	0	3.79506933	101324.857	101324.862	101324.857	101324.87	0.0017628178	0.00579571976	0	0	0	0	3
424	640	0	3.80404112	101324.858	101324.862	101324.857	101324.87	0.00177186383	0.00579571976	0	0	0	0	3
425	642	0	3.81301292	101324.857	101324.862	101324.857	101324.87	0.00181996447	0.00579571976	0	0	0	0	3
426	643	0	3.82198471	101324.857	101324.862	101324.857	101324.87	0.00193057267	0.00579571976	0	0	0	0	3
427	645	0	3.83095651	101324.857	101324.862	101324.857	101324.87	0.00208854386	0.00579571976	0	0	0	0	3
428	646	0	3.83992831	101324.857	101324.862	101324.857	101324.87	0.00226721984	0.00579571976	0	0	0	0	3
429	648	0	3.8489001	101324.856	101324.862	101324.856	101324.87	0.00246841375	0.00579571976	0	0	0	0	3
430	649	0	3.8578719	101324.856	101324.861	101324.856	101324.87	0.00267542255	0.00579571976	0	0	0	0	3
431	651	0	3.86684369	101324.855	101324.861	101324.855	101324.87	0.00289166138	0.00579571976	0	0	0	0	3
432	652	0	3.87581549	101324.855	101324.861	101324.855	101324.87	0.00309591011	0.00579571976	0	0	0	0	3
433	654	0	3.88478728	101324.856	101324.861	101324.855	101324.87	0.00328545389	0.00579571976	0	0	0	0	3
434	655	0	3.89375908	101324.857	101324.861	101324.855	101324.87	0.00344682595	0.00579571976	0	0	0	0	3
435	657	0	3.90273087	101324.858	101324.86	101324.855	101324.87	0.00356475297	0.00579571976	0	0	0	0	3
436	658	0	3.91170267	101324.859	101324.86	101324.855	101324.87	0.00364667895	0.00579571976	0	0	0	0	3
437	660	0	3.92067446	101324.859	101324.86	101324.855	101324.87	0.00369390442	0.00579571976	0	0	0	0	3
438	662	0	3.92964626	101324.86	101324.86	101324.855	101324.87	0.00372203022	0.00579571976	0	0	0	0	3
439	663	0	3.93861805	101324.859	101324.86	101324.855	101324.87	0.00374440073	0.00579571976	0	0	0	0	3
440	665	0	3.94758985	101324.859	101324.86	101324.855	101324.87	0.00377921935	0.00579571976	0	0	0	0	3
441	666	0	3.95656164	101324.858	101324.86	101324.855	101324.87	0.00384712916	0.00579571976	0	0	0	0	3
442	667	0	3.96553344	101324.858	101324.86	101324.855	101324.87	0.00394703852	0.00579571976	0	0	0	0	3
443	669	0	3.97450523	101324.858	101324.86	101324.855	101324.87	0.0040973391	0.00579571976	0	0	0	0	3
444	670	0	3.98347703	101324.859	101324.86	101324.855	101324.87	0.00428479337	0.00579571976	0	0	0	0	3
445	672	0	3.99244882	101324.858	101324.859	101324.855	101324.87	0.00450675805	0.00579571976	0	0	0	0	3
446	673	0	4.00142062	101324.858	101324.859	101324.855	101324.868	0.00471042431	0.00579571976	0	0	0	0	3
