Iteration	CPUTime	PhysTime	Travels	Value	AvValue	MinValue	MaxValue	Delta	Criteria	PrevAvRefValue	Progress	CriteriaType	CriteriaVarType	CriteriaPercentage
1	7	0	0.00897264187	-0.0223300756	-0.0223300756	-0.0223300756	-0.0223300756	0	0	0	0	0	0	3
2	8	0	0.0179452837	-0.00532939472	-0.0138297352	-0.0223300756	-0.00532939472	0.00850034043	0	0	0	0	0	3
3	9	0	0.0269179256	-0.00320681386	-0.0102887614	-0.0223300756	-0.00320681386	0.0120413142	0	0	0	0	0	3
4	10	0	0.0358905675	-0.00218467691	-0.00826274027	-0.0223300756	-0.00218467691	0.0140673353	0	0	0	0	0	3
5	10	0	0.0448632094	-0.00193592482	-0.00699737718	-0.0223300756	-0.00193592482	0.0153326984	0	0	0	0	0	3
6	11	0	0.0538358512	-0.00213511516	-0.00618700017	-0.0223300756	-0.00193592482	0.0161430754	0	0	0	0	0	3
7	12	0	0.0628084931	-0.00195319381	-0.00558217069	-0.0223300756	-0.00193592482	0.0167479049	0	0	0	0	0	3
8	13	0	0.071781135	-0.00201282019	-0.00513600188	-0.0223300756	-0.00193592482	0.0171940737	0	0	0	0	0	3
9	14	0	0.0807537769	-0.00193947419	-0.00478083214	-0.0223300756	-0.00193592482	0.0175492434	0	0	0	0	0	3
10	14	0	0.0897264187	-0.00229170718	-0.00453191964	-0.0223300756	-0.00193592482	0.0177981559	0	0	0	0	0	3
11	15	0	0.0986990606	-0.00224045104	-0.00432360431	-0.0223300756	-0.00193592482	0.0180064713	0	0	0	0	0	3
12	16	0	0.107671702	-0.00231807861	-0.00415647717	-0.0223300756	-0.00193592482	0.0181735984	0	0	0	0	0	3
13	17	0	0.116644344	-0.0020564666	-0.0039949379	-0.0223300756	-0.00193592482	0.0183351377	0	0	0	0	0	3
14	18	0	0.125616986	-0.00218194937	-0.00386543872	-0.0223300756	-0.00193592482	0.0184646369	0	0	0	0	0	3
15	18	0	0.134589628	-0.0020794316	-0.00374637158	-0.0223300756	-0.00193592482	0.018583704	0	0	0	0	0	3
16	19	0	0.14356227	-0.00213961601	-0.00364594935	-0.0223300756	-0.00193592482	0.0186841262	0	0	0	0	0	3
17	20	0	0.152534912	-0.00204069175	-0.00355152244	-0.0223300756	-0.00193592482	0.0187785531	0	0	0	0	0	3
18	21	0	0.161507554	-0.00212349964	-0.00347218784	-0.0223300756	-0.00193592482	0.0188578877	0	0	0	0	0	3
19	21	0	0.170480196	-0.00201562693	-0.00339552674	-0.0223300756	-0.00193592482	0.0189345488	0	0	0	0	0	3
20	22	0	0.179452837	-0.00210602071	-0.00333105143	-0.0223300756	-0.00193592482	0.0189990241	0	0	0	0	0	3
21	23	0	0.188425479	-0.00204684429	-0.00326989871	-0.0223300756	-0.00193592482	0.0190601769	0	0	0	0	0	3
22	23	0	0.197398121	-0.00215597152	-0.00321926566	-0.0223300756	-0.00193592482	0.0191108099	0	0	0	0	0	3
23	25	0	0.206370763	-0.00214260304	-0.00317245424	-0.0223300756	-0.00193592482	0.0191576213	0	0	0	0	0	3
24	26	0	0.215343405	-0.00221054132	-0.00313237454	-0.0223300756	-0.00193592482	0.019197701	0	0	0	0	0	3
25	27	0	0.224316047	-0.00218501044	-0.00309447997	-0.0223300756	-0.00193592482	0.0192355956	0	0	0	0	0	3
26	28	0	0.233288689	-0.00221462309	-0.00306063932	-0.0223300756	-0.00193592482	0.0192694363	0	0	0	0	0	3
27	29	0	0.242261331	-0.00219253856	-0.00302848744	-0.0223300756	-0.00193592482	0.0193015881	0	0	0	0	0	3
28	30	0	0.251233972	-0.00220963368	-0.00299924267	-0.0223300756	-0.00193592482	0.0193308329	0	0	0	0	0	3
29	31	0	0.260206614	-0.00218819984	-0.00297127567	-0.0223300756	-0.00193592482	0.0193587999	0	0	0	0	0	3
30	32	0	0.269179256	-0.00221525912	-0.00294607512	-0.0223300756	-0.00193592482	0.0193840005	0	0	0	0	0	3
31	33	0	0.278151898	-0.00219474117	-0.00292183854	-0.0223300756	-0.00193592482	0.019408237	0	0	0	0	0	3
32	33	0	0.28712454	-0.0022149434	-0.00289974807	-0.0223300756	-0.00193592482	0.0194303275	0	0	0	0	0	3
33	34	0	0.296097182	-0.0021864297	-0.00287813236	-0.0223300756	-0.00193592482	0.0194519432	0	0	0	0	0	3
34	35	0	0.305069824	-0.00219704444	-0.00285810036	-0.0223300756	-0.00193592482	0.0194719752	0	0	0	0	0	3
35	36	0	0.314042466	-0.00216379397	-0.00283826304	-0.0223300756	-0.00193592482	0.0194918125	0	0	0	0	0	3
36	37	0	0.323015107	-0.00216718425	-0.00281962196	-0.0223300756	-0.00193592482	0.0195104536	0	0	0	0	0	3
37	37	0	0.331987749	-0.0021298158	-0.00280097855	-0.0223300756	-0.00193592482	0.019529097	0	0	0	0	0	3
38	38	0	0.340960391	-0.00211839399	-0.0027830158	-0.0223300756	-0.00193592482	0.0195470598	0	0	0	0	0	3
39	39	0	0.349933033	-0.00208858184	-0.0027652098	-0.0223300756	-0.00193592482	0.0195648658	0	0	0	0	0	3
40	40	0	0.358905675	-0.00206944229	-0.00274781561	-0.0223300756	-0.00193592482	0.01958226	0	0	0	0	0	3
41	41	0	0.367878317	-0.00205584324	-0.00273093824	-0.0223300756	-0.00193592482	0.0195991373	0	0	0	0	0	3
42	41	0	0.376850959	-0.00202792653	-0.00271419986	-0.0223300756	-0.00193592482	0.0196158757	0	0	0	0	0	3
43	42	0	0.385823601	-0.00202966229	-0.00269828038	-0.0223300756	-0.00193592482	0.0196317952	0	0	0	0	0	3
44	43	0	0.394796242	-0.00198042577	-0.00268196551	-0.0223300756	-0.00193592482	0.0196481101	0	0	0	0	0	3
45	44	0	0.403768884	-0.002032075	-0.00266752349	-0.0223300756	-0.00193592482	0.0196625521	0	0	0	0	0	3
46	45	0	0.412741526	-0.00194310756	-0.00265177532	-0.0223300756	-0.00193592482	0.0196783003	0	0	0	0	0	3
47	45	0	0.421714168	-0.00202167818	-0.002638369	-0.0223300756	-0.00193592482	0.0196917066	0	0	0	0	0	3
48	46	0	0.43068681	-0.00194308252	-0.00262388387	-0.0223300756	-0.00193592482	0.0197061917	0	0	0	0	0	3
49	47	0	0.439659452	-0.00199184454	-0.0026109851	-0.0223300756	-0.00193592482	0.0197190905	0	0	0	0	0	3
50	48	0	0.448632094	-0.00190685825	-0.00259690257	-0.0223300756	-0.00190685825	0.019733173	0	0	0	0	0	3
51	49	0	0.457604736	-0.00198052436	-0.00258481672	-0.0223300756	-0.00190685825	0.0197452589	0	0	0	0	0	3
52	49	0	0.466577377	-0.00188772299	-0.00257141107	-0.0223300756	-0.00188772299	0.0197586645	0	0	0	0	0	3
53	50	0	0.475550019	-0.00194866692	-0.00255966118	-0.0223300756	-0.00188772299	0.0197704144	0	0	0	0	0	3
54	51	0	0.484522661	-0.00189075992	-0.00254727412	-0.0223300756	-0.00188772299	0.0197828015	0	0	0	0	0	3
55	52	0	0.493495303	-0.00193060864	-0.00253606202	-0.0223300756	-0.00188772299	0.0197940136	0	0	0	0	0	3
56	53	0	0.502467945	-0.00185551404	-0.00252390938	-0.0223300756	-0.00185551404	0.0198061662	0	0	0	0	0	3
57	53	0	0.511440587	-0.00191526618	-0.00215935921	-0.00532939472	-0.00185551404	0.00347388068	0	0	0	0	0	3
58	54	0	0.520413229	-0.00183321795	-0.00209692748	-0.00320681386	-0.00183321795	0.00137359591	0	0	0	0	0	3
59	55	0	0.529385871	-0.00189824889	-0.00207356025	-0.00231807861	-0.00183321795	0.000484860669	0	0	0	0	0	3
60	56	0	0.538358512	-0.00182240177	-0.00206709105	-0.00231807861	-0.00182240177	0.000495676842	0	0	0	0	0	3
61	57	0	0.547331154	-0.00188792424	-0.0020662339	-0.00231807861	-0.00182240177	0.000495676842	0	0	0	0	0	3
62	57	0	0.556303796	-0.00181998315	-0.00206060654	-0.00231807861	-0.00181998315	0.000498095459	0	0	0	0	0	3
63	58	0	0.565276438	-0.00187791533	-0.00205926228	-0.00231807861	-0.00181998315	0.000498095459	0	0	0	0	0	3
64	59	0	0.57424908	-0.00182087529	-0.0020558347	-0.00231807861	-0.00181998315	0.000498095459	0	0	0	0	0	3
65	60	0	0.583221722	-0.00186501404	-0.00205450505	-0.00231807861	-0.00181998315	0.000498095459	0	0	0	0	0	3
66	61	0	0.592194364	-0.00182211271	-0.00204611943	-0.00231807861	-0.00181998315	0.000498095459	0	0	0	0	0	3
67	61	0	0.601167005	-0.00186694349	-0.00203944966	-0.00231807861	-0.00181998315	0.000498095459	0	0	0	0	0	3
68	62	0	0.610139647	-0.00181432903	-0.00203045413	-0.00221525912	-0.00181432903	0.000400930094	0	0	0	0	0	3
69	63	0	0.619112289	-0.0018400802	-0.00202659009	-0.00221525912	-0.00181432903	0.000400930094	0	0	0	0	0	3
70	64	0	0.628084931	-0.00182364261	-0.00202019175	-0.00221525912	-0.00181432903	0.000400930094	0	0	0	0	0	3
71	65	0	0.637057573	-0.00181586764	-0.00201548525	-0.00221525912	-0.00181432903	0.000400930094	0	0	0	0	0	3
72	65	0	0.646030215	-0.00183316157	-0.00201001285	-0.00221525912	-0.00181432903	0.000400930094	0	0	0	0	0	3
73	66	0	0.655002857	-0.00180276721	-0.0020057642	-0.00221525912	-0.00180276721	0.000412491916	0	0	0	0	0	3
74	67	0	0.663975499	-0.00184365546	-0.00200076698	-0.00221525912	-0.00180276721	0.000412491916	0	0	0	0	0	3
75	68	0	0.67294814	-0.00179793431	-0.00199687961	-0.00221525912	-0.00179793431	0.000417324814	0	0	0	0	0	3
76	69	0	0.681920782	-0.00186431231	-0.00199256339	-0.00221525912	-0.00179793431	0.000417324814	0	0	0	0	0	3
77	69	0	0.690893424	-0.00180217811	-0.00198819435	-0.00221525912	-0.00179793431	0.000417324814	0	0	0	0	0	3
78	70	0	0.699866066	-0.00186982267	-0.00198308455	-0.00221525912	-0.00179793431	0.000417324814	0	0	0	0	0	3
79	71	0	0.708838708	-0.00180728251	-0.00197709668	-0.00221525912	-0.00179793431	0.000417324814	0	0	0	0	0	3
80	72	0	0.71781135	-0.00186297584	-0.00197089016	-0.00221525912	-0.00179793431	0.000417324814	0	0	0	0	0	3
81	73	0	0.726783992	-0.00179794977	-0.00196397836	-0.00221525912	-0.00179793431	0.000417324814	0	0	0	0	0	3
82	73	0	0.735756634	-0.00185439973	-0.0019575458	-0.00221525912	-0.00179793431	0.000417324814	0	0	0	0	0	3
83	74	0	0.744729275	-0.00179754415	-0.00195049233	-0.00221525912	-0.00179754415	0.00041771497	0	0	0	0	0	3
84	75	0	0.753701917	-0.00184423355	-0.00194396733	-0.00221525912	-0.00179754415	0.00041771497	0	0	0	0	0	3
85	76	0	0.762674559	-0.00180974067	-0.00193720913	-0.00221525912	-0.00179754415	0.00041771497	0	0	0	0	0	3
86	77	0	0.771647201	-0.0018733271	-0.0019311032	-0.0022149434	-0.00179754415	0.000417399246	0	0	0	0	0	3
87	78	0	0.780619843	-0.00181680131	-0.00192435427	-0.0022149434	-0.00179754415	0.000417399246	0	0	0	0	0	3
88	79	0	0.789592485	-0.00187522323	-0.00191828784	-0.00219704444	-0.00179754415	0.00039950029	0	0	0	0	0	3
89	79	0	0.798565127	-0.00181974501	-0.0019117399	-0.00219704444	-0.00179754415	0.00039950029	0	0	0	0	0	3
90	80	0	0.807537769	-0.00188371161	-0.00190614467	-0.00216718425	-0.00179754415	0.000369640094	0	0	0	0	0	3
91	81	0	0.81651041	-0.00181948891	-0.00189999637	-0.00216718425	-0.00179754415	0.000369640094	0	0	0	0	0	3
92	82	0	0.825483052	-0.00188705441	-0.00189499405	-0.0021298158	-0.00179754415	0.000332271653	0	0	0	0	0	3
93	83	0	0.834455694	-0.00183368951	-0.00188970608	-0.00211839399	-0.00179754415	0.000320849841	0	0	0	0	0	3
94	84	0	0.843428336	-0.00189444443	-0.00188570698	-0.00208858184	-0.00179754415	0.000291037692	0	0	0	0	0	3
95	84	0	0.852400978	-0.00184796809	-0.0018814103	-0.00206944229	-0.00179754415	0.000271898135	0	0	0	0	0	3
96	85	0	0.86137362	-0.00190294692	-0.00187843717	-0.00205584324	-0.00179754415	0.000258299085	0	0	0	0	0	3
97	86	0	0.870346262	-0.00184305845	-0.00187463744	-0.002032075	-0.00179754415	0.000234530845	0	0	0	0	0	3
98	87	0	0.879318904	-0.00190036614	-0.00187235958	-0.002032075	-0.00179754415	0.000234530845	0	0	0	0	0	3
99	87	0	0.888291545	-0.00185887969	-0.00186930989	-0.002032075	-0.00179754415	0.000234530845	0	0	0	0	0	3
100	88	0	0.897264187	-0.00190717901	-0.00186800191	-0.002032075	-0.00179754415	0.000234530845	0	0	0	0	0	3
101	93	0	0.906236829	-0.00187587156	-0.00186521257	-0.00202167818	-0.00179754415	0.000224134027	0	0	0	0	0	3
102	93	0	0.915209471	-0.00192038933	-0.00186480688	-0.00202167818	-0.00179754415	0.000224134027	0	0	0	0	0	3
103	94	0	0.924182113	-0.00188287753	-0.0018623283	-0.00199184454	-0.00179754415	0.00019430039	0	0	0	0	0	3
104	95	0	0.933154755	-0.00193313654	-0.00186215069	-0.00199184454	-0.00179754415	0.00019430039	0	0	0	0	0	3
105	96	0	0.942127397	-0.00187737933	-0.00186010667	-0.00198052436	-0.00179754415	0.000182980205	0	0	0	0	0	3
106	97	0	0.951100039	-0.00191281625	-0.00186021306	-0.00198052436	-0.00179754415	0.000182980205	0	0	0	0	0	3
107	97	0	0.96007268	-0.00190968393	-0.00185894806	-0.00194866692	-0.00179754415	0.000151122767	0	0	0	0	0	3
108	98	0	0.969045322	-0.00189418175	-0.00185906339	-0.00194866692	-0.00179754415	0.000151122767	0	0	0	0	0	3
109	99	0	0.978017964	-0.00193739057	-0.00185886203	-0.00193739057	-0.00179754415	0.000139846423	0	0	0	0	0	3
110	100	0	0.986990606	-0.00189492016	-0.00185893632	-0.00193739057	-0.00179754415	0.000139846423	0	0	0	0	0	3
111	101	0	0.995963248	-0.00193269819	-0.00185897363	-0.00193739057	-0.00179754415	0.000139846423	0	0	0	0	0	3
112	101	0	1.00493589	-0.00189421256	-0.00185966468	-0.00193739057	-0.00179754415	0.000139846423	4.22780911e-05	0	30.2	0	0	3
113	102	0	1.01390853	-0.00192185002	-0.00185978225	-0.00193739057	-0.00179754415	0.000139846423	4.22780911e-05	0	30.2	0	0	3
114	103	0	1.02288117	-0.00189719444	-0.00186092468	-0.00193739057	-0.00179754415	0.000139846423	4.22780911e-05	0	30.2	0	0	3
115	104	0	1.03185382	-0.00190670889	-0.00186107575	-0.00193739057	-0.00179754415	0.000139846423	4.22780911e-05	0	30.2	0	0	3
116	105	0	1.04082646	-0.0018848393	-0.00186219071	-0.00193739057	-0.00179754415	0.000139846423	4.22780911e-05	0	30.2	0	0	3
117	105	0	1.0497991	-0.00187806706	-0.00186201469	-0.00193739057	-0.00179754415	0.000139846423	4.22780911e-05	0	30.2	0	0	3
118	106	0	1.05877174	-0.0018848887	-0.00186317372	-0.00193739057	-0.00179754415	0.000139846423	4.22780911e-05	0	30.2	0	0	3
119	107	0	1.06774438	-0.00186180389	-0.00186288601	-0.00193739057	-0.00179754415	0.000139846423	4.22780911e-05	0	30.2	0	0	3
120	108	0	1.07671702	-0.00187127966	-0.00186378609	-0.00193739057	-0.00179754415	0.000139846423	4.22780911e-05	0	30.2	0	0	3
121	109	0	1.08568967	-0.00184393898	-0.00186340975	-0.00193739057	-0.00179754415	0.000139846423	4.22780911e-05	0	30.2	0	0	3
122	109	0	1.09466231	-0.00185405761	-0.00186398019	-0.00193739057	-0.00179754415	0.000139846423	4.22780911e-05	0	30.2	0	0	3
123	110	0	1.10363495	-0.00184588264	-0.00186360411	-0.00193739057	-0.00179754415	0.000139846423	4.22780911e-05	0	30.2	0	0	3
124	111	0	1.11260759	-0.00182390571	-0.00186377512	-0.00193739057	-0.00179754415	0.000139846423	4.22780911e-05	0	30.2	0	0	3
125	112	0	1.12158023	-0.00185649187	-0.00186406819	-0.00193739057	-0.00179754415	0.000139846423	4.22780911e-05	0	30.2	0	0	3
126	113	0	1.13055288	-0.00182912513	-0.00186416609	-0.00193739057	-0.00179754415	0.000139846423	4.22780911e-05	0	30.2	0	0	3
127	113	0	1.13952552	-0.00183106763	-0.00186443752	-0.00193739057	-0.00179754415	0.000139846423	4.22780911e-05	0	30.2	0	0	3
128	114	0	1.14849816	-0.00184160284	-0.00186458825	-0.00193739057	-0.00179754415	0.000139846423	4.22780911e-05	0	30.2	0	0	3
129	115	0	1.1574708	-0.00182018988	-0.00186489937	-0.00193739057	-0.00179754415	0.000139846423	4.22780911e-05	0	30.2	0	0	3
130	116	0	1.16644344	-0.00183454619	-0.00186473671	-0.00193739057	-0.00179754415	0.000138017584	4.22780911e-05	0	30.6	0	0	3
131	117	0	1.17541609	-0.00182924711	-0.00186529586	-0.00193739057	-0.00179754415	0.000133701362	4.22780911e-05	0	31.6	0	0	3
132	117	0	1.18438873	-0.00180765575	-0.00186428414	-0.00193739057	-0.00179754415	0.000129332323	4.22780911e-05	0	32.6	0	0	3
133	118	0	1.19336137	-0.00184114288	-0.00186497994	-0.00193739057	-0.00179754415	0.000124222522	4.22780911e-05	0	34	0	0	3
134	119	0	1.20233401	-0.00181639988	-0.00186402596	-0.00193739057	-0.00179754415	0.000118234656	4.22780911e-05	0	35.7	0	0	3
135	120	0	1.21130665	-0.00182226911	-0.00186429358	-0.00193739057	-0.00179754415	0.000112028129	4.22780911e-05	0	37.7	0	0	3
136	121	0	1.22027929	-0.00183849156	-0.00186385636	-0.00193739057	-0.00179754415	0.000105116332	4.22780911e-05	0	40.2	0	0	3
137	121	0	1.22925194	-0.0018221834	-0.0018642891	-0.00193739057	-0.00179754415	9.86837716e-05	4.22780911e-05	0	42.8	0	0	3
138	122	0	1.23822458	-0.00184087045	-0.00186404751	-0.00193739057	-0.00179754415	9.16303001e-05	4.22780911e-05	0	46.1	0	0	3
139	123	0	1.24719722	-0.00183807983	-0.00186477136	-0.00193739057	-0.00180765575	8.51052978e-05	4.22780911e-05	0	49.6	0	0	3
140	124	0	1.25616986	-0.0018183704	-0.00186430952	-0.00193739057	-0.00180765575	7.83470983e-05	4.22780911e-05	0	53.9	0	0	3
141	125	0	1.2651425	-0.00185241021	-0.00186507147	-0.00193739057	-0.00180765575	7.22411693e-05	4.22780911e-05	0	58.5	0	0	3
142	125	0	1.27411515	-0.00181187433	-0.0018639741	-0.00193739057	-0.00180765575	6.54922431e-05	4.22780911e-05	0	64.5	0	0	3
143	126	0	1.28308779	-0.00184862132	-0.00186454232	-0.00193739057	-0.00180765575	5.94258114e-05	4.22780911e-05	0	71.1	0	0	3
144	127	0	1.29206043	-0.00181286929	-0.00186342885	-0.00193739057	-0.00180765575	5.28778706e-05	4.22780911e-05	0	79.9	0	0	3
145	128	0	1.30103307	-0.00185022417	-0.00186397312	-0.00193739057	-0.00180765575	4.72826416e-05	4.22780911e-05	0	89.4	0	0	3
146	129	0	1.31000571	-0.00181545345	-0.00186275423	-0.00193739057	-0.00180765575	4.11343369e-05	4.22780911e-05	0	100	0	0	3
147	129	0	1.31897836	-0.00185142537	-0.00186332452	-0.00193739057	-0.00180765575	3.61320185e-05	4.22780911e-05	0	100	0	0	3
148	130	0	1.327951	-0.00181980751	-0.00186212369	-0.00193739057	-0.00180765575	3.08440489e-05	4.22780911e-05	0	100	0	0	3
149	131	0	1.33692364	-0.00184543345	-0.0018623334	-0.00193739057	-0.00180765575	2.68449495e-05	4.22780911e-05	0	100	0	0	3
150	132	0	1.34589628	-0.0018325855	-0.00186122877	-0.00193739057	-0.00180765575	2.25482753e-05	4.22780911e-05	0	100	0	0	3
151	132	0	1.35486892	-0.00183326263	-0.00186096618	-0.00193739057	-0.00180765575	1.95751438e-05	4.22780911e-05	0	100	0	0	3
152	133	0	1.36384156	-0.00185494532	-0.00186010901	-0.00193739057	-0.00180765575	1.57754154e-05	4.22780911e-05	0	100	0	0	3
153	134	0	1.37281421	-0.00182739647	-0.00185982933	-0.00193739057	-0.00180765575	1.34975514e-05	4.22780911e-05	0	100	0	0	3
154	135	0	1.38178685	-0.00185161646	-0.0018589588	-0.00193739057	-0.00180765575	1.04478621e-05	4.22780911e-05	0	100	0	0	3
155	135	0	1.39075949	-0.00182630377	-0.00185837708	-0.00193739057	-0.00180765575	9.62482753e-06	4.22780911e-05	0	100	0	0	3
156	136	0	1.39973213	-0.00184387218	-0.00185724661	-0.00193739057	-0.00180765575	8.04925798e-06	4.22780911e-05	0	100	0	0	3
157	137	0	1.40870477	-0.00182939704	-0.0018564167	-0.00193739057	-0.00180765575	8.87916012e-06	4.22780911e-05	0	100	0	0	3
158	138	0	1.41767742	-0.00180802541	-0.00185441021	-0.00193739057	-0.00180765575	1.08856587e-05	4.22780911e-05	0	100	0	0	3
159	139	0	1.42665006	-0.00183289905	-0.00185351773	-0.00193739057	-0.00180765575	1.17781316e-05	4.22780911e-05	0	100	0	0	3
160	139	0	1.4356227	-0.00179187882	-0.00185099527	-0.00193739057	-0.00179187882	1.43005908e-05	4.22780911e-05	0	100	0	0	3
161	140	0	1.44459534	-0.00182394837	-0.00185004115	-0.00193739057	-0.00179187882	1.52547151e-05	4.22780911e-05	0	100	0	0	3
162	141	0	1.45356798	-0.00179073239	-0.00184786108	-0.00193739057	-0.00179073239	1.74347841e-05	4.22780911e-05	0	100	0	0	3
163	142	0	1.46254063	-0.00182269621	-0.00184630773	-0.00193739057	-0.00179073239	1.89881364e-05	4.22780911e-05	0	100	0	0	3
164	143	0	1.47151327	-0.00179353065	-0.00184451039	-0.00193739057	-0.00179073239	2.07854775e-05	4.22780911e-05	0	100	0	0	3
165	143	0	1.48048591	-0.00182559755	-0.00184251408	-0.00193269819	-0.00179073239	2.27817815e-05	4.22780911e-05	0	100	0	0	3
166	144	0	1.48945855	-0.00179608041	-0.00184074909	-0.00193269819	-0.00179073239	2.4546777e-05	4.22780911e-05	0	100	0	0	3
167	145	0	1.49843119	-0.00182888423	-0.00183889527	-0.00192185002	-0.00179073239	2.64005978e-05	4.22780911e-05	0	100	0	0	3
168	146	0	1.50740383	-0.00181566316	-0.0018374926	-0.00192185002	-0.00179073239	2.78032657e-05	4.22780911e-05	0	100	0	0	3
169	147	0	1.51637648	-0.00180488699	-0.00183540397	-0.00190670889	-0.00179073239	2.98918911e-05	4.22780911e-05	0	100	0	0	3
170	147	0	1.52534912	-0.00183929207	-0.00183437	-0.00190670889	-0.00179073239	3.09258619e-05	4.22780911e-05	0	100	0	0	3
171	148	0	1.53432176	-0.00182837718	-0.00183297122	-0.0018848887	-0.00179073239	3.23246426e-05	4.22780911e-05	0	100	0	0	3
172	149	0	1.5432944	-0.00182053623	-0.00183182295	-0.0018848887	-0.00179073239	3.34729116e-05	4.22780911e-05	0	100	0	0	3
173	150	0	1.55226704	-0.00185560001	-0.00183142175	-0.0018848887	-0.00179073239	3.38741089e-05	4.22780911e-05	0	100	0	0	3
174	151	0	1.56123969	-0.00181769178	-0.00183022181	-0.00187127966	-0.00179073239	3.50740539e-05	4.22780911e-05	0	100	0	0	3
175	152	0	1.57021233	-0.00185546784	-0.00183010867	-0.00187127966	-0.00179073239	3.51871976e-05	4.22780911e-05	0	100	0	0	3
176	152	0	1.57918497	-0.00184477981	-0.00182963545	-0.00185649187	-0.00179073239	3.56604092e-05	4.22780911e-05	0	100	0	0	3
177	153	0	1.58815761	-0.00185009201	-0.00182974533	-0.00185649187	-0.00179073239	3.56604092e-05	4.22780911e-05	0	100	0	0	3
178	154	0	1.59713025	-0.00183805693	-0.0018294596	-0.00185649187	-0.00179073239	3.58362602e-05	4.22780911e-05	0	100	0	0	3
179	155	0	1.6061029	-0.00187829747	-0.00183003844	-0.00187829747	-0.00179073239	3.58362602e-05	4.22780911e-05	0	100	0	0	3
180	156	0	1.61507554	-0.00184050699	-0.00183033489	-0.00187829747	-0.00179073239	3.58362602e-05	4.22780911e-05	0	100	0	0	3
181	156	0	1.62404818	-0.00184307064	-0.00183009523	-0.00187829747	-0.00179073239	3.58362602e-05	4.22780911e-05	0	100	0	0	3
182	157	0	1.63302082	-0.0018568362	-0.00183059007	-0.00187829747	-0.00179073239	3.58362602e-05	4.22780911e-05	0	100	0	0	3
183	158	0	1.64199346	-0.0018361773	-0.00183068131	-0.00187829747	-0.00179073239	3.58362602e-05	4.22780911e-05	0	100	0	0	3
184	159	0	1.6509661	-0.00185412163	-0.00183090486	-0.00187829747	-0.00179073239	3.58362602e-05	4.22780911e-05	0	100	0	0	3
185	160	0	1.65993875	-0.00183180609	-0.00183111229	-0.00187829747	-0.00179073239	3.58362602e-05	4.22780911e-05	0	100	0	0	3
186	160	0	1.66891139	-0.00185795913	-0.00183153038	-0.00187829747	-0.00179073239	3.58362602e-05	4.22780911e-05	0	100	0	0	3
187	161	0	1.67788403	-0.00183532136	-0.00183163885	-0.00187829747	-0.00179073239	3.56118698e-05	4.22780911e-05	0	100	0	0	3
188	162	0	1.68685667	-0.00186242311	-0.00183261684	-0.00187829747	-0.00179073239	3.56118698e-05	4.22780911e-05	0	100	0	0	3
189	163	0	1.69582931	-0.00183008488	-0.00183241937	-0.00187829747	-0.00179073239	3.56118698e-05	4.22780911e-05	0	100	0	0	3
190	164	0	1.70480196	-0.00186365535	-0.00183326322	-0.00187829747	-0.00179073239	3.56118698e-05	4.22780911e-05	0	100	0	0	3
191	164	0	1.7137746	-0.00182683287	-0.00183334472	-0.00187829747	-0.00179073239	3.56118698e-05	4.22780911e-05	0	100	0	0	3
192	165	0	1.72274724	-0.00185722162	-0.00183367918	-0.00187829747	-0.00179073239	3.56118698e-05	4.22780911e-05	0	100	0	0	3
193	166	0	1.73171988	-0.00182855511	-0.00183379296	-0.00187829747	-0.00179073239	3.56118698e-05	4.22780911e-05	0	100	0	0	3
194	167	0	1.74069252	-0.00185279442	-0.00183400589	-0.00187829747	-0.00179073239	3.56118698e-05	4.22780911e-05	0	100	0	0	3
195	168	0	1.74966517	-0.00181552165	-0.00183360307	-0.00187829747	-0.00179073239	3.56118698e-05	4.22780911e-05	0	100	0	0	3
196	169	0	1.75863781	-0.00185406837	-0.00183424053	-0.00187829747	-0.00179073239	3.56118698e-05	4.22780911e-05	0	100	0	0	3
197	169	0	1.76761045	-0.0018088589	-0.00183346283	-0.00187829747	-0.00179073239	3.50827135e-05	4.22780911e-05	0	100	0	0	3
198	170	0	1.77658309	-0.00184940661	-0.00183413305	-0.00187829747	-0.00179073239	3.50827135e-05	4.22780911e-05	0	100	0	0	3
199	171	0	1.78555573	-0.00180883914	-0.00183342265	-0.00187829747	-0.00179073239	3.45135211e-05	4.22780911e-05	0	100	0	0	3
200	172	0	1.79452837	-0.00184631119	-0.00183401983	-0.00187829747	-0.00179073239	3.45135211e-05	4.22780911e-05	0	100	0	0	3
201	176	0	1.80350102	-0.00181617798	-0.00183341186	-0.00187829747	-0.00179073239	3.38649192e-05	4.22780911e-05	0	100	0	0	3
202	177	0	1.81247366	-0.00184787156	-0.00183399076	-0.00187829747	-0.00179073239	3.38649192e-05	4.22780911e-05	0	100	0	0	3
203	178	0	1.8214463	-0.00182389017	-0.00183349906	-0.00187829747	-0.00179073239	3.28737949e-05	4.22780911e-05	0	100	0	0	3
204	179	0	1.83041894	-0.00185422471	-0.00183411365	-0.00187829747	-0.00179073239	3.28737949e-05	4.22780911e-05	0	100	0	0	3
205	180	0	1.83939158	-0.0018241216	-0.00183373308	-0.00187829747	-0.00179073239	3.17691713e-05	4.22780911e-05	0	100	0	0	3
206	180	0	1.84836423	-0.00185332465	-0.00183410342	-0.00187829747	-0.00179073239	3.15065739e-05	4.22780911e-05	0	100	0	0	3
207	181	0	1.85733687	-0.00182485289	-0.00183395325	-0.00187829747	-0.00179073239	3.06494024e-05	4.22780911e-05	0	100	0	0	3
208	182	0	1.86630951	-0.00185659963	-0.00183398279	-0.00187829747	-0.00179073239	3.03697242e-05	4.22780911e-05	0	100	0	0	3
209	183	0	1.87528215	-0.0018300289	-0.0018340298	-0.00187829747	-0.00179073239	2.94991941e-05	4.22780911e-05	0	100	0	0	3
210	184	0	1.88425479	-0.00186251032	-0.00183422433	-0.00187829747	-0.00179073239	2.89174813e-05	4.22780911e-05	0	100	0	0	3
211	184	0	1.89322744	-0.00183758652	-0.00183442581	-0.00187829747	-0.00179073239	2.77870022e-05	4.22780911e-05	0	100	0	0	3
212	185	0	1.90220008	-0.00186571178	-0.0018348158	-0.00187829747	-0.00179073239	2.69571e-05	4.22780911e-05	0	100	0	0	3
213	186	0	1.91117272	-0.00183458355	-0.00183490842	-0.00187829747	-0.00179073239	2.49506014e-05	4.22780911e-05	0	100	0	0	3
214	187	0	1.92014536	-0.00186043394	-0.00183584428	-0.00187829747	-0.00179073239	2.40581286e-05	4.22780911e-05	0	100	0	0	3
215	188	0	1.929118	-0.00182786299	-0.00183575435	-0.00187829747	-0.00179073239	2.15356694e-05	4.22780911e-05	0	100	0	0	3
216	188	0	1.93809064	-0.00185412858	-0.00183686596	-0.00187829747	-0.00179073239	2.0581545e-05	4.22780911e-05	0	100	0	0	3
217	189	0	1.94706329	-0.00182308585	-0.00183685055	-0.00187829747	-0.00179073239	1.8401476e-05	4.22780911e-05	0	100	0	0	3
218	190	0	1.95603593	-0.00185157919	-0.00183793711	-0.00187829747	-0.00179353065	1.68481238e-05	4.22780911e-05	0	100	0	0	3
219	191	0	1.96500857	-0.00181491601	-0.00183779817	-0.00187829747	-0.00179353065	1.50507826e-05	4.22780911e-05	0	100	0	0	3
220	192	0	1.97398121	-0.00185838524	-0.00183895629	-0.00187829747	-0.00179608041	1.30544786e-05	4.22780911e-05	0	100	0	0	3
221	193	0	1.98295385	-0.00181324645	-0.00183873574	-0.00187829747	-0.00179608041	1.12894831e-05	4.22780911e-05	0	100	0	0	3
222	193	0	1.9919265	-0.00185186555	-0.0018397319	-0.00187829747	-0.00180488699	1.02722948e-05	4.22780911e-05	0	100	0	0	3
223	194	0	2.00089914	-0.00183034202	-0.00183975793	-0.00187829747	-0.00180488699	1.02983268e-05	4.22780911e-05	0	100	0	0	3
224	195	0	2.00987178	-0.00182411893	-0.00183990893	-0.00187829747	-0.00180488699	1.04493228e-05	4.22780911e-05	0	100	0	0	3
225	196	0	2.01884442	-0.00184586224	-0.00184064063	-0.00187829747	-0.00180883914	1.11810237e-05	4.22780911e-05	0	100	0	0	3
226	197	0	2.02781706	-0.00181496802	-0.00184020627	-0.00187829747	-0.00180883914	1.11810237e-05	4.22780911e-05	0	100	0	0	3
227	197	0	2.03678971	-0.00184682157	-0.00184053563	-0.00187829747	-0.00180883914	1.11810237e-05	4.22780911e-05	0	100	0	0	3
228	198	0	2.04576235	-0.00183601717	-0.00184081208	-0.00187829747	-0.00180883914	1.13524751e-05	4.22780911e-05	0	100	0	0	3
229	199	0	2.05473499	-0.00182692324	-0.00184029999	-0.00187829747	-0.00180883914	1.13524751e-05	4.22780911e-05	0	100	0	0	3
230	200	0	2.06370763	-0.00184835446	-0.00184084754	-0.00187829747	-0.00180883914	1.13879377e-05	4.22780911e-05	0	100	0	0	3
231	201	0	2.07268027	-0.00181237793	-0.00184007808	-0.00187829747	-0.00180883914	1.13879377e-05	4.22780911e-05	0	100	0	0	3
232	201	0	2.08165291	-0.00183865867	-0.00183996877	-0.00187829747	-0.00180883914	1.13879377e-05	4.22780911e-05	0	100	0	0	3
233	202	0	2.09062556	-0.0018060983	-0.00183918317	-0.00187829747	-0.0018060983	1.13879377e-05	4.22780911e-05	0	100	0	0	3
234	203	0	2.0995982	-0.0018367837	-0.00183916043	-0.00187829747	-0.0018060983	1.08091014e-05	4.22780911e-05	0	100	0	0	3
235	204	0	2.10857084	-0.00182911287	-0.00183828214	-0.00186571178	-0.0018060983	1.07523146e-05	4.22780911e-05	0	100	0	0	3
236	205	0	2.11754348	-0.00182034641	-0.00183792213	-0.00186571178	-0.0018060983	1.07523146e-05	4.22780911e-05	0	100	0	0	3
237	205	0	2.12651612	-0.00185301195	-0.00183809965	-0.00186571178	-0.0018060983	1.0257474e-05	4.22780911e-05	0	100	0	0	3
238	206	0	2.13548877	-0.00181399957	-0.00183733471	-0.00186571178	-0.0018060983	1.016623e-05	4.22780911e-05	0	100	0	0	3
239	207	0	2.14446141	-0.00184322759	-0.00183746061	-0.00186571178	-0.0018060983	9.94268013e-06	4.22780911e-05	0	100	0	0	3
240	208	0	2.15343405	-0.00181980352	-0.00183684779	-0.00186571178	-0.0018060983	9.73524792e-06	4.22780911e-05	0	100	0	0	3
241	209	0	2.16240669	-0.00181486852	-0.00183654533	-0.00186571178	-0.0018060983	9.31715986e-06	4.22780911e-05	0	100	0	0	3
242	209	0	2.17137933	-0.00183597637	-0.00183615278	-0.00186571178	-0.0018060983	9.20869118e-06	4.22780911e-05	0	100	0	0	3
243	210	0	2.18035198	-0.00182870287	-0.00183603459	-0.00186571178	-0.0018060983	8.42816663e-06	4.22780911e-05	0	100	0	0	3
244	211	0	2.18932462	-0.00182299876	-0.00183533059	-0.00186571178	-0.0018060983	8.42816663e-06	4.22780911e-05	0	100	0	0	3
245	212	0	2.19829726	-0.00185394722	-0.0018357567	-0.00186571178	-0.0018060983	7.584319e-06	4.22780911e-05	0	100	0	0	3
246	213	0	2.2072699	-0.00183473306	-0.00183524023	-0.00186571178	-0.0018060983	7.5028233e-06	4.22780911e-05	0	100	0	0	3
247	213	0	2.21624254	-0.00182918193	-0.00183528218	-0.00186571178	-0.0018060983	7.43567984e-06	4.22780911e-05	0	100	0	0	3
248	214	0	2.22521518	-0.00184397502	-0.00183504563	-0.00186571178	-0.0018060983	7.43567984e-06	4.22780911e-05	0	100	0	0	3
249	215	0	2.23418783	-0.00183289033	-0.00183512305	-0.00186571178	-0.0018060983	7.43567984e-06	4.22780911e-05	0	100	0	0	3
250	216	0	2.24316047	-0.00181333887	-0.00183441848	-0.00186571178	-0.0018060983	7.43567984e-06	4.22780911e-05	0	100	0	0	3
251	217	0	2.25213311	-0.00185424364	-0.00183510995	-0.00186571178	-0.0018060983	7.43567984e-06	4.22780911e-05	0	100	0	0	3
252	218	0	2.26110575	-0.00183846848	-0.00183483138	-0.00186571178	-0.0018060983	7.43567984e-06	4.22780911e-05	0	100	0	0	3
253	218	0	2.27007839	-0.00183707802	-0.00183533529	-0.00186571178	-0.0018060983	7.43567984e-06	4.22780911e-05	0	100	0	0	3
254	219	0	2.27905104	-0.00186229366	-0.00183556542	-0.00186571178	-0.0018060983	7.43567984e-06	4.22780911e-05	0	100	0	0	3
255	220	0	2.28802368	-0.00183453193	-0.00183602422	-0.00186571178	-0.0018060983	7.43567984e-06	4.22780911e-05	0	100	0	0	3
256	221	0	2.29699632	-0.001856773	-0.00183621103	-0.00186571178	-0.0018060983	7.43567984e-06	4.22780911e-05	0	100	0	0	3
257	222	0	2.30596896	-0.00181863891	-0.00183625498	-0.00186571178	-0.0018060983	7.348485e-06	4.22780911e-05	0	100	0	0	3
258	222	0	2.3149416	-0.00184085879	-0.00183612975	-0.00186571178	-0.0018060983	7.348485e-06	4.22780911e-05	0	100	0	0	3
259	223	0	2.32391425	-0.00183037303	-0.00183624552	-0.00186571178	-0.0018060983	7.11446084e-06	4.22780911e-05	0	100	0	0	3
260	224	0	2.33288689	-0.00181465415	-0.0018355389	-0.00186571178	-0.0018060983	7.11446084e-06	4.22780911e-05	0	100	0	0	3
261	225	0	2.34185953	-0.00185545511	-0.00183609843	-0.00186571178	-0.0018060983	6.89429293e-06	4.22780911e-05	0	100	0	0	3
262	226	0	2.35083217	-0.00181979358	-0.00183549966	-0.00186571178	-0.0018060983	6.89429293e-06	4.22780911e-05	0	100	0	0	3
263	226	0	2.35980481	-0.00185586012	-0.00183605336	-0.00186571178	-0.0018060983	6.86475169e-06	4.22780911e-05	0	100	0	0	3
264	227	0	2.36877745	-0.00182147854	-0.0018354262	-0.00186571178	-0.0018060983	6.81774391e-06	4.22780911e-05	0	100	0	0	3
265	228	0	2.3777501	-0.00185404394	-0.00183585504	-0.00186571178	-0.0018060983	6.62321078e-06	4.22780911e-05	0	100	0	0	3
266	229	0	2.38672274	-0.00181441827	-0.00183499625	-0.00186571178	-0.0018060983	6.42905832e-06	4.22780911e-05	0	100	0	0	3
267	230	0	2.39569538	-0.00184746508	-0.00183517265	-0.00186571178	-0.0018060983	6.42905832e-06	4.22780911e-05	0	100	0	0	3
268	230	0	2.40466802	-0.00181636554	-0.00183429147	-0.00186229366	-0.0018060983	6.55607234e-06	4.22780911e-05	0	100	0	0	3
269	231	0	2.41364066	-0.00185129558	-0.0018345899	-0.00186229366	-0.0018060983	6.55607234e-06	4.22780911e-05	0	100	0	0	3
270	232	0	2.42261331	-0.00181870238	-0.00183384469	-0.00186229366	-0.0018060983	7.00284963e-06	4.22780911e-05	0	100	0	0	3
271	233	0	2.43158595	-0.00185507671	-0.00183433065	-0.00186229366	-0.0018060983	7.00284963e-06	4.22780911e-05	0	100	0	0	3
272	234	0	2.44055859	-0.00182623927	-0.00183383263	-0.00186229366	-0.0018060983	7.01491359e-06	4.22780911e-05	0	100	0	0	3
273	234	0	2.44953123	-0.00185901419	-0.00183447421	-0.00186229366	-0.0018060983	7.01491359e-06	4.22780911e-05	0	100	0	0	3
274	235	0	2.45850387	-0.00182850038	-0.00183406208	-0.00186229366	-0.0018060983	7.01491359e-06	4.22780911e-05	0	100	0	0	3
275	236	0	2.46747652	-0.00186215594	-0.00183490565	-0.00186229366	-0.0018060983	7.01491359e-06	4.22780911e-05	0	100	0	0	3
276	237	0	2.47644916	-0.00183220698	-0.00183443819	-0.00186229366	-0.0018060983	7.01491359e-06	4.22780911e-05	0	100	0	0	3
277	238	0	2.4854218	-0.00187028823	-0.00183545679	-0.00187028823	-0.0018060983	7.01491359e-06	4.22780911e-05	0	100	0	0	3
278	238	0	2.49439444	-0.00184389652	-0.00183531448	-0.00187028823	-0.0018060983	7.01491359e-06	4.22780911e-05	0	100	0	0	3
279	239	0	2.50336708	-0.00188327286	-0.00183625968	-0.00188327286	-0.0018060983	7.01491359e-06	4.22780911e-05	0	100	0	0	3
280	240	0	2.51233972	-0.00185173395	-0.0018367528	-0.00188327286	-0.0018060983	7.01491359e-06	4.22780911e-05	0	100	0	0	3
281	241	0	2.52131237	-0.00188748913	-0.00183749614	-0.00188748913	-0.0018060983	7.01491359e-06	4.22780911e-05	0	100	0	0	3
282	242	0	2.53028501	-0.00185371318	-0.00183818802	-0.00188748913	-0.0018060983	7.01491359e-06	4.22780911e-05	0	100	0	0	3
283	242	0	2.53925765	-0.00188638853	-0.00183889457	-0.00188748913	-0.0018060983	7.01491359e-06	4.22780911e-05	0	100	0	0	3
284	243	0	2.54823029	-0.00185264757	-0.00183919154	-0.00188748913	-0.0018060983	7.01491359e-06	4.22780911e-05	0	100	0	0	3
285	244	0	2.55720293	-0.00188029276	-0.00184014457	-0.00188748913	-0.0018060983	7.01491359e-06	4.22780911e-05	0	100	0	0	3
286	245	0	2.56617558	-0.0018483827	-0.00184014507	-0.00188748913	-0.0018060983	6.31244638e-06	4.22780911e-05	0	100	0	0	3
287	246	0	2.57514822	-0.00187819201	-0.00184132033	-0.00188748913	-0.0018060983	7.48769768e-06	4.22780911e-05	0	100	0	0	3
288	246	0	2.58412086	-0.00183912452	-0.00184132864	-0.00188748913	-0.0018060983	7.49601641e-06	4.22780911e-05	0	100	0	0	3
289	247	0	2.5930935	-0.00187050544	-0.00184247877	-0.00188748913	-0.00181333887	8.64614394e-06	4.22780911e-05	0	100	0	0	3
290	248	0	2.60206614	-0.00183819277	-0.00184250393	-0.00188748913	-0.00181333887	8.67130585e-06	4.22780911e-05	0	100	0	0	3
291	249	0	2.61103879	-0.00186896214	-0.00184321553	-0.00188748913	-0.00181333887	9.38289988e-06	4.22780911e-05	0	100	0	0	3
292	250	0	2.62001143	-0.00183568098	-0.00184348936	-0.00188748913	-0.00181333887	9.65673156e-06	4.22780911e-05	0	100	0	0	3
293	250	0	2.62898407	-0.00186714456	-0.00184374173	-0.00188748913	-0.00181333887	9.90909945e-06	4.22780911e-05	0	100	0	0	3
294	251	0	2.63795671	-0.00182982284	-0.00184402429	-0.00188748913	-0.00181333887	1.01916577e-05	4.22780911e-05	0	100	0	0	3
295	252	0	2.64692935	-0.00186544543	-0.00184442103	-0.00188748913	-0.00181333887	1.0588405e-05	4.22780911e-05	0	100	0	0	3
296	253	0	2.65590199	-0.00185102943	-0.00184497864	-0.00188748913	-0.00181333887	1.11460104e-05	4.22780911e-05	0	100	0	0	3
297	254	0	2.66487464	-0.00186264958	-0.00184583187	-0.00188748913	-0.00181333887	1.19992437e-05	4.22780911e-05	0	100	0	0	3
298	254	0	2.67384728	-0.00184997913	-0.00184608192	-0.00188748913	-0.00181333887	1.22492929e-05	4.22780911e-05	0	100	0	0	3
299	255	0	2.68281992	-0.00188017781	-0.00184700112	-0.00188748913	-0.00181333887	1.31684883e-05	4.22780911e-05	0	100	0	0	3
300	256	0	2.69179256	-0.00184507478	-0.00184739533	-0.00188748913	-0.00181333887	1.35627029e-05	4.22780911e-05	0	100	0	0	3
301	260	0	2.7007652	-0.00187244141	-0.00184772558	-0.00188748913	-0.00181333887	1.38929564e-05	4.22780911e-05	0	100	0	0	3
302	261	0	2.70973785	-0.00183374476	-0.00184770794	-0.00188748913	-0.00181333887	1.38929564e-05	4.22780911e-05	0	100	0	0	3
303	262	0	2.71871049	-0.00186859799	-0.00184841179	-0.00188748913	-0.00181333887	1.45791664e-05	4.22780911e-05	0	100	0	0	3
304	263	0	2.72768313	-0.00183323222	-0.00184821996	-0.00188748913	-0.00181333887	1.45791664e-05	4.22780911e-05	0	100	0	0	3
305	264	0	2.73665577	-0.00186893642	-0.00184886364	-0.00188748913	-0.00181333887	1.50310109e-05	4.22780911e-05	0	100	0	0	3
306	264	0	2.74562841	-0.00183298532	-0.00184921447	-0.00188748913	-0.00181441827	1.53818402e-05	4.22780911e-05	0	100	0	0	3
307	265	0	2.75460106	-0.00187244438	-0.00184953948	-0.00188748913	-0.00181441827	1.57068534e-05	4.22780911e-05	0	100	0	0	3
308	266	0	2.7635737	-0.00183801482	-0.00184953138	-0.00188748913	-0.00181441827	1.57068534e-05	4.22780911e-05	0	100	0	0	3
309	267	0	2.77254634	-0.00187075849	-0.00185013282	-0.00188748913	-0.00181441827	1.63001893e-05	4.22780911e-05	0	100	0	0	3
310	268	0	2.78151898	-0.00183101246	-0.00184957422	-0.00188748913	-0.00181441827	1.63001893e-05	4.22780911e-05	0	100	0	0	3
311	268	0	2.79049162	-0.00186422815	-0.00185010451	-0.00188748913	-0.00181441827	1.63001893e-05	4.22780911e-05	0	100	0	0	3
312	269	0	2.79946426	-0.00182792094	-0.0018495893	-0.00188748913	-0.00181441827	1.63001893e-05	4.22780911e-05	0	100	0	0	3
313	270	0	2.80843691	-0.00186037394	-0.00185033457	-0.00188748913	-0.00181441827	1.6501939e-05	4.22780911e-05	0	100	0	0	3
314	271	0	2.81740955	-0.00182731172	-0.00185009265	-0.00188748913	-0.00181441827	1.6501939e-05	4.22780911e-05	0	100	0	0	3
315	272	0	2.82638219	-0.00186195352	-0.00185065659	-0.00188748913	-0.00181441827	1.68239646e-05	4.22780911e-05	0	100	0	0	3
316	272	0	2.83535483	-0.00182484769	-0.00185083862	-0.00188748913	-0.00181441827	1.70059921e-05	4.22780911e-05	0	100	0	0	3
317	273	0	2.84432747	-0.00185842474	-0.00185089165	-0.00188748913	-0.00181441827	1.70590211e-05	4.22780911e-05	0	100	0	0	3
318	274	0	2.85330012	-0.00182073775	-0.00185090851	-0.00188748913	-0.00181441827	1.70758813e-05	4.22780911e-05	0	100	0	0	3
319	275	0	2.86227276	-0.00185374307	-0.0018508707	-0.00188748913	-0.00181441827	1.70758813e-05	4.22780911e-05	0	100	0	0	3
320	276	0	2.8712454	-0.00182045336	-0.0018508524	-0.00188748913	-0.00181441827	1.70758813e-05	4.22780911e-05	0	100	0	0	3
321	276	0	2.88021804	-0.00185394337	-0.0018508506	-0.00188748913	-0.00181441827	1.70758813e-05	4.22780911e-05	0	100	0	0	3
322	277	0	2.88919068	-0.00181934948	-0.00185093866	-0.00188748913	-0.00181636554	1.71060317e-05	4.22780911e-05	0	100	0	0	3
323	278	0	2.89816332	-0.00185466737	-0.00185106727	-0.00188748913	-0.00181636554	1.7234644e-05	4.22780911e-05	0	100	0	0	3
324	279	0	2.90713597	-0.00182053109	-0.00185114166	-0.00188748913	-0.00181870238	1.73090289e-05	4.22780911e-05	0	100	0	0	3
325	280	0	2.91610861	-0.001851781	-0.00185115032	-0.00188748913	-0.00181870238	1.73176971e-05	4.22780911e-05	0	100	0	0	3
326	280	0	2.92508125	-0.00181596201	-0.00185110139	-0.00188748913	-0.00181596201	1.73176971e-05	4.22780911e-05	0	100	0	0	3
327	281	0	2.93405389	-0.00184960258	-0.00185100364	-0.00188748913	-0.00181596201	1.73176971e-05	4.22780911e-05	0	100	0	0	3
328	282	0	2.94302653	-0.00181822913	-0.0018508606	-0.00188748913	-0.00181596201	1.70882411e-05	4.22780911e-05	0	100	0	0	3
329	283	0	2.95199918	-0.00184909853	-0.00185068353	-0.00188748913	-0.00181596201	1.70882411e-05	4.22780911e-05	0	100	0	0	3
330	283	0	2.96097182	-0.00181336402	-0.00185041324	-0.00188748913	-0.00181336402	1.67121398e-05	4.22780911e-05	0	100	0	0	3
331	284	0	2.96994446	-0.00184501695	-0.00185010719	-0.00188748913	-0.00181336402	1.67121398e-05	4.22780911e-05	0	100	0	0	3
332	285	0	2.9789171	-0.00181493593	-0.00184979878	-0.00188748913	-0.00181336402	1.58358406e-05	4.22780911e-05	0	100	0	0	3
333	286	0	2.98788974	-0.00184559791	-0.00184935788	-0.00188748913	-0.00181336402	1.58358406e-05	4.22780911e-05	0	100	0	0	3
334	287	0	2.99686239	-0.00181194622	-0.00184878734	-0.00188748913	-0.00181194622	1.4890647e-05	4.22780911e-05	0	100	0	0	3
335	287	0	3.00583503	-0.00184345065	-0.00184807623	-0.00188748913	-0.00181194622	1.43975217e-05	4.22780911e-05	0	100	0	0	3
336	288	0	3.01480767	-0.00180809922	-0.00184729703	-0.00188748913	-0.00180809922	1.36541845e-05	4.22780911e-05	0	100	0	0	3
337	289	0	3.02378031	-0.00184036026	-0.00184645545	-0.00188638853	-0.00180809922	1.29623066e-05	4.22780911e-05	0	100	0	0	3
338	290	0	3.03275295	-0.00181091915	-0.00184569127	-0.00188638853	-0.00180809922	1.22557537e-05	4.22780911e-05	0	100	0	0	3
339	291	0	3.04172559	-0.00184232251	-0.00184490438	-0.00188029276	-0.00180809922	1.19587824e-05	4.22780911e-05	0	100	0	0	3
340	291	0	3.05069824	-0.00181241424	-0.00184418592	-0.00188029276	-0.00180809922	1.10057551e-05	4.22780911e-05	0	100	0	0	3
341	292	0	3.05967088	-0.00184625598	-0.00184357812	-0.00188017781	-0.00180809922	1.10052507e-05	4.22780911e-05	0	100	0	0	3
342	293	0	3.06864352	-0.00181566651	-0.00184299391	-0.00188017781	-0.00180809922	9.82999941e-06	4.22780911e-05	0	100	0	0	3
343	294	0	3.07761616	-0.00185038742	-0.0018424974	-0.00188017781	-0.00180809922	9.82168067e-06	4.22780911e-05	0	100	0	0	3
344	295	0	3.0865888	-0.00181933505	-0.00184214401	-0.00188017781	-0.00180809922	9.00631303e-06	4.22780911e-05	0	100	0	0	3
345	296	0	3.09556145	-0.00185225374	-0.00184181809	-0.00188017781	-0.00180809922	9.33223634e-06	4.22780911e-05	0	100	0	0	3
346	296	0	3.10453409	-0.0018202968	-0.00184149852	-0.00188017781	-0.00180809922	9.65180728e-06	4.22780911e-05	0	100	0	0	3
347	297	0	3.11350673	-0.00185324597	-0.00184121787	-0.00188017781	-0.00180809922	9.93245314e-06	4.22780911e-05	0	100	0	0	3
348	298	0	3.12247937	-0.00182269539	-0.00184098599	-0.00188017781	-0.00180809922	1.01643386e-05	4.22780911e-05	0	100	0	0	3
349	299	0	3.13145201	-0.00185767	-0.0018408168	-0.00188017781	-0.00180809922	1.03335271e-05	4.22780911e-05	0	100	0	0	3
350	300	0	3.14042466	-0.00183099472	-0.00184083772	-0.00188017781	-0.00180809922	1.03335271e-05	4.22780911e-05	0	100	0	0	3
351	300	0	3.1493973	-0.00186788362	-0.00184088126	-0.00188017781	-0.00180809922	1.03335271e-05	4.22780911e-05	0	100	0	0	3
352	301	0	3.15836994	-0.00183720355	-0.00184063437	-0.00188017781	-0.00180809922	1.05159524e-05	4.22780911e-05	0	100	0	0	3
353	302	0	3.16734258	-0.00187241618	-0.00184080878	-0.00188017781	-0.00180809922	1.05159524e-05	4.22780911e-05	0	100	0	0	3
354	303	0	3.17631522	-0.00184346086	-0.00184069238	-0.00188017781	-0.00180809922	1.05159524e-05	4.22780911e-05	0	100	0	0	3
355	304	0	3.18528786	-0.00188550835	-0.00184078757	-0.00188550835	-0.00180809922	1.05159524e-05	4.22780911e-05	0	100	0	0	3
356	304	0	3.19426051	-0.00185273011	-0.00184092427	-0.00188550835	-0.00180809922	1.05159524e-05	4.22780911e-05	0	100	0	0	3
357	305	0	3.20323315	-0.00189274942	-0.00184128691	-0.00189274942	-0.00180809922	1.05159524e-05	4.22780911e-05	0	100	0	0	3
358	306	0	3.21220579	-0.00186390541	-0.00184182549	-0.00189274942	-0.00180809922	1.05159524e-05	4.22780911e-05	0	100	0	0	3
359	307	0	3.22117843	-0.00189102373	-0.00184222595	-0.00189274942	-0.00180809922	1.05159524e-05	4.22780911e-05	0	100	0	0	3
360	308	0	3.23015107	-0.00185753354	-0.00184265991	-0.00189274942	-0.00180809922	1.05159524e-05	4.22780911e-05	0	100	0	0	3
361	308	0	3.23912372	-0.00188677682	-0.00184297848	-0.00189274942	-0.00180809922	1.05159524e-05	4.22780911e-05	0	100	0	0	3
362	309	0	3.24809636	-0.00185370778	-0.00184334853	-0.00189274942	-0.00180809922	1.05159524e-05	4.22780911e-05	0	100	0	0	3
363	310	0	3.257069	-0.00188192339	-0.0018435178	-0.00189274942	-0.00180809922	1.05159524e-05	4.22780911e-05	0	100	0	0	3
364	311	0	3.26604164	-0.00185309953	-0.00184378717	-0.00189274942	-0.00180809922	1.05159524e-05	4.22780911e-05	0	100	0	0	3
365	312	0	3.27501428	-0.00188353643	-0.00184401534	-0.00189274942	-0.00180809922	1.05159524e-05	4.22780911e-05	0	100	0	0	3
366	312	0	3.28398693	-0.00185444604	-0.0018444338	-0.00189274942	-0.00180809922	1.05159524e-05	4.22780911e-05	0	100	0	0	3
367	313	0	3.29295957	-0.00188974145	-0.0018448894	-0.00189274942	-0.00180809922	1.05159524e-05	4.22780911e-05	0	100	0	0	3
368	314	0	3.30193221	-0.00185153887	-0.00184531114	-0.00189274942	-0.00180809922	1.05159524e-05	4.22780911e-05	0	100	0	0	3
369	315	0	3.31090485	-0.00187964591	-0.00184565529	-0.00189274942	-0.00180809922	1.05159524e-05	4.22780911e-05	0	100	0	0	3
370	316	0	3.31987749	-0.00184402201	-0.00184595368	-0.00189274942	-0.00180809922	1.05159524e-05	4.22780911e-05	0	100	0	0	3
371	317	0	3.32885013	-0.00187380185	-0.00184616526	-0.00189274942	-0.00180809922	1.05159524e-05	4.22780911e-05	0	100	0	0	3
372	317	0	3.33782278	-0.00184534059	-0.00184653121	-0.00189274942	-0.00180809922	1.05159524e-05	4.22780911e-05	0	100	0	0	3
373	318	0	3.34679542	-0.00187616514	-0.001846848	-0.00189274942	-0.00180809922	1.05159524e-05	4.22780911e-05	0	100	0	0	3
374	319	0	3.35576806	-0.00184402138	-0.00184726378	-0.00189274942	-0.00180809922	1.05159524e-05	4.22780911e-05	0	100	0	0	3
375	320	0	3.3647407	-0.00187230488	-0.00184759524	-0.00189274942	-0.00180809922	1.05159524e-05	4.22780911e-05	0	100	0	0	3
376	321	0	3.37371334	-0.00183093309	-0.00184778238	-0.00189274942	-0.00180809922	1.05159524e-05	4.22780911e-05	0	100	0	0	3
377	321	0	3.38268599	-0.00186178191	-0.00184792235	-0.00189274942	-0.00180809922	1.05159524e-05	4.22780911e-05	0	100	0	0	3
378	322	0	3.39165863	-0.00184180683	-0.00184832338	-0.00189274942	-0.00180809922	1.05159524e-05	4.22780911e-05	0	100	0	0	3
379	323	0	3.40063127	-0.00183317378	-0.00184793956	-0.00189274942	-0.00180809922	1.05159524e-05	4.22780911e-05	0	100	0	0	3
380	324	0	3.40960391	-0.00186201185	-0.00184868029	-0.00189274942	-0.00180809922	1.05159524e-05	4.22780911e-05	0	100	0	0	3
381	325	0	3.41857655	-0.00183200122	-0.00184832708	-0.00189274942	-0.00180809922	1.04670172e-05	4.22780911e-05	0	100	0	0	3
382	325	0	3.4275492	-0.00186531714	-0.00184920842	-0.00189274942	-0.00180809922	1.03692649e-05	4.22780911e-05	0	100	0	0	3
383	326	0	3.43652184	-0.00185281371	-0.00184926576	-0.00189274942	-0.00180809922	1.02262267e-05	4.22780911e-05	0	100	0	0	3
384	327	0	3.44549448	-0.00185392878	-0.00184990326	-0.00189274942	-0.00180809922	1.00491614e-05	4.22780911e-05	0	100	0	0	3
385	328	0	3.45446712	-0.00184535097	-0.00184983634	-0.00189274942	-0.00180809922	9.77886933e-06	4.22780911e-05	0	100	0	0	3
386	329	0	3.46343976	-0.00186166929	-0.00185069893	-0.00189274942	-0.00180809922	1.00645567e-05	4.22780911e-05	0	100	0	0	3
387	330	0	3.4724124	-0.0018323108	-0.00185047203	-0.00189274942	-0.00180809922	1.00645567e-05	4.22780911e-05	0	100	0	0	3
388	330	0	3.48138505	-0.00185807821	-0.00185124243	-0.00189274942	-0.00180809922	1.0608059e-05	4.22780911e-05	0	100	0	0	3
389	331	0	3.49035769	-0.00184981696	-0.00185131777	-0.00189274942	-0.00180809922	1.06833992e-05	4.22780911e-05	0	100	0	0	3
390	332	0	3.49933033	-0.00183591893	-0.00185174586	-0.00189274942	-0.00180809922	1.11114834e-05	4.22780911e-05	0	100	0	0	3
391	333	0	3.50830297	-0.00186746676	-0.00185217471	-0.00189274942	-0.00180809922	1.15403425e-05	4.22780911e-05	0	100	0	0	3
392	334	0	3.51727561	-0.00182765927	-0.001852524	-0.00189274942	-0.00181091915	1.18896291e-05	4.22780911e-05	0	100	0	0	3
393	334	0	3.52624826	-0.00186049997	-0.00185288364	-0.00189274942	-0.00181091915	1.22492666e-05	4.22780911e-05	0	100	0	0	3
394	335	0	3.5352209	-0.0018181499	-0.00185301276	-0.00189274942	-0.00181241424	1.23783872e-05	4.22780911e-05	0	100	0	0	3
395	336	0	3.54419354	-0.0018466703	-0.0018530904	-0.00189274942	-0.00181241424	1.24560263e-05	4.22780911e-05	0	100	0	0	3
396	337	0	3.55316618	-0.00180944696	-0.00185303741	-0.00189274942	-0.00180944696	1.24560263e-05	4.22780911e-05	0	100	0	0	3
397	338	0	3.56213882	-0.00184278591	-0.00185297545	-0.00189274942	-0.00180944696	1.24560263e-05	4.22780911e-05	0	100	0	0	3
398	338	0	3.57111147	-0.0018097828	-0.00185287038	-0.00189274942	-0.00180944696	1.24560263e-05	4.22780911e-05	0	100	0	0	3
399	339	0	3.58008411	-0.00184024047	-0.00185268918	-0.00189274942	-0.00180944696	1.24560263e-05	4.22780911e-05	0	100	0	0	3
400	340	0	3.58905675	-0.00180475343	-0.0018524288	-0.00189274942	-0.00180475343	1.24560263e-05	4.22780911e-05	0	100	0	0	3
401	345	0	3.59802939	-0.00183576761	-0.0018521344	-0.00189274942	-0.00180475343	1.24560263e-05	4.22780911e-05	0	100	0	0	3
402	346	0	3.60700203	-0.00180154697	-0.00185179958	-0.00189274942	-0.00180154697	1.24560263e-05	4.22780911e-05	0	100	0	0	3
403	347	0	3.61597467	-0.00183004246	-0.00185138524	-0.00189274942	-0.00180154697	1.24560263e-05	4.22780911e-05	0	100	0	0	3
404	348	0	3.62494732	-0.00179533985	-0.00185089674	-0.00189274942	-0.00179533985	1.24560263e-05	4.22780911e-05	0	100	0	0	3
405	348	0	3.63391996	-0.00182906811	-0.001850386	-0.00189274942	-0.00179533985	1.24560263e-05	4.22780911e-05	0	100	0	0	3
406	349	0	3.6428926	-0.00179951839	-0.00184982392	-0.00189274942	-0.00179533985	1.24560263e-05	4.22780911e-05	0	100	0	0	3
407	350	0	3.65186524	-0.00183330698	-0.00184920648	-0.00189274942	-0.00179533985	1.24560263e-05	4.22780911e-05	0	100	0	0	3
408	351	0	3.66083788	-0.00180916485	-0.00184870579	-0.00189274942	-0.00179533985	1.23980205e-05	4.22780911e-05	0	100	0	0	3
409	352	0	3.66981053	-0.00183884528	-0.00184810631	-0.00189274942	-0.00179533985	1.23980205e-05	4.22780911e-05	0	100	0	0	3
410	352	0	3.67878317	-0.00180354164	-0.00184739346	-0.00189274942	-0.00179533985	1.23028324e-05	4.22780911e-05	0	100	0	0	3
411	353	0	3.68775581	-0.0018327817	-0.00184645192	-0.00189274942	-0.00179533985	1.216613e-05	4.22780911e-05	0	100	0	0	3
412	354	0	3.69672845	-0.00179902627	-0.00184549292	-0.00189274942	-0.00179533985	1.18034871e-05	4.22780911e-05	0	100	0	0	3
413	355	0	3.70570109	-0.00182822374	-0.00184434068	-0.00189102373	-0.00179533985	1.12649042e-05	4.22780911e-05	0	100	0	0	3
414	356	0	3.71467374	-0.00179418512	-0.00184309567	-0.00189102373	-0.00179418512	1.08644446e-05	4.22780911e-05	0	100	0	0	3
415	357	0	3.72364638	-0.00182519029	-0.00184192007	-0.00188974145	-0.00179418512	1.11703252e-05	4.22780911e-05	0	100	0	0	3
416	357	0	3.73261902	-0.00179379391	-0.00184078187	-0.00188974145	-0.00179379391	1.23085329e-05	4.22780911e-05	0	100	0	0	3
417	358	0	3.74159166	-0.00182542094	-0.00183968623	-0.00188974145	-0.00179379391	1.34041736e-05	4.22780911e-05	0	100	0	0	3
418	359	0	3.7505643	-0.00179319461	-0.00183860563	-0.00188974145	-0.00179319461	1.44847659e-05	4.22780911e-05	0	100	0	0	3
419	360	0	3.75953694	-0.00182895549	-0.00183765978	-0.00188974145	-0.00179319461	1.54306212e-05	4.22780911e-05	0	100	0	0	3
420	361	0	3.76850959	-0.00180036121	-0.00183671802	-0.00188974145	-0.00179319461	1.63723768e-05	4.22780911e-05	0	100	0	0	3
421	361	0	3.77748223	-0.00183558401	-0.00183586173	-0.00188974145	-0.00179319461	1.722867e-05	4.22780911e-05	0	100	0	0	3
422	362	0	3.78645487	-0.00180405369	-0.00183496187	-0.00188974145	-0.00179319461	1.81285333e-05	4.22780911e-05	0	100	0	0	3
423	363	0	3.79542751	-0.00184150998	-0.00183410059	-0.00187964591	-0.00179319461	1.89898096e-05	4.22780911e-05	0	100	0	0	3
424	364	0	3.80440015	-0.00181498475	-0.00183344784	-0.00187964591	-0.00179319461	1.96425618e-05	4.22780911e-05	0	100	0	0	3
425	365	0	3.8133728	-0.00185355714	-0.00183298197	-0.00187616514	-0.00179319461	2.01084327e-05	4.22780911e-05	0	100	0	0	3
426	366	0	3.82234544	-0.00182727897	-0.00183268298	-0.00187616514	-0.00179319461	2.04074157e-05	4.22780911e-05	0	100	0	0	3
427	366	0	3.83131808	-0.00186869837	-0.00183259185	-0.00187616514	-0.00179319461	2.04985493e-05	4.22780911e-05	0	100	0	0	3
428	367	0	3.84029072	-0.00184772494	-0.00183263443	-0.00187616514	-0.00179319461	2.04985493e-05	4.22780911e-05	0	100	0	0	3
429	368	0	3.84926336	-0.00189045109	-0.00183288953	-0.00189045109	-0.00179319461	2.04985493e-05	4.22780911e-05	0	100	0	0	3
430	369	0	3.85823601	-0.00185955802	-0.00183316697	-0.00189045109	-0.00179319461	2.04985493e-05	4.22780911e-05	0	100	0	0	3
431	369	0	3.86720865	-0.00189663597	-0.00183360146	-0.00189663597	-0.00179319461	2.04985493e-05	4.22780911e-05	0	100	0	0	3
432	370	0	3.87618129	-0.00186425948	-0.00183419657	-0.00189663597	-0.00179319461	2.04985493e-05	4.22780911e-05	0	100	0	0	3
433	371	0	3.88515393	-0.00189765185	-0.00183483711	-0.00189765185	-0.00179319461	2.04985493e-05	4.22780911e-05	0	100	0	0	3
434	372	0	3.89412657	-0.00186871816	-0.00183531766	-0.00189765185	-0.00179319461	2.04985493e-05	4.22780911e-05	0	100	0	0	3
435	373	0	3.90309921	-0.00189778287	-0.0018364714	-0.00189778287	-0.00179319461	2.04985493e-05	4.22780911e-05	0	100	0	0	3
436	374	0	3.91207186	-0.00187041623	-0.00183662148	-0.00189778287	-0.00179319461	2.04985493e-05	4.22780911e-05	0	100	0	0	3
437	374	0	3.9210445	-0.00190927917	-0.00183800144	-0.00190927917	-0.00179319461	2.04985493e-05	4.22780911e-05	0	100	0	0	3
438	375	0	3.93001714	-0.00187910212	-0.0018382476	-0.00190927917	-0.00179319461	2.04985493e-05	4.22780911e-05	0	100	0	0	3
439	376	0	3.93898978	-0.00190681143	-0.00183921185	-0.00190927917	-0.00179319461	2.04985493e-05	4.22780911e-05	0	100	0	0	3
440	377	0	3.94796242	-0.00187597908	-0.0018396056	-0.00190927917	-0.00179319461	2.04985493e-05	4.22780911e-05	0	100	0	0	3
441	378	0	3.95693507	-0.00190843151	-0.00184073204	-0.00190927917	-0.00179319461	2.04985493e-05	4.22780911e-05	0	100	0	0	3
442	378	0	3.96590771	-0.00187467591	-0.0018409643	-0.00190927917	-0.00179319461	2.04985493e-05	4.22780911e-05	0	100	0	0	3
443	379	0	3.97488035	-0.00190384859	-0.00184224176	-0.00190927917	-0.00179319461	2.04985493e-05	4.22780911e-05	0	100	0	0	3
444	380	0	3.98385299	-0.00187682254	-0.00184257648	-0.00190927917	-0.00179319461	2.04985493e-05	4.22780911e-05	0	100	0	0	3
445	381	0	3.99282563	-0.00190784176	-0.00184361264	-0.00190927917	-0.00179319461	2.04985493e-05	4.22780911e-05	0	100	0	0	3
446	382	0	4.00179828	-0.00189011851	-0.00184458049	-0.00190927917	-0.00179319461	2.04985493e-05	4.22780911e-05	0	100	0	0	3
