Iteration	CPUTime	PhysTime	Travels	Value	AvValue	MinValue	MaxValue	Delta	Criteria	PrevAvRefValue	Progress	CriteriaType	CriteriaVarType	CriteriaPercentage
1	6	0	0.00897239991	293.200021	293.200021	293.200021	293.200021	0	0	0	0	0	0	3
2	7	0	0.0179447998	293.200026	293.200023	293.200021	293.200026	2.28646627e-06	0	0	0	0	0	3
3	8	0	0.0269171997	293.20003	293.200026	293.200021	293.20003	4.3755677e-06	0	0	0	0	0	3
4	10	0	0.0358895996	293.200032	293.200027	293.200021	293.200032	5.94951564e-06	0	0	0	0	0	3
5	11	0	0.0448619995	293.200035	293.200029	293.200021	293.200035	7.43453256e-06	0	0	0	0	0	3
6	12	0	0.0538343994	293.200038	293.20003	293.200021	293.200038	9.01488733e-06	0	0	0	0	0	3
7	13	0	0.0628067993	293.200044	293.200032	293.200021	293.200044	1.09368751e-05	0	0	0	0	0	3
8	14	0	0.0717791993	293.200048	293.200034	293.200021	293.200048	1.29178162e-05	0	0	0	0	0	3
9	15	0	0.0807515992	293.200054	293.200036	293.200021	293.200054	1.50799793e-05	0	0	0	0	0	3
10	16	0	0.0897239991	293.200058	293.200038	293.200021	293.200058	1.72274418e-05	0	0	0	0	0	3
11	18	0	0.098696399	293.200066	293.200041	293.200021	293.200066	1.97022872e-05	0	0	0	0	0	3
12	19	0	0.107668799	293.200072	293.200043	293.200021	293.200072	2.23015425e-05	0	0	0	0	0	3
13	20	0	0.116641199	293.200079	293.200046	293.200021	293.200079	2.50607035e-05	0	0	0	0	0	3
14	21	0	0.125613599	293.200086	293.200049	293.200021	293.200086	2.78890637e-05	0	0	0	0	0	3
15	22	0	0.134585999	293.200093	293.200052	293.200021	293.200093	3.08044534e-05	0	0	0	0	0	3
16	24	0	0.143558399	293.200102	293.200055	293.200021	293.200102	3.39602102e-05	0	0	0	0	0	3
17	25	0	0.152530798	293.200112	293.200058	293.200021	293.200112	3.73286943e-05	0	0	0	0	0	3
18	26	0	0.161503198	293.200122	293.200062	293.200021	293.200122	4.08459103e-05	0	0	0	0	0	3
19	27	0	0.170475598	293.200131	293.200066	293.200021	293.200131	4.44896353e-05	0	0	0	0	0	3
20	28	0	0.179447998	293.20014	293.200069	293.200021	293.20014	4.82257656e-05	0	0	0	0	0	3
21	29	0	0.188420398	293.200154	293.200073	293.200021	293.200154	5.22456482e-05	0	0	0	0	0	3
22	30	0	0.197392798	293.200167	293.200078	293.200021	293.200167	5.64901806e-05	0	0	0	0	0	3
23	31	0	0.206365198	293.200179	293.200082	293.200021	293.200179	6.09068434e-05	0	0	0	0	0	3
24	32	0	0.215337598	293.200191	293.200087	293.200021	293.200191	6.54542181e-05	0	0	0	0	0	3
25	33	0	0.224309998	293.200202	293.200091	293.200021	293.200202	7.00885898e-05	0	0	0	0	0	3
26	35	0	0.233282398	293.200218	293.200096	293.200021	293.200218	7.49585314e-05	0	0	0	0	0	3
27	36	0	0.242254797	293.200232	293.200101	293.200021	293.200232	7.99751698e-05	0	0	0	0	0	3
28	37	0	0.251227197	293.200244	293.200106	293.200021	293.200244	8.50611505e-05	0	0	0	0	0	3
29	38	0	0.260199597	293.200254	293.200111	293.200021	293.200254	9.01480778e-05	0	0	0	0	0	3
30	39	0	0.269171997	293.200262	293.200116	293.200021	293.200262	9.51779696e-05	0	0	0	0	0	3
31	40	0	0.278144397	293.200271	293.200121	293.200021	293.200271	0.000100174373	0	0	0	0	0	3
32	41	0	0.287116797	293.200278	293.200126	293.200021	293.200278	0.000105059137	0	0	0	0	0	3
33	43	0	0.296089197	293.200281	293.200131	293.200021	293.200281	0.000109762083	0	0	0	0	0	3
34	44	0	0.305061597	293.200283	293.200135	293.200021	293.200283	0.000114248008	0	0	0	0	0	3
35	45	0	0.314033997	293.200284	293.20014	293.200021	293.200284	0.000118507048	0	0	0	0	0	3
36	46	0	0.323006397	293.200286	293.200144	293.200021	293.200286	0.000122559863	0	0	0	0	0	3
37	47	0	0.331978797	293.200288	293.200148	293.200021	293.200288	0.000126447684	0	0	0	0	0	3
38	48	0	0.340951196	293.200291	293.200151	293.200021	293.200291	0.000130213198	0	0	0	0	0	3
39	50	0	0.349923596	293.200295	293.200155	293.200021	293.200295	0.000133895313	0	0	0	0	0	3
40	51	0	0.358895996	293.2003	293.200159	293.200021	293.2003	0.000137525591	0	0	0	0	0	3
41	52	0	0.367868396	293.200309	293.200162	293.200021	293.200309	0.000141189691	0	0	0	0	0	3
42	53	0	0.376840796	293.200318	293.200166	293.200021	293.200318	0.000144894458	0	0	0	0	0	3
43	55	0	0.385813196	293.200326	293.20017	293.200021	293.200326	0.000148612793	0	0	0	0	0	3
44	56	0	0.394785596	293.200332	293.200173	293.200021	293.200332	0.00015231039	0	0	0	0	0	3
45	57	0	0.403757996	293.200338	293.200177	293.200021	293.200338	0.000155960409	0	0	0	0	0	3
46	59	0	0.412730396	293.200342	293.200181	293.200021	293.200342	0.000159548471	0	0	0	0	0	3
47	60	0	0.421702796	293.200346	293.200184	293.200021	293.200346	0.000163068422	0	0	0	0	0	3
48	61	0	0.430675196	293.20035	293.200188	293.200021	293.20035	0.000166517674	0	0	0	0	0	3
49	62	0	0.439647595	293.200353	293.200191	293.200021	293.200353	0.000169896097	0	0	0	0	0	3
50	64	0	0.448619995	293.200356	293.200194	293.200021	293.200356	0.000173196624	0	0	0	0	0	3
51	65	0	0.457592395	293.200358	293.200198	293.200021	293.200358	0.000176413786	0	0	0	0	0	3
52	66	0	0.466564795	293.20036	293.200201	293.200021	293.20036	0.000179542503	0	0	0	0	0	3
53	68	0	0.475537195	293.200362	293.200204	293.200021	293.200362	0.00018257841	0	0	0	0	0	3
54	69	0	0.484509595	293.200363	293.200207	293.200021	293.200363	0.000185522565	0	0	0	0	0	3
55	70	0	0.493481995	293.200364	293.20021	293.200021	293.200364	0.000188376741	0	0	0	0	0	3
56	72	0	0.502454395	293.200364	293.200212	293.200021	293.200364	0.000191141575	0	0	0	0	0	3
57	73	0	0.511426795	293.200365	293.200218	293.200026	293.200365	0.000194993091	0	0	0	0	0	3
58	75	0	0.520399195	293.200365	293.200224	293.20003	293.200365	0.000198967966	0	0	0	0	0	3
59	76	0	0.529371595	293.200366	293.20023	293.200032	293.200366	0.00020339145	0	0	0	0	0	3
60	77	0	0.538343994	293.200366	293.200236	293.200035	293.200366	0.000207867469	0	0	0	0	0	3
61	79	0	0.547316394	293.200366	293.200242	293.200038	293.200366	0.000212200725	0	0	0	0	0	3
62	80	0	0.556288794	293.200366	293.200248	293.200044	293.200366	0.000216130673	0	0	0	0	0	3
63	81	0	0.565261194	293.200366	293.200254	293.200048	293.200366	0.000219905195	0	0	0	0	0	3
64	83	0	0.574233594	293.200366	293.20026	293.200054	293.200366	0.000223424339	0	0	0	0	0	3
65	84	0	0.583205994	293.200366	293.200265	293.200058	293.200366	0.000226860013	0	0	0	0	0	3
66	85	0	0.592178394	293.200366	293.200271	293.200066	293.200366	0.000229893205	0	0	0	0	0	3
67	87	0	0.601150794	293.200366	293.200276	293.200072	293.200366	0.000232655831	0	0	0	0	0	3
68	88	0	0.610123194	293.200365	293.200281	293.200079	293.200366	0.00023513663	0	0	0	0	0	3
69	89	0	0.619095594	293.200365	293.200286	293.200086	293.200366	0.000237408573	0	0	0	0	0	3
70	91	0	0.628067993	293.200364	293.200291	293.200093	293.200366	0.000239469977	0	0	0	0	0	3
71	92	0	0.637040393	293.200364	293.200296	293.200102	293.200366	0.000241160506	0	0	0	0	0	3
72	93	0	0.646012793	293.200364	293.200301	293.200112	293.200366	0.000242463912	0	0	0	0	0	3
73	95	0	0.654985193	293.200364	293.200305	293.200122	293.200366	0.000243437454	0	0	0	0	0	3
74	96	0	0.663957593	293.200363	293.20031	293.200131	293.200366	0.000234956241	0	0	0	0	0	3
75	97	0	0.672929993	293.200363	293.200314	293.20014	293.200366	0.000225820685	0	0	0	0	0	3
76	99	0	0.681902393	293.200362	293.200318	293.200154	293.200366	0.000212389626	0	0	0	0	0	3
77	100	0	0.690874793	293.200361	293.200322	293.200167	293.200366	0.000199407564	0	0	0	0	0	3
78	101	0	0.699847193	293.20036	293.200325	293.200179	293.200366	0.000186959502	0	0	0	0	0	3
79	103	0	0.708819593	293.20036	293.200328	293.200191	293.200366	0.000174989088	0	0	0	0	0	3
80	104	0	0.717791993	293.20036	293.200331	293.200202	293.200366	0.000163719417	0	0	0	0	0	3
81	105	0	0.726764392	293.20036	293.200334	293.200218	293.200366	0.000148325856	0	0	0	0	0	3
82	107	0	0.735736792	293.20036	293.200337	293.200232	293.200366	0.000134625158	0	0	0	0	0	3
83	108	0	0.744709192	293.20036	293.200339	293.200244	293.200366	0.000122650296	0	0	0	0	0	3
84	109	0	0.753681592	293.20036	293.200341	293.200254	293.200366	0.000112450885	0	0	0	0	0	3
85	111	0	0.762653992	293.200358	293.200343	293.200262	293.200366	0.000103988095	0	0	0	0	0	3
86	112	0	0.771626392	293.200357	293.200344	293.200271	293.200366	9.49664695e-05	0	0	0	0	0	3
87	113	0	0.780598792	293.200357	293.200346	293.200278	293.200366	8.85461019e-05	0	0	0	0	0	3
88	114	0	0.789571192	293.200357	293.200347	293.200281	293.200366	8.47765444e-05	0	0	0	0	0	3
89	116	0	0.798543592	293.200358	293.200349	293.200283	293.200366	8.27494234e-05	0	0	0	0	0	3
90	117	0	0.807515992	293.200359	293.20035	293.200284	293.200366	8.17185202e-05	0	0	0	0	0	3
91	119	0	0.816488392	293.200359	293.200351	293.200286	293.200366	8.06245202e-05	0	0	0	0	0	3
92	120	0	0.825460791	293.200359	293.200353	293.200288	293.200366	7.86237031e-05	0	0	0	0	0	3
93	121	0	0.834433191	293.200359	293.200354	293.200291	293.200366	7.54957006e-05	0	0	0	0	0	3
94	122	0	0.843405591	293.200358	293.200355	293.200295	293.200366	7.121726e-05	0	0	0	0	0	3
95	124	0	0.852377991	293.200358	293.200356	293.2003	293.200366	6.59264784e-05	0	0	0	0	0	3
96	125	0	0.861350391	293.200358	293.200357	293.200309	293.200366	5.72792488e-05	0	0	0	0	0	3
97	127	0	0.870322791	293.200358	293.200358	293.200318	293.200366	4.82430087e-05	0	0	0	0	0	3
98	128	0	0.879295191	293.200358	293.200359	293.200326	293.200366	4.02500423e-05	0	0	0	0	0	3
99	129	0	0.888267591	293.200359	293.20036	293.200332	293.200366	3.37258967e-05	0	0	0	0	0	3
100	131	0	0.897239991	293.200359	293.20036	293.200338	293.200366	2.84716837e-05	0	0	0	0	0	3
101	136	0	0.906212391	293.200359	293.20036	293.200342	293.200366	2.40216576e-05	0	0	0	0	0	3
102	137	0	0.915184791	293.200359	293.200361	293.200346	293.200366	2.00467381e-05	0	0	0	0	0	3
103	138	0	0.92415719	293.200359	293.200361	293.20035	293.200366	1.6400399e-05	0	0	0	0	0	3
104	139	0	0.93312959	293.200359	293.200361	293.200353	293.200366	1.29725196e-05	0	0	0	0	0	3
105	141	0	0.94210199	293.200359	293.200361	293.200356	293.200366	1.01105147e-05	0	0	0	0	0	3
106	142	0	0.95107439	293.200359	293.200361	293.200357	293.200366	9.31980406e-06	0	0	0	0	0	3
107	143	0	0.96004679	293.200359	293.200361	293.200357	293.200366	9.31980406e-06	0	0	0	0	0	3
108	145	0	0.96901919	293.200358	293.200361	293.200357	293.200366	9.31980406e-06	0	0	0	0	0	3
109	146	0	0.97799159	293.200358	293.200361	293.200357	293.200366	9.31980406e-06	0	0	0	0	0	3
110	147	0	0.98696399	293.200357	293.200361	293.200357	293.200366	9.31980406e-06	0	0	0	0	0	3
111	149	0	0.99593639	293.200357	293.200361	293.200357	293.200366	9.31980406e-06	0	0	0	0	0	3
112	150	0	1.00490879	293.200357	293.200361	293.200357	293.200366	9.31980406e-06	1.00943747e-05	0	0	0	0	3
113	151	0	1.01388119	293.200357	293.200361	293.200357	293.200366	9.31980406e-06	1.00943747e-05	0	0	0	0	3
114	153	0	1.02285359	293.200357	293.200361	293.200357	293.200366	9.31980406e-06	1.00943747e-05	0	0	0	0	3
115	154	0	1.03182599	293.200358	293.20036	293.200357	293.200366	9.31980406e-06	1.00943747e-05	0	0	0	0	3
116	156	0	1.04079839	293.200358	293.20036	293.200357	293.200366	9.31980406e-06	1.00943747e-05	0	0	0	0	3
117	157	0	1.04977079	293.200357	293.20036	293.200357	293.200366	9.31980406e-06	1.00943747e-05	0	0	0	0	3
118	158	0	1.05874319	293.200357	293.20036	293.200357	293.200366	9.31980406e-06	1.00943747e-05	0	0	0	0	3
119	160	0	1.06771559	293.200356	293.20036	293.200356	293.200366	9.70975265e-06	1.00943747e-05	0	0	0	0	3
120	161	0	1.07668799	293.200356	293.20036	293.200356	293.200366	1.02857838e-05	1.00943747e-05	0	0	0	0	3
121	162	0	1.08566039	293.200355	293.200359	293.200355	293.200366	1.0718859e-05	1.00943747e-05	0	0	0	0	3
122	164	0	1.09463279	293.200355	293.200359	293.200355	293.200366	1.06150009e-05	1.00943747e-05	0	0	0	0	3
123	165	0	1.10360519	293.200356	293.200359	293.200355	293.200365	1.02299981e-05	1.00943747e-05	0	0	0	0	3
124	167	0	1.11257759	293.200356	293.200359	293.200355	293.200365	9.68649431e-06	1.00943747e-05	0	0	0	0	3
125	168	0	1.12154999	293.200357	293.200359	293.200355	293.200364	9.25711402e-06	1.00943747e-05	0	0	0	0	3
126	169	0	1.13052239	293.200358	293.200359	293.200355	293.200364	8.91079753e-06	1.00943747e-05	0	0	0	0	3
127	171	0	1.13949479	293.200358	293.200359	293.200355	293.200364	8.82132241e-06	1.00943747e-05	0	0	0	0	3
128	172	0	1.14846719	293.200357	293.200358	293.200355	293.200364	8.60583208e-06	1.00943747e-05	0	0	0	0	3
129	173	0	1.15743959	293.200357	293.200358	293.200355	293.200363	8.21795788e-06	1.00943747e-05	0	0	0	0	3
130	175	0	1.16641199	293.200358	293.200358	293.200355	293.200363	7.46607111e-06	1.00943747e-05	0	0	0	0	3
131	176	0	1.17538439	293.200359	293.200358	293.200355	293.200362	6.50353815e-06	1.00943747e-05	0	0	0	0	3
132	177	0	1.18435679	293.20036	293.200358	293.200355	293.200361	5.51256579e-06	1.00943747e-05	0	0	0	0	3
133	179	0	1.19332919	293.200361	293.200358	293.200355	293.200361	5.47845548e-06	1.00943747e-05	0	0	0	0	3
134	180	0	1.20230159	293.200361	293.200358	293.200355	293.200361	5.62370508e-06	1.00943747e-05	0	0	0	0	3
135	181	0	1.21127399	293.20036	293.200358	293.200355	293.200361	5.62370508e-06	1.00943747e-05	0	0	0	0	3
136	183	0	1.22024639	293.200359	293.200358	293.200355	293.200361	5.62370508e-06	1.00943747e-05	0	0	0	0	3
137	184	0	1.22921879	293.200358	293.200358	293.200355	293.200361	5.62370508e-06	1.00943747e-05	0	0	0	0	3
138	185	0	1.23819119	293.200357	293.200358	293.200355	293.200361	5.62370508e-06	1.00943747e-05	0	0	0	0	3
139	187	0	1.24716359	293.200358	293.200358	293.200355	293.200361	5.62370508e-06	1.00943747e-05	0	0	0	0	3
140	188	0	1.25613599	293.200358	293.200358	293.200355	293.200361	5.62370508e-06	1.00943747e-05	0	0	0	0	3
141	189	0	1.26510839	293.200359	293.200358	293.200355	293.200361	5.62370508e-06	1.00943747e-05	0	0	0	0	3
142	191	0	1.27408079	293.200359	293.200358	293.200355	293.200361	5.62370508e-06	1.00943747e-05	0	0	0	0	3
143	192	0	1.28305319	293.200359	293.200358	293.200355	293.200361	5.62370508e-06	1.00943747e-05	0	0	0	0	3
144	193	0	1.29202559	293.200358	293.200358	293.200355	293.200361	5.62370508e-06	1.00943747e-05	0	0	0	0	3
145	195	0	1.30099799	293.200358	293.200358	293.200355	293.200361	5.62370508e-06	1.00943747e-05	0	0	0	0	3
146	196	0	1.30997039	293.200357	293.200358	293.200355	293.200361	5.62370508e-06	1.00943747e-05	0	0	0	0	3
147	197	0	1.31894279	293.200358	293.200358	293.200355	293.200361	5.62370508e-06	1.00943747e-05	0	0	0	0	3
148	199	0	1.32791519	293.200358	293.200358	293.200355	293.200361	5.62370508e-06	1.00943747e-05	0	0	0	0	3
149	200	0	1.33688759	293.200359	293.200358	293.200355	293.200361	5.62370508e-06	1.00943747e-05	0	0	0	0	3
150	201	0	1.34585999	293.20036	293.200358	293.200355	293.200361	4.91760295e-06	1.00943747e-05	0	0	0	0	3
151	202	0	1.35483239	293.20036	293.200358	293.200355	293.200361	3.89478282e-06	1.00943747e-05	0	0	0	0	3
152	204	0	1.36380479	293.200359	293.200358	293.200355	293.200361	3.3649203e-06	1.00943747e-05	0	0	0	0	3
153	205	0	1.37277719	293.200359	293.200358	293.200355	293.200361	3.3649203e-06	1.00943747e-05	0	0	0	0	3
154	206	0	1.38174959	293.200358	293.200358	293.200355	293.200361	3.3649203e-06	1.00943747e-05	0	0	0	0	3
155	208	0	1.39072199	293.200358	293.200358	293.200355	293.200361	3.3649203e-06	1.00943747e-05	0	0	0	0	3
156	209	0	1.39969439	293.200359	293.200358	293.200355	293.200361	3.3649203e-06	1.00943747e-05	0	0	0	0	3
157	210	0	1.40866679	293.200359	293.200358	293.200355	293.200361	3.3649203e-06	1.00943747e-05	0	0	0	0	3
158	212	0	1.41763919	293.20036	293.200358	293.200355	293.200361	3.3649203e-06	1.00943747e-05	0	0	0	0	3
159	213	0	1.42661159	293.20036	293.200358	293.200355	293.200361	3.3649203e-06	1.00943747e-05	0	0	0	0	3
160	214	0	1.43558399	293.20036	293.200358	293.200355	293.200361	3.3649203e-06	1.00943747e-05	0	0	0	0	3
161	216	0	1.44455639	293.200359	293.200358	293.200355	293.200361	3.3649203e-06	1.00943747e-05	0	0	0	0	3
162	217	0	1.45352878	293.200359	293.200358	293.200355	293.200361	3.3649203e-06	1.00943747e-05	0	0	0	0	3
163	218	0	1.46250118	293.200359	293.200358	293.200355	293.200361	3.33035166e-06	1.00943747e-05	0	0	0	0	3
164	220	0	1.47147358	293.200359	293.200358	293.200355	293.200361	3.2640155e-06	1.00943747e-05	0	0	0	0	3
165	221	0	1.48044598	293.20036	293.200358	293.200355	293.200361	3.16979532e-06	1.00943747e-05	0	0	0	0	3
166	222	0	1.48941838	293.20036	293.200358	293.200355	293.200361	3.0520265e-06	1.00943747e-05	0	0	0	0	3
167	223	0	1.49839078	293.20036	293.200358	293.200355	293.200361	2.92041386e-06	1.00943747e-05	0	0	0	0	3
168	225	0	1.50736318	293.200359	293.200358	293.200355	293.200361	2.78102766e-06	1.00943747e-05	0	0	0	0	3
169	226	0	1.51633558	293.200358	293.200358	293.200355	293.200361	2.63780339e-06	1.00943747e-05	0	0	0	0	3
170	227	0	1.52530798	293.200357	293.200358	293.200355	293.200361	2.4950595e-06	1.00943747e-05	0	0	0	0	3
171	229	0	1.53428038	293.200357	293.200358	293.200355	293.200361	2.35158672e-06	1.00943747e-05	0	0	0	0	3
172	230	0	1.54325278	293.200358	293.200358	293.200355	293.200361	2.20512675e-06	1.00943747e-05	0	0	0	0	3
173	231	0	1.55222518	293.200359	293.200358	293.200355	293.200361	2.04905137e-06	1.00943747e-05	0	0	0	0	3
174	232	0	1.56119758	293.20036	293.200358	293.200355	293.200361	1.88027377e-06	1.00943747e-05	0	0	0	0	3
175	234	0	1.57016998	293.20036	293.200358	293.200355	293.200361	1.69830082e-06	1.00943747e-05	0	0	0	0	3
176	235	0	1.57914238	293.200359	293.200359	293.200355	293.200361	1.5063888e-06	1.00943747e-05	0	0	0	0	3
177	236	0	1.58811478	293.200358	293.200359	293.200355	293.200361	1.31168139e-06	1.00943747e-05	0	0	0	0	3
178	237	0	1.59708718	293.200357	293.200359	293.200356	293.200361	1.1301758e-06	1.00943747e-05	0	0	0	0	3
179	239	0	1.60605958	293.200356	293.200359	293.200356	293.200361	9.67496362e-07	1.00943747e-05	0	0	0	0	3
180	240	0	1.61503198	293.200355	293.200359	293.200355	293.200361	8.27579129e-07	1.00943747e-05	0	0	0	0	3
181	241	0	1.62400438	293.200356	293.200359	293.200355	293.200361	7.05687228e-07	1.00943747e-05	0	0	0	0	3
182	243	0	1.63297678	293.200357	293.200359	293.200355	293.200361	6.80969151e-07	1.00943747e-05	0	0	0	0	3
183	244	0	1.64194918	293.200358	293.200359	293.200355	293.200361	6.80969151e-07	1.00943747e-05	0	0	0	0	3
184	245	0	1.65092158	293.200358	293.200359	293.200355	293.200361	6.80969151e-07	1.00943747e-05	0	0	0	0	3
185	246	0	1.65989398	293.200358	293.200359	293.200355	293.200361	6.80969151e-07	1.00943747e-05	0	0	0	0	3
186	248	0	1.66886638	293.200357	293.200359	293.200355	293.200361	6.80969151e-07	1.00943747e-05	0	0	0	0	3
187	249	0	1.67783878	293.200357	293.200359	293.200355	293.200361	6.80969151e-07	1.00943747e-05	0	0	0	0	3
188	250	0	1.68681118	293.200356	293.200358	293.200355	293.200361	6.80969151e-07	1.00943747e-05	0	0	0	0	3
189	252	0	1.69578358	293.200357	293.200358	293.200355	293.200361	6.80969151e-07	1.00943747e-05	0	0	0	0	3
190	253	0	1.70475598	293.200357	293.200358	293.200355	293.20036	6.80969151e-07	1.00943747e-05	0	0	0	0	3
191	254	0	1.71372838	293.200358	293.200358	293.200355	293.20036	6.80969151e-07	1.00943747e-05	0	0	0	0	3
192	255	0	1.72270078	293.200359	293.200358	293.200355	293.20036	6.80969151e-07	1.00943747e-05	0	0	0	0	3
193	257	0	1.73167318	293.200361	293.200358	293.200355	293.200361	6.80969151e-07	1.00943747e-05	0	0	0	0	3
194	258	0	1.74064558	293.200361	293.200358	293.200355	293.200361	6.80969151e-07	1.00943747e-05	0	0	0	0	3
195	259	0	1.74961798	293.200361	293.200358	293.200355	293.200361	6.80969151e-07	1.00943747e-05	0	0	0	0	3
196	261	0	1.75859038	293.200362	293.200359	293.200355	293.200362	6.73642717e-07	1.00943747e-05	0	0	0	0	3
197	262	0	1.76756278	293.200362	293.200359	293.200355	293.200362	6.42272198e-07	1.00943747e-05	0	0	0	0	3
198	263	0	1.77653518	293.200363	293.200359	293.200355	293.200363	6.83853671e-07	1.00943747e-05	0	0	0	0	3
199	264	0	1.78550758	293.200363	293.200359	293.200355	293.200363	7.60786122e-07	1.00943747e-05	0	0	0	0	3
200	266	0	1.79447998	293.200363	293.200359	293.200355	293.200363	8.4567364e-07	1.00943747e-05	0	0	0	0	3
201	270	0	1.80345238	293.200362	293.200359	293.200355	293.200363	9.28100235e-07	1.00943747e-05	0	0	0	0	3
202	271	0	1.81242478	293.200361	293.200359	293.200355	293.200363	9.95748451e-07	1.00943747e-05	0	0	0	0	3
203	273	0	1.82139718	293.20036	293.200359	293.200355	293.200363	1.0413977e-06	1.00943747e-05	0	0	0	0	3
204	274	0	1.83036958	293.20036	293.200359	293.200355	293.200363	1.06351848e-06	1.00943747e-05	0	0	0	0	3
205	275	0	1.83934198	293.20036	293.200359	293.200355	293.200363	1.05370799e-06	1.00943747e-05	0	0	0	0	3
206	276	0	1.84831438	293.200361	293.200359	293.200355	293.200363	1.03460724e-06	1.00943747e-05	0	0	0	0	3
207	278	0	1.85728678	293.200362	293.200359	293.200355	293.200363	1.04207584e-06	1.00943747e-05	0	0	0	0	3
208	279	0	1.86625918	293.200362	293.200359	293.200355	293.200363	1.09379607e-06	1.00943747e-05	0	0	0	0	3
209	280	0	1.87523158	293.200362	293.200359	293.200355	293.200363	1.15416458e-06	1.00943747e-05	0	0	0	0	3
210	281	0	1.88420398	293.200361	293.200359	293.200355	293.200363	1.20918128e-06	1.00943747e-05	0	0	0	0	3
211	282	0	1.89317638	293.200361	293.200359	293.200355	293.200363	1.24686409e-06	1.00943747e-05	0	0	0	0	3
212	284	0	1.90214878	293.20036	293.200359	293.200355	293.200363	1.26107568e-06	1.00943747e-05	0	0	0	0	3
213	285	0	1.91112118	293.20036	293.200359	293.200355	293.200363	1.25253763e-06	1.00943747e-05	0	0	0	0	3
214	286	0	1.92009358	293.200359	293.200359	293.200355	293.200363	1.23522977e-06	1.00943747e-05	0	0	0	0	3
215	288	0	1.92906598	293.200359	293.200359	293.200355	293.200363	1.21911461e-06	1.00943747e-05	0	0	0	0	3
216	289	0	1.93803838	293.200359	293.200359	293.200355	293.200363	1.21098435e-06	1.00943747e-05	0	0	0	0	3
217	290	0	1.94701078	293.200359	293.200359	293.200355	293.200363	1.20815628e-06	1.00943747e-05	0	0	0	0	3
218	291	0	1.95598318	293.200359	293.200359	293.200355	293.200363	1.20390456e-06	1.00943747e-05	0	0	0	0	3
219	293	0	1.96495558	293.200359	293.200359	293.200355	293.200363	1.18801427e-06	1.00943747e-05	0	0	0	0	3
220	294	0	1.97392798	293.200358	293.200359	293.200355	293.200363	1.15735503e-06	1.00943747e-05	0	0	0	0	3
221	295	0	1.98290038	293.200357	293.200359	293.200355	293.200363	1.11545637e-06	1.00943747e-05	0	0	0	0	3
222	296	0	1.99187278	293.200357	293.200359	293.200355	293.200363	1.06848557e-06	1.00943747e-05	0	0	0	0	3
223	297	0	2.00084518	293.200356	293.200359	293.200355	293.200363	1.04848027e-06	1.00943747e-05	0	0	0	0	3
224	299	0	2.00981758	293.200356	293.200359	293.200355	293.200363	1.04848027e-06	1.00943747e-05	0	0	0	0	3
225	300	0	2.01878998	293.200356	293.200359	293.200355	293.200363	1.04848027e-06	1.00943747e-05	0	0	0	0	3
226	301	0	2.02776238	293.200356	293.200359	293.200355	293.200363	1.04848027e-06	1.00943747e-05	0	0	0	0	3
227	302	0	2.03673478	293.200356	293.200359	293.200355	293.200363	1.04848027e-06	1.00943747e-05	0	0	0	0	3
228	304	0	2.04570718	293.200356	293.200359	293.200355	293.200363	1.04848027e-06	1.00943747e-05	0	0	0	0	3
229	305	0	2.05467958	293.200356	293.200359	293.200355	293.200363	1.04848027e-06	1.00943747e-05	0	0	0	0	3
230	306	0	2.06365198	293.200356	293.200359	293.200355	293.200363	1.04848027e-06	1.00943747e-05	0	0	0	0	3
231	307	0	2.07262438	293.200355	293.200359	293.200355	293.200363	1.04848027e-06	1.00943747e-05	0	0	0	0	3
232	309	0	2.08159678	293.200354	293.200359	293.200354	293.200363	1.04848027e-06	1.00943747e-05	0	0	0	0	3
233	310	0	2.09056918	293.200354	293.200359	293.200354	293.200363	1.04848027e-06	1.00943747e-05	0	0	0	0	3
234	311	0	2.09954158	293.200354	293.200359	293.200354	293.200363	1.04848027e-06	1.00943747e-05	0	0	0	0	3
235	312	0	2.10851398	293.200355	293.200359	293.200354	293.200363	1.04848027e-06	1.00943747e-05	0	0	0	0	3
236	314	0	2.11748638	293.200355	293.200359	293.200354	293.200363	1.04848027e-06	1.00943747e-05	0	0	0	0	3
237	315	0	2.12645878	293.200355	293.200359	293.200354	293.200363	1.04848027e-06	1.00943747e-05	0	0	0	0	3
238	316	0	2.13543118	293.200355	293.200358	293.200354	293.200363	1.04848027e-06	1.00943747e-05	0	0	0	0	3
239	317	0	2.14440358	293.200354	293.200358	293.200354	293.200363	1.04848027e-06	1.00943747e-05	0	0	0	0	3
240	319	0	2.15337598	293.200353	293.200358	293.200353	293.200363	1.04848027e-06	1.00943747e-05	0	0	0	0	3
241	320	0	2.16234838	293.200352	293.200358	293.200352	293.200363	1.124081e-06	1.00943747e-05	0	0	0	0	3
242	321	0	2.17132078	293.200352	293.200358	293.200352	293.200363	1.2113511e-06	1.00943747e-05	0	0	0	0	3
243	322	0	2.18029318	293.200353	293.200358	293.200352	293.200363	1.28056138e-06	1.00943747e-05	0	0	0	0	3
244	324	0	2.18926558	293.200353	293.200358	293.200352	293.200363	1.33647939e-06	1.00943747e-05	0	0	0	0	3
245	325	0	2.19823798	293.200353	293.200358	293.200352	293.200363	1.39297038e-06	1.00943747e-05	0	0	0	0	3
246	326	0	2.20721038	293.200353	293.200358	293.200352	293.200363	1.46268559e-06	1.00943747e-05	0	0	0	0	3
247	328	0	2.21618278	293.200353	293.200358	293.200352	293.200363	1.5591321e-06	1.00943747e-05	0	0	0	0	3
248	329	0	2.22515518	293.200352	293.200358	293.200352	293.200363	1.68451567e-06	1.00943747e-05	0	0	0	0	3
249	330	0	2.23412758	293.200352	293.200358	293.200352	293.200363	1.83909981e-06	1.00943747e-05	0	0	0	0	3
250	331	0	2.24309998	293.200352	293.200357	293.200352	293.200363	2.01016167e-06	1.00943747e-05	0	0	0	0	3
251	333	0	2.25207238	293.200352	293.200357	293.200352	293.200363	2.18280513e-06	1.00943747e-05	0	0	0	0	3
252	334	0	2.26104478	293.200352	293.200357	293.200352	293.200363	2.3568183e-06	1.00943747e-05	0	0	0	0	3
253	335	0	2.27001718	293.200352	293.200357	293.200352	293.200363	2.53166837e-06	1.00943747e-05	0	0	0	0	3
254	336	0	2.27898958	293.200353	293.200357	293.200352	293.200363	2.71456031e-06	1.00943747e-05	0	0	0	0	3
255	337	0	2.28796198	293.200352	293.200356	293.200352	293.200363	2.90563753e-06	1.00943747e-05	0	0	0	0	3
256	339	0	2.29693438	293.200352	293.200356	293.200352	293.200362	3.10045436e-06	1.00943747e-05	0	0	0	0	3
257	340	0	2.30590678	293.200352	293.200356	293.200352	293.200362	3.29048379e-06	1.00943747e-05	0	0	0	0	3
258	341	0	2.31487918	293.200351	293.200356	293.200351	293.200362	3.46779791e-06	1.00943747e-05	0	0	0	0	3
259	342	0	2.32385158	293.200351	293.200356	293.200351	293.200362	3.63101765e-06	1.00943747e-05	0	0	0	0	3
260	344	0	2.33282398	293.200351	293.200356	293.200351	293.200362	3.78469463e-06	1.00943747e-05	0	0	0	0	3
261	345	0	2.34179638	293.200351	293.200355	293.200351	293.200362	3.94598351e-06	1.00943747e-05	0	0	0	0	3
262	346	0	2.35076878	293.200351	293.200355	293.200351	293.200362	4.12319713e-06	1.00943747e-05	0	0	0	0	3
263	347	0	2.35974118	293.200351	293.200355	293.200351	293.200362	4.31700352e-06	1.00943747e-05	0	0	0	0	3
264	349	0	2.36871358	293.200351	293.200355	293.200351	293.200362	4.51829629e-06	1.00943747e-05	0	0	0	0	3
265	350	0	2.37768598	293.200351	293.200355	293.200351	293.200361	4.71486533e-06	1.00943747e-05	0	0	0	0	3
266	351	0	2.38665838	293.200351	293.200354	293.200351	293.200361	4.89289278e-06	1.00943747e-05	0	0	0	0	3
267	352	0	2.39563078	293.200352	293.200354	293.200351	293.20036	5.04841211e-06	1.00943747e-05	0	0	0	0	3
268	353	0	2.40460318	293.200352	293.200354	293.200351	293.20036	5.1833249e-06	1.00943747e-05	0	0	0	0	3
269	355	0	2.41357557	293.200353	293.200354	293.200351	293.200359	5.29891418e-06	1.00943747e-05	0	0	0	0	3
270	356	0	2.42254797	293.200353	293.200354	293.200351	293.200359	5.40461104e-06	1.00943747e-05	0	0	0	0	3
271	357	0	2.43152037	293.200353	293.200354	293.200351	293.200359	5.51974995e-06	1.00943747e-05	0	0	0	0	3
272	358	0	2.44049277	293.200352	293.200354	293.200351	293.200359	5.65214287e-06	1.00943747e-05	0	0	0	0	3
273	359	0	2.44946517	293.200351	293.200354	293.200351	293.200359	5.79341275e-06	1.00943747e-05	0	0	0	0	3
274	361	0	2.45843757	293.200351	293.200353	293.200351	293.200359	5.93367298e-06	1.00943747e-05	0	0	0	0	3
275	362	0	2.46740997	293.200351	293.200353	293.200351	293.200358	6.05312613e-06	1.00943747e-05	0	0	0	0	3
276	363	0	2.47638237	293.200351	293.200353	293.200351	293.200357	6.13500799e-06	1.00943747e-05	0	0	0	0	3
277	364	0	2.48535477	293.200352	293.200353	293.200351	293.200357	5.79404156e-06	1.00943747e-05	0	0	0	0	3
278	365	0	2.49432717	293.200352	293.200353	293.200351	293.200356	5.57574123e-06	1.00943747e-05	0	0	0	0	3
279	367	0	2.50329957	293.200352	293.200353	293.200351	293.200356	5.57574123e-06	1.00943747e-05	0	0	0	0	3
280	368	0	2.51227197	293.200352	293.200353	293.200351	293.200356	5.57574123e-06	1.00943747e-05	0	0	0	0	3
281	369	0	2.52124437	293.200352	293.200353	293.200351	293.200356	5.57574123e-06	1.00943747e-05	0	0	0	0	3
282	370	0	2.53021677	293.200352	293.200353	293.200351	293.200356	5.57574123e-06	1.00943747e-05	0	0	0	0	3
283	372	0	2.53918917	293.200352	293.200353	293.200351	293.200356	5.57574123e-06	1.00943747e-05	0	0	0	0	3
284	373	0	2.54816157	293.200352	293.200353	293.200351	293.200356	5.45687641e-06	1.00943747e-05	0	0	0	0	3
285	374	0	2.55713397	293.200353	293.200352	293.200351	293.200356	4.88601466e-06	1.00943747e-05	0	0	0	0	3
286	375	0	2.56610637	293.200353	293.200352	293.200351	293.200355	4.46385764e-06	1.00943747e-05	0	0	0	0	3
287	376	0	2.57507877	293.200353	293.200352	293.200351	293.200355	4.46385764e-06	1.00943747e-05	0	0	0	0	3
288	378	0	2.58405117	293.200353	293.200352	293.200351	293.200355	4.46385764e-06	1.00943747e-05	0	0	0	0	3
289	379	0	2.59302357	293.200352	293.200352	293.200351	293.200355	4.46385764e-06	1.00943747e-05	0	0	0	0	3
290	380	0	2.60199597	293.200352	293.200352	293.200351	293.200355	4.46385764e-06	1.00943747e-05	0	0	0	0	3
291	381	0	2.61096837	293.200351	293.200352	293.200351	293.200355	4.46385764e-06	1.00943747e-05	0	0	0	0	3
292	382	0	2.61994077	293.200351	293.200352	293.200351	293.200355	4.66833626e-06	1.00943747e-05	0	0	0	0	3
293	384	0	2.62891317	293.20035	293.200352	293.20035	293.200355	4.74436189e-06	1.00943747e-05	0	0	0	0	3
294	385	0	2.63788557	293.200349	293.200352	293.200349	293.200354	4.482132e-06	1.00943747e-05	0	0	0	0	3
295	386	0	2.64685797	293.200349	293.200352	293.200349	293.200353	4.38837725e-06	1.00943747e-05	0	0	0	0	3
296	387	0	2.65583037	293.200349	293.200352	293.200349	293.200353	4.71322795e-06	1.00943747e-05	0	0	0	0	3
297	388	0	2.66480277	293.200348	293.200352	293.200348	293.200353	4.98068096e-06	1.00943747e-05	0	0	0	0	3
298	390	0	2.67377517	293.200348	293.200352	293.200348	293.200353	5.07762456e-06	1.00943747e-05	0	0	0	0	3
299	391	0	2.68274757	293.200349	293.200352	293.200348	293.200353	5.07762456e-06	1.00943747e-05	0	0	0	0	3
300	392	0	2.69171997	293.200349	293.200351	293.200348	293.200353	5.07762456e-06	1.00943747e-05	0	0	0	0	3
301	396	0	2.70069237	293.200349	293.200351	293.200348	293.200353	4.98245487e-06	1.00943747e-05	0	0	0	0	3
302	398	0	2.70966477	293.200349	293.200351	293.200348	293.200353	4.79311279e-06	1.00943747e-05	0	0	0	0	3
303	399	0	2.71863717	293.200349	293.200351	293.200348	293.200353	4.79311279e-06	1.00943747e-05	0	0	0	0	3
304	400	0	2.72760957	293.200349	293.200351	293.200348	293.200353	4.79311279e-06	1.00943747e-05	0	0	0	0	3
305	401	0	2.73658197	293.20035	293.200351	293.200348	293.200353	4.79311279e-06	1.00943747e-05	0	0	0	0	3
306	402	0	2.74555437	293.20035	293.200351	293.200348	293.200353	4.79311279e-06	1.00943747e-05	0	0	0	0	3
307	404	0	2.75452677	293.20035	293.200351	293.200348	293.200353	4.79311279e-06	1.00943747e-05	0	0	0	0	3
308	405	0	2.76349917	293.200351	293.200351	293.200348	293.200353	4.79311279e-06	1.00943747e-05	0	0	0	0	3
309	406	0	2.77247157	293.200351	293.200351	293.200348	293.200353	4.79311279e-06	1.00943747e-05	0	0	0	0	3
310	407	0	2.78144397	293.200352	293.200351	293.200348	293.200353	4.79311279e-06	1.00943747e-05	0	0	0	0	3
311	408	0	2.79041637	293.200352	293.200351	293.200348	293.200353	4.79311279e-06	1.00943747e-05	0	0	0	0	3
312	410	0	2.79938877	293.200352	293.200351	293.200348	293.200353	4.79311279e-06	1.00943747e-05	0	0	0	0	3
313	411	0	2.80836117	293.200353	293.200351	293.200348	293.200353	4.79311279e-06	1.00943747e-05	0	0	0	0	3
314	412	0	2.81733357	293.200354	293.200351	293.200348	293.200354	4.67133077e-06	1.00943747e-05	0	0	0	0	3
315	413	0	2.82630597	293.200354	293.200351	293.200348	293.200354	4.51765379e-06	1.00943747e-05	0	0	0	0	3
316	415	0	2.83527837	293.200355	293.200351	293.200348	293.200355	4.35636491e-06	1.00943747e-05	0	0	0	0	3
317	416	0	2.84425077	293.200355	293.200351	293.200348	293.200355	4.17915129e-06	1.00943747e-05	0	0	0	0	3
318	417	0	2.85322317	293.200355	293.200351	293.200348	293.200355	3.9853449e-06	1.00943747e-05	0	0	0	0	3
319	418	0	2.86219557	293.200356	293.200351	293.200348	293.200356	3.78405213e-06	1.00943747e-05	0	0	0	0	3
320	419	0	2.87116797	293.200356	293.200352	293.200348	293.200356	3.58748309e-06	1.00943747e-05	0	0	0	0	3
321	421	0	2.88014037	293.200356	293.200352	293.200348	293.200356	3.40945564e-06	1.00943747e-05	0	0	0	0	3
322	422	0	2.88911277	293.200357	293.200352	293.200348	293.200357	3.25393631e-06	1.00943747e-05	0	0	0	0	3
323	423	0	2.89808517	293.200358	293.200352	293.200348	293.200358	3.11902352e-06	1.00943747e-05	0	0	0	0	3
324	424	0	2.90705757	293.200359	293.200352	293.200348	293.200359	2.997553e-06	1.00943747e-05	0	0	0	0	3
325	425	0	2.91602997	293.200359	293.200352	293.200348	293.200359	2.88243058e-06	1.00943747e-05	0	0	0	0	3
326	427	0	2.92500237	293.200359	293.200352	293.200348	293.200359	2.76265047e-06	1.00943747e-05	0	0	0	0	3
