Iteration	CPUTime	PhysTime	Travels	Value	AvValue	MinValue	MaxValue	Delta	Criteria	PrevAvRefValue	Progress	CriteriaType	CriteriaVarType	CriteriaPercentage
1	6	0	0.00897155323	0.128751352	0.128751352	0.128751352	0.128751352	0	0	0	0	0	0	3
2	7	0	0.0179431065	0.0354404886	0.0820959204	0.0354404886	0.128751352	0.0466554318	0	0	0	0	0	3
3	8	0	0.0269146597	0.0217858585	0.0619925664	0.0217858585	0.128751352	0.0667587858	0	0	0	0	0	3
4	8	0	0.0358862129	0.0147059258	0.0501709063	0.0147059258	0.128751352	0.0785804459	0	0	0	0	0	3
5	9	0	0.0448577662	0.0152968283	0.0431960907	0.0147059258	0.128751352	0.0855552615	0	0	0	0	0	3
6	10	0	0.0538293194	0.0144717971	0.0384087084	0.0144717971	0.128751352	0.0903426438	0	0	0	0	0	3
7	11	0	0.0628008726	0.0143966994	0.0349784214	0.0143966994	0.128751352	0.0937729308	0	0	0	0	0	3
8	11	0	0.0717724258	0.0144457981	0.0324118435	0.0143966994	0.128751352	0.0963395087	0	0	0	0	0	3
9	12	0	0.0807439791	0.0149442411	0.0304709988	0.0143966994	0.128751352	0.0982803534	0	0	0	0	0	3
10	13	0	0.0897155323	0.0166258031	0.0290864792	0.0143966994	0.128751352	0.099664873	0	0	0	0	0	3
11	14	0	0.0986870855	0.0157935531	0.0278780314	0.0143966994	0.128751352	0.100873321	0	0	0	0	0	3
12	15	0	0.107658639	0.0160383156	0.0268913884	0.0143966994	0.128751352	0.101859964	0	0	0	0	0	3
13	15	0	0.116630192	0.0147153842	0.0259547727	0.0143966994	0.128751352	0.10279658	0	0	0	0	0	3
14	16	0	0.125601745	0.0149605986	0.0251694746	0.0143966994	0.128751352	0.103581878	0	0	0	0	0	3
15	17	0	0.134573298	0.0144365808	0.0244539483	0.0143966994	0.128751352	0.104297404	0	0	0	0	0	3
16	18	0	0.143544852	0.0145227847	0.0238332506	0.0143966994	0.128751352	0.104918102	0	0	0	0	0	3
17	19	0	0.152516405	0.0141575736	0.0232640931	0.0141575736	0.128751352	0.105487259	0	0	0	0	0	3
18	19	0	0.161487958	0.0147347615	0.0227902414	0.0141575736	0.128751352	0.105961111	0	0	0	0	0	3
19	20	0	0.170459511	0.0144966824	0.0223537383	0.0141575736	0.128751352	0.106397614	0	0	0	0	0	3
20	21	0	0.179431065	0.0150784261	0.0219899727	0.0141575736	0.128751352	0.10676138	0	0	0	0	0	3
21	22	0	0.188402618	0.0150311913	0.0216586021	0.0141575736	0.128751352	0.10709275	0	0	0	0	0	3
22	22	0	0.197374171	0.0152973953	0.0213694563	0.0141575736	0.128751352	0.107381896	0	0	0	0	0	3
23	23	0	0.206345724	0.0152574606	0.0211037174	0.0141575736	0.128751352	0.107647635	0	0	0	0	0	3
24	24	0	0.215317278	0.0155054501	0.0208704563	0.0141575736	0.128751352	0.107880896	0	0	0	0	0	3
25	24	0	0.224288831	0.0154467308	0.0206535072	0.0141575736	0.128751352	0.108097845	0	0	0	0	0	3
26	25	0	0.233260384	0.0156659729	0.020461679	0.0141575736	0.128751352	0.108289673	0	0	0	0	0	3
27	26	0	0.242231937	0.0156035934	0.0202817499	0.0141575736	0.128751352	0.108469602	0	0	0	0	0	3
28	27	0	0.25120349	0.0157681858	0.0201205512	0.0141575736	0.128751352	0.108630801	0	0	0	0	0	3
29	27	0	0.260175044	0.0157000287	0.0199681194	0.0141575736	0.128751352	0.108783233	0	0	0	0	0	3
30	28	0	0.269146597	0.0157826561	0.0198286039	0.0141575736	0.128751352	0.108922748	0	0	0	0	0	3
31	29	0	0.27811815	0.0157108596	0.0196957735	0.0141575736	0.128751352	0.109055579	0	0	0	0	0	3
32	30	0	0.287089703	0.0156883423	0.0195705412	0.0141575736	0.128751352	0.109180811	0	0	0	0	0	3
33	31	0	0.296061257	0.0155590992	0.0194489824	0.0141575736	0.128751352	0.10930237	0	0	0	0	0	3
34	31	0	0.30503281	0.0155467354	0.0193342104	0.0141575736	0.128751352	0.109417142	0	0	0	0	0	3
35	32	0	0.314004363	0.0154004904	0.0192218184	0.0141575736	0.128751352	0.109529534	0	0	0	0	0	3
36	33	0	0.322975916	0.0153890007	0.0191153513	0.0141575736	0.128751352	0.109636001	0	0	0	0	0	3
37	34	0	0.33194747	0.0152790831	0.0190116683	0.0141575736	0.128751352	0.109739684	0	0	0	0	0	3
38	34	0	0.340919023	0.0151760177	0.0189107302	0.0141575736	0.128751352	0.109840622	0	0	0	0	0	3
39	35	0	0.349890576	0.0151093181	0.0188132581	0.0141575736	0.128751352	0.109938094	0	0	0	0	0	3
40	36	0	0.358862129	0.0150490606	0.0187191531	0.0141575736	0.128751352	0.110032199	0	0	0	0	0	3
41	37	0	0.367833682	0.0150203544	0.0186289385	0.0141575736	0.128751352	0.110122414	0	0	0	0	0	3
42	38	0	0.376805236	0.0149327627	0.0185409343	0.0141575736	0.128751352	0.110210418	0	0	0	0	0	3
43	38	0	0.385776789	0.0148549291	0.0184552133	0.0141575736	0.128751352	0.110296139	0	0	0	0	0	3
44	39	0	0.394748342	0.0147492357	0.0183709865	0.0141575736	0.128751352	0.110380366	0	0	0	0	0	3
45	40	0	0.403719895	0.0147087501	0.0182896035	0.0141575736	0.128751352	0.110461749	0	0	0	0	0	3
46	41	0	0.412691449	0.0145800512	0.0182089611	0.0141575736	0.128751352	0.110542391	0	0	0	0	0	3
47	42	0	0.421663002	0.0145024515	0.0181300991	0.0141575736	0.128751352	0.110621253	0	0	0	0	0	3
48	42	0	0.430634555	0.0145036547	0.0180545482	0.0141575736	0.128751352	0.110696804	0	0	0	0	0	3
49	43	0	0.439606108	0.0143506246	0.0179789579	0.0141575736	0.128751352	0.110772394	0	0	0	0	0	3
50	44	0	0.448577662	0.0143807345	0.0179069935	0.0141575736	0.128751352	0.110844359	0	0	0	0	0	3
51	45	0	0.457549215	0.014216907	0.0178346388	0.0141575736	0.128751352	0.110916713	0	0	0	0	0	3
52	46	0	0.466520768	0.0142542274	0.0177657848	0.0141575736	0.128751352	0.110985567	0	0	0	0	0	3
53	46	0	0.475492321	0.0140402519	0.0176954917	0.0140402519	0.128751352	0.111055861	0	0	0	0	0	3
54	47	0	0.484463874	0.0142786399	0.0176322167	0.0140402519	0.128751352	0.111119136	0	0	0	0	0	3
55	48	0	0.493435428	0.0140135663	0.017566423	0.0140135663	0.128751352	0.111184929	0	0	0	0	0	3
56	49	0	0.502406981	0.0141292331	0.0175050446	0.0140135663	0.128751352	0.111246308	0	0	0	0	0	3
57	50	0	0.511378534	0.0139676581	0.0154553358	0.0139676581	0.0354404886	0.0214728305	0	0	0	0	0	3
58	50	0	0.520350087	0.0140573859	0.0150734947	0.0139676581	0.0217858585	0.00781820047	0	0	0	0	0	3
59	51	0	0.529321641	0.0139156189	0.0149329547	0.0139156189	0.0166258031	0.00271018429	0	0	0	0	0	3
60	52	0	0.538293194	0.0139246963	0.0149190042	0.0139156189	0.0166258031	0.00271018429	0	0	0	0	0	3
61	53	0	0.547264747	0.0138485318	0.0148931417	0.0138485318	0.0166258031	0.00277727135	0	0	0	0	0	3
62	53	0	0.5562363	0.0138553243	0.0148821333	0.0138485318	0.0166258031	0.00277727135	0	0	0	0	0	3
63	54	0	0.565207854	0.0138295791	0.0148720061	0.0138295791	0.0166258031	0.00279622409	0	0	0	0	0	3
64	55	0	0.574179407	0.0137972204	0.0148604244	0.0137972204	0.0166258031	0.00282858276	0	0	0	0	0	3
65	56	0	0.58315096	0.0138330613	0.0148405819	0.0137972204	0.0166258031	0.00282858276	0	0	0	0	0	3
66	57	0	0.592122513	0.0138088724	0.0147902796	0.0137972204	0.0160383156	0.00224109517	0	0	0	0	0	3
67	57	0	0.601094066	0.0138579432	0.0147557151	0.0137972204	0.0160383156	0.00224109517	0	0	0	0	0	3
68	58	0	0.61006562	0.0137281729	0.0147144625	0.0137281729	0.0157826561	0.0020544832	0	0	0	0	0	3
69	59	0	0.619037173	0.0138856175	0.0146996453	0.0137281729	0.0157826561	0.0020544832	0	0	0	0	0	3
70	60	0	0.628008726	0.0137313434	0.0146776943	0.0137281729	0.0157826561	0.0020544832	0	0	0	0	0	3
71	60	0	0.636980279	0.0139003656	0.014668119	0.0137281729	0.0157826561	0.0020544832	0	0	0	0	0	3
72	61	0	0.645951833	0.013727062	0.0146539097	0.013727062	0.0157826561	0.00205559409	0	0	0	0	0	3
73	62	0	0.654923386	0.0138792214	0.0146489391	0.013727062	0.0157826561	0.00205559409	0	0	0	0	0	3
74	63	0	0.663894939	0.0137285353	0.0146309708	0.013727062	0.0157826561	0.00205559409	0	0	0	0	0	3
75	64	0	0.672866492	0.0138561819	0.0146195333	0.013727062	0.0157826561	0.00205559409	0	0	0	0	0	3
76	64	0	0.681838046	0.0137117627	0.0145951286	0.0137117627	0.0157826561	0.00207089342	0	0	0	0	0	3
77	65	0	0.690809599	0.013896025	0.0145748578	0.0137117627	0.0157826561	0.00207089342	0	0	0	0	0	3
78	66	0	0.699781152	0.0136657272	0.0145457208	0.0136657272	0.0157826561	0.00211692896	0	0	0	0	0	3
79	67	0	0.708752705	0.0138587492	0.0145207438	0.0136657272	0.0157826561	0.00211692896	0	0	0	0	0	3
80	67	0	0.717724258	0.0136664375	0.0144879043	0.0136657272	0.0157826561	0.00211692896	0	0	0	0	0	3
81	68	0	0.726695812	0.0138532467	0.0144594493	0.0136657272	0.0157826561	0.00211692896	0	0	0	0	0	3
82	69	0	0.735667365	0.0136256578	0.0144230151	0.0136256578	0.0157826561	0.0021569983	0	0	0	0	0	3
83	70	0	0.744638918	0.0138065442	0.0143909249	0.0136256578	0.0157826561	0.0021569983	0	0	0	0	0	3
84	71	0	0.753610471	0.0136100139	0.0143523861	0.0136100139	0.0157826561	0.00217264224	0	0	0	0	0	3
85	71	0	0.762582025	0.0137488067	0.0143175429	0.0136100139	0.0157826561	0.00217264224	0	0	0	0	0	3
86	72	0	0.771553578	0.0136248443	0.0142790105	0.0136100139	0.0157108596	0.00210084571	0	0	0	0	0	3
87	73	0	0.780525131	0.0137058036	0.0142432059	0.0136100139	0.0156883423	0.00207832846	0	0	0	0	0	3
88	74	0	0.789496684	0.0136247543	0.0142063561	0.0136100139	0.0155590992	0.0019490853	0	0	0	0	0	3
89	74	0	0.798468238	0.0137734566	0.0141744697	0.0136100139	0.0155467354	0.00193672154	0	0	0	0	0	3
90	75	0	0.807439791	0.0135866582	0.0141394683	0.0135866582	0.0154004904	0.00181383221	0	0	0	0	0	3
91	76	0	0.816411344	0.0137457621	0.0141099196	0.0135866582	0.0153890007	0.00180234253	0	0	0	0	0	3
92	77	0	0.825382897	0.0136273828	0.0140784621	0.0135866582	0.0152790831	0.00169242491	0	0	0	0	0	3
93	78	0	0.83435445	0.0137647154	0.0140514198	0.0135866582	0.0151760177	0.00158935946	0	0	0	0	0	3
94	78	0	0.843326004	0.0136570487	0.0140242954	0.0135866582	0.0151093181	0.00152265989	0	0	0	0	0	3
95	79	0	0.852297557	0.0138446531	0.0140017121	0.0135866582	0.0150490606	0.00146240236	0	0	0	0	0	3
96	80	0	0.86126911	0.0137146627	0.0139778835	0.0135866582	0.0150203544	0.00143369617	0	0	0	0	0	3
97	81	0	0.870240663	0.0139058137	0.013957981	0.0135866582	0.0149327627	0.00134610452	0	0	0	0	0	3
98	81	0	0.879212217	0.0137380009	0.013936646	0.0135866582	0.0148549291	0.00126827084	0	0	0	0	0	3
99	82	0	0.88818377	0.0138158385	0.0139180908	0.0135866582	0.0147492357	0.00116257753	0	0	0	0	0	3
100	83	0	0.897155323	0.0136568478	0.0138985839	0.0135866582	0.0147087501	0.00112209184	0	0	0	0	0	3
101	87	0	0.906126876	0.013708322	0.0138807191	0.0135866582	0.0145800512	0.000993392984	0	0	0	0	0	3
102	88	0	0.91509843	0.0135803411	0.0138628671	0.0135803411	0.0145036547	0.000923313527	0	0	0	0	0	3
103	89	0	0.924069983	0.0135900678	0.0138465746	0.0135803411	0.0145036547	0.000923313527	0	0	0	0	0	3
104	90	0	0.933041536	0.0136058789	0.0138305429	0.0135803411	0.0143807345	0.000800393396	0	0	0	0	0	3
105	90	0	0.942013089	0.0135536166	0.0138163106	0.0135536166	0.0143807345	0.000827117957	0	0	0	0	0	3
106	91	0	0.950984642	0.0134944144	0.0138004834	0.0134944144	0.0142786399	0.000784225545	0	0	0	0	0	3
107	92	0	0.959956196	0.0134810031	0.0137873423	0.0134810031	0.0142786399	0.000797636792	0	0	0	0	0	3
108	93	0	0.968927749	0.0133980612	0.0137720536	0.0133980612	0.0142786399	0.000880578742	0	0	0	0	0	3
109	94	0	0.977899302	0.0134230572	0.0137610323	0.0133980612	0.0142786399	0.000880578742	0	0	0	0	0	3
110	94	0	0.986870855	0.0133492126	0.0137444354	0.0133492126	0.0141292331	0.000780020501	0	0	0	0	0	3
111	95	0	0.995842409	0.0134355116	0.0137341129	0.0133492126	0.0141292331	0.000780020501	0	0	0	0	0	3
112	96	0	1.00481396	0.0133449882	0.0137201086	0.0133449882	0.0140573859	0.000712397615	0.000253226109	0	35.5	0	0	3
113	97	0	1.01378552	0.0134585828	0.0137110179	0.0133449882	0.0140573859	0.000712397615	0.000253226109	0	35.5	0	0	3
114	97	0	1.02275707	0.0133796019	0.0136989147	0.0133449882	0.0139246963	0.000579708072	0.000253226109	0	43.6	0	0	3
115	98	0	1.03172862	0.0134421644	0.0136904601	0.0133449882	0.0139246963	0.000579708072	0.000253226109	0	43.6	0	0	3
116	99	0	1.04070017	0.0133463984	0.0136801334	0.0133449882	0.0139058137	0.00056082544	0.000253226109	0	45.1	0	0	3
117	100	0	1.04967173	0.0134576652	0.0136731536	0.0133449882	0.0139058137	0.00056082544	0.000253226109	0	45.1	0	0	3
118	101	0	1.05864328	0.0133213402	0.0136636182	0.0133213402	0.0139058137	0.000584473472	0.000253226109	0	43.3	0	0	3
119	101	0	1.06761483	0.0134770728	0.0136573234	0.0133213402	0.0139058137	0.000584473472	0.000253226109	0	43.3	0	0	3
120	102	0	1.07658639	0.0133436459	0.0136492239	0.0133213402	0.0139058137	0.000584473472	0.000253226109	0	43.3	0	0	3
121	103	0	1.08555794	0.0134994137	0.0136432659	0.0133213402	0.0139058137	0.000584473472	0.000253226109	0	43.3	0	0	3
122	104	0	1.09452949	0.0134191703	0.0136363069	0.0133213402	0.0139058137	0.000584473472	0.000253226109	0	43.3	0	0	3
123	105	0	1.10350105	0.0134923049	0.0136297777	0.0133213402	0.0139058137	0.000584473472	0.000253226109	0	43.3	0	0	3
124	105	0	1.1124726	0.0134861606	0.013625456	0.0133213402	0.0139058137	0.000584473472	0.000253226109	0	43.3	0	0	3
125	106	0	1.12144415	0.0135255486	0.0136190262	0.0133213402	0.0139058137	0.000584473472	0.000253226109	0	43.3	0	0	3
126	107	0	1.13041571	0.0134858559	0.0136146425	0.0133213402	0.0139058137	0.000584473472	0.000253226109	0	43.3	0	0	3
127	108	0	1.13938726	0.0135468249	0.0136083293	0.0133213402	0.0139058137	0.000584473472	0.000253226109	0	43.3	0	0	3
128	109	0	1.14835881	0.0134579379	0.0136035235	0.0133213402	0.0139058137	0.000584473472	0.000253226109	0	43.3	0	0	3
129	109	0	1.15733037	0.0135355309	0.0135973862	0.0133213402	0.0139058137	0.000584473472	0.000253226109	0	43.3	0	0	3
130	110	0	1.16630192	0.013454294	0.013592489	0.0133213402	0.0139058137	0.000584473472	0.000253226109	0	43.3	0	0	3
131	111	0	1.17527347	0.013514686	0.0135863909	0.0133213402	0.0139058137	0.000584473472	0.000253226109	0	43.3	0	0	3
132	112	0	1.18424503	0.0134463974	0.0135816522	0.0133213402	0.0139058137	0.000584473472	0.000253226109	0	43.3	0	0	3
133	112	0	1.19321658	0.0135254413	0.0135750346	0.0133213402	0.0139058137	0.000584473472	0.000253226109	0	43.3	0	0	3
134	113	0	1.20218813	0.0134732779	0.013571598	0.0133213402	0.0139058137	0.000584473472	0.000253226109	0	43.3	0	0	3
135	114	0	1.21115969	0.0135647026	0.0135663472	0.0133213402	0.0139058137	0.000584473472	0.000253226109	0	43.3	0	0	3
136	115	0	1.22013124	0.0134350135	0.0135622146	0.0133213402	0.0139058137	0.000584473472	0.000253226109	0	43.3	0	0	3
137	116	0	1.22910279	0.0135306986	0.0135564548	0.0133213402	0.0139058137	0.000584473472	0.000253226109	0	43.3	0	0	3
138	117	0	1.23807435	0.01342021	0.0135527861	0.0133213402	0.0139058137	0.000584473472	0.000253226109	0	43.3	0	0	3
139	118	0	1.2470459	0.0134991328	0.0135472966	0.0133213402	0.0139058137	0.000584473472	0.000253226109	0	43.3	0	0	3
140	119	0	1.25601745	0.0134150185	0.0135438146	0.0133213402	0.0139058137	0.000584473472	0.000253226109	0	43.3	0	0	3
141	120	0	1.26498901	0.0135104645	0.0135395585	0.0133213402	0.0139058137	0.000584473472	0.000253226109	0	43.3	0	0	3
142	121	0	1.27396056	0.0134506202	0.0135364473	0.0133213402	0.0139058137	0.000584473472	0.000253226109	0	43.3	0	0	3
143	122	0	1.28293211	0.0135951417	0.0135344712	0.0133213402	0.0139058137	0.000584473472	0.000253226109	0	43.3	0	0	3
144	123	0	1.29190367	0.0133889848	0.013530261	0.0133213402	0.0139058137	0.000584473472	0.000253226109	0	43.3	0	0	3
145	124	0	1.30087522	0.0135195146	0.0135257264	0.0133213402	0.0139058137	0.000584473472	0.000253226109	0	43.3	0	0	3
146	125	0	1.30984677	0.0134083717	0.0135225427	0.0133213402	0.0139058137	0.000584473472	0.000253226109	0	43.3	0	0	3
147	126	0	1.31881832	0.0135109578	0.0135183497	0.0133213402	0.0139058137	0.000560112366	0.000253226109	0	45.2	0	0	3
148	127	0	1.32778988	0.0134648474	0.0135154473	0.0133213402	0.0139058137	0.000535972503	0.000253226109	0	47.2	0	0	3
149	128	0	1.33676143	0.0135737601	0.0135120374	0.0133213402	0.0139058137	0.000512257972	0.000253226109	0	49.4	0	0	3
150	129	0	1.34573298	0.0135667887	0.0135104256	0.0133213402	0.0139058137	0.000491286454	0.000253226109	0	51.5	0	0	3
151	130	0	1.35470454	0.0136410477	0.0135067898	0.0133213402	0.0139058137	0.000471093732	0.000253226109	0	53.7	0	0	3
152	131	0	1.36367609	0.0135478295	0.0135038106	0.0133213402	0.0139058137	0.000454170383	0.000253226109	0	55.7	0	0	3
153	132	0	1.37264764	0.0136128889	0.0134985798	0.0133213402	0.0138158385	0.00043806615	0.000253226109	0	57.8	0	0	3
154	132	0	1.3816192	0.0134739125	0.013493864	0.0133213402	0.0138158385	0.000424226825	0.000253226109	0	59.6	0	0	3
155	133	0	1.39059075	0.0135442392	0.013489014	0.0133213402	0.013708322	0.000386981794	0.000253226109	0	65.4	0	0	3
156	134	0	1.3995623	0.0134178978	0.013484747	0.0133213402	0.013708322	0.000386981794	0.000253226109	0	65.4	0	0	3
157	135	0	1.40853386	0.0135338515	0.0134816315	0.0133213402	0.0136410477	0.000319707466	0.000253226109	0	79.2	0	0	3
158	136	0	1.41750541	0.013468123	0.0134796276	0.0133213402	0.0136410477	0.000319707466	0.000253226109	0	79.2	0	0	3
159	137	0	1.42647696	0.0135095738	0.0134781902	0.0133213402	0.0136410477	0.000319707466	0.000253226109	0	79.2	0	0	3
160	137	0	1.43544852	0.0134588208	0.0134755642	0.0133213402	0.0136410477	0.000319707466	0.000253226109	0	79.2	0	0	3
161	138	0	1.44442007	0.013530822	0.0134751571	0.0133213402	0.0136410477	0.000319707466	0.000253226109	0	79.2	0	0	3
162	139	0	1.45339162	0.0133701887	0.0134729388	0.0133213402	0.0136410477	0.000314403483	0.000253226109	0	80.5	0	0	3
163	140	0	1.46236318	0.013442608	0.0134722532	0.0133213402	0.0136410477	0.000299800427	0.000253226109	0	84.4	0	0	3
164	141	0	1.47133473	0.0133193156	0.013470847	0.0133193156	0.0136410477	0.000290185264	0.000253226109	0	87.2	0	0	3
165	141	0	1.48030628	0.0134062148	0.0134705462	0.0133193156	0.0136410477	0.000273889105	0.000253226109	0	92.4	0	0	3
166	142	0	1.48927784	0.0133123143	0.0134698873	0.0133123143	0.0136410477	0.000264225598	0.000253226109	0	95.8	0	0	3
167	143	0	1.49824939	0.0134274393	0.0134697432	0.0133123143	0.0136410477	0.000250365372	0.000253226109	0	100	0	0	3
168	144	0	1.50722094	0.0133509202	0.0134698491	0.0133123143	0.0136410477	0.000241274742	0.000253226109	0	100	0	0	3
169	145	0	1.5161925	0.0134562979	0.0134698083	0.0133123143	0.0136410477	0.000229171458	0.000253226109	0	100	0	0	3
170	146	0	1.52516405	0.0133568927	0.0134694028	0.0133123143	0.0136410477	0.000221057312	0.000253226109	0	100	0	0	3
171	147	0	1.5341356	0.0134388626	0.0134693438	0.0133123143	0.0136410477	0.000210789526	0.000253226109	0	100	0	0	3
172	147	0	1.54310716	0.0133358936	0.0134691563	0.0133123143	0.0136410477	0.000203997352	0.000253226109	0	100	0	0	3
173	148	0	1.55207871	0.0134462116	0.0134689517	0.0133123143	0.0136410477	0.000194666451	0.000253226109	0	100	0	0	3
174	149	0	1.56105026	0.0133523797	0.013469506	0.0133123143	0.0136410477	0.000188371697	0.000253226109	0	100	0	0	3
175	150	0	1.57002182	0.0134576129	0.0134691585	0.0133123143	0.0136410477	0.000180272153	0.000253226109	0	100	0	0	3
176	151	0	1.57899337	0.0133770335	0.0134697547	0.0133123143	0.0136410477	0.00017431416	0.000253226109	0	100	0	0	3
177	152	0	1.58796492	0.0134820883	0.0134694453	0.0133123143	0.0136410477	0.000167355195	0.000253226109	0	100	0	0	3
178	152	0	1.59693648	0.0134130428	0.0134693359	0.0133123143	0.0136410477	0.00016082594	0.000253226109	0	100	0	0	3
179	153	0	1.60590803	0.013477662	0.0134690744	0.0133123143	0.0136410477	0.000156504292	0.000253226109	0	100	0	0	3
180	154	0	1.61487958	0.0134075922	0.0134676714	0.0133123143	0.0136410477	0.000151354795	0.000253226109	0	100	0	0	3
181	155	0	1.62385113	0.0134895607	0.0134670288	0.0133123143	0.0136410477	0.000147613731	0.000253226109	0	100	0	0	3
182	155	0	1.63282269	0.0133894875	0.0134653079	0.0133123143	0.0136410477	0.000143021368	0.000253226109	0	100	0	0	3
183	156	0	1.64179424	0.013482055	0.0134641513	0.0133123143	0.0136410477	0.000139372186	0.000253226109	0	100	0	0	3
184	157	0	1.65076579	0.0134095572	0.0134632874	0.0133123143	0.0136410477	0.000134098796	0.000253226109	0	100	0	0	3
185	158	0	1.65973735	0.0134827219	0.0134623444	0.0133123143	0.0136410477	0.000130144646	0.000253226109	0	100	0	0	3
186	159	0	1.6687089	0.0134190481	0.013461715	0.0133123143	0.0136410477	0.000124675895	0.000253226109	0	100	0	0	3
187	160	0	1.67768045	0.0135196326	0.0134618033	0.0133123143	0.0136410477	0.000119937229	0.000253226109	0	100	0	0	3
188	160	0	1.68665201	0.0134239805	0.013461403	0.0133123143	0.0136410477	0.000113631632	0.000253226109	0	100	0	0	3
189	161	0	1.69562356	0.0135257534	0.0134614086	0.0133123143	0.0136410477	0.000110195038	0.000253226109	0	100	0	0	3
190	162	0	1.70459511	0.013441714	0.0134608449	0.0133123143	0.0136410477	0.000105502276	0.000253226109	0	100	0	0	3
191	163	0	1.71356667	0.0134991566	0.0134596745	0.0133123143	0.0136410477	0.000102540169	0.000253226109	0	100	0	0	3
192	163	0	1.72253822	0.0134254052	0.0134595029	0.0133123143	0.0136410477	9.69519579e-05	0.000253226109	0	100	0	0	3
193	164	0	1.73150977	0.0135113251	0.0134591569	0.0133123143	0.0136410477	9.36292019e-05	0.000253226109	0	100	0	0	3
194	165	0	1.74048133	0.0134127266	0.0134590233	0.0133123143	0.0136410477	8.82733448e-05	0.000253226109	0	100	0	0	3
195	166	0	1.74945288	0.0135074102	0.0134591711	0.0133123143	0.0136410477	8.47912837e-05	0.000253226109	0	100	0	0	3
196	167	0	1.75842443	0.0134401636	0.0134596201	0.0133123143	0.0136410477	8.05351729e-05	0.000253226109	0	100	0	0	3
197	168	0	1.76739599	0.0135134901	0.0134596742	0.0133123143	0.0136410477	7.74240278e-05	0.000253226109	0	100	0	0	3
198	168	0	1.77636754	0.0134575991	0.0134597988	0.0133123143	0.0136410477	7.54479221e-05	0.000253226109	0	100	0	0	3
199	169	0	1.78533909	0.0135458074	0.0134589178	0.0133123143	0.0136410477	7.13432372e-05	0.000253226109	0	100	0	0	3
200	170	0	1.79431065	0.0134547675	0.0134600925	0.0133123143	0.0136410477	6.68085588e-05	0.000253226109	0	100	0	0	3
201	174	0	1.8032822	0.0135298212	0.0134602765	0.0133123143	0.0136410477	6.36248708e-05	0.000253226109	0	100	0	0	3
202	175	0	1.81225375	0.013450902	0.013461036	0.0133123143	0.0136410477	5.94319366e-05	0.000253226109	0	100	0	0	3
203	176	0	1.82122531	0.0134936962	0.0134607278	0.0133123143	0.0136410477	5.65295181e-05	0.000253226109	0	100	0	0	3
204	177	0	1.83019686	0.0134280524	0.0134600707	0.0133123143	0.0136410477	5.31196026e-05	0.000253226109	0	100	0	0	3
205	178	0	1.83916841	0.0135061723	0.0134588638	0.0133123143	0.0136410477	5.15618322e-05	0.000253226109	0	100	0	0	3
206	179	0	1.84813997	0.0134140873	0.013456137	0.0133123143	0.0136410477	5.0652831e-05	0.000253226109	0	100	0	0	3
207	179	0	1.85711152	0.0135041324	0.0134536921	0.0133123143	0.0136128889	5.01185825e-05	0.000253226109	0	100	0	0	3
208	180	0	1.86608307	0.01344157	0.0134517946	0.0133123143	0.0136128889	4.67852737e-05	0.000253226109	0	100	0	0	3
209	181	0	1.87505463	0.0135003307	0.0134497846	0.0133123143	0.0135458074	4.4079377e-05	0.000253226109	0	100	0	0	3
210	182	0	1.88402618	0.0134413059	0.0134492023	0.0133123143	0.0135458074	3.98116523e-05	0.000253226109	0	100	0	0	3
211	183	0	1.89299773	0.0135214012	0.0134487945	0.0133123143	0.0135458074	3.59525082e-05	0.000253226109	0	100	0	0	3
212	183	0	1.90196928	0.0134518043	0.0134494	0.0133123143	0.0135458074	3.28369639e-05	0.000253226109	0	100	0	0	3
213	184	0	1.91094084	0.0135663056	0.0134499795	0.0133123143	0.0135663056	3.08330681e-05	0.000253226109	0	100	0	0	3
214	185	0	1.91991239	0.0134900915	0.0134503718	0.0133123143	0.0135663056	2.93956748e-05	0.000253226109	0	100	0	0	3
215	186	0	1.92888394	0.013639026	0.0134526835	0.0133123143	0.013639026	2.67696385e-05	0.000253226109	0	100	0	0	3
216	186	0	1.9378555	0.0136054941	0.0134553026	0.0133123143	0.013639026	2.6362592e-05	0.000253226109	0	100	0	0	3
217	187	0	1.94682705	0.0136849504	0.0134580549	0.0133123143	0.0136849504	2.41442759e-05	0.000253226109	0	100	0	0	3
218	188	0	1.9557986	0.0135851924	0.0134618943	0.0133123143	0.0136849504	2.3458649e-05	0.000253226109	0	100	0	0	3
219	189	0	1.96477016	0.013657329	0.0134657286	0.0133123143	0.0136849504	2.20524782e-05	0.000253226109	0	100	0	0	3
220	190	0	1.97374171	0.013592364	0.0134706045	0.0133123143	0.0136849504	2.18099275e-05	0.000253226109	0	100	0	0	3
221	190	0	1.98271326	0.0136446867	0.0134748629	0.0133123143	0.0136849504	2.60683539e-05	0.000253226109	0	100	0	0	3
222	191	0	1.99168482	0.0135288143	0.013478729	0.0133358936	0.0136849504	2.99344262e-05	0.000253226109	0	100	0	0	3
223	192	0	2.00065637	0.0136463065	0.0134826373	0.0133358936	0.0136849504	3.38427677e-05	0.000253226109	0	100	0	0	3
224	193	0	2.00962792	0.0135717355	0.0134865804	0.0133358936	0.0136849504	3.77858979e-05	0.000253226109	0	100	0	0	3
225	194	0	2.01859948	0.0136107522	0.0134893385	0.0133358936	0.0136849504	4.05440109e-05	0.000253226109	0	100	0	0	3
226	195	0	2.02757103	0.0136085303	0.0134938321	0.0133358936	0.0136849504	4.50375391e-05	0.000253226109	0	100	0	0	3
227	195	0	2.03654258	0.0136350664	0.0134973357	0.0133358936	0.0136849504	4.85411799e-05	0.000253226109	0	100	0	0	3
228	196	0	2.04551414	0.0135279454	0.0135007652	0.0133523797	0.0136849504	5.19706774e-05	0.000253226109	0	100	0	0	3
229	197	0	2.05448569	0.0136204359	0.0135038764	0.0133523797	0.0136849504	5.50818259e-05	0.000253226109	0	100	0	0	3
230	198	0	2.06345724	0.0135088256	0.01350667	0.0133770335	0.0136849504	5.78755017e-05	0.000253226109	0	100	0	0	3
231	199	0	2.0724288	0.0135872678	0.0135089853	0.0133770335	0.0136849504	6.01907681e-05	0.000253226109	0	100	0	0	3
232	199	0	2.08140035	0.0135002929	0.0135111864	0.0133894875	0.0136849504	6.23918297e-05	0.000253226109	0	100	0	0	3
233	200	0	2.0903719	0.0135471542	0.0135123482	0.0133894875	0.0136849504	6.35537202e-05	0.000253226109	0	100	0	0	3
234	201	0	2.09934346	0.0134609141	0.0135132031	0.0133894875	0.0136849504	6.44085652e-05	0.000253226109	0	100	0	0	3
235	202	0	2.10831501	0.0135312227	0.0135141595	0.0133894875	0.0136849504	6.53650052e-05	0.000253226109	0	100	0	0	3
236	202	0	2.11728656	0.013428341	0.01351453	0.0133894875	0.0136849504	6.57355192e-05	0.000253226109	0	100	0	0	3
237	203	0	2.12625812	0.0135223597	0.0135151157	0.0133894875	0.0136849504	6.63212155e-05	0.000253226109	0	100	0	0	3
238	204	0	2.13522967	0.0134511382	0.0135162166	0.0134095572	0.0136849504	6.74221207e-05	0.000253226109	0	100	0	0	3
239	205	0	2.14420122	0.0134991431	0.0135165218	0.0134095572	0.0136849504	6.77272666e-05	0.000253226109	0	100	0	0	3
240	206	0	2.15317278	0.0134248987	0.0135167957	0.0134127266	0.0136849504	6.80012222e-05	0.000253226109	0	100	0	0	3
241	207	0	2.16214433	0.013498098	0.0135170703	0.0134127266	0.0136849504	6.82757954e-05	0.000253226109	0	100	0	0	3
242	207	0	2.17111588	0.0134041409	0.0135168041	0.0134041409	0.0136849504	6.82757954e-05	0.000253226109	0	100	0	0	3
243	208	0	2.18008744	0.0134940506	0.0135163473	0.0134041409	0.0136849504	6.82757954e-05	0.000253226109	0	100	0	0	3
244	209	0	2.18905899	0.0134023186	0.0135159605	0.0134023186	0.0136849504	6.82757954e-05	0.000253226109	0	100	0	0	3
245	210	0	2.19803054	0.0134902286	0.0135153261	0.0134023186	0.0136849504	6.82757954e-05	0.000253226109	0	100	0	0	3
246	211	0	2.20700209	0.0134000738	0.0135145825	0.0134000738	0.0136849504	6.82757954e-05	0.000253226109	0	100	0	0	3
247	211	0	2.21597365	0.013486171	0.0135143506	0.0134000738	0.0136849504	6.82757954e-05	0.000253226109	0	100	0	0	3
248	212	0	2.2249452	0.0133907107	0.0135137311	0.0133907107	0.0136849504	6.82757954e-05	0.000253226109	0	100	0	0	3
249	213	0	2.23391675	0.0134750432	0.0135130832	0.0133907107	0.0136849504	6.82757954e-05	0.000253226109	0	100	0	0	3
250	214	0	2.24288831	0.0134095385	0.0135130263	0.0133907107	0.0136849504	6.82757954e-05	0.000253226109	0	100	0	0	3
251	215	0	2.25185986	0.0134803753	0.0135125435	0.0133907107	0.0136849504	6.82757954e-05	0.000253226109	0	100	0	0	3
252	215	0	2.26083141	0.0134322196	0.0135124017	0.0133907107	0.0136849504	6.82757954e-05	0.000253226109	0	100	0	0	3
253	216	0	2.26980297	0.013530357	0.0135127029	0.0133907107	0.0136849504	6.82757954e-05	0.000253226109	0	100	0	0	3
254	217	0	2.27877452	0.0134519473	0.0135126019	0.0133907107	0.0136849504	6.82757954e-05	0.000253226109	0	100	0	0	3
255	218	0	2.28774607	0.0135546955	0.0135127606	0.0133907107	0.0136849504	6.82757954e-05	0.000253226109	0	100	0	0	3
256	219	0	2.29671763	0.0134881784	0.0135133573	0.0133907107	0.0136849504	6.82757954e-05	0.000253226109	0	100	0	0	3
257	219	0	2.30568918	0.013530067	0.0135133617	0.0133907107	0.0136849504	6.82757954e-05	0.000253226109	0	100	0	0	3
258	220	0	2.31466073	0.013458042	0.0135134892	0.0133907107	0.0136849504	6.82757954e-05	0.000253226109	0	100	0	0	3
259	221	0	2.32363229	0.0135139228	0.0135138503	0.0133907107	0.0136849504	6.82757954e-05	0.000253226109	0	100	0	0	3
260	222	0	2.33260384	0.0134086119	0.0135135032	0.0133907107	0.0136849504	6.82757954e-05	0.000253226109	0	100	0	0	3
261	223	0	2.34157539	0.0134811689	0.0135130567	0.0133907107	0.0136849504	6.82757954e-05	0.000253226109	0	100	0	0	3
262	223	0	2.35054695	0.0134103465	0.0135129899	0.0133907107	0.0136849504	6.82757954e-05	0.000253226109	0	100	0	0	3
263	224	0	2.3595185	0.0134639401	0.0135122722	0.0133907107	0.0136849504	6.82757954e-05	0.000253226109	0	100	0	0	3
264	225	0	2.36849005	0.0134037247	0.0135115964	0.0133907107	0.0136849504	6.82757954e-05	0.000253226109	0	100	0	0	3
265	226	0	2.37746161	0.0134779153	0.0135111961	0.0133907107	0.0136849504	6.82757954e-05	0.000253226109	0	100	0	0	3
266	227	0	2.38643316	0.0133938203	0.0135103481	0.0133907107	0.0136849504	6.82757954e-05	0.000253226109	0	100	0	0	3
267	228	0	2.39540471	0.0134845583	0.0135096902	0.0133907107	0.0136849504	6.76703231e-05	0.000253226109	0	100	0	0	3
268	228	0	2.40437627	0.0134322801	0.0135093416	0.0133907107	0.0136849504	6.70907858e-05	0.000253226109	0	100	0	0	3
269	229	0	2.41334782	0.0134997434	0.013508153	0.0133907107	0.0136849504	6.66984906e-05	0.000253226109	0	100	0	0	3
270	230	0	2.42231937	0.0134544697	0.0135075169	0.0133907107	0.0136849504	6.43868443e-05	0.000253226109	0	100	0	0	3
271	231	0	2.43129093	0.0135537064	0.0135059933	0.0133907107	0.0136849504	6.17676794e-05	0.000253226109	0	100	0	0	3
272	232	0	2.44026248	0.0134706445	0.0135035853	0.0133907107	0.0136849504	5.90153867e-05	0.000253226109	0	100	0	0	3
273	232	0	2.44923403	0.0135497967	0.0135011718	0.0133907107	0.013657329	5.51760345e-05	0.000253226109	0	100	0	0	3
274	233	0	2.45820559	0.0134669628	0.0134990606	0.0133907107	0.013657329	5.1341732e-05	0.000253226109	0	100	0	0	3
275	234	0	2.46717714	0.0134979536	0.0134962146	0.0133907107	0.0136463065	4.6465868e-05	0.000253226109	0	100	0	0	3
276	235	0	2.47614869	0.0134254426	0.0134932339	0.0133907107	0.0136463065	4.22074416e-05	0.000253226109	0	100	0	0	3
277	235	0	2.48512024	0.0135086229	0.0134908041	0.0133907107	0.0136463065	3.83413693e-05	0.000253226109	0	100	0	0	3
278	236	0	2.4940918	0.0134394929	0.0134892091	0.0133907107	0.0136463065	3.44330277e-05	0.000253226109	0	100	0	0	3
279	237	0	2.50306335	0.0135527382	0.0134875383	0.0133907107	0.0136350664	3.04898975e-05	0.000253226109	0	100	0	0	3
280	238	0	2.5120349	0.0134996091	0.0134862503	0.0133907107	0.0136350664	3.08200372e-05	0.000253226109	0	100	0	0	3
281	239	0	2.52100646	0.0135492389	0.0134851518	0.0133907107	0.0136350664	3.19184886e-05	0.000253226109	0	100	0	0	3
282	239	0	2.52997801	0.0134654072	0.0134825961	0.0133907107	0.0136350664	3.44742575e-05	0.000253226109	0	100	0	0	3
283	240	0	2.53894956	0.013517208	0.0134804914	0.0133907107	0.0136204359	3.65788721e-05	0.000253226109	0	100	0	0	3
284	241	0	2.54792112	0.0134101786	0.0134783885	0.0133907107	0.0136204359	3.86818515e-05	0.000253226109	0	100	0	0	3
285	242	0	2.55689267	0.0134916811	0.0134760893	0.0133907107	0.0135872678	4.09810441e-05	0.000253226109	0	100	0	0	3
286	243	0	2.56586422	0.0134292843	0.0134746689	0.0133907107	0.0135872678	4.24014239e-05	0.000253226109	0	100	0	0	3
287	244	0	2.57483578	0.0134967668	0.0134730528	0.0133907107	0.0135546955	4.40175128e-05	0.000253226109	0	100	0	0	3
288	244	0	2.58380733	0.0134435711	0.0134720399	0.0133907107	0.0135546955	4.50304029e-05	0.000253226109	0	100	0	0	3
289	245	0	2.59277888	0.0135351812	0.0134718261	0.0133907107	0.0135546955	4.52442066e-05	0.000253226109	0	100	0	0	3
290	246	0	2.60175044	0.0134405105	0.0134714618	0.0133907107	0.0135546955	4.56085565e-05	0.000253226109	0	100	0	0	3
291	247	0	2.61072199	0.013520704	0.0134712739	0.0133907107	0.0135546955	4.57963901e-05	0.000253226109	0	100	0	0	3
292	247	0	2.61969354	0.0134341694	0.013471378	0.0133907107	0.0135546955	4.57963901e-05	0.000253226109	0	100	0	0	3
293	248	0	2.6286651	0.0134845916	0.0134707036	0.0133907107	0.0135546955	4.63667419e-05	0.000253226109	0	100	0	0	3
294	249	0	2.63763665	0.0134194393	0.0134701375	0.0133907107	0.0135546955	4.69327936e-05	0.000253226109	0	100	0	0	3
295	250	0	2.6466082	0.0135070116	0.013470278	0.0133907107	0.0135546955	4.69327936e-05	0.000253226109	0	100	0	0	3
296	251	0	2.65557976	0.0134262866	0.0134703028	0.0133907107	0.0135546955	4.69327936e-05	0.000253226109	0	100	0	0	3
297	252	0	2.66455131	0.0135183492	0.0134706644	0.0133907107	0.0135546955	4.66665933e-05	0.000253226109	0	100	0	0	3
298	252	0	2.67352286	0.0134430586	0.0134713594	0.0133907107	0.0135546955	4.6209771e-05	0.000253226109	0	100	0	0	3
299	253	0	2.68249442	0.013483091	0.0134711637	0.0133907107	0.0135546955	4.58229501e-05	0.000253226109	0	100	0	0	3
300	254	0	2.69146597	0.0134068122	0.0134712439	0.0133907107	0.0135546955	4.51885791e-05	0.000253226109	0	100	0	0	3
301	259	0	2.70043752	0.0134639059	0.0134707739	0.0133907107	0.0135546955	4.44450044e-05	0.000253226109	0	100	0	0	3
302	259	0	2.70940908	0.0134139038	0.0134710209	0.0133907107	0.0135546955	4.42131195e-05	0.000253226109	0	100	0	0	3
303	260	0	2.71838063	0.0134772559	0.0134708617	0.0133907107	0.0135546955	4.37128198e-05	0.000253226109	0	100	0	0	3
304	261	0	2.72735218	0.0134192288	0.0134713709	0.0133938203	0.0135546955	4.37128198e-05	0.000253226109	0	100	0	0	3
305	262	0	2.73632374	0.013494422	0.013471717	0.0133938203	0.0135546955	4.37128198e-05	0.000253226109	0	100	0	0	3
306	263	0	2.74529529	0.0133935166	0.0134714309	0.0133935166	0.0135546955	4.37128198e-05	0.000253226109	0	100	0	0	3
307	263	0	2.75426684	0.0134672729	0.0134711969	0.0133935166	0.0135546955	4.37128198e-05	0.000253226109	0	100	0	0	3
308	264	0	2.7632384	0.0133756985	0.0134701876	0.0133756985	0.0135546955	4.37128198e-05	0.000253226109	0	100	0	0	3
309	265	0	2.77220995	0.0134679993	0.0134690741	0.0133756985	0.0135546955	4.47762946e-05	0.000253226109	0	100	0	0	3
310	266	0	2.7811815	0.0133846439	0.0134678722	0.0133756985	0.0135546955	4.59781422e-05	0.000253226109	0	100	0	0	3
311	267	0	2.79015305	0.0134783502	0.0134665089	0.0133756985	0.0135537064	4.7341452e-05	0.000253226109	0	100	0	0	3
312	268	0	2.79912461	0.0133860555	0.0134646853	0.0133756985	0.0135537064	4.91650743e-05	0.000253226109	0	100	0	0	3
313	268	0	2.80809616	0.0134553133	0.0134633504	0.0133756985	0.0135537064	5.04999619e-05	0.000253226109	0	100	0	0	3
314	269	0	2.81706771	0.0133480398	0.0134613861	0.0133480398	0.0135537064	5.24642873e-05	0.000253226109	0	100	0	0	3
315	270	0	2.82603927	0.0134209998	0.0134597267	0.0133480398	0.0135537064	5.37764747e-05	0.000253226109	0	100	0	0	3
316	271	0	2.83501082	0.0133935066	0.013459457	0.0133480398	0.0135537064	5.35997219e-05	0.000253226109	0	100	0	0	3
317	272	0	2.84398237	0.0133739362	0.0134575421	0.0133480398	0.0135537064	5.54477918e-05	0.000253226109	0	100	0	0	3
318	272	0	2.85295393	0.0134450709	0.0134581622	0.0133480398	0.0135537064	5.47300713e-05	0.000253226109	0	100	0	0	3
319	273	0	2.86192548	0.013401929	0.0134570549	0.0133480398	0.0135537064	5.45415238e-05	0.000253226109	0	100	0	0	3
320	274	0	2.87089703	0.013476331	0.0134583514	0.0133480398	0.0135537064	5.41412484e-05	0.000253226109	0	100	0	0	3
321	275	0	2.87986859	0.0134261165	0.0134574264	0.0133480398	0.0135537064	5.32932915e-05	0.000253226109	0	100	0	0	3
322	276	0	2.88884014	0.0134669045	0.0134587315	0.0133480398	0.0135537064	5.26353814e-05	0.000253226109	0	100	0	0	3
323	276	0	2.89781169	0.0134729001	0.0134585233	0.0133480398	0.0135537064	5.22867364e-05	0.000253226109	0	100	0	0	3
324	277	0	2.90678325	0.0134029918	0.0134580003	0.0133480398	0.0135537064	5.10981259e-05	0.000253226109	0	100	0	0	3
325	278	0	2.9157548	0.0135083828	0.0134581546	0.0133480398	0.0135537064	5.04620225e-05	0.000253226109	0	100	0	0	3
326	279	0	2.92472635	0.0134486201	0.0134580501	0.0133480398	0.0135537064	4.89384582e-05	0.000253226109	0	100	0	0	3
327	280	0	2.93369791	0.0135690736	0.0134583245	0.0133480398	0.0135690736	4.65304311e-05	0.000253226109	0	100	0	0	3
328	280	0	2.94266946	0.013521082	0.0134592252	0.0133480398	0.0135690736	4.41169731e-05	0.000253226109	0	100	0	0	3
329	281	0	2.95164101	0.0136247554	0.0134605637	0.0133480398	0.0136247554	4.20057299e-05	0.000253226109	0	100	0	0	3
330	282	0	2.96061257	0.0135731091	0.0134624592	0.0133480398	0.0136247554	3.91597413e-05	0.000253226109	0	100	0	0	3
331	283	0	2.96958412	0.0136642995	0.0134654297	0.0133480398	0.0136642995	3.61790008e-05	0.000253226109	0	100	0	0	3
332	284	0	2.97855567	0.01359887	0.0134685266	0.0133480398	0.0136642995	3.37492906e-05	0.000253226109	0	100	0	0	3
333	285	0	2.98752723	0.0136970933	0.0134718921	0.0133480398	0.0136970933	3.21542647e-05	0.000253226109	0	100	0	0	3
334	285	0	2.99649878	0.0136451065	0.0134755638	0.0133480398	0.0136970933	3.0483402e-05	0.000253226109	0	100	0	0	3
335	286	0	3.00547033	0.0137877301	0.0134797601	0.0133480398	0.0137877301	2.91954305e-05	0.000253226109	0	100	0	0	3
336	287	0	3.01444189	0.013691017	0.0134831781	0.0133480398	0.0137877301	2.80969791e-05	0.000253226109	0	100	0	0	3
337	288	0	3.02341344	0.0138325146	0.0134882366	0.0133480398	0.0138325146	3.1181737e-05	0.000253226109	0	100	0	0	3
338	289	0	3.03238499	0.0137312644	0.013492984	0.0133480398	0.0138325146	3.59291871e-05	0.000253226109	0	100	0	0	3
339	290	0	3.04135655	0.0138405978	0.0134987589	0.0133480398	0.0138405978	4.17040045e-05	0.000253226109	0	100	0	0	3
340	290	0	3.0503281	0.0137115547	0.0135041406	0.0133480398	0.0138405978	4.70857201e-05	0.000253226109	0	100	0	0	3
341	291	0	3.05929965	0.0138152289	0.0135099182	0.0133480398	0.0138405978	5.28633602e-05	0.000253226109	0	100	0	0	3
342	292	0	3.0682712	0.0137145746	0.0135150127	0.0133480398	0.0138405978	5.79578291e-05	0.000253226109	0	100	0	0	3
343	293	0	3.07724276	0.0137891963	0.0135202346	0.0133480398	0.0138405978	6.31797849e-05	0.000253226109	0	100	0	0	3
344	294	0	3.08621431	0.0136997911	0.01352481	0.0133480398	0.0138405978	6.77551423e-05	0.000253226109	0	100	0	0	3
345	295	0	3.09518586	0.0138045358	0.0135296199	0.0133480398	0.0138405978	7.25650455e-05	0.000253226109	0	100	0	0	3
346	295	0	3.10415742	0.0136908038	0.0135340894	0.0133480398	0.0138405978	7.70345679e-05	0.000253226109	0	100	0	0	3
347	296	0	3.11312897	0.0138039063	0.0135391466	0.0133480398	0.0138405978	8.20917525e-05	0.000253226109	0	100	0	0	3
348	297	0	3.12210052	0.0137013184	0.0135439171	0.0133480398	0.0138405978	8.68622707e-05	0.000253226109	0	100	0	0	3
349	298	0	3.13107208	0.0137646779	0.0135489187	0.0133480398	0.0138405978	9.18638117e-05	0.000253226109	0	100	0	0	3
350	299	0	3.14004363	0.0136665794	0.0135533319	0.0133480398	0.0138405978	9.6277029e-05	0.000253226109	0	100	0	0	3
351	299	0	3.14901518	0.0137515308	0.0135576983	0.0133480398	0.0138405978	0.000100643444	0.000253226109	0	100	0	0	3
352	300	0	3.15798674	0.0136333505	0.0135613959	0.0133480398	0.0138405978	0.000104341014	0.000253226109	0	100	0	0	3
353	301	0	3.16695829	0.0137255984	0.0135650967	0.0133480398	0.0138405978	0.000108041892	0.000253226109	0	100	0	0	3
354	302	0	3.17592984	0.0136017547	0.0135679306	0.0133480398	0.0138405978	0.00011087575	0.000253226109	0	100	0	0	3
355	303	0	3.1849014	0.0136588977	0.01357107	0.0133480398	0.0138405978	0.000114015155	0.000253226109	0	100	0	0	3
356	303	0	3.19387295	0.0135684604	0.0135739566	0.0133480398	0.0138405978	0.000116901731	0.000253226109	0	100	0	0	3
357	304	0	3.2028445	0.0136557225	0.0135773819	0.0133480398	0.0138405978	0.000120327027	0.000253226109	0	100	0	0	3
358	305	0	3.21181606	0.0135484696	0.0135797848	0.0133480398	0.0138405978	0.000122729988	0.000253226109	0	100	0	0	3
359	306	0	3.22078761	0.0136339414	0.0135825828	0.0133480398	0.0138405978	0.000125527944	0.000253226109	0	100	0	0	3
360	307	0	3.22975916	0.0135405777	0.0135847497	0.0133480398	0.0138405978	0.00012769489	0.000253226109	0	100	0	0	3
361	307	0	3.23873072	0.0135799909	0.0135862778	0.0133480398	0.0138405978	0.000129222906	0.000253226109	0	100	0	0	3
362	308	0	3.24770227	0.0134973708	0.0135881323	0.0133480398	0.0138405978	0.000131077445	0.000253226109	0	100	0	0	3
363	309	0	3.25667382	0.0135753693	0.0135900626	0.0133480398	0.0138405978	0.000133007739	0.000253226109	0	100	0	0	3
364	310	0	3.26564538	0.0134492599	0.0135913762	0.0133480398	0.0138405978	0.000134321335	0.000253226109	0	100	0	0	3
365	311	0	3.27461693	0.0135423041	0.0135927031	0.0133480398	0.0138405978	0.000135648205	0.000253226109	0	100	0	0	3
366	312	0	3.28358848	0.0134574194	0.0135940026	0.0133480398	0.0138405978	0.000136947768	0.000253226109	0	100	0	0	3
367	312	0	3.29256004	0.0135199512	0.0135947455	0.0133480398	0.0138405978	0.000137690644	0.000253226109	0	100	0	0	3
368	313	0	3.30153159	0.013439331	0.0135956968	0.0133480398	0.0138405978	0.000138641991	0.000253226109	0	100	0	0	3
369	314	0	3.31050314	0.0135343503	0.0135971082	0.0133480398	0.0138405978	0.000140053366	0.000253226109	0	100	0	0	3
370	315	0	3.3194747	0.0134414516	0.0135987763	0.0133739362	0.0138405978	0.000141721435	0.000253226109	0	100	0	0	3
371	316	0	3.32844625	0.0135634049	0.0136013192	0.0133739362	0.0138405978	0.000144264382	0.000253226109	0	100	0	0	3
372	316	0	3.3374178	0.013513819	0.0136034677	0.0133739362	0.0138405978	0.000146412817	0.000253226109	0	100	0	0	3
373	317	0	3.34638936	0.0136043137	0.0136075816	0.013401929	0.0138405978	0.000150526701	0.000253226109	0	100	0	0	3
374	318	0	3.35536091	0.0135596959	0.0136096284	0.013401929	0.0138405978	0.000152573575	0.000253226109	0	100	0	0	3
375	319	0	3.36433246	0.0136636761	0.0136143025	0.0134029918	0.0138405978	0.000156876068	0.000253226109	0	100	0	0	3
376	320	0	3.37330401	0.0135769671	0.0136160996	0.0134029918	0.0138405978	0.000158673142	0.000253226109	0	100	0	0	3
377	320	0	3.38227557	0.0136785835	0.0136206079	0.0134029918	0.0138405978	0.000162607594	0.000253226109	0	100	0	0	3
378	321	0	3.39124712	0.013624901	0.0136234293	0.0134029918	0.0138405978	0.000165428962	0.000253226109	0	100	0	0	3
379	322	0	3.40021867	0.0136950376	0.013627396	0.0134029918	0.0138405978	0.000169395703	0.000253226109	0	100	0	0	3
380	323	0	3.40919023	0.0136333035	0.0136315087	0.013439331	0.0138405978	0.000173458595	0.000253226109	0	100	0	0	3
381	324	0	3.41816178	0.0137325013	0.0136355108	0.013439331	0.0138405978	0.00017746071	0.000253226109	0	100	0	0	3
382	325	0	3.42713333	0.0135622571	0.0136375401	0.013439331	0.0138405978	0.000179215529	0.000253226109	0	100	0	0	3
383	325	0	3.43610489	0.0137137081	0.0136401228	0.013439331	0.0138405978	0.00018089762	0.000253226109	0	100	0	0	3
384	326	0	3.44507644	0.0136431371	0.0136423024	0.013439331	0.0138405978	0.000181738628	0.000253226109	0	100	0	0	3
385	327	0	3.45404799	0.0137319905	0.0136442173	0.013439331	0.0138405978	0.000181758071	0.000253226109	0	100	0	0	3
386	328	0	3.46301955	0.0136404759	0.0136454203	0.013439331	0.0138405978	0.000179990588	0.000253226109	0	100	0	0	3
387	329	0	3.4719911	0.0137341891	0.0136466683	0.013439331	0.0138405978	0.000178141697	0.000253226109	0	100	0	0	3
388	329	0	3.48096265	0.0136658622	0.0136478646	0.013439331	0.0138405978	0.000175972443	0.000253226109	0	100	0	0	3
389	330	0	3.48993421	0.0137495604	0.0136488015	0.013439331	0.0138405978	0.000173237683	0.000253226109	0	100	0	0	3
390	331	0	3.49890576	0.013673687	0.0136493119	0.013439331	0.0138405978	0.000169551765	0.000253226109	0	100	0	0	3
391	332	0	3.50787731	0.0137696155	0.0136489884	0.013439331	0.0138405978	0.000166133766	0.000253226109	0	100	0	0	3
392	333	0	3.51684887	0.0136611712	0.0136484554	0.013439331	0.0138405978	0.000161075273	0.000253226109	0	100	0	0	3
393	333	0	3.52582042	0.0137813817	0.0136475423	0.013439331	0.0138405978	0.000156327823	0.000253226109	0	100	0	0	3
394	334	0	3.53479197	0.0136903347	0.0136468115	0.013439331	0.0138405978	0.000150553006	0.000253226109	0	100	0	0	3
395	335	0	3.54376353	0.0137255319	0.0136447567	0.013439331	0.0138152289	0.00014517129	0.000253226109	0	100	0	0	3
396	336	0	3.55273508	0.0136849147	0.013644281	0.013439331	0.0138152289	0.00013939365	0.000253226109	0	100	0	0	3
397	337	0	3.56170663	0.0137624549	0.0136433386	0.013439331	0.0138045358	0.000134299181	0.000253226109	0	100	0	0	3
398	338	0	3.57067819	0.0136293974	0.0136418176	0.013439331	0.0138045358	0.000129077225	0.000253226109	0	100	0	0	3
399	338	0	3.57964974	0.013705995	0.0136403318	0.013439331	0.0138045358	0.000124501868	0.000253226109	0	100	0	0	3
400	339	0	3.58862129	0.0136086278	0.0136387039	0.013439331	0.0138045358	0.000119691964	0.000253226109	0	100	0	0	3
401	344	0	3.59759285	0.0136532919	0.0136360031	0.013439331	0.0138039063	0.000115222442	0.000253226109	0	100	0	0	3
402	344	0	3.6065644	0.0135604467	0.0136336753	0.013439331	0.0138039063	0.000110165258	0.000253226109	0	100	0	0	3
403	345	0	3.61553595	0.0136129239	0.0136302649	0.013439331	0.0137813817	0.000105394739	0.000253226109	0	100	0	0	3
404	346	0	3.62450751	0.0135471865	0.0136275126	0.013439331	0.0137813817	0.000100393198	0.000253226109	0	100	0	0	3
405	347	0	3.63347906	0.013579546	0.0136242066	0.013439331	0.0137813817	9.5979981e-05	0.000253226109	0	100	0	0	3
406	348	0	3.64245061	0.0135126597	0.0136214581	0.013439331	0.0137813817	9.16135658e-05	0.000253226109	0	100	0	0	3
407	348	0	3.65142216	0.0136023847	0.0136187948	0.013439331	0.0137813817	8.79159961e-05	0.000253226109	0	100	0	0	3
408	349	0	3.66039372	0.0135153157	0.013616687	0.013439331	0.0137813817	8.42151177e-05	0.000253226109	0	100	0	0	3
409	350	0	3.66936527	0.0135644766	0.0136138098	0.013439331	0.0137813817	8.13812602e-05	0.000253226109	0	100	0	0	3
410	351	0	3.67833682	0.0134835882	0.0136116997	0.013439331	0.0137813817	7.82418553e-05	0.000253226109	0	100	0	0	3
411	352	0	3.68730838	0.0135528803	0.0136098065	0.013439331	0.0137813817	7.53552793e-05	0.000253226109	0	100	0	0	3
412	353	0	3.69627993	0.0134483465	0.0136076616	0.013439331	0.0137813817	7.19299828e-05	0.000253226109	0	100	0	0	3
413	353	0	3.70525148	0.0135388342	0.0136055744	0.013439331	0.0137813817	6.95270223e-05	0.000253226109	0	100	0	0	3
414	354	0	3.71422304	0.0134714708	0.0136041994	0.013439331	0.0137813817	6.67290656e-05	0.000253226109	0	100	0	0	3
415	355	0	3.72319459	0.0135377585	0.0136024818	0.013439331	0.0137813817	6.45621205e-05	0.000253226109	0	100	0	0	3
416	356	0	3.73216614	0.0134731448	0.0136012777	0.013439331	0.0137813817	6.30341039e-05	0.000253226109	0	100	0	0	3
417	357	0	3.7411377	0.0135406151	0.0136005745	0.013439331	0.0137813817	6.11795649e-05	0.000253226109	0	100	0	0	3
418	357	0	3.75010925	0.0134395804	0.0135995425	0.013439331	0.0137813817	5.92492715e-05	0.000253226109	0	100	0	0	3
419	358	0	3.7590808	0.0135100752	0.0135983766	0.013439331	0.0137813817	5.79356752e-05	0.000253226109	0	100	0	0	3
420	359	0	3.76805236	0.0134283031	0.0135980024	0.0134283031	0.0137813817	5.66088047e-05	0.000253226109	0	100	0	0	3
421	360	0	3.77702391	0.0134614141	0.0135965579	0.0134283031	0.0137813817	5.53092416e-05	0.000253226109	0	100	0	0	3
422	361	0	3.78599546	0.0133984406	0.0135955047	0.0133984406	0.0137813817	5.45663664e-05	0.000253226109	0	100	0	0	3
423	361	0	3.79496702	0.0134775332	0.0135947472	0.0133984406	0.0137813817	5.45646289e-05	0.000253226109	0	100	0	0	3
424	362	0	3.80393857	0.0133986019	0.0135940199	0.0133984406	0.0137813817	5.52919331e-05	0.000253226109	0	100	0	0	3
425	363	0	3.81291012	0.0134868124	0.013593171	0.0133984406	0.0137813817	5.61408237e-05	0.000253226109	0	100	0	0	3
426	364	0	3.82188168	0.0134228341	0.0135928386	0.0133984406	0.0137813817	5.64732793e-05	0.000253226109	0	100	0	0	3
427	365	0	3.83085323	0.0134729242	0.0135912229	0.0133984406	0.0137813817	5.80890045e-05	0.000253226109	0	100	0	0	3
428	366	0	3.83982478	0.0134137118	0.0135894352	0.0133984406	0.0137813817	5.98766326e-05	0.000253226109	0	100	0	0	3
429	366	0	3.84879634	0.013496893	0.013587517	0.0133984406	0.0137813817	6.17948601e-05	0.000253226109	0	100	0	0	3
430	367	0	3.85776789	0.0134224292	0.0135850658	0.0133984406	0.0137813817	6.42460496e-05	0.000253226109	0	100	0	0	3
431	368	0	3.86673944	0.01352832	0.0135826487	0.0133984406	0.0137813817	6.66631234e-05	0.000253226109	0	100	0	0	3
432	369	0	3.875711	0.0134752643	0.0135808326	0.0133984406	0.0137813817	6.84792446e-05	0.000253226109	0	100	0	0	3
433	370	0	3.88468255	0.0134993668	0.0135776323	0.0133984406	0.0137813817	7.1679543e-05	0.000253226109	0	100	0	0	3
434	370	0	3.8936541	0.0134743807	0.0135749445	0.0133984406	0.0137813817	7.43674054e-05	0.000253226109	0	100	0	0	3
435	371	0	3.90262566	0.0135685093	0.013572685	0.0133984406	0.0137813817	7.66268391e-05	0.000253226109	0	100	0	0	3
436	372	0	3.91159721	0.0134638556	0.0135696592	0.0133984406	0.0137813817	7.96526933e-05	0.000253226109	0	100	0	0	3
437	373	0	3.92056876	0.0135635171	0.0135666416	0.0133984406	0.0137813817	8.26702673e-05	0.000253226109	0	100	0	0	3
438	374	0	3.92954032	0.013501945	0.0135655646	0.0133984406	0.0137813817	8.37472689e-05	0.000253226109	0	100	0	0	3
439	375	0	3.93851187	0.013576806	0.0135631199	0.0133984406	0.0137813817	8.61919502e-05	0.000253226109	0	100	0	0	3
440	375	0	3.94748342	0.0134782663	0.0135601758	0.0133984406	0.0137813817	8.91360704e-05	0.000253226109	0	100	0	0	3
441	376	0	3.95645497	0.0136480378	0.0135586766	0.0133984406	0.0137813817	9.06352253e-05	0.000253226109	0	100	0	0	3
442	377	0	3.96542653	0.0135047277	0.0135562526	0.0133984406	0.0137813817	9.30593008e-05	0.000253226109	0	100	0	0	3
443	378	0	3.97439808	0.0136236332	0.0135542783	0.0133984406	0.0137813817	9.50335138e-05	0.000253226109	0	100	0	0	3
444	379	0	3.98336963	0.0135584974	0.0135523611	0.0133984406	0.0137813817	9.69507419e-05	0.000253226109	0	100	0	0	3
445	380	0	3.99234119	0.0135981261	0.0135496569	0.0133984406	0.0137813817	9.96549251e-05	0.000253226109	0	100	0	0	3
446	380	0	4.00131274	0.0134891788	0.0135463621	0.0133984406	0.0137813817	0.00010262624	0.000253226109	0	100	0	0	3
