Iteration	CPUTime	PhysTime	Travels	Value	AvValue	MinValue	MaxValue	Delta	Criteria	PrevAvRefValue	Progress	CriteriaType	CriteriaVarType	CriteriaPercentage
1	6	0	0.00897215797	293.20006	293.20006	293.20006	293.20006	0	0	0	0	0	0	3
2	7	0	0.0179443159	293.200074	293.200067	293.20006	293.200074	6.91721152e-06	0	0	0	0	0	3
3	8	0	0.0269164739	293.200097	293.200077	293.20006	293.200097	1.67915102e-05	0	0	0	0	0	3
4	9	0	0.0358886319	293.200104	293.200084	293.20006	293.200104	2.34955767e-05	0	0	0	0	0	3
5	11	0	0.0448607898	293.200112	293.200089	293.20006	293.200112	2.91701678e-05	0	0	0	0	0	3
6	12	0	0.0538329478	293.200123	293.200095	293.20006	293.200123	3.48405722e-05	0	0	0	0	0	3
7	13	0	0.0628051058	293.200142	293.200102	293.20006	293.200142	4.14872168e-05	0	0	0	0	0	3
8	14	0	0.0717772637	293.200156	293.200108	293.20006	293.200156	4.82425334e-05	0	0	0	0	0	3
9	15	0	0.0807494217	293.200174	293.200116	293.20006	293.200174	5.54793976e-05	0	0	0	0	0	3
10	16	0	0.0897215797	293.200187	293.200123	293.20006	293.200187	6.26143169e-05	0	0	0	0	0	3
11	18	0	0.0986937376	293.200212	293.200131	293.20006	293.200212	7.07149207e-05	0	0	0	0	0	3
12	19	0	0.107665896	293.200232	293.200139	293.20006	293.200232	7.9174581e-05	0	0	0	0	0	3
13	20	0	0.116638054	293.200256	293.200148	293.20006	293.200256	8.81108775e-05	0	0	0	0	0	3
14	21	0	0.125610212	293.200276	293.200157	293.20006	293.200276	9.72404946e-05	0	0	0	0	0	3
15	22	0	0.13458237	293.200298	293.200167	293.20006	293.200298	0.000106638977	0	0	0	0	0	3
16	23	0	0.143554527	293.200329	293.200177	293.20006	293.200329	0.00011678804	0	0	0	0	0	3
17	25	0	0.152526685	293.200361	293.200188	293.20006	293.200361	0.000127605992	0	0	0	0	0	3
18	26	0	0.161498843	293.200391	293.200199	293.20006	293.200391	0.000138894754	0	0	0	0	0	3
19	27	0	0.170471001	293.200421	293.200211	293.20006	293.200421	0.000150587267	0	0	0	0	0	3
20	28	0	0.179443159	293.200451	293.200223	293.20006	293.200451	0.000162575365	0	0	0	0	0	3
21	29	0	0.188415317	293.200494	293.200236	293.20006	293.200494	0.000175476167	0	0	0	0	0	3
22	30	0	0.197387475	293.200535	293.200249	293.20006	293.200535	0.000189095167	0	0	0	0	0	3
23	31	0	0.206359633	293.200575	293.200263	293.20006	293.200575	0.000203266212	0	0	0	0	0	3
24	32	0	0.215331791	293.200614	293.200278	293.20006	293.200614	0.000217850965	0	0	0	0	0	3
25	34	0	0.224303949	293.20065	293.200293	293.20006	293.20065	0.000232721434	0	0	0	0	0	3
26	35	0	0.233276107	293.200699	293.200309	293.20006	293.200699	0.00024835207	0	0	0	0	0	3
27	36	0	0.242248265	293.200743	293.200325	293.20006	293.200743	0.000264459334	0	0	0	0	0	3
28	37	0	0.251220423	293.200782	293.200341	293.20006	293.200782	0.000280802408	0	0	0	0	0	3
29	38	0	0.260192581	293.200815	293.200357	293.20006	293.200815	0.000297152444	0	0	0	0	0	3
30	40	0	0.269164739	293.200842	293.200374	293.20006	293.200842	0.000313321867	0	0	0	0	0	3
31	41	0	0.278136897	293.200872	293.20039	293.20006	293.200872	0.000329392256	0	0	0	0	0	3
32	42	0	0.287109055	293.200892	293.200405	293.20006	293.200892	0.000345104142	0	0	0	0	0	3
33	43	0	0.296081213	293.200904	293.20042	293.20006	293.200904	0.000360226383	0	0	0	0	0	3
34	45	0	0.305053371	293.200911	293.200435	293.20006	293.200911	0.00037465077	0	0	0	0	0	3
35	46	0	0.314025529	293.200914	293.200449	293.20006	293.200914	0.000388342016	0	0	0	0	0	3
36	47	0	0.322997687	293.200919	293.200462	293.20006	293.200919	0.000401399446	0	0	0	0	0	3
37	49	0	0.331969845	293.200926	293.200474	293.20006	293.200926	0.000413938267	0	0	0	0	0	3
38	50	0	0.340942003	293.200937	293.200486	293.20006	293.200937	0.000426106375	0	0	0	0	0	3
39	51	0	0.349914161	293.20095	293.200498	293.20006	293.20095	0.000438002949	0	0	0	0	0	3
40	52	0	0.358886319	293.200968	293.20051	293.20006	293.200968	0.000449753662	0	0	0	0	0	3
41	54	0	0.367858477	293.200997	293.200522	293.20006	293.200997	0.000461623259	0	0	0	0	0	3
42	55	0	0.376830635	293.201027	293.200534	293.20006	293.201027	0.000473659722	0	0	0	0	0	3
43	56	0	0.385802793	293.201054	293.200546	293.20006	293.201054	0.000485761766	0	0	0	0	0	3
44	57	0	0.394774951	293.201076	293.200558	293.20006	293.201076	0.000497809554	0	0	0	0	0	3
45	59	0	0.403747109	293.201093	293.20057	293.20006	293.201093	0.0005097071	0	0	0	0	0	3
46	60	0	0.412719266	293.201108	293.200582	293.20006	293.201108	0.000521400818	0	0	0	0	0	3
47	61	0	0.421691424	293.201119	293.200593	293.20006	293.201119	0.000532840411	0	0	0	0	0	3
48	63	0	0.430663582	293.201131	293.200604	293.20006	293.201131	0.000544042436	0	0	0	0	0	3
49	64	0	0.43963574	293.201141	293.200615	293.20006	293.201141	0.000554989231	0	0	0	0	0	3
50	65	0	0.448607898	293.20115	293.200626	293.20006	293.20115	0.000565686445	0	0	0	0	0	3
51	67	0	0.457580056	293.201157	293.200636	293.20006	293.201157	0.000576106952	0	0	0	0	0	3
52	68	0	0.466552214	293.201164	293.200646	293.20006	293.201164	0.00058625739	0	0	0	0	0	3
53	69	0	0.475524372	293.20117	293.200656	293.20006	293.20117	0.000596126957	0	0	0	0	0	3
54	70	0	0.48449653	293.201176	293.200666	293.20006	293.201176	0.000605741248	0	0	0	0	0	3
55	72	0	0.493468688	293.201181	293.200675	293.20006	293.201181	0.000615101861	0	0	0	0	0	3
56	73	0	0.502440846	293.201186	293.200684	293.20006	293.201186	0.000624219974	0	0	0	0	0	3
57	74	0	0.511413004	293.20119	293.200705	293.200074	293.20119	0.0006374736	0	0	0	0	0	3
58	76	0	0.520385162	293.201193	293.200725	293.200097	293.201193	0.000647577593	0	0	0	0	0	3
59	77	0	0.52935732	293.201194	293.200744	293.200104	293.201194	0.000660459405	0	0	0	0	0	3
60	78	0	0.538329478	293.201193	293.200764	293.200112	293.201194	0.000674238347	0	0	0	0	0	3
61	79	0	0.547301636	293.201191	293.200783	293.200123	293.201194	0.00068783968	0	0	0	0	0	3
62	81	0	0.556273794	293.20119	293.200802	293.200142	293.201194	0.000700234049	0	0	0	0	0	3
63	82	0	0.565245952	293.201189	293.200821	293.200156	293.201194	0.000712182416	0	0	0	0	0	3
64	83	0	0.57421811	293.201189	293.200839	293.200174	293.201194	0.00072340277	0	0	0	0	0	3
65	84	0	0.583190268	293.201189	293.200857	293.200187	293.201194	0.000734394202	0	0	0	0	0	3
66	86	0	0.592162426	293.201191	293.200875	293.200212	293.201194	0.000744214146	0	0	0	0	0	3
67	87	0	0.601134584	293.201191	293.200893	293.200232	293.201194	0.000753230072	0	0	0	0	0	3
68	88	0	0.610106742	293.20119	293.20091	293.200256	293.201194	0.000761392319	0	0	0	0	0	3
69	90	0	0.6190789	293.201188	293.200926	293.200276	293.201194	0.000768906799	0	0	0	0	0	3
70	91	0	0.628051058	293.201186	293.200943	293.200298	293.201194	0.000775749775	0	0	0	0	0	3
71	92	0	0.637023216	293.201185	293.200958	293.200329	293.201194	0.000781438671	0	0	0	0	0	3
72	93	0	0.645995374	293.201185	293.200974	293.200361	293.201194	0.000785909578	0	0	0	0	0	3
73	95	0	0.654967532	293.201184	293.200988	293.200391	293.201194	0.000789324966	0	0	0	0	0	3
74	96	0	0.66393969	293.201185	293.201003	293.200421	293.201194	0.00077229675	0	0	0	0	0	3
75	97	0	0.672911848	293.201182	293.201016	293.200451	293.201194	0.000743000019	0	0	0	0	0	3
76	98	0	0.681884005	293.201183	293.201029	293.200494	293.201194	0.000699857051	0	0	0	0	0	3
77	100	0	0.690856163	293.201183	293.201042	293.200535	293.201194	0.000658255095	0	0	0	0	0	3
78	101	0	0.699828321	293.201185	293.201053	293.200575	293.201194	0.000618320047	0	0	0	0	0	3
79	102	0	0.708800479	293.201187	293.201064	293.200614	293.201194	0.000580048974	0	0	0	0	0	3
80	103	0	0.717772637	293.201188	293.201074	293.20065	293.201194	0.00054373656	0	0	0	0	0	3
81	105	0	0.726744795	293.201188	293.201084	293.200699	293.201194	0.000494231281	0	0	0	0	0	3
82	106	0	0.735716953	293.201188	293.201093	293.200743	293.201194	0.000450101059	0	0	0	0	0	3
83	108	0	0.744689111	293.201186	293.201101	293.200782	293.201194	0.00041128384	0	0	0	0	0	3
84	109	0	0.753661269	293.201184	293.201108	293.200815	293.201194	0.000378395802	0	0	0	0	0	3
85	110	0	0.762633427	293.201183	293.201114	293.200842	293.201194	0.000351114146	0	0	0	0	0	3
86	112	0	0.771605585	293.201183	293.20112	293.200872	293.201194	0.000321845327	0	0	0	0	0	3
87	113	0	0.780577743	293.201182	293.201126	293.200892	293.201194	0.000301176647	0	0	0	0	0	3
88	114	0	0.789549901	293.20118	293.201131	293.200904	293.201194	0.000289211162	0	0	0	0	0	3
89	116	0	0.798522059	293.201177	293.201136	293.200911	293.201194	0.000282693705	0	0	0	0	0	3
90	117	0	0.807494217	293.201176	293.201141	293.200914	293.201194	0.000279504883	0	0	0	0	0	3
91	118	0	0.816466375	293.201178	293.201145	293.200919	293.201194	0.00027493976	0	0	0	0	0	3
92	120	0	0.825438533	293.201179	293.20115	293.200926	293.201194	0.000268013403	0	0	0	0	0	3
93	121	0	0.834410691	293.20118	293.201155	293.200937	293.201194	0.000257022915	0	0	0	0	0	3
94	122	0	0.843382849	293.20118	293.201159	293.20095	293.201194	0.000243276469	0	0	0	0	0	3
95	123	0	0.852355007	293.201179	293.201163	293.200968	293.201194	0.000225317799	0	0	0	0	0	3
96	125	0	0.861327165	293.201178	293.201167	293.200997	293.201194	0.000196942121	0	0	0	0	0	3
97	126	0	0.870299323	293.201176	293.20117	293.201027	293.201194	0.000166194537	0	0	0	0	0	3
98	127	0	0.879271481	293.201176	293.201173	293.201054	293.201194	0.000139301625	0	0	0	0	0	3
99	129	0	0.888243639	293.201176	293.201175	293.201076	293.201194	0.000117484824	0	0	0	0	0	3
100	130	0	0.897215797	293.201176	293.201177	293.201093	293.201194	0.000100150134	0	0	0	0	0	3
101	134	0	0.906187955	293.201176	293.201178	293.201108	293.201194	8.57311205e-05	0	0	0	0	0	3
102	135	0	0.915160113	293.201176	293.201179	293.201119	293.201194	7.42875487e-05	0	0	0	0	0	3
103	136	0	0.924132271	293.201176	293.20118	293.201131	293.201194	6.28116601e-05	0	0	0	0	0	3
104	138	0	0.933104429	293.201176	293.201181	293.201141	293.201194	5.29138712e-05	0	0	0	0	0	3
105	139	0	0.942076587	293.201176	293.201182	293.20115	293.201194	4.34993019e-05	0	0	0	0	0	3
106	140	0	0.951048744	293.201177	293.201182	293.201157	293.201194	3.62169912e-05	0	0	0	0	0	3
107	142	0	0.960020902	293.201175	293.201183	293.201164	293.201194	2.94195316e-05	0	0	0	0	0	3
108	143	0	0.96899306	293.201175	293.201183	293.20117	293.201194	2.400478e-05	0	0	0	0	0	3
109	144	0	0.977965218	293.201175	293.201183	293.201175	293.201194	1.87917382e-05	0	0	0	0	0	3
110	145	0	0.986937376	293.201175	293.201183	293.201175	293.201194	1.87917382e-05	0	0	0	0	0	3
111	147	0	0.995909534	293.201176	293.201183	293.201175	293.201194	1.87917382e-05	0	0	0	0	0	3
112	148	0	1.00488169	293.201176	293.201183	293.201175	293.201194	1.87917382e-05	3.29042744e-05	0	0	0	0	3
113	149	0	1.01385385	293.201176	293.201182	293.201175	293.201194	1.87917382e-05	3.29042744e-05	0	0	0	0	3
114	150	0	1.02282601	293.201176	293.201182	293.201175	293.201194	1.87917382e-05	3.29042744e-05	0	0	0	0	3
115	152	0	1.03179817	293.201176	293.201182	293.201175	293.201193	1.8448143e-05	3.29042744e-05	0	0	0	0	3
116	153	0	1.04077032	293.201176	293.201181	293.201175	293.201191	1.65283333e-05	3.29042744e-05	0	0	0	0	3
117	154	0	1.04974248	293.201175	293.201181	293.201175	293.201191	1.58217684e-05	3.29042744e-05	0	0	0	0	3
118	155	0	1.05871464	293.201173	293.201181	293.201173	293.201191	1.76239954e-05	3.29042744e-05	0	0	0	0	3
119	157	0	1.0676868	293.201171	293.20118	293.201171	293.201191	1.99089009e-05	3.29042744e-05	0	0	0	0	3
120	158	0	1.07665896	293.201168	293.20118	293.201168	293.201191	2.25408207e-05	3.29042744e-05	0	0	0	0	3
121	159	0	1.08563111	293.201166	293.20118	293.201166	293.201191	2.42481443e-05	3.29042744e-05	0	0	0	0	3
122	160	0	1.09460327	293.201165	293.201179	293.201165	293.201191	2.60618142e-05	3.29042744e-05	0	0	0	0	3
123	162	0	1.10357543	293.201164	293.201179	293.201164	293.20119	2.60369658e-05	3.29042744e-05	0	0	0	0	3
124	163	0	1.11254759	293.201165	293.201178	293.201164	293.201188	2.44537893e-05	3.29042744e-05	0	0	0	0	3
125	164	0	1.12151975	293.201166	293.201178	293.201164	293.201188	2.44537893e-05	3.29042744e-05	0	0	0	0	3
126	165	0	1.1304919	293.201167	293.201178	293.201164	293.201188	2.44537893e-05	3.29042744e-05	0	0	0	0	3
127	167	0	1.13946406	293.201169	293.201177	293.201164	293.201188	2.44537893e-05	3.29042744e-05	0	0	0	0	3
128	168	0	1.14843622	293.201171	293.201177	293.201164	293.201188	2.44537893e-05	3.29042744e-05	0	0	0	0	3
129	169	0	1.15740838	293.201172	293.201177	293.201164	293.201188	2.44537893e-05	3.29042744e-05	0	0	0	0	3
130	170	0	1.16638054	293.201173	293.201177	293.201164	293.201188	2.44537893e-05	3.29042744e-05	0	0	0	0	3
131	172	0	1.17535269	293.201173	293.201176	293.201164	293.201188	2.44537893e-05	3.29042744e-05	0	0	0	0	3
132	173	0	1.18432485	293.201173	293.201176	293.201164	293.201188	2.44537893e-05	3.29042744e-05	0	0	0	0	3
133	174	0	1.19329701	293.201172	293.201176	293.201164	293.201188	2.44537893e-05	3.29042744e-05	0	0	0	0	3
134	176	0	1.20226917	293.201172	293.201176	293.201164	293.201188	2.44537893e-05	3.29042744e-05	0	0	0	0	3
135	177	0	1.21124133	293.201171	293.201176	293.201164	293.201188	2.44537893e-05	3.29042744e-05	0	0	0	0	3
136	178	0	1.22021348	293.201171	293.201175	293.201164	293.201188	2.44537893e-05	3.29042744e-05	0	0	0	0	3
137	179	0	1.22918564	293.20117	293.201175	293.201164	293.201188	2.38541904e-05	3.29042744e-05	0	0	0	0	3
138	181	0	1.2381578	293.201169	293.201175	293.201164	293.201186	2.16046081e-05	3.29042744e-05	0	0	0	0	3
139	182	0	1.24712996	293.201169	293.201174	293.201164	293.201184	2.03910458e-05	3.29042744e-05	0	0	0	0	3
140	183	0	1.25610212	293.201169	293.201174	293.201164	293.201183	1.93696901e-05	3.29042744e-05	0	0	0	0	3
141	184	0	1.26507427	293.20117	293.201174	293.201164	293.201183	1.90302787e-05	3.29042744e-05	0	0	0	0	3
142	185	0	1.27404643	293.201173	293.201174	293.201164	293.201182	1.80114469e-05	3.29042744e-05	0	0	0	0	3
143	187	0	1.28301859	293.201175	293.201173	293.201164	293.20118	1.60864396e-05	3.29042744e-05	0	0	0	0	3
144	188	0	1.29199075	293.201178	293.201173	293.201164	293.20118	1.60749274e-05	3.29042744e-05	0	0	0	0	3
145	189	0	1.30096291	293.201181	293.201173	293.201164	293.201181	1.66500877e-05	3.29042744e-05	0	0	0	0	3
146	190	0	1.30993506	293.201183	293.201174	293.201164	293.201183	1.91900382e-05	3.29042744e-05	0	0	0	0	3
147	192	0	1.31890722	293.201184	293.201174	293.201164	293.201184	2.00450423e-05	3.29042744e-05	0	0	0	0	3
148	193	0	1.32787938	293.201185	293.201174	293.201164	293.201185	2.09753067e-05	3.29042744e-05	0	0	0	0	3
149	194	0	1.33685154	293.201184	293.201174	293.201164	293.201185	2.09753067e-05	3.29042744e-05	0	0	0	0	3
150	195	0	1.3458237	293.201185	293.201174	293.201164	293.201185	1.97867677e-05	3.29042744e-05	0	0	0	0	3
151	196	0	1.35479585	293.201185	293.201174	293.201164	293.201185	1.60389025e-05	3.29042744e-05	0	0	0	0	3
152	198	0	1.36376801	293.201186	293.201174	293.201164	293.201186	1.28287961e-05	3.29042744e-05	0	0	0	0	3
153	199	0	1.37274017	293.201185	293.201174	293.201164	293.201186	1.01724131e-05	3.29042744e-05	0	0	0	0	3
154	200	0	1.38171233	293.201184	293.201175	293.201164	293.201186	9.39690221e-06	3.29042744e-05	0	0	0	0	3
155	201	0	1.39068448	293.201181	293.201175	293.201164	293.201186	9.39690221e-06	3.29042744e-05	0	0	0	0	3
156	203	0	1.39965664	293.20118	293.201175	293.201164	293.201186	9.39690221e-06	3.29042744e-05	0	0	0	0	3
157	204	0	1.4086288	293.201178	293.201175	293.201164	293.201186	9.39690221e-06	3.29042744e-05	0	0	0	0	3
158	205	0	1.41760096	293.201177	293.201175	293.201164	293.201186	9.39690221e-06	3.29042744e-05	0	0	0	0	3
159	206	0	1.42657312	293.201177	293.201175	293.201164	293.201186	9.39690221e-06	3.29042744e-05	0	0	0	0	3
160	208	0	1.43554527	293.201175	293.201175	293.201164	293.201186	9.39690221e-06	3.29042744e-05	0	0	0	0	3
161	209	0	1.44451743	293.201173	293.201175	293.201164	293.201186	9.39690221e-06	3.29042744e-05	0	0	0	0	3
162	210	0	1.45348959	293.20117	293.201175	293.201164	293.201186	9.39690221e-06	3.29042744e-05	0	0	0	0	3
163	211	0	1.46246175	293.201168	293.201174	293.201164	293.201186	9.39690221e-06	3.29042744e-05	0	0	0	0	3
164	213	0	1.47143391	293.201165	293.201174	293.201164	293.201186	9.39690221e-06	3.29042744e-05	0	0	0	0	3
165	214	0	1.48040606	293.201163	293.201174	293.201163	293.201186	9.38999102e-06	3.29042744e-05	0	0	0	0	3
166	215	0	1.48937822	293.201163	293.201174	293.201163	293.201186	9.29598758e-06	3.29042744e-05	0	0	0	0	3
167	217	0	1.49835038	293.201165	293.201174	293.201163	293.201186	9.10971272e-06	3.29042744e-05	0	0	0	0	3
168	218	0	1.50732254	293.201168	293.201174	293.201163	293.201186	8.86451568e-06	3.29042744e-05	0	0	0	0	3
169	219	0	1.5162947	293.201169	293.201173	293.201163	293.201186	8.58694597e-06	3.29042744e-05	0	0	0	0	3
170	220	0	1.52526685	293.201171	293.201173	293.201163	293.201186	8.38323581e-06	3.29042744e-05	0	0	0	0	3
171	222	0	1.53423901	293.201171	293.201173	293.201163	293.201186	8.1690157e-06	3.29042744e-05	0	0	0	0	3
172	223	0	1.54321117	293.201173	293.201173	293.201163	293.201186	7.93577834e-06	3.29042744e-05	0	0	0	0	3
173	224	0	1.55218333	293.201175	293.201173	293.201163	293.201186	7.63695567e-06	3.29042744e-05	0	0	0	0	3
174	225	0	1.56115549	293.201179	293.201173	293.201163	293.201186	7.31011721e-06	3.29042744e-05	0	0	0	0	3
175	227	0	1.57012764	293.201181	293.201173	293.201163	293.201186	6.9298402e-06	3.29042744e-05	0	0	0	0	3
176	228	0	1.5790998	293.201183	293.201174	293.201163	293.201186	6.53128984e-06	3.29042744e-05	0	0	0	0	3
177	229	0	1.58807196	293.201182	293.201174	293.201163	293.201186	6.0654454e-06	3.29042744e-05	0	0	0	0	3
178	231	0	1.59704412	293.201182	293.201174	293.201163	293.201186	5.58970385e-06	3.29042744e-05	0	0	0	0	3
179	232	0	1.60601628	293.20118	293.201175	293.201163	293.201186	5.13736751e-06	3.29042744e-05	0	0	0	0	3
180	233	0	1.61498843	293.201179	293.201175	293.201163	293.201186	4.75785043e-06	3.29042744e-05	0	0	0	0	3
181	235	0	1.62396059	293.201178	293.201175	293.201163	293.201186	4.42132807e-06	3.29042744e-05	0	0	0	0	3
182	236	0	1.63293275	293.201177	293.201175	293.201163	293.201186	4.1228119e-06	3.29042744e-05	0	0	0	0	3
183	237	0	1.64190491	293.201176	293.201175	293.201163	293.201186	3.86068916e-06	3.29042744e-05	0	0	0	0	3
184	239	0	1.65087707	293.201177	293.201175	293.201163	293.201186	3.63532064e-06	3.29042744e-05	0	0	0	0	3
185	240	0	1.65984922	293.201178	293.201176	293.201163	293.201186	3.42935874e-06	3.29042744e-05	0	0	0	0	3
186	242	0	1.66882138	293.201181	293.201176	293.201163	293.201186	3.26789967e-06	3.29042744e-05	0	0	0	0	3
187	243	0	1.67779354	293.201185	293.201176	293.201163	293.201186	3.09117286e-06	3.29042744e-05	0	0	0	0	3
188	244	0	1.6867657	293.201188	293.201176	293.201163	293.201188	3.04060779e-06	3.29042744e-05	0	0	0	0	3
189	246	0	1.69573786	293.20119	293.201177	293.201163	293.20119	3.35927302e-06	3.29042744e-05	0	0	0	0	3
190	247	0	1.70471001	293.20119	293.201177	293.201163	293.20119	3.68511849e-06	3.29042744e-05	0	0	0	0	3
191	248	0	1.71368217	293.201189	293.201177	293.201163	293.20119	3.99912267e-06	3.29042744e-05	0	0	0	0	3
192	250	0	1.72265433	293.201186	293.201177	293.201163	293.20119	4.27366882e-06	3.29042744e-05	0	0	0	0	3
193	251	0	1.73162649	293.201182	293.201178	293.201163	293.20119	4.4865518e-06	3.29042744e-05	0	0	0	0	3
194	252	0	1.74059865	293.201177	293.201178	293.201163	293.20119	4.62883281e-06	3.29042744e-05	0	0	0	0	3
195	254	0	1.7495708	293.201172	293.201178	293.201163	293.20119	4.68715609e-06	3.29042744e-05	0	0	0	0	3
196	255	0	1.75854296	293.201168	293.201178	293.201163	293.20119	4.68715609e-06	3.29042744e-05	0	0	0	0	3
197	256	0	1.76751512	293.201164	293.201178	293.201163	293.20119	4.68715609e-06	3.29042744e-05	0	0	0	0	3
198	258	0	1.77648728	293.201162	293.201178	293.201162	293.20119	4.68715609e-06	3.29042744e-05	0	0	0	0	3
199	259	0	1.78545944	293.20116	293.201177	293.20116	293.20119	4.68715609e-06	3.29042744e-05	0	0	0	0	3
200	260	0	1.79443159	293.20116	293.201177	293.20116	293.20119	4.68715609e-06	3.29042744e-05	0	0	0	0	3
201	265	0	1.80340375	293.20116	293.201177	293.20116	293.20119	4.68715609e-06	3.29042744e-05	0	0	0	0	3
202	267	0	1.81237591	293.20116	293.201176	293.20116	293.20119	4.68715609e-06	3.29042744e-05	0	0	0	0	3
203	269	0	1.82134807	293.201161	293.201176	293.20116	293.20119	4.68715609e-06	3.29042744e-05	0	0	0	0	3
204	271	0	1.83032023	293.201162	293.201175	293.20116	293.20119	4.68715609e-06	3.29042744e-05	0	0	0	0	3
205	273	0	1.83929238	293.201163	293.201175	293.20116	293.20119	4.68715609e-06	3.29042744e-05	0	0	0	0	3
206	274	0	1.84826454	293.201164	293.201175	293.20116	293.20119	4.68715609e-06	3.29042744e-05	0	0	0	0	3
207	276	0	1.8572367	293.201164	293.201174	293.20116	293.20119	4.68715609e-06	3.29042744e-05	0	0	0	0	3
208	277	0	1.86620886	293.201164	293.201174	293.20116	293.20119	4.68715609e-06	3.29042744e-05	0	0	0	0	3
209	279	0	1.87518102	293.201163	293.201173	293.20116	293.20119	4.68715609e-06	3.29042744e-05	0	0	0	0	3
210	281	0	1.88415317	293.201163	293.201173	293.20116	293.20119	4.83716781e-06	3.29042744e-05	0	0	0	0	3
211	282	0	1.89312533	293.201162	293.201173	293.20116	293.20119	5.17957744e-06	3.29042744e-05	0	0	0	0	3
212	283	0	1.90209749	293.201162	293.201172	293.20116	293.20119	5.50574345e-06	3.29042744e-05	0	0	0	0	3
213	285	0	1.91106965	293.20116	293.201172	293.20116	293.20119	5.8146104e-06	3.29042744e-05	0	0	0	0	3
214	286	0	1.9200418	293.20116	293.201172	293.20116	293.20119	6.11765711e-06	3.29042744e-05	0	0	0	0	3
215	288	0	1.92901396	293.201158	293.201171	293.201158	293.20119	6.44989206e-06	3.29042744e-05	0	0	0	0	3
216	289	0	1.93798612	293.201157	293.201171	293.201157	293.20119	6.77224756e-06	3.29042744e-05	0	0	0	0	3
217	291	0	1.94695828	293.201156	293.201171	293.201156	293.20119	7.08107643e-06	3.29042744e-05	0	0	0	0	3
218	292	0	1.95593044	293.201156	293.201171	293.201156	293.20119	7.33792103e-06	3.29042744e-05	0	0	0	0	3
219	293	0	1.96490259	293.201155	293.20117	293.201155	293.20119	7.5661282e-06	3.29042744e-05	0	0	0	0	3
220	295	0	1.97387475	293.201155	293.20117	293.201155	293.20119	7.73568661e-06	3.29042744e-05	0	0	0	0	3
221	296	0	1.98284691	293.201155	293.20117	293.201155	293.20119	7.87560663e-06	3.29042744e-05	0	0	0	0	3
222	298	0	1.99181907	293.201156	293.20117	293.201155	293.20119	8.00700531e-06	3.29042744e-05	0	0	0	0	3
223	299	0	2.00079123	293.201156	293.20117	293.201155	293.20119	8.16904821e-06	3.29042744e-05	0	0	0	0	3
224	301	0	2.00976338	293.201157	293.201169	293.201155	293.20119	8.3673134e-06	3.29042744e-05	0	0	0	0	3
225	302	0	2.01873554	293.201156	293.201169	293.201155	293.20119	8.60233462e-06	3.29042744e-05	0	0	0	0	3
226	303	0	2.0277077	293.201156	293.201169	293.201155	293.20119	8.85783021e-06	3.29042744e-05	0	0	0	0	3
227	305	0	2.03667986	293.201157	293.201169	293.201155	293.20119	9.11910581e-06	3.29042744e-05	0	0	0	0	3
228	306	0	2.04565202	293.201158	293.201168	293.201155	293.20119	9.38916594e-06	3.29042744e-05	0	0	0	0	3
229	308	0	2.05462417	293.201159	293.201168	293.201155	293.20119	9.68260389e-06	3.29042744e-05	0	0	0	0	3
230	309	0	2.06359633	293.20116	293.201168	293.201155	293.20119	1.00148481e-05	3.29042744e-05	0	0	0	0	3
231	311	0	2.07256849	293.201161	293.201167	293.201155	293.20119	1.03719278e-05	3.29042744e-05	0	0	0	0	3
232	312	0	2.08154065	293.201162	293.201167	293.201155	293.20119	1.0748021e-05	3.29042744e-05	0	0	0	0	3
233	314	0	2.09051281	293.201162	293.201167	293.201155	293.20119	1.11076606e-05	3.29042744e-05	0	0	0	0	3
234	315	0	2.09948496	293.201163	293.201166	293.201155	293.20119	1.14428059e-05	3.29042744e-05	0	0	0	0	3
235	317	0	2.10845712	293.201164	293.201166	293.201155	293.20119	1.17321492e-05	3.29042744e-05	0	0	0	0	3
236	318	0	2.11742928	293.201165	293.201166	293.201155	293.20119	1.19755715e-05	3.29042744e-05	0	0	0	0	3
237	320	0	2.12640144	293.201167	293.201166	293.201155	293.20119	1.2167714e-05	3.29042744e-05	0	0	0	0	3
238	321	0	2.1353736	293.201168	293.201166	293.201155	293.20119	1.2318244e-05	3.29042744e-05	0	0	0	0	3
239	323	0	2.14434575	293.201169	293.201165	293.201155	293.20119	1.24438033e-05	3.29042744e-05	0	0	0	0	3
240	324	0	2.15331791	293.20117	293.201165	293.201155	293.20119	1.25625704e-05	3.29042744e-05	0	0	0	0	3
241	326	0	2.16229007	293.201171	293.201165	293.201155	293.20119	1.26942663e-05	3.29042744e-05	0	0	0	0	3
242	327	0	2.17126223	293.201171	293.201165	293.201155	293.20119	1.28755162e-05	3.29042744e-05	0	0	0	0	3
243	329	0	2.18023439	293.201171	293.201165	293.201155	293.20119	1.31203194e-05	3.29042744e-05	0	0	0	0	3
244	330	0	2.18920654	293.201171	293.201164	293.201155	293.20119	1.34231571e-05	3.29042744e-05	0	0	0	0	3
245	332	0	2.1981787	293.201172	293.201164	293.201155	293.20119	1.37484807e-05	3.29042744e-05	0	0	0	0	3
246	333	0	2.20715086	293.201173	293.201164	293.201155	293.201189	1.4060907e-05	3.29042744e-05	0	0	0	0	3
247	335	0	2.21612302	293.201174	293.201164	293.201155	293.201186	1.43282914e-05	3.29042744e-05	0	0	0	0	3
248	336	0	2.22509518	293.201174	293.201163	293.201155	293.201182	1.45346812e-05	3.29042744e-05	0	0	0	0	3
249	338	0	2.23406733	293.201174	293.201163	293.201155	293.201177	1.4674953e-05	3.29042744e-05	0	0	0	0	3
250	339	0	2.24303949	293.201173	293.201163	293.201155	293.201174	1.47458252e-05	3.29042744e-05	0	0	0	0	3
251	341	0	2.25201165	293.201172	293.201163	293.201155	293.201174	1.47255898e-05	3.29042744e-05	0	0	0	0	3
252	343	0	2.26098381	293.201171	293.201163	293.201155	293.201174	1.46146046e-05	3.29042744e-05	0	0	0	0	3
253	344	0	2.26995597	293.201171	293.201163	293.201155	293.201174	1.44167185e-05	3.29042744e-05	0	0	0	0	3
254	346	0	2.27892812	293.20117	293.201163	293.201155	293.201174	1.41476253e-05	3.29042744e-05	0	0	0	0	3
255	347	0	2.28790028	293.201169	293.201164	293.201155	293.201174	1.38228388e-05	3.29042744e-05	0	0	0	0	3
256	349	0	2.29687244	293.201169	293.201164	293.201155	293.201174	1.34514228e-05	3.29042744e-05	0	0	0	0	3
257	351	0	2.3058446	293.201168	293.201164	293.201155	293.201174	1.30457761e-05	3.29042744e-05	0	0	0	0	3
258	352	0	2.31481676	293.201167	293.201164	293.201155	293.201174	1.26307394e-05	3.29042744e-05	0	0	0	0	3
259	354	0	2.32378891	293.201166	293.201164	293.201155	293.201174	1.22196394e-05	3.29042744e-05	0	0	0	0	3
260	355	0	2.33276107	293.201167	293.201164	293.201155	293.201174	1.18344531e-05	3.29042744e-05	0	0	0	0	3
261	357	0	2.34173323	293.201168	293.201164	293.201155	293.201174	1.1448184e-05	3.29042744e-05	0	0	0	0	3
262	359	0	2.35070539	293.20117	293.201164	293.201155	293.201174	1.10614269e-05	3.29042744e-05	0	0	0	0	3
263	360	0	2.35967755	293.20117	293.201165	293.201155	293.201174	1.06703548e-05	3.29042744e-05	0	0	0	0	3
264	362	0	2.3686497	293.201171	293.201165	293.201155	293.201174	1.02855855e-05	3.29042744e-05	0	0	0	0	3
265	363	0	2.37762186	293.20117	293.201165	293.201155	293.201174	9.91174227e-06	3.29042744e-05	0	0	0	0	3
266	365	0	2.38659402	293.201168	293.201165	293.201155	293.201174	9.56933263e-06	3.29042744e-05	0	0	0	0	3
267	367	0	2.39556618	293.201165	293.201165	293.201155	293.201174	9.24316663e-06	3.29042744e-05	0	0	0	0	3
268	368	0	2.40453834	293.201163	293.201165	293.201155	293.201174	8.93429967e-06	3.29042744e-05	0	0	0	0	3
269	370	0	2.41351049	293.201161	293.201165	293.201155	293.201174	8.63125297e-06	3.29042744e-05	0	0	0	0	3
270	371	0	2.42248265	293.20116	293.201165	293.201155	293.201174	8.29901802e-06	3.29042744e-05	0	0	0	0	3
271	373	0	2.43145481	293.201159	293.201165	293.201155	293.201174	7.97666252e-06	3.29042744e-05	0	0	0	0	3
272	374	0	2.44042697	293.201158	293.201165	293.201155	293.201174	7.66783364e-06	3.29042744e-05	0	0	0	0	3
273	376	0	2.44939912	293.201158	293.201165	293.201155	293.201174	7.41098904e-06	3.29042744e-05	0	0	0	0	3
274	377	0	2.45837128	293.201159	293.201165	293.201155	293.201174	7.18278187e-06	3.29042744e-05	0	0	0	0	3
275	379	0	2.46734344	293.201159	293.201165	293.201155	293.201174	7.01322347e-06	3.29042744e-05	0	0	0	0	3
276	380	0	2.4763156	293.20116	293.201165	293.201155	293.201174	6.87330345e-06	3.29042744e-05	0	0	0	0	3
277	382	0	2.48528776	293.20116	293.201165	293.201156	293.201174	6.74190477e-06	3.29042744e-05	0	0	0	0	3
278	383	0	2.49425991	293.201161	293.201165	293.201156	293.201174	6.57986186e-06	3.29042744e-05	0	0	0	0	3
279	385	0	2.50323207	293.201161	293.201166	293.201156	293.201174	6.38159668e-06	3.29042744e-05	0	0	0	0	3
280	386	0	2.51220423	293.201163	293.201166	293.201156	293.201174	6.14657546e-06	3.29042744e-05	0	0	0	0	3
281	388	0	2.52117639	293.201166	293.201166	293.201156	293.201174	5.89107987e-06	3.29042744e-05	0	0	0	0	3
282	389	0	2.53014855	293.20117	293.201166	293.201157	293.201174	5.62980426e-06	3.29042744e-05	0	0	0	0	3
283	391	0	2.5391207	293.201173	293.201166	293.201158	293.201174	5.35974414e-06	3.29042744e-05	0	0	0	0	3
284	392	0	2.54809286	293.201175	293.201167	293.201158	293.201175	5.06630619e-06	3.29042744e-05	0	0	0	0	3
285	394	0	2.55706502	293.201175	293.201167	293.201158	293.201175	4.73406197e-06	3.29042744e-05	0	0	0	0	3
286	395	0	2.56603718	293.201175	293.201167	293.201158	293.201175	4.37698225e-06	3.29042744e-05	0	0	0	0	3
287	397	0	2.57500934	293.201173	293.201167	293.201158	293.201175	4.31235594e-06	3.29042744e-05	0	0	0	0	3
288	398	0	2.58398149	293.201172	293.201168	293.201158	293.201175	4.49294163e-06	3.29042744e-05	0	0	0	0	3
289	400	0	2.59295365	293.201171	293.201168	293.201158	293.201175	4.65105057e-06	3.29042744e-05	0	0	0	0	3
290	401	0	2.60192581	293.201172	293.201168	293.201158	293.201175	4.80465383e-06	3.29042744e-05	0	0	0	0	3
291	403	0	2.61089797	293.201171	293.201168	293.201158	293.201175	4.93521452e-06	3.29042744e-05	0	0	0	0	3
292	404	0	2.61987013	293.201171	293.201168	293.201158	293.201175	5.03132912e-06	3.29042744e-05	0	0	0	0	3
293	406	0	2.62884228	293.201169	293.201168	293.201158	293.201175	5.06412476e-06	3.29042744e-05	0	0	0	0	3
294	407	0	2.63781444	293.201167	293.201168	293.201158	293.201175	5.06412476e-06	3.29042744e-05	0	0	0	0	3
295	409	0	2.6467866	293.201165	293.201168	293.201158	293.201175	5.06412476e-06	3.29042744e-05	0	0	0	0	3
296	410	0	2.65575876	293.201165	293.201168	293.201158	293.201175	5.06412476e-06	3.29042744e-05	0	0	0	0	3
297	412	0	2.66473092	293.201167	293.201168	293.201158	293.201175	5.06412476e-06	3.29042744e-05	0	0	0	0	3
298	413	0	2.67370307	293.201169	293.201168	293.201158	293.201175	5.06412476e-06	3.29042744e-05	0	0	0	0	3
299	415	0	2.68267523	293.20117	293.201168	293.201158	293.201175	5.06412476e-06	3.29042744e-05	0	0	0	0	3
300	416	0	2.69164739	293.201171	293.201168	293.201158	293.201175	5.06412476e-06	3.29042744e-05	0	0	0	0	3
301	421	0	2.70061955	293.201169	293.201168	293.201158	293.201175	5.06412476e-06	3.29042744e-05	0	0	0	0	3
302	423	0	2.70959171	293.201168	293.201168	293.201158	293.201175	5.06412476e-06	3.29042744e-05	0	0	0	0	3
303	424	0	2.71856386	293.201168	293.201168	293.201158	293.201175	5.06412476e-06	3.29042744e-05	0	0	0	0	3
304	426	0	2.72753602	293.201169	293.201168	293.201158	293.201175	5.06412476e-06	3.29042744e-05	0	0	0	0	3
305	427	0	2.73650818	293.201171	293.201167	293.201158	293.201175	5.06412476e-06	3.29042744e-05	0	0	0	0	3
306	429	0	2.74548034	293.201173	293.201167	293.201158	293.201175	5.06412476e-06	3.29042744e-05	0	0	0	0	3
307	430	0	2.7544525	293.201174	293.201167	293.201158	293.201175	5.00632109e-06	3.29042744e-05	0	0	0	0	3
308	432	0	2.76342465	293.201174	293.201168	293.201158	293.201175	4.88694866e-06	3.29042744e-05	0	0	0	0	3
309	433	0	2.77239681	293.201173	293.201168	293.201158	293.201175	4.73986393e-06	3.29042744e-05	0	0	0	0	3
310	435	0	2.78136897	293.201172	293.201168	293.201158	293.201175	4.57644359e-06	3.29042744e-05	0	0	0	0	3
311	436	0	2.79034113	293.201172	293.201168	293.201158	293.201175	4.41588008e-06	3.29042744e-05	0	0	0	0	3
312	438	0	2.79931329	293.201173	293.201168	293.201158	293.201175	4.27671938e-06	3.29042744e-05	0	0	0	0	3
313	439	0	2.80828544	293.201175	293.201168	293.201158	293.201175	4.16526643e-06	3.29042744e-05	0	0	0	0	3
314	440	0	2.8172576	293.201178	293.201168	293.201158	293.201178	4.0660488e-06	3.29042744e-05	0	0	0	0	3
315	442	0	2.82622976	293.20118	293.201168	293.201158	293.20118	4.110943e-06	3.29042744e-05	0	0	0	0	3
316	443	0	2.83520192	293.201181	293.201169	293.201158	293.201181	4.2783667e-06	3.29042744e-05	0	0	0	0	3
317	444	0	2.84417408	293.201181	293.201169	293.201158	293.201181	4.39620624e-06	3.29042744e-05	0	0	0	0	3
318	446	0	2.85314623	293.201179	293.201169	293.201158	293.201181	4.44160156e-06	3.29042744e-05	0	0	0	0	3
319	447	0	2.86211839	293.201177	293.201169	293.201158	293.201181	4.43725253e-06	3.29042744e-05	0	0	0	0	3
320	449	0	2.87109055	293.201176	293.201169	293.201158	293.201181	4.42505092e-06	3.29042744e-05	0	0	0	0	3
321	450	0	2.88006271	293.201177	293.201169	293.201158	293.201181	4.46536836e-06	3.29042744e-05	0	0	0	0	3
322	452	0	2.88903487	293.201179	293.201169	293.201158	293.201181	4.59838418e-06	3.29042744e-05	0	0	0	0	3
323	453	0	2.89800702	293.201179	293.20117	293.201158	293.201181	4.81489894e-06	3.29042744e-05	0	0	0	0	3
324	454	0	2.90697918	293.201178	293.20117	293.201158	293.201181	5.07050299e-06	3.29042744e-05	0	0	0	0	3
325	456	0	2.91595134	293.201175	293.20117	293.201158	293.201181	5.32025689e-06	3.29042744e-05	0	0	0	0	3
326	457	0	2.9249235	293.201172	293.20117	293.201158	293.201181	5.51839111e-06	3.29042744e-05	0	0	0	0	3
327	459	0	2.93389566	293.201168	293.201171	293.201158	293.201181	5.65760388e-06	3.29042744e-05	0	0	0	0	3
328	460	0	2.94286781	293.201167	293.201171	293.201158	293.201181	5.77678486e-06	3.29042744e-05	0	0	0	0	3
329	461	0	2.95183997	293.201169	293.201171	293.201159	293.201181	5.91604498e-06	3.29042744e-05	0	0	0	0	3
330	463	0	2.96081213	293.201172	293.201171	293.201159	293.201181	6.07889876e-06	3.29042744e-05	0	0	0	0	3
331	464	0	2.96978429	293.201174	293.201171	293.20116	293.201181	6.26207719e-06	3.29042744e-05	0	0	0	0	3
332	466	0	2.97875644	293.201173	293.201172	293.20116	293.201181	6.41258907e-06	3.29042744e-05	0	0	0	0	3
333	467	0	2.9877286	293.201169	293.201172	293.201161	293.201181	6.48891461e-06	3.29042744e-05	0	0	0	0	3
334	468	0	2.99670076	293.201165	293.201172	293.201161	293.201181	6.45801907e-06	3.29042744e-05	0	0	0	0	3
335	470	0	3.00567292	293.20116	293.201172	293.20116	293.201181	6.33444068e-06	3.29042744e-05	0	0	0	0	3
336	471	0	3.01464508	293.201158	293.201172	293.201158	293.201181	6.15436034e-06	3.29042744e-05	0	0	0	0	3
337	472	0	3.02361723	293.201159	293.201172	293.201158	293.201181	5.9121075e-06	3.29042744e-05	0	0	0	0	3
338	474	0	3.03258939	293.201164	293.201172	293.201158	293.201181	5.62540367e-06	3.29042744e-05	0	0	0	0	3
339	475	0	3.04156155	293.201168	293.201172	293.201158	293.201181	5.31678046e-06	3.29042744e-05	0	0	0	0	3
340	476	0	3.05053371	293.20117	293.201171	293.201158	293.201181	5.02637477e-06	3.29042744e-05	0	0	0	0	3
341	478	0	3.05950587	293.201168	293.201171	293.201158	293.201181	4.76750444e-06	3.29042744e-05	0	0	0	0	3
342	479	0	3.06847802	293.201165	293.201171	293.201158	293.201181	4.5502448e-06	3.29042744e-05	0	0	0	0	3
343	481	0	3.07745018	293.20116	293.201171	293.201158	293.201181	4.5133242e-06	3.29042744e-05	0	0	0	0	3
344	482	0	3.08642234	293.201157	293.201171	293.201157	293.201181	4.5133242e-06	3.29042744e-05	0	0	0	0	3
345	483	0	3.0953945	293.201157	293.20117	293.201157	293.201181	4.5133242e-06	3.29042744e-05	0	0	0	0	3
346	485	0	3.10436666	293.201159	293.20117	293.201157	293.201181	4.5133242e-06	3.29042744e-05	0	0	0	0	3
347	486	0	3.11333881	293.201161	293.20117	293.201157	293.201181	4.5133242e-06	3.29042744e-05	0	0	0	0	3
348	487	0	3.12231097	293.201163	293.20117	293.201157	293.201181	4.5133242e-06	3.29042744e-05	0	0	0	0	3
349	489	0	3.13128313	293.201163	293.20117	293.201157	293.201181	4.5133242e-06	3.29042744e-05	0	0	0	0	3
350	490	0	3.14025529	293.201162	293.20117	293.201157	293.201181	4.5133242e-06	3.29042744e-05	0	0	0	0	3
351	491	0	3.14922745	293.20116	293.20117	293.201157	293.201181	4.5133242e-06	3.29042744e-05	0	0	0	0	3
352	493	0	3.1581996	293.201159	293.201169	293.201157	293.201181	4.5133242e-06	3.29042744e-05	0	0	0	0	3
353	494	0	3.16717176	293.201158	293.201169	293.201157	293.201181	4.5133242e-06	3.29042744e-05	0	0	0	0	3
354	496	0	3.17614392	293.201158	293.201169	293.201157	293.201181	4.5133242e-06	3.29042744e-05	0	0	0	0	3
355	497	0	3.18511608	293.20116	293.201169	293.201157	293.201181	4.5133242e-06	3.29042744e-05	0	0	0	0	3
356	498	0	3.19408824	293.201162	293.201169	293.201157	293.201181	4.5133242e-06	3.29042744e-05	0	0	0	0	3
357	500	0	3.20306039	293.201164	293.201169	293.201157	293.201181	4.5133242e-06	3.29042744e-05	0	0	0	0	3
358	501	0	3.21203255	293.201165	293.201169	293.201157	293.201181	4.5133242e-06	3.29042744e-05	0	0	0	0	3
359	502	0	3.22100471	293.201166	293.201169	293.201157	293.201181	4.5133242e-06	3.29042744e-05	0	0	0	0	3
360	504	0	3.22997687	293.201165	293.201169	293.201157	293.201181	4.5133242e-06	3.29042744e-05	0	0	0	0	3
361	505	0	3.23894903	293.201164	293.201168	293.201157	293.201181	4.5133242e-06	3.29042744e-05	0	0	0	0	3
362	506	0	3.24792118	293.201164	293.201168	293.201157	293.201181	4.47820304e-06	3.29042744e-05	0	0	0	0	3
363	508	0	3.25689334	293.201164	293.201168	293.201157	293.201181	4.43296022e-06	3.29042744e-05	0	0	0	0	3
364	509	0	3.2658655	293.201165	293.201168	293.201157	293.201181	4.39759879e-06	3.29042744e-05	0	0	0	0	3
365	510	0	3.27483766	293.201165	293.201168	293.201157	293.201181	4.35729254e-06	3.29042744e-05	0	0	0	0	3
366	512	0	3.28380982	293.201164	293.201168	293.201157	293.201181	4.31454254e-06	3.29042744e-05	0	0	0	0	3
367	513	0	3.29278197	293.201162	293.201167	293.201157	293.201181	4.48412158e-06	3.29042744e-05	0	0	0	0	3
368	514	0	3.30175413	293.20116	293.201167	293.201157	293.201181	4.70987999e-06	3.29042744e-05	0	0	0	0	3
369	516	0	3.31072629	293.201158	293.201167	293.201157	293.201181	5.01239811e-06	3.29042744e-05	0	0	0	0	3
370	517	0	3.31969845	293.201158	293.201167	293.201157	293.201181	5.36993309e-06	3.29042744e-05	0	0	0	0	3
371	518	0	3.32867061	293.201158	293.201166	293.201157	293.201181	5.76467318e-06	3.29042744e-05	0	0	0	0	3
372	520	0	3.33764276	293.201159	293.201166	293.201157	293.201181	6.17234241e-06	3.29042744e-05	0	0	0	0	3
373	521	0	3.34661492	293.201159	293.201165	293.201157	293.201179	6.5581329e-06	3.29042744e-05	0	0	0	0	3
374	523	0	3.35558708	293.20116	293.201165	293.201157	293.201179	6.89809355e-06	3.29042744e-05	0	0	0	0	3
375	524	0	3.36455924	293.201161	293.201165	293.201157	293.201179	7.18672209e-06	3.29042744e-05	0	0	0	0	3
376	525	0	3.3735314	293.201162	293.201165	293.201157	293.201179	7.45151414e-06	3.29042744e-05	0	0	0	0	3
377	527	0	3.38250355	293.201162	293.201164	293.201157	293.201179	7.71798273e-06	3.29042744e-05	0	0	0	0	3
378	528	0	3.39147571	293.201162	293.201164	293.201157	293.201179	8.01384823e-06	3.29042744e-05	0	0	0	0	3
379	529	0	3.40044787	293.201162	293.201164	293.201157	293.201178	8.32457806e-06	3.29042744e-05	0	0	0	0	3
380	531	0	3.40942003	293.201162	293.201163	293.201157	293.201175	8.62183362e-06	3.29042744e-05	0	0	0	0	3
381	532	0	3.41839219	293.201162	293.201163	293.201157	293.201174	8.87121695e-06	3.29042744e-05	0	0	0	0	3
382	534	0	3.42736434	293.201161	293.201163	293.201157	293.201174	9.06383946e-06	3.29042744e-05	0	0	0	0	3
383	535	0	3.4363365	293.20116	293.201163	293.201157	293.201174	9.2112785e-06	3.29042744e-05	0	0	0	0	3
384	536	0	3.44530866	293.201159	293.201163	293.201157	293.201174	9.36351904e-06	3.29042744e-05	0	0	0	0	3
385	538	0	3.45428082	293.201158	293.201162	293.201157	293.201174	9.56763444e-06	3.29042744e-05	0	0	0	0	3
386	539	0	3.46325298	293.201157	293.201162	293.201157	293.201174	9.83127683e-06	3.29042744e-05	0	0	0	0	3
387	540	0	3.47222513	293.201157	293.201162	293.201157	293.201173	1.01287417e-05	3.29042744e-05	0	0	0	0	3
388	542	0	3.48119729	293.201159	293.201162	293.201157	293.20117	1.03944019e-05	3.29042744e-05	0	0	0	0	3
389	543	0	3.49016945	293.20116	293.201161	293.201157	293.20117	1.05596808e-05	3.29042744e-05	0	0	0	0	3
390	545	0	3.49914161	293.201163	293.201161	293.201157	293.20117	1.05617738e-05	3.29042744e-05	0	0	0	0	3
391	546	0	3.50811377	293.201165	293.201161	293.201157	293.20117	1.04638303e-05	3.29042744e-05	0	0	0	0	3
392	548	0	3.51708592	293.201166	293.201162	293.201157	293.20117	1.03408101e-05	3.29042744e-05	0	0	0	0	3
393	549	0	3.52605808	293.201166	293.201162	293.201157	293.20117	1.02385704e-05	3.29042744e-05	0	0	0	0	3
394	551	0	3.53503024	293.201165	293.201162	293.201157	293.20117	1.01592021e-05	3.29042744e-05	0	0	0	0	3
395	552	0	3.5440024	293.201164	293.201162	293.201157	293.20117	1.0077824e-05	3.29042744e-05	0	0	0	0	3
396	553	0	3.55297455	293.201164	293.201162	293.201157	293.201168	9.95817646e-06	3.29042744e-05	0	0	0	0	3
397	555	0	3.56194671	293.201164	293.201161	293.201157	293.201166	9.34425833e-06	3.29042744e-05	0	0	0	0	3
398	556	0	3.57091887	293.201165	293.201161	293.201157	293.201166	9.34425833e-06	3.29042744e-05	0	0	0	0	3
399	558	0	3.57989103	293.201164	293.201162	293.201157	293.201166	9.30921743e-06	3.29042744e-05	0	0	0	0	3
400	560	0	3.58886319	293.201163	293.201162	293.201157	293.201166	9.05815523e-06	3.29042744e-05	0	0	0	0	3
401	564	0	3.59783534	293.20116	293.201162	293.201157	293.201166	8.71404683e-06	3.29042744e-05	0	0	0	0	3
402	566	0	3.6068075	293.201157	293.201162	293.201157	293.201166	8.63887124e-06	3.29042744e-05	0	0	0	0	3
403	567	0	3.61577966	293.201156	293.201162	293.201156	293.201166	8.49362436e-06	3.29042744e-05	0	0	0	0	3
404	569	0	3.62475182	293.201158	293.201162	293.201156	293.201166	8.38523215e-06	3.29042744e-05	0	0	0	0	3
405	570	0	3.63372398	293.201161	293.201161	293.201156	293.201166	8.30015915e-06	3.29042744e-05	0	0	0	0	3
406	572	0	3.64269613	293.201164	293.201162	293.201156	293.201166	8.22045922e-06	3.29042744e-05	0	0	0	0	3
407	573	0	3.65166829	293.201165	293.201162	293.201156	293.201166	8.12029759e-06	3.29042744e-05	0	0	0	0	3
408	575	0	3.66064045	293.201165	293.201162	293.201156	293.201166	7.96294518e-06	3.29042744e-05	0	0	0	0	3
409	577	0	3.66961261	293.201165	293.201162	293.201156	293.201166	7.76540855e-06	3.29042744e-05	0	0	0	0	3
410	578	0	3.67858477	293.201165	293.201162	293.201156	293.201166	7.57561315e-06	3.29042744e-05	0	0	0	0	3
411	580	0	3.68755692	293.201166	293.201162	293.201156	293.201166	7.4296662e-06	3.29042744e-05	0	0	0	0	3
412	582	0	3.69652908	293.201168	293.201162	293.201156	293.201168	7.33918478e-06	3.29042744e-05	0	0	0	0	3
413	583	0	3.70550124	293.20117	293.201162	293.201156	293.20117	7.28723501e-06	3.29042744e-05	0	0	0	0	3
414	585	0	3.7144734	293.201173	293.201162	293.201156	293.201173	7.23858705e-06	3.29042744e-05	0	0	0	0	3
415	586	0	3.72344556	293.201174	293.201163	293.201156	293.201174	7.15880327e-06	3.29042744e-05	0	0	0	0	3
416	588	0	3.73241771	293.201176	293.201163	293.201156	293.201176	7.03541912e-06	3.29042744e-05	0	0	0	0	3
417	589	0	3.74138987	293.201177	293.201163	293.201156	293.201177	6.88127739e-06	3.29042744e-05	0	0	0	0	3
418	591	0	3.75036203	293.201178	293.201163	293.201156	293.201178	6.71463289e-06	3.29042744e-05	0	0	0	0	3
419	592	0	3.75933419	293.20118	293.201164	293.201156	293.20118	6.56183619e-06	3.29042744e-05	0	0	0	0	3
420	594	0	3.76830635	293.201182	293.201164	293.201156	293.201182	6.42388642e-06	3.29042744e-05	0	0	0	0	3
421	595	0	3.7772785	293.201183	293.201164	293.201156	293.201183	6.28120142e-06	3.29042744e-05	0	0	0	0	3
422	597	0	3.78625066	293.201183	293.201164	293.201156	293.201183	6.11162238e-06	3.29042744e-05	0	0	0	0	3
423	598	0	3.79522282	293.201184	293.201165	293.201156	293.201184	5.88586397e-06	3.29042744e-05	0	0	0	0	3
