Iteration	CPUTime	PhysTime	Travels	Value	AvValue	MinValue	MaxValue	Delta	Criteria	PrevAvRefValue	Progress	CriteriaType	CriteriaVarType	CriteriaPercentage
1	6	0	0.00897203701	0.0171673555	0.0171673555	0.0171673555	0.0171673555	0	0	0	0	0	0	3
2	7	0	0.017944074	0.00338223455	0.010274795	0.00338223455	0.0171673555	0.00689256049	0	0	0	0	0	3
3	8	0	0.026916111	0.00186922746	0.00747293918	0.00186922746	0.0171673555	0.00969441635	0	0	0	0	0	3
4	10	0	0.035888148	0.0012465026	0.00591633004	0.0012465026	0.0171673555	0.0112510255	0	0	0	0	0	3
5	11	0	0.044860185	0.00128338237	0.0049897405	0.0012465026	0.0171673555	0.012177615	0	0	0	0	0	3
6	12	0	0.053832222	0.0011584029	0.00435118424	0.0011584029	0.0171673555	0.0128161713	0	0	0	0	0	3
7	13	0	0.062804259	0.00103320441	0.00387718712	0.00103320441	0.0171673555	0.0132901684	0	0	0	0	0	3
8	14	0	0.0717762961	0.00114855499	0.0035361081	0.00103320441	0.0171673555	0.0136312474	0	0	0	0	0	3
9	15	0	0.0807483331	0.00105540732	0.00326047468	0.00103320441	0.0171673555	0.0139068809	0	0	0	0	0	3
10	16	0	0.0897203701	0.00132834758	0.00306726197	0.00103320441	0.0171673555	0.0141000936	0	0	0	0	0	3
11	18	0	0.0986924071	0.00120863544	0.00289829592	0.00103320441	0.0171673555	0.0142690596	0	0	0	0	0	3
12	19	0	0.107664444	0.00130732821	0.00276571528	0.00103320441	0.0171673555	0.0144016403	0	0	0	0	0	3
13	20	0	0.116636481	0.00107324506	0.00263552526	0.00103320441	0.0171673555	0.0145318303	0	0	0	0	0	3
14	21	0	0.125608518	0.00119878696	0.0025329011	0.00103320441	0.0171673555	0.0146344544	0	0	0	0	0	3
15	22	0	0.134580555	0.00114621442	0.00244045532	0.00103320441	0.0171673555	0.0147269002	0	0	0	0	0	3
16	23	0	0.143552592	0.00119152264	0.00236239703	0.00103320441	0.0171673555	0.0148049585	0	0	0	0	0	3
17	25	0	0.152524629	0.00113957393	0.00229046626	0.00103320441	0.0171673555	0.0148768893	0	0	0	0	0	3
18	26	0	0.161496666	0.00114841358	0.00222701889	0.00103320441	0.0171673555	0.0149403366	0	0	0	0	0	3
19	27	0	0.170468703	0.00110310436	0.00216786549	0.00103320441	0.0171673555	0.01499949	0	0	0	0	0	3
20	28	0	0.17944074	0.00112902843	0.00211592364	0.00103320441	0.0171673555	0.0150514319	0	0	0	0	0	3
21	29	0	0.188412777	0.00111548174	0.00206828355	0.00103320441	0.0171673555	0.015099072	0	0	0	0	0	3
22	30	0	0.197384814	0.00113917992	0.00202605156	0.00103320441	0.0171673555	0.015141304	0	0	0	0	0	3
23	31	0	0.206356851	0.00116673727	0.00198869007	0.00103320441	0.0171673555	0.0151786655	0	0	0	0	0	3
24	32	0	0.215328888	0.00117954186	0.00195497556	0.00103320441	0.0171673555	0.01521238	0	0	0	0	0	3
25	33	0	0.224300925	0.00118482156	0.0019241694	0.00103320441	0.0171673555	0.0152431861	0	0	0	0	0	3
26	35	0	0.233272962	0.00118995742	0.00189593048	0.00103320441	0.0171673555	0.0152714251	0	0	0	0	0	3
27	36	0	0.242244999	0.00118565972	0.00186962416	0.00103320441	0.0171673555	0.0152977314	0	0	0	0	0	3
28	37	0	0.251217036	0.0011893792	0.00184532969	0.00103320441	0.0171673555	0.0153220258	0	0	0	0	0	3
29	38	0	0.260189073	0.00117779121	0.00182231113	0.00103320441	0.0171673555	0.0153450444	0	0	0	0	0	3
30	39	0	0.26916111	0.00118152483	0.00180095158	0.00103320441	0.0171673555	0.015366404	0	0	0	0	0	3
31	40	0	0.278133147	0.00116638308	0.00178048163	0.00103320441	0.0171673555	0.0153868739	0	0	0	0	0	3
32	41	0	0.287105184	0.00118201952	0.00176177969	0.00103320441	0.0171673555	0.0154055758	0	0	0	0	0	3
33	42	0	0.296077221	0.00115054225	0.00174325734	0.00103320441	0.0171673555	0.0154240982	0	0	0	0	0	3
34	44	0	0.305049258	0.00117073585	0.00172641848	0.00103320441	0.0171673555	0.0154409371	0	0	0	0	0	3
35	45	0	0.314021295	0.00113290039	0.00170946082	0.00103320441	0.0171673555	0.0154578947	0	0	0	0	0	3
36	46	0	0.322993332	0.00114908163	0.00169389473	0.00103320441	0.0171673555	0.0154734608	0	0	0	0	0	3
37	47	0	0.331965369	0.00110298864	0.00167792429	0.00103320441	0.0171673555	0.0154894312	0	0	0	0	0	3
38	48	0	0.340937406	0.00110364475	0.00166281167	0.00103320441	0.0171673555	0.0155045439	0	0	0	0	0	3
39	49	0	0.349909443	0.00105688269	0.00164727503	0.00103320441	0.0171673555	0.0155200805	0	0	0	0	0	3
40	50	0	0.35888148	0.00106777722	0.00163278759	0.00103320441	0.0171673555	0.0155345679	0	0	0	0	0	3
41	52	0	0.367853517	0.00103084218	0.00161810599	0.00103084218	0.0171673555	0.0155492495	0	0	0	0	0	3
42	53	0	0.376825554	0.00103756116	0.0016042835	0.00103084218	0.0171673555	0.015563072	0	0	0	0	0	3
43	54	0	0.385797591	0.00100912806	0.00159044267	0.00100912806	0.0171673555	0.0155769129	0	0	0	0	0	3
44	55	0	0.394769628	0.001004105	0.00157711682	0.001004105	0.0171673555	0.0155902387	0	0	0	0	0	3
45	57	0	0.403741665	0.000997025679	0.0015642259	0.000997025679	0.0171673555	0.0156031296	0	0	0	0	0	3
46	58	0	0.412713702	0.000980287157	0.00155153158	0.000980287157	0.0171673555	0.015615824	0	0	0	0	0	3
47	59	0	0.421685739	0.000961482289	0.00153897734	0.000961482289	0.0171673555	0.0156283782	0	0	0	0	0	3
48	60	0	0.430657776	0.000982745373	0.00152738917	0.000961482289	0.0171673555	0.0156399664	0	0	0	0	0	3
49	61	0	0.439629813	0.000933100358	0.00151526083	0.000933100358	0.0171673555	0.0156520947	0	0	0	0	0	3
50	63	0	0.44860185	0.000941524641	0.00150378611	0.000933100358	0.0171673555	0.0156635694	0	0	0	0	0	3
51	64	0	0.457573887	0.0009204181	0.00149234752	0.0009204181	0.0171673555	0.015675008	0	0	0	0	0	3
52	65	0	0.466545924	0.000917135192	0.00148128574	0.000917135192	0.0171673555	0.0156860698	0	0	0	0	0	3
53	66	0	0.475517961	0.000881639353	0.00146997166	0.000881639353	0.0171673555	0.0156973839	0	0	0	0	0	3
54	67	0	0.484489998	0.000898241684	0.00145938407	0.000881639353	0.0171673555	0.0157079715	0	0	0	0	0	3
55	69	0	0.493462035	0.000861579456	0.00144851489	0.000861579456	0.0171673555	0.0157188406	0	0	0	0	0	3
56	70	0	0.502434072	0.000892699556	0.00143858962	0.000861579456	0.0171673555	0.0157287659	0	0	0	0	0	3
57	71	0	0.511406109	0.00084158757	0.00114705805	0.00084158757	0.00338223455	0.00254064698	0	0	0	0	0	3
58	72	0	0.520378146	0.000848188217	0.00110180722	0.00084158757	0.00186922746	0.00102763989	0	0	0	0	0	3
59	73	0	0.529350183	0.000863706969	0.0010838515	0.00084158757	0.00132834758	0.000486760013	0	0	0	0	0	3
60	75	0	0.53832222	0.000838989954	0.00107657449	0.000838989954	0.00132834758	0.000489357629	0	0	0	0	0	3
61	76	0	0.547294257	0.000859379039	0.001069003	0.000838989954	0.00132834758	0.000489357629	0	0	0	0	0	3
62	77	0	0.556266294	0.000843684642	0.00106338303	0.000838989954	0.00132834758	0.000489357629	0	0	0	0	0	3
63	78	0	0.565238331	0.000857143563	0.00106023909	0.000838989954	0.00132834758	0.000489357629	0	0	0	0	0	3
64	79	0	0.574210368	0.000848979431	0.00105488952	0.000838989954	0.00132834758	0.000489357629	0	0	0	0	0	3
65	80	0	0.583182405	0.000850231659	0.00105122567	0.000838989954	0.00132834758	0.000489357629	0	0	0	0	0	3
66	82	0	0.592154442	0.000858162832	0.00104282952	0.000838989954	0.00130732821	0.000468338257	0	0	0	0	0	3
67	83	0	0.601126479	0.00083401539	0.00103613987	0.00083401539	0.00130732821	0.000473312821	0	0	0	0	0	3
68	84	0	0.610098516	0.000877362578	0.00102846191	0.00083401539	0.00119878696	0.000364771571	0	0	0	0	0	3
69	85	0	0.619070553	0.000816138196	0.00102387072	0.000816138196	0.00119878696	0.000382648765	0	0	0	0	0	3
70	87	0	0.62804259	0.000894542998	0.00101843779	0.000816138196	0.00119152264	0.000375384445	0	0	0	0	0	3
71	88	0	0.637014627	0.000817742032	0.00101257221	0.000816138196	0.00119152264	0.000375384445	0	0	0	0	0	3
72	89	0	0.645986664	0.000891712573	0.00100721846	0.000816138196	0.00118995742	0.000373819223	0	0	0	0	0	3
73	90	0	0.654958701	0.000818035589	0.00100147671	0.000816138196	0.00118995742	0.000373819223	0	0	0	0	0	3
74	91	0	0.663930738	0.000886536099	0.000996800323	0.000816138196	0.00118995742	0.000373819223	0	0	0	0	0	3
75	93	0	0.672902775	0.00083081889	0.000991938083	0.000816138196	0.00118995742	0.000373819223	0	0	0	0	0	3
76	94	0	0.681874812	0.000879264397	0.000987478011	0.000816138196	0.00118995742	0.000373819223	0	0	0	0	0	3
77	95	0	0.69084685	0.000823938617	0.000982271883	0.000816138196	0.00118995742	0.000373819223	0	0	0	0	0	3
78	96	0	0.699818887	0.000902974354	0.000978053927	0.000816138196	0.00118995742	0.000373819223	0	0	0	0	0	3
79	98	0	0.708790924	0.000826453668	0.000971977434	0.000816138196	0.00118995742	0.000373819223	0	0	0	0	0	3
80	99	0	0.717762961	0.000896523073	0.000966923527	0.000816138196	0.00118995742	0.000373819223	0	0	0	0	0	3
81	100	0	0.726734998	0.000837439501	0.000960720276	0.000816138196	0.00118995742	0.000373819223	0	0	0	0	0	3
82	101	0	0.735707035	0.00089550671	0.000955462228	0.000816138196	0.0011893792	0.000373241006	0	0	0	0	0	3
83	103	0	0.744679072	0.000846237022	0.000949401108	0.000816138196	0.0011893792	0.000373241006	0	0	0	0	0	3
84	104	0	0.753651109	0.000903246487	0.000944291595	0.000816138196	0.00118201952	0.000365881329	0	0	0	0	0	3
85	105	0	0.762623146	0.000841746048	0.000938290789	0.000816138196	0.00118201952	0.000365881329	0	0	0	0	0	3
86	106	0	0.771595183	0.000912186214	0.000933481171	0.000816138196	0.00118201952	0.000365881329	0	0	0	0	0	3
87	107	0	0.78056722	0.000838800174	0.000927631476	0.000816138196	0.00118201952	0.000365881329	0	0	0	0	0	3
88	109	0	0.789539257	0.000910832329	0.000922788847	0.000816138196	0.00117073585	0.000354597653	0	0	0	0	0	3
89	110	0	0.798511294	0.000858858255	0.000917580205	0.000816138196	0.00117073585	0.000354597653	0	0	0	0	0	3
90	111	0	0.807483331	0.000906924549	0.000912869289	0.000816138196	0.00114908163	0.000332943433	0	0	0	0	0	3
91	112	0	0.816455368	0.000856296016	0.000907929925	0.000816138196	0.00114908163	0.000332943433	0	0	0	0	0	3
92	113	0	0.825427405	0.000904930435	0.000903570082	0.000816138196	0.00110364475	0.000287506551	0	0	0	0	0	3
93	115	0	0.834399442	0.000856946907	0.00089917648	0.000816138196	0.00110364475	0.000287506551	0	0	0	0	0	3
94	116	0	0.843371479	0.000902866552	0.000895591155	0.000816138196	0.00106777722	0.000251639026	0	0	0	0	0	3
95	117	0	0.852343516	0.00085610206	0.000892005787	0.000816138196	0.00106777722	0.000251639026	0	0	0	0	0	3
96	119	0	0.861315553	0.000899126249	0.000888994162	0.000816138196	0.00103756116	0.000221422968	0	0	0	0	0	3
97	120	0	0.87028759	0.000856209845	0.000885875727	0.000816138196	0.00103756116	0.000221422968	0	0	0	0	0	3
98	121	0	0.879259627	0.000892922855	0.000883292901	0.000816138196	0.00100912806	0.000192989861	0	0	0	0	0	3
99	122	0	0.888231664	0.000851614167	0.000880480152	0.000816138196	0.001004105	0.000187966802	0	0	0	0	0	3
100	124	0	0.897203701	0.000886502692	0.000878380111	0.000816138196	0.000997025679	0.000180887483	0	0	0	0	0	3
101	128	0	0.906175738	0.00084907591	0.000875738151	0.000816138196	0.000982745373	0.000166607177	0	0	0	0	0	3
102	129	0	0.915147775	0.000884466672	0.000874027071	0.000816138196	0.000982745373	0.000166607177	0	0	0	0	0	3
103	130	0	0.924119812	0.000846092832	0.000871966545	0.000816138196	0.000982745373	0.000166607177	0	0	0	0	0	3
104	131	0	0.933091849	0.00088110673	0.000870151569	0.000816138196	0.000941524641	0.000125386444	0	0	0	0	0	3
105	132	0	0.942063886	0.000848418944	0.000868639401	0.000816138196	0.000941524641	0.000125386444	0	0	0	0	0	3
106	134	0	0.951035923	0.000883044428	0.000867595112	0.000816138196	0.0009204181	0.000104279904	0	0	0	0	0	3
107	135	0	0.96000796	0.00085276462	0.000866387014	0.000816138196	0.000917135192	0.000100996996	0	0	0	0	0	3
108	136	0	0.968979997	0.000887188776	0.000865852256	0.000816138196	0.000912186214	9.60480176e-05	0	0	0	0	0	3
109	137	0	0.977952034	0.000850549642	0.000865297083	0.000816138196	0.000912186214	9.60480176e-05	0	0	0	0	0	3
110	139	0	0.986924071	0.000878187743	0.000864938977	0.000816138196	0.000912186214	9.60480176e-05	0	0	0	0	0	3
111	140	0	0.995896108	0.000846256272	0.000864665349	0.000816138196	0.000912186214	9.60480176e-05	0	0	0	0	0	3
112	141	0	1.00486814	0.000877783209	0.000864398985	0.000816138196	0.000912186214	9.60480176e-05	3.1592678e-05	0	32.8	0	0	3
113	143	0	1.01384018	0.000843525741	0.000864433595	0.000816138196	0.000912186214	9.60480176e-05	3.1592678e-05	0	32.8	0	0	3
114	144	0	1.02281222	0.000875696252	0.00086492481	0.000816138196	0.000912186214	9.60480176e-05	3.1592678e-05	0	32.8	0	0	3
115	145	0	1.03178426	0.000843839897	0.000864570041	0.000816138196	0.000912186214	9.60480176e-05	3.1592678e-05	0	32.8	0	0	3
116	146	0	1.04075629	0.000874232899	0.00086519938	0.000816138196	0.000912186214	9.60480176e-05	3.1592678e-05	0	32.8	0	0	3
117	148	0	1.04972833	0.000842216898	0.000864892913	0.000816138196	0.000912186214	9.60480176e-05	3.1592678e-05	0	32.8	0	0	3
118	149	0	1.05870037	0.000871473946	0.00086538915	0.000816138196	0.000912186214	9.60480176e-05	3.1592678e-05	0	32.8	0	0	3
119	150	0	1.0676724	0.00084252323	0.000865128073	0.000816138196	0.000912186214	9.60480176e-05	3.1592678e-05	0	32.8	0	0	3
120	151	0	1.07664444	0.000871839207	0.000865536283	0.000816138196	0.000912186214	9.60480176e-05	3.1592678e-05	0	32.8	0	0	3
121	152	0	1.08561648	0.000839841654	0.000865350747	0.000816138196	0.000912186214	9.60480176e-05	3.1592678e-05	0	32.8	0	0	3
122	154	0	1.09458851	0.000871157006	0.000865582786	0.000816138196	0.000912186214	9.60480176e-05	3.1592678e-05	0	32.8	0	0	3
123	155	0	1.10356055	0.000838762047	0.000865667548	0.000816138196	0.000912186214	9.60480176e-05	3.1592678e-05	0	32.8	0	0	3
124	156	0	1.11253259	0.000869737876	0.000865531393	0.000816138196	0.000912186214	9.60480176e-05	3.1592678e-05	0	32.8	0	0	3
125	157	0	1.12150463	0.000836790169	0.000865900178	0.000817742032	0.000912186214	9.4444182e-05	3.1592678e-05	0	33.4	0	0	3
126	158	0	1.13047666	0.000869514453	0.000865453239	0.000817742032	0.000912186214	9.4444182e-05	3.1592678e-05	0	33.4	0	0	3
127	159	0	1.1394487	0.000832950256	0.000865724815	0.000818035589	0.000912186214	9.41506246e-05	3.1592678e-05	0	33.5	0	0	3
128	161	0	1.14842074	0.000866021516	0.000865266046	0.000818035589	0.000912186214	9.41506246e-05	3.1592678e-05	0	33.5	0	0	3
129	162	0	1.15739277	0.000831802297	0.00086551188	0.000823938617	0.000912186214	8.82475963e-05	3.1592678e-05	0	35.8	0	0	3
130	163	0	1.16636481	0.00086408085	0.000865110894	0.000823938617	0.000912186214	8.82475963e-05	3.1592678e-05	0	35.8	0	0	3
131	164	0	1.17533685	0.000831882023	0.000865129878	0.000823938617	0.000912186214	8.82475963e-05	3.1592678e-05	0	35.8	0	0	3
132	165	0	1.18430888	0.000865352918	0.000864881459	0.000823938617	0.000912186214	8.82475963e-05	3.1592678e-05	0	35.8	0	0	3
133	167	0	1.19328092	0.000828712025	0.000864966698	0.000826453668	0.000912186214	8.57325457e-05	3.1592678e-05	0	36.8	0	0	3
134	168	0	1.20225296	0.000861385261	0.000864224036	0.000826453668	0.000912186214	8.57325457e-05	3.1592678e-05	0	36.8	0	0	3
135	169	0	1.211225	0.000825532866	0.000864207593	0.000825532866	0.000912186214	8.66533476e-05	3.1592678e-05	0	36.4	0	0	3
136	170	0	1.22019703	0.000855777783	0.000863479998	0.000825532866	0.000912186214	8.66533476e-05	3.1592678e-05	0	36.4	0	0	3
137	172	0	1.22916907	0.00082220962	0.000863208036	0.00082220962	0.000912186214	8.99765942e-05	3.1592678e-05	0	35.1	0	0	3
138	173	0	1.23814111	0.000855920852	0.000862501146	0.00082220962	0.000912186214	8.68999621e-05	3.1592678e-05	0	36.3	0	0	3
139	174	0	1.24711314	0.000828114193	0.000862177524	0.00082220962	0.000912186214	8.21140713e-05	3.1592678e-05	0	38.4	0	0	3
140	176	0	1.25608518	0.000867682558	0.000861542454	0.00082220962	0.000912186214	7.67483349e-05	3.1592678e-05	0	41.1	0	0	3
141	177	0	1.26505722	0.000833741491	0.000861399515	0.00082220962	0.000912186214	7.20816554e-05	3.1592678e-05	0	43.8	0	0	3
142	178	0	1.27402925	0.000877732424	0.000860784269	0.00082220962	0.000910832329	6.68472069e-05	3.1592678e-05	0	47.2	0	0	3
143	179	0	1.28300129	0.000850145886	0.000860986871	0.00082220962	0.000910832329	6.20045784e-05	3.1592678e-05	0	50.9	0	0	3
144	181	0	1.29197333	0.000891488438	0.000860641445	0.00082220962	0.000906924549	5.69387602e-05	3.1592678e-05	0	55.4	0	0	3
145	182	0	1.30094537	0.000866720555	0.000860781843	0.00082220962	0.000906924549	5.22278441e-05	3.1592678e-05	0	60.4	0	0	3
146	183	0	1.3099174	0.000916089427	0.000860945501	0.00082220962	0.000916089427	4.72884803e-05	3.1592678e-05	0	66.8	0	0	3
147	184	0	1.31888944	0.00087897175	0.000861350425	0.00082220962	0.000916089427	4.29286376e-05	3.1592678e-05	0	73.5	0	0	3
148	185	0	1.32786148	0.000930392247	0.0008618051	0.00082220962	0.000930392247	3.85350352e-05	3.1592678e-05	0	81.9	0	0	3
149	187	0	1.33683351	0.00090112838	0.000862594055	0.00082220962	0.000930392247	3.49497103e-05	3.1592678e-05	0	90.3	0	0	3
150	188	0	1.34580555	0.000931372707	0.000863103094	0.00082220962	0.000931372707	3.1364342e-05	3.1592678e-05	0	100	0	0	3
151	189	0	1.35477759	0.000918325724	0.00086421423	0.00082220962	0.000931372707	2.83527175e-05	3.1592678e-05	0	100	0	0	3
152	190	0	1.36374962	0.000940952136	0.000864961121	0.00082220962	0.000940952136	2.5234283e-05	3.1592678e-05	0	100	0	0	3
153	191	0	1.37272166	0.000902735431	0.000865791935	0.00082220962	0.000940952136	2.2651456e-05	3.1592678e-05	0	100	0	0	3
154	193	0	1.3816937	0.000952690108	0.000866859208	0.00082220962	0.000952690108	1.9838708e-05	3.1592678e-05	0	100	0	0	3
155	194	0	1.39066574	0.00089598136	0.000867651479	0.00082220962	0.000952690108	1.77386668e-05	3.1592678e-05	0	100	0	0	3
156	195	0	1.39963777	0.000954752314	0.000868870222	0.00082220962	0.000954752314	1.50967066e-05	3.1592678e-05	0	100	0	0	3
157	196	0	1.40860981	0.000897589198	0.000869736531	0.00082220962	0.000954752314	1.33856266e-05	3.1592678e-05	0	100	0	0	3
158	198	0	1.41758185	0.000946302256	0.000870840738	0.00082220962	0.000954752314	1.13251005e-05	3.1592678e-05	0	100	0	0	3
159	199	0	1.42655388	0.000914214752	0.000872057201	0.00082220962	0.000954752314	1.14157562e-05	3.1592678e-05	0	100	0	0	3
160	200	0	1.43552592	0.000945889266	0.000873214032	0.00082220962	0.000954752314	1.25725872e-05	3.1592678e-05	0	100	0	0	3
161	202	0	1.44449796	0.000901036854	0.000874153637	0.00082220962	0.000954752314	1.35121927e-05	3.1592678e-05	0	100	0	0	3
162	203	0	1.45347	0.00094613025	0.00087528017	0.00082220962	0.000954752314	1.46387253e-05	3.1592678e-05	0	100	0	0	3
163	204	0	1.46244203	0.000905117207	0.000876215037	0.00082220962	0.000954752314	1.55735929e-05	3.1592678e-05	0	100	0	0	3
164	205	0	1.47141407	0.000931680888	0.000877009539	0.00082220962	0.000954752314	1.63680949e-05	3.1592678e-05	0	100	0	0	3
165	207	0	1.48038611	0.000899853956	0.000877889974	0.00082220962	0.000954752314	1.72485291e-05	3.1592678e-05	0	100	0	0	3
166	208	0	1.48935814	0.000925882734	0.00087874167	0.00082220962	0.000954752314	1.81002253e-05	3.1592678e-05	0	100	0	0	3
167	209	0	1.49833018	0.000892717646	0.000879571337	0.00082220962	0.000954752314	1.89298927e-05	3.1592678e-05	0	100	0	0	3
168	210	0	1.50730222	0.000923364394	0.000880385287	0.00082220962	0.000954752314	1.97438425e-05	3.1592678e-05	0	100	0	0	3
169	212	0	1.51627425	0.000888894258	0.000881195439	0.00082220962	0.000954752314	2.05539946e-05	3.1592678e-05	0	100	0	0	3
170	213	0	1.52524629	0.000916959234	0.000881932278	0.00082220962	0.000954752314	2.12908335e-05	3.1592678e-05	0	100	0	0	3
171	214	0	1.53421833	0.000880901701	0.000882594096	0.00082220962	0.000954752314	2.19526514e-05	3.1592678e-05	0	100	0	0	3
172	216	0	1.54319037	0.000909852574	0.000883230162	0.00082220962	0.000954752314	2.25887171e-05	3.1592678e-05	0	100	0	0	3
173	217	0	1.5521624	0.000872862876	0.000883777411	0.00082220962	0.000954752314	2.31359667e-05	3.1592678e-05	0	100	0	0	3
174	219	0	1.56113444	0.000898671914	0.000884263089	0.00082220962	0.000954752314	2.36216447e-05	3.1592678e-05	0	100	0	0	3
175	220	0	1.57010648	0.00086581039	0.000884678931	0.00082220962	0.000954752314	2.40374868e-05	3.1592678e-05	0	100	0	0	3
176	222	0	1.57907851	0.000896965393	0.000885127613	0.00082220962	0.000954752314	2.44861687e-05	3.1592678e-05	0	100	0	0	3
177	224	0	1.58805055	0.000864454119	0.000885567122	0.00082220962	0.000954752314	2.4925677e-05	3.1592678e-05	0	100	0	0	3
178	225	0	1.59702259	0.00089429402	0.000885980282	0.00082220962	0.000954752314	2.5338838e-05	3.1592678e-05	0	100	0	0	3
179	228	0	1.60599462	0.000860127564	0.00088636181	0.00082220962	0.000954752314	2.57203651e-05	3.1592678e-05	0	100	0	0	3
180	229	0	1.61496666	0.000890389004	0.00088673058	0.00082220962	0.000954752314	2.60891352e-05	3.1592678e-05	0	100	0	0	3
181	230	0	1.6239387	0.000853234071	0.000887024221	0.00082220962	0.000954752314	2.63827763e-05	3.1592678e-05	0	100	0	0	3
182	231	0	1.63291074	0.000880352637	0.00088721776	0.00082220962	0.000954752314	2.65763153e-05	3.1592678e-05	0	100	0	0	3
183	232	0	1.64188277	0.000848201788	0.000887490109	0.00082220962	0.000954752314	2.68486641e-05	3.1592678e-05	0	100	0	0	3
184	234	0	1.65085481	0.000882100963	0.000887777242	0.00082220962	0.000954752314	2.71357971e-05	3.1592678e-05	0	100	0	0	3
185	235	0	1.65982685	0.000853795747	0.000888169982	0.00082220962	0.000954752314	2.75285372e-05	3.1592678e-05	0	100	0	0	3
186	236	0	1.66879888	0.000889245343	0.000888619348	0.00082220962	0.000954752314	2.79779032e-05	3.1592678e-05	0	100	0	0	3
187	238	0	1.67777092	0.000855690846	0.000889044505	0.00082220962	0.000954752314	2.84030608e-05	3.1592678e-05	0	100	0	0	3
188	239	0	1.68674296	0.000890331169	0.000889490545	0.00082220962	0.000954752314	2.8849101e-05	3.1592678e-05	0	100	0	0	3
189	240	0	1.69571499	0.000850002665	0.000889870735	0.00082220962	0.000954752314	2.92292909e-05	3.1592678e-05	0	100	0	0	3
190	241	0	1.70468703	0.000879875043	0.00089020091	0.00082220962	0.000954752314	2.95594656e-05	3.1592678e-05	0	100	0	0	3
191	243	0	1.71365907	0.0008601783	0.000890819579	0.00082220962	0.000954752314	3.01781341e-05	3.1592678e-05	0	100	0	0	3
192	244	0	1.72263111	0.000851342856	0.000890740383	0.00082220962	0.000954752314	3.01781341e-05	3.1592678e-05	0	100	0	0	3
193	245	0	1.73160314	0.000883436461	0.00089183372	0.000828114193	0.000954752314	3.11922754e-05	3.1592678e-05	0	100	0	0	3
194	247	0	1.74057518	0.000851288465	0.000891750999	0.000828114193	0.000954752314	3.11922754e-05	3.1592678e-05	0	100	0	0	3
195	248	0	1.74954722	0.000888964572	0.000892837613	0.000833741491	0.000954752314	3.21961681e-05	3.1592678e-05	0	98.1	0	0	3
196	249	0	1.75851925	0.000859502567	0.000892691541	0.000833741491	0.000954752314	3.21961681e-05	3.1592678e-05	0	98.1	0	0	3
197	250	0	1.76749129	0.000887480062	0.000893651159	0.000848201788	0.000954752314	3.30097142e-05	3.1592678e-05	0	95.7	0	0	3
198	252	0	1.77646333	0.000857892006	0.000893296866	0.000848201788	0.000954752314	3.30097142e-05	3.1592678e-05	0	95.7	0	0	3
199	253	0	1.78543536	0.000884101044	0.000893903208	0.000848201788	0.000954752314	3.32617631e-05	3.1592678e-05	0	94.9	0	0	3
200	254	0	1.7944074	0.000853678188	0.000893228025	0.000848201788	0.000954752314	3.31213649e-05	3.1592678e-05	0	95.3	0	0	3
201	259	0	1.80337944	0.000884018219	0.000893536911	0.000848201788	0.000954752314	3.29577064e-05	3.1592678e-05	0	95.8	0	0	3
202	260	0	1.81235148	0.000854374998	0.000892434868	0.000848201788	0.000954752314	3.25527826e-05	3.1592678e-05	0	97	0	0	3
203	261	0	1.82132351	0.000880863347	0.000892468647	0.000848201788	0.000954752314	3.20981073e-05	3.1592678e-05	0	98.4	0	0	3
204	263	0	1.83029555	0.000851015333	0.000891051202	0.000848201788	0.000954752314	3.13091525e-05	3.1592678e-05	0	100	0	0	3
205	264	0	1.83926759	0.000875587808	0.00089059512	0.000848201788	0.000954752314	3.0800114e-05	3.1592678e-05	0	100	0	0	3
206	265	0	1.84823962	0.000842849901	0.000889014356	0.000842849901	0.000954752314	2.96889772e-05	3.1592678e-05	0	100	0	0	3
207	267	0	1.85721166	0.00086601647	0.000888080262	0.000842849901	0.000954752314	2.89420863e-05	3.1592678e-05	0	100	0	0	3
208	268	0	1.8661837	0.000850826199	0.00088647087	0.000842849901	0.000954752314	2.81112723e-05	3.1592678e-05	0	100	0	0	3
209	269	0	1.87515573	0.00083827449	0.000885319782	0.00083827449	0.000954752314	2.70439999e-05	3.1592678e-05	0	100	0	0	3
210	270	0	1.88412777	0.000872124798	0.000883881116	0.00083827449	0.000954752314	2.62517286e-05	3.1592678e-05	0	100	0	0	3
211	272	0	1.89309981	0.000850270411	0.000883064849	0.00083827449	0.000954752314	2.50329853e-05	3.1592678e-05	0	100	0	0	3
212	273	0	1.90207185	0.00084851973	0.000881167838	0.00083827449	0.000946302256	2.41666766e-05	3.1592678e-05	0	100	0	0	3
213	275	0	1.91104388	0.00087403924	0.000880747303	0.00083827449	0.000946302256	2.30624698e-05	3.1592678e-05	0	100	0	0	3
214	276	0	1.92001592	0.000841602496	0.000878877665	0.00083827449	0.00094613025	2.18460069e-05	3.1592678e-05	0	100	0	0	3
215	277	0	1.92898796	0.000869712552	0.000878082983	0.00083827449	0.00094613025	2.06891759e-05	3.1592678e-05	0	100	0	0	3
216	278	0	1.93795999	0.000838119495	0.000876158522	0.000838119495	0.00094613025	1.97495704e-05	3.1592678e-05	0	100	0	0	3
217	280	0	1.94693203	0.000868842053	0.000875583615	0.000838119495	0.00094613025	1.86230378e-05	3.1592678e-05	0	100	0	0	3
218	281	0	1.95590407	0.000843039588	0.000873742711	0.000838119495	0.000931680888	2.0160497e-05	3.1592678e-05	0	100	0	0	3
219	282	0	1.9648761	0.000877722311	0.000873253516	0.000838119495	0.000931680888	2.06496916e-05	3.1592678e-05	0	100	0	0	3
220	284	0	1.97384814	0.000857162017	0.000871922822	0.000838119495	0.000925882734	2.19803857e-05	3.1592678e-05	0	100	0	0	3
221	285	0	1.98282018	0.000891413233	0.000871772095	0.000838119495	0.000925882734	2.21311129e-05	3.1592678e-05	0	100	0	0	3
222	286	0	1.99179222	0.000869778976	0.000870770242	0.000838119495	0.000923364394	2.31329657e-05	3.1592678e-05	0	100	0	0	3
223	287	0	2.00076425	0.000895388123	0.000870817929	0.000838119495	0.000923364394	2.31329657e-05	3.1592678e-05	0	100	0	0	3
224	289	0	2.00973629	0.000878296134	0.000870013139	0.000838119495	0.000916959234	2.3890069e-05	3.1592678e-05	0	100	0	0	3
225	290	0	2.01870833	0.000912491197	0.000870434513	0.000838119495	0.000916959234	2.3890069e-05	3.1592678e-05	0	100	0	0	3
226	291	0	2.02768036	0.000884414014	0.000869853348	0.000838119495	0.000912491197	2.40498597e-05	3.1592678e-05	0	100	0	0	3
227	293	0	2.0366524	0.000910283262	0.000870378019	0.000838119495	0.000912491197	2.40498597e-05	3.1592678e-05	0	100	0	0	3
228	294	0	2.04562444	0.000892372977	0.000870065883	0.000838119495	0.000912491197	2.40498597e-05	3.1592678e-05	0	100	0	0	3
229	295	0	2.05459647	0.000925172232	0.000870999979	0.000838119495	0.000925172232	2.40498597e-05	3.1592678e-05	0	100	0	0	3
230	297	0	2.06356851	0.000885254394	0.00087076038	0.000838119495	0.000925172232	2.40498597e-05	3.1592678e-05	0	100	0	0	3
231	298	0	2.07254055	0.000933992965	0.000871977926	0.000838119495	0.000933992965	2.40498597e-05	3.1592678e-05	0	100	0	0	3
232	299	0	2.08151259	0.000892625611	0.00087190043	0.000838119495	0.000933992965	2.40498597e-05	3.1592678e-05	0	100	0	0	3
233	301	0	2.09048462	0.000925165912	0.000872984569	0.000838119495	0.000933992965	2.40498597e-05	3.1592678e-05	0	100	0	0	3
234	302	0	2.09945666	0.000907126836	0.000873213727	0.000838119495	0.000933992965	2.40498597e-05	3.1592678e-05	0	100	0	0	3
235	303	0	2.1084287	0.000929128173	0.00087444588	0.000838119495	0.000933992965	2.40498597e-05	3.1592678e-05	0	100	0	0	3
236	305	0	2.11740073	0.000908596006	0.000874771005	0.000838119495	0.000933992965	2.40498597e-05	3.1592678e-05	0	100	0	0	3
237	306	0	2.12637277	0.000930375235	0.000876148526	0.000838119495	0.000933992965	2.40498597e-05	3.1592678e-05	0	100	0	0	3
238	307	0	2.13534481	0.000901948337	0.000876534164	0.000838119495	0.000933992965	2.40498597e-05	3.1592678e-05	0	100	0	0	3
239	308	0	2.14431684	0.000923220324	0.00087787378	0.000838119495	0.000933992965	2.40498597e-05	3.1592678e-05	0	100	0	0	3
240	310	0	2.15328888	0.000896366974	0.00087812853	0.000838119495	0.000933992965	2.40498597e-05	3.1592678e-05	0	100	0	0	3
241	311	0	2.16226092	0.000918425739	0.000879282637	0.000838119495	0.000933992965	2.40498597e-05	3.1592678e-05	0	100	0	0	3
242	312	0	2.17123296	0.000895557314	0.000879395351	0.000838119495	0.000933992965	2.40498597e-05	3.1592678e-05	0	100	0	0	3
243	314	0	2.18020499	0.000915370052	0.000880461051	0.000838119495	0.000933992965	2.40498597e-05	3.1592678e-05	0	100	0	0	3
244	315	0	2.18917703	0.000889866718	0.000880452758	0.000838119495	0.000933992965	2.40498597e-05	3.1592678e-05	0	100	0	0	3
245	316	0	2.19814907	0.000910220052	0.000881528068	0.000838119495	0.000933992965	2.40498597e-05	3.1592678e-05	0	100	0	0	3
246	318	0	2.2071211	0.000888867974	0.000881688656	0.000838119495	0.000933992965	2.40498597e-05	3.1592678e-05	0	100	0	0	3
247	319	0	2.21609314	0.000909371781	0.000882567111	0.000838119495	0.000933992965	2.40498597e-05	3.1592678e-05	0	100	0	0	3
248	320	0	2.22506518	0.000887294635	0.000883209107	0.000838119495	0.000933992965	2.40498597e-05	3.1592678e-05	0	100	0	0	3
249	322	0	2.23403721	0.000908317474	0.000883653411	0.000838119495	0.000933992965	2.40498597e-05	3.1592678e-05	0	100	0	0	3
250	323	0	2.24300925	0.000887812035	0.000884305618	0.000838119495	0.000933992965	2.40498597e-05	3.1592678e-05	0	100	0	0	3
251	324	0	2.25198129	0.000905211361	0.000884595739	0.000838119495	0.000933992965	2.40498597e-05	3.1592678e-05	0	100	0	0	3
252	326	0	2.26095333	0.000880483533	0.000884970399	0.000838119495	0.000933992965	2.40498597e-05	3.1592678e-05	0	100	0	0	3
253	327	0	2.26992536	0.000898794086	0.000885172435	0.000838119495	0.000933992965	2.40498597e-05	3.1592678e-05	0	100	0	0	3
254	328	0	2.2788974	0.000878574323	0.000885541762	0.000838119495	0.000933992965	2.40498597e-05	3.1592678e-05	0	100	0	0	3
255	329	0	2.28786944	0.00089654165	0.000885763916	0.000838119495	0.000933992965	2.36835636e-05	3.1592678e-05	0	100	0	0	3
256	331	0	2.29684147	0.000872276718	0.000886096032	0.000838119495	0.000933992965	2.36835636e-05	3.1592678e-05	0	100	0	0	3
257	332	0	2.30581351	0.000891046067	0.00088622153	0.000838119495	0.000933992965	2.26152987e-05	3.1592678e-05	0	100	0	0	3
258	333	0	2.31478555	0.000869179854	0.000886485902	0.000838119495	0.000933992965	2.26152987e-05	3.1592678e-05	0	100	0	0	3
259	335	0	2.32375758	0.000884585047	0.000886552361	0.000838119495	0.000933992965	2.11978538e-05	3.1592678e-05	0	100	0	0	3
260	336	0	2.33272962	0.000860846448	0.000886727917	0.000838119495	0.000933992965	2.07417722e-05	3.1592678e-05	0	100	0	0	3
261	337	0	2.34170166	0.000879198237	0.000886792389	0.000838119495	0.000933992965	1.91610078e-05	3.1592678e-05	0	100	0	0	3
262	339	0	2.3506737	0.000853115419	0.000886975701	0.000838119495	0.000933992965	1.8226914e-05	3.1592678e-05	0	100	0	0	3
263	340	0	2.35964573	0.000873470965	0.000887108817	0.000838119495	0.000933992965	1.72554696e-05	3.1592678e-05	0	100	0	0	3
264	341	0	2.36861777	0.000848411234	0.000887065693	0.000838119495	0.000933992965	1.72554696e-05	3.1592678e-05	0	100	0	0	3
265	343	0	2.37758981	0.000869352382	0.000887620655	0.000838119495	0.000933992965	1.77673076e-05	3.1592678e-05	0	100	0	0	3
266	344	0	2.38656184	0.000843681447	0.000887112738	0.000838119495	0.000933992965	1.77673076e-05	3.1592678e-05	0	100	0	0	3
267	345	0	2.39553388	0.000864332775	0.000887363852	0.000838119495	0.000933992965	1.77673076e-05	3.1592678e-05	0	100	0	0	3
268	347	0	2.40450592	0.00083810789	0.000887177926	0.00083810789	0.000933992965	1.77673076e-05	3.1592678e-05	0	100	0	0	3
269	348	0	2.41347795	0.00085872529	0.000886904463	0.00083810789	0.000933992965	1.77673076e-05	3.1592678e-05	0	100	0	0	3
270	349	0	2.42244999	0.000832236634	0.000886737215	0.000832236634	0.000933992965	1.77673076e-05	3.1592678e-05	0	100	0	0	3
271	351	0	2.43142203	0.000854020336	0.000886456997	0.000832236634	0.000933992965	1.77673076e-05	3.1592678e-05	0	100	0	0	3
272	352	0	2.44039407	0.000827972133	0.000886275794	0.000827972133	0.000933992965	1.77673076e-05	3.1592678e-05	0	100	0	0	3
273	353	0	2.4493661	0.000851071461	0.000885958462	0.000827972133	0.000933992965	1.77673076e-05	3.1592678e-05	0	100	0	0	3
274	355	0	2.45833814	0.000826121936	0.000885656362	0.000826121936	0.000933992965	1.77673076e-05	3.1592678e-05	0	100	0	0	3
275	356	0	2.46731018	0.000852674994	0.000885209088	0.000826121936	0.000933992965	1.77673076e-05	3.1592678e-05	0	100	0	0	3
276	357	0	2.47628221	0.000830024739	0.000884724494	0.000826121936	0.000933992965	1.77673076e-05	3.1592678e-05	0	100	0	0	3
277	359	0	2.48525425	0.00085774942	0.000884123354	0.000826121936	0.000933992965	1.77673076e-05	3.1592678e-05	0	100	0	0	3
