Iteration	CPUTime	PhysTime	Travels	Value	AvValue	MinValue	MaxValue	Delta	Criteria	PrevAvRefValue	Progress	CriteriaType	CriteriaVarType	CriteriaPercentage
1	5	0	0.00897264187	1.568399	1.568399	1.568399	1.568399	0	0	0	0	0	0	3
2	6	0	0.0179452837	2.05158507	1.80999204	1.568399	2.05158507	0.241593038	0	0	0	0	0	3
3	7	0	0.0269179256	0.758811349	1.45959847	0.758811349	2.05158507	0.350393562	0	0	0	0	0	3
4	8	0	0.0358905675	0.765556969	1.2860881	0.758811349	2.05158507	0.523903939	0	0	0	0	0	3
5	9	0	0.0448632094	0.395727676	1.10801601	0.395727676	2.05158507	0.701976023	0	0	0	0	0	3
6	9	0	0.0538358512	0.311499906	0.975263329	0.311499906	2.05158507	0.834728707	0	0	0	0	0	3
7	10	0	0.0628084931	0.234846369	0.869489477	0.234846369	2.05158507	0.940502559	0	0	0	0	0	3
8	11	0	0.071781135	0.348402477	0.804353602	0.234846369	2.05158507	1.00563843	0	0	0	0	0	3
9	12	0	0.0807537769	0.22075526	0.739509342	0.22075526	2.05158507	1.07048269	0	0	0	0	0	3
10	12	0	0.0897264187	0.199220378	0.685480446	0.199220378	2.05158507	1.12451159	0	0	0	0	0	3
11	13	0	0.0986990606	0.151357574	0.636923821	0.151357574	2.05158507	1.17306822	0	0	0	0	0	3
12	14	0	0.107671702	0.348343094	0.612875427	0.151357574	2.05158507	1.19711661	0	0	0	0	0	3
13	15	0	0.116644344	0.248253684	0.584827601	0.151357574	2.05158507	1.22516444	0	0	0	0	0	3
14	15	0	0.125616986	0.268083778	0.562203042	0.151357574	2.05158507	1.24778899	0	0	0	0	0	3
15	16	0	0.134589628	0.179825301	0.536711193	0.151357574	2.05158507	1.27328084	0	0	0	0	0	3
16	17	0	0.14356227	0.351978741	0.525165414	0.151357574	2.05158507	1.28482662	0	0	0	0	0	3
17	18	0	0.152534912	0.246698182	0.508784989	0.151357574	2.05158507	1.30120705	0	0	0	0	0	3
18	18	0	0.161507554	0.233643209	0.493499334	0.151357574	2.05158507	1.3164927	0	0	0	0	0	3
19	19	0	0.170480196	0.3050602	0.483581485	0.151357574	2.05158507	1.32641055	0	0	0	0	0	3
20	20	0	0.179452837	0.278043952	0.473304609	0.151357574	2.05158507	1.33668743	0	0	0	0	0	3
21	21	0	0.188425479	0.277582379	0.463984502	0.151357574	2.05158507	1.34600753	0	0	0	0	0	3
22	21	0	0.197398121	0.26668259	0.455016234	0.151357574	2.05158507	1.3549758	0	0	0	0	0	3
23	22	0	0.206370763	0.252126707	0.44619495	0.151357574	2.05158507	1.36379709	0	0	0	0	0	3
24	23	0	0.215343405	0.283268903	0.439406365	0.151357574	2.05158507	1.37058567	0	0	0	0	0	3
25	24	0	0.224316047	0.288669242	0.43337688	0.151357574	2.05158507	1.37661516	0	0	0	0	0	3
26	25	0	0.233288689	0.271857791	0.427164607	0.151357574	2.05158507	1.38282743	0	0	0	0	0	3
27	25	0	0.242261331	0.25285029	0.420708521	0.151357574	2.05158507	1.38928352	0	0	0	0	0	3
28	26	0	0.251233972	0.237536694	0.41416667	0.151357574	2.05158507	1.39582537	0	0	0	0	0	3
29	27	0	0.260206614	0.217921897	0.407399609	0.151357574	2.05158507	1.40259243	0	0	0	0	0	3
30	28	0	0.269179256	0.181814052	0.399880091	0.151357574	2.05158507	1.41011195	0	0	0	0	0	3
31	29	0	0.278151898	0.18565637	0.392969648	0.151357574	2.05158507	1.41702239	0	0	0	0	0	3
32	29	0	0.28712454	0.170503924	0.386017594	0.151357574	2.05158507	1.42397444	0	0	0	0	0	3
33	30	0	0.296097182	0.156788182	0.379071248	0.151357574	2.05158507	1.43092079	0	0	0	0	0	3
34	31	0	0.305069824	0.151551142	0.37237948	0.151357574	2.05158507	1.43761256	0	0	0	0	0	3
35	32	0	0.314042466	0.133701078	0.365560097	0.133701078	2.05158507	1.44443194	0	0	0	0	0	3
36	33	0	0.323015107	0.135202628	0.359161279	0.133701078	2.05158507	1.45083076	0	0	0	0	0	3
37	33	0	0.331987749	0.140234668	0.353244343	0.133701078	2.05158507	1.45674769	0	0	0	0	0	3
38	34	0	0.340960391	0.159043519	0.348133795	0.133701078	2.05158507	1.46185824	0	0	0	0	0	3
39	35	0	0.349933033	0.16541033	0.343448578	0.133701078	2.05158507	1.46654346	0	0	0	0	0	3
40	36	0	0.358905675	0.182370655	0.33942163	0.133701078	2.05158507	1.47057041	0	0	0	0	0	3
41	37	0	0.367878317	0.184104843	0.335633416	0.133701078	2.05158507	1.47435862	0	0	0	0	0	3
42	37	0	0.376850959	0.182996144	0.331999195	0.133701078	2.05158507	1.47799284	0	0	0	0	0	3
43	38	0	0.385823601	0.162561311	0.328058779	0.133701078	2.05158507	1.48193326	0	0	0	0	0	3
44	39	0	0.394796242	0.1527566	0.324074639	0.133701078	2.05158507	1.4859174	0	0	0	0	0	3
45	40	0	0.403768884	0.143620682	0.320064551	0.133701078	2.05158507	1.48992749	0	0	0	0	0	3
46	41	0	0.412741526	0.146452939	0.316290385	0.133701078	2.05158507	1.49370165	0	0	0	0	0	3
47	41	0	0.421714168	0.156058499	0.312881196	0.133701078	2.05158507	1.49711084	0	0	0	0	0	3
48	42	0	0.43068681	0.167453241	0.309851447	0.133701078	2.05158507	1.50014059	0	0	0	0	0	3
49	43	0	0.439659452	0.166912745	0.306934331	0.133701078	2.05158507	1.50305771	0	0	0	0	0	3
50	44	0	0.448632094	0.167639411	0.304148433	0.133701078	2.05158507	1.5058436	0	0	0	0	0	3
51	45	0	0.457604736	0.163179043	0.301384327	0.133701078	2.05158507	1.50860771	0	0	0	0	0	3
52	45	0	0.466577377	0.152252216	0.298516402	0.133701078	2.05158507	1.51147563	0	0	0	0	0	3
53	46	0	0.475550019	0.140072398	0.295526892	0.133701078	2.05158507	1.51446514	0	0	0	0	0	3
54	47	0	0.484522661	0.130336923	0.292467819	0.130336923	2.05158507	1.51752422	0	0	0	0	0	3
55	48	0	0.493495303	0.123270951	0.289391512	0.123270951	2.05158507	1.52060052	0	0	0	0	0	3
56	49	0	0.502467945	0.118717127	0.286343755	0.118717127	2.05158507	1.52364828	0	0	0	0	0	3
57	49	0	0.511440587	0.107579665	0.260257696	0.107579665	2.05158507	1.54973434	0	0	0	0	0	3
58	50	0	0.520413229	0.0978225382	0.225369079	0.0978225382	0.765556969	0.667734431	0	0	0	0	0	3
59	51	0	0.529385871	0.0893520195	0.213414448	0.0893520195	0.765556969	0.67620495	0	0	0	0	0	3
60	52	0	0.538358512	0.0874230362	0.201304913	0.0874230362	0.395727676	0.30830464	0	0	0	0	0	3
61	53	0	0.547331154	0.0758741173	0.195593243	0.0758741173	0.351978741	0.276104623	0	0	0	0	0	3
62	53	0	0.556303796	0.0716396785	0.191310024	0.0716396785	0.351978741	0.280339062	0	0	0	0	0	3
63	54	0	0.565276438	0.0551912538	0.188101897	0.0551912538	0.351978741	0.296787487	0	0	0	0	0	3
64	55	0	0.57424908	0.0539898019	0.182844528	0.0539898019	0.351978741	0.297988939	0	0	0	0	0	3
65	56	0	0.583221722	0.0449913561	0.179705887	0.0449913561	0.351978741	0.306987385	0	0	0	0	0	3
66	57	0	0.592194364	0.0522168748	0.177080824	0.0449913561	0.351978741	0.306987385	0	0	0	0	0	3
67	57	0	0.601167005	0.0627372114	0.175498318	0.0449913561	0.351978741	0.306987385	0	0	0	0	0	3
68	58	0	0.610139647	0.0783814329	0.170677574	0.0449913561	0.351978741	0.306987385	0	0	0	0	0	3
69	59	0	0.619112289	0.087419589	0.167805537	0.0449913561	0.351978741	0.306987385	0	0	0	0	0	3
70	60	0	0.628084931	0.0941424875	0.164699442	0.0449913561	0.351978741	0.306987385	0	0	0	0	0	3
71	60	0	0.637057573	0.0751897032	0.162830949	0.0449913561	0.351978741	0.306987385	0	0	0	0	0	3
72	61	0	0.646030215	0.0724487762	0.157839343	0.0449913561	0.3050602	0.260068844	0	0	0	0	0	3
73	62	0	0.655002857	0.052811849	0.154377087	0.0449913561	0.3050602	0.260068844	0	0	0	0	0	3
74	63	0	0.663975499	0.0571145736	0.15122479	0.0449913561	0.3050602	0.260068844	0	0	0	0	0	3
75	64	0	0.67294814	0.0563023608	0.146782685	0.0449913561	0.288669242	0.243677886	0	0	0	0	0	3
76	64	0	0.681920782	0.0867055852	0.143365929	0.0449913561	0.288669242	0.243677886	0	0	0	0	0	3
77	65	0	0.690893424	0.0924963446	0.140060821	0.0449913561	0.288669242	0.243677886	0	0	0	0	0	3
78	66	0	0.699866066	0.10818822	0.137230565	0.0449913561	0.288669242	0.243677886	0	0	0	0	0	3
79	67	0	0.708838708	0.110107061	0.134694499	0.0449913561	0.288669242	0.243677886	0	0	0	0	0	3
80	68	0	0.71781135	0.117818276	0.131740024	0.0449913561	0.288669242	0.243677886	0	0	0	0	0	3
81	68	0	0.726783992	0.124941705	0.128816318	0.0449913561	0.271857791	0.226866435	0	0	0	0	0	3
82	69	0	0.735756634	0.13724232	0.12641247	0.0449913561	0.25285029	0.207858933	0	0	0	0	0	3
83	70	0	0.744729275	0.161847507	0.124787421	0.0449913561	0.237536694	0.192545337	0	0	0	0	0	3
84	71	0	0.753701917	0.187503904	0.123893978	0.0449913561	0.217921897	0.172930541	0	0	0	0	0	3
85	72	0	0.762674559	0.209263355	0.123739361	0.0449913561	0.209263355	0.164271999	0	0	0	0	0	3
86	72	0	0.771647201	0.225573352	0.124520777	0.0449913561	0.225573352	0.180581996	0	0	0	0	0	3
87	73	0	0.780619843	0.220102652	0.125135889	0.0449913561	0.225573352	0.180581996	0	0	0	0	0	3
88	74	0	0.789592485	0.230422759	0.126205869	0.0449913561	0.230422759	0.185431403	0	0	0	0	0	3
89	75	0	0.798565127	0.233413467	0.127574177	0.0449913561	0.233413467	0.18842211	0	0	0	0	0	3
90	76	0	0.807537769	0.247813518	0.129293148	0.0449913561	0.247813518	0.202822161	0	0	0	0	0	3
91	76	0	0.81651041	0.263032351	0.131602635	0.0449913561	0.263032351	0.218040995	0	0	0	0	0	3
92	77	0	0.825483052	0.288067698	0.134332369	0.0449913561	0.288067698	0.229504982	0	0	0	0	0	3
93	78	0	0.834455694	0.293689891	0.13707264	0.0449913561	0.293689891	0.224394434	0	0	0	0	0	3
94	79	0	0.843428336	0.31072838	0.139781299	0.0449913561	0.31072838	0.219709217	0	0	0	0	0	3
95	80	0	0.852400978	0.310656037	0.142374972	0.0449913561	0.31072838	0.215682269	0	0	0	0	0	3
96	80	0	0.86137362	0.325904846	0.144938083	0.0449913561	0.325904846	0.211894055	0	0	0	0	0	3
97	81	0	0.870346262	0.337248935	0.147672799	0.0449913561	0.337248935	0.208259834	0	0	0	0	0	3
98	82	0	0.879318904	0.359429858	0.150823401	0.0449913561	0.359429858	0.204319418	0	0	0	0	0	3
99	83	0	0.888291545	0.371906916	0.154561715	0.0449913561	0.371906916	0.200335278	0	0	0	0	0	3
100	84	0	0.897264187	0.390587212	0.15880869	0.0449913561	0.390587212	0.19632519	0	0	0	0	0	3
101	89	0	0.906236829	0.386334172	0.16314286	0.0449913561	0.390587212	0.192551024	0	0	0	0	0	3
102	90	0	0.915209471	0.382041729	0.167349802	0.0449913561	0.390587212	0.189141835	0	0	0	0	0	3
103	90	0	0.924182113	0.360157059	0.170994419	0.0449913561	0.390587212	0.186112086	0	0	0	0	0	3
104	91	0	0.933154755	0.351105604	0.174273926	0.0449913561	0.390587212	0.18319497	0	0	0	0	0	3
105	92	0	0.942127397	0.33647694	0.177301858	0.0449913561	0.390587212	0.180409071	0	0	0	0	0	3
106	93	0	0.951100039	0.330715661	0.180213934	0.0449913561	0.390587212	0.177644966	0	0	0	0	0	3
107	94	0	0.96007268	0.318728269	0.182991599	0.0449913561	0.390587212	0.174777041	0	0	0	0	0	3
108	94	0	0.969045322	0.322725384	0.186035762	0.0449913561	0.390587212	0.171787531	0	0	0	0	0	3
109	95	0	0.978017964	0.313744534	0.18913705	0.0449913561	0.390587212	0.168728458	0	0	0	0	0	3
110	96	0	0.986990606	0.322789069	0.192573696	0.0449913561	0.390587212	0.165652151	0	0	0	0	0	3
111	97	0	0.995963248	0.318003876	0.19605107	0.0449913561	0.390587212	0.162604394	0	0	0	0	0	3
112	98	0	1.00493589	0.327153122	0.199773141	0.0449913561	0.390587212	0.136518334	0.0216169684	0	15.8	0	0	3
113	98	0	1.01390853	0.327588827	0.203701876	0.0449913561	0.390587212	0.101629718	0.0216169684	0	21.2	0	0	3
114	99	0	1.02288117	0.337335935	0.207978901	0.0449913561	0.390587212	0.0896750868	0.0216169684	0	24.1	0	0	3
115	100	0	1.03185382	0.333239054	0.212334027	0.0449913561	0.390587212	0.0885946654	0.0216169684	0	24.3	0	0	3
116	101	0	1.04082646	0.340344477	0.216850481	0.0449913561	0.390587212	0.0931111197	0.0216169684	0	23.2	0	0	3
117	102	0	1.0497991	0.334750196	0.221473268	0.0449913561	0.390587212	0.0977339069	0.0216169684	0	22.1	0	0	3
118	103	0	1.05877174	0.339544504	0.226257283	0.0449913561	0.390587212	0.102517922	0.0216169684	0	21	0	0	3
119	103	0	1.06774438	0.332351076	0.231206565	0.0449913561	0.390587212	0.107467204	0.0216169684	0	20.1	0	0	3
120	104	0	1.07671702	0.330518897	0.236144585	0.0449913561	0.390587212	0.112405224	0.0216169684	0	19.2	0	0	3
121	105	0	1.08568967	0.325403841	0.241151951	0.0522168748	0.390587212	0.11741259	0.0216169684	0	18.4	0	0	3
122	106	0	1.09466231	0.321445537	0.245959605	0.052811849	0.390587212	0.122220244	0.0216169684	0	17.6	0	0	3
123	107	0	1.10363495	0.322924025	0.250605798	0.052811849	0.390587212	0.126866437	0.0216169684	0	17	0	0	3
124	107	0	1.11260759	0.323618281	0.254985028	0.052811849	0.390587212	0.131245667	0.0216169684	0	16.4	0	0	3
125	108	0	1.12158023	0.319769122	0.259134127	0.052811849	0.390587212	0.135394766	0.0216169684	0	15.9	0	0	3
126	109	0	1.13055288	0.313446767	0.263050274	0.052811849	0.390587212	0.139310913	0.0216169684	0	15.5	0	0	3
127	110	0	1.13952552	0.293800102	0.266954032	0.052811849	0.390587212	0.14321467	0.0216169684	0	15	0	0	3
128	111	0	1.14849816	0.290512674	0.27084803	0.052811849	0.390587212	0.147108669	0.0216169684	0	14.6	0	0	3
129	111	0	1.1574708	0.280831658	0.274919812	0.0563023608	0.390587212	0.151180451	0.0216169684	0	14.2	0	0	3
130	112	0	1.16644344	0.282703648	0.278948188	0.0563023608	0.390587212	0.155208827	0.0216169684	0	13.9	0	0	3
131	113	0	1.17541609	0.277712983	0.28290195	0.0867055852	0.390587212	0.159162588	0.0216169684	0	13.5	0	0	3
132	114	0	1.18438873	0.281627602	0.2863827	0.0924963446	0.390587212	0.162643339	0.0216169684	0	13.2	0	0	3
133	115	0	1.19336137	0.285589132	0.289830785	0.10818822	0.390587212	0.166091424	0.0216169684	0	13	0	0	3
134	115	0	1.20233401	0.292025351	0.293113591	0.110107061	0.390587212	0.16937423	0.0216169684	0	12.7	0	0	3
135	116	0	1.21130665	0.295353893	0.29642157	0.117818276	0.390587212	0.172682209	0.0216169684	0	12.5	0	0	3
136	117	0	1.22027929	0.306850707	0.299797149	0.124941705	0.390587212	0.176057788	0.0216169684	0	12.2	0	0	3
137	118	0	1.22925194	0.306125358	0.303032572	0.13724232	0.390587212	0.179293211	0.0216169684	0	12	0	0	3
138	119	0	1.23822458	0.331774684	0.306506364	0.161847507	0.390587212	0.182767003	0.0216169684	0	11.8	0	0	3
139	119	0	1.24719722	0.337977682	0.309651546	0.187503904	0.390587212	0.185912185	0.0216169684	0	11.6	0	0	3
140	120	0	1.25616986	0.359367655	0.312720541	0.209263355	0.390587212	0.181323857	0.0216169684	0	11.9	0	0	3
141	121	0	1.2651425	0.351500948	0.315260498	0.220102652	0.390587212	0.17048456	0.0216169684	0	12.6	0	0	3
142	122	0	1.27411515	0.357205389	0.31761107	0.220102652	0.390587212	0.17048456	0.0216169684	0	12.6	0	0	3
143	123	0	1.28308779	0.329420762	0.31956318	0.230422759	0.390587212	0.160164453	0.0216169684	0	13.4	0	0	3
144	123	0	1.29206043	0.312509526	0.321029015	0.233413467	0.390587212	0.157173746	0.0216169684	0	13.7	0	0	3
145	124	0	1.30103307	0.290007491	0.322039622	0.247813518	0.390587212	0.142773695	0.0216169684	0	15.1	0	0	3
146	125	0	1.31000571	0.283856285	0.322683243	0.263032351	0.390587212	0.127554861	0.0216169684	0	16.9	0	0	3
147	126	0	1.31897836	0.266936198	0.322752955	0.266936198	0.390587212	0.123651014	0.0216169684	0	17.4	0	0	3
148	126	0	1.327951	0.27230966	0.322471561	0.266936198	0.390587212	0.123651014	0.0216169684	0	17.4	0	0	3
149	127	0	1.33692364	0.263738727	0.321936719	0.263738727	0.390587212	0.126848485	0.0216169684	0	17	0	0	3
150	128	0	1.34589628	0.261581681	0.321059099	0.261581681	0.390587212	0.129005532	0.0216169684	0	16.7	0	0	3
151	129	0	1.35486892	0.254898933	0.320063437	0.254898933	0.390587212	0.135688279	0.0216169684	0	15.9	0	0	3
152	130	0	1.36384156	0.268442029	0.319037315	0.254898933	0.390587212	0.135688279	0.0216169684	0	15.9	0	0	3
153	131	0	1.37281421	0.27932421	0.318002945	0.254898933	0.390587212	0.135688279	0.0216169684	0	15.9	0	0	3
154	131	0	1.38178685	0.305009018	0.317031144	0.254898933	0.390587212	0.135688279	0.0216169684	0	15.9	0	0	3
155	132	0	1.39075949	0.327451006	0.316237289	0.254898933	0.390587212	0.135688279	0.0216169684	0	15.9	0	0	3
156	133	0	1.39973213	0.364133059	0.315764893	0.254898933	0.386334172	0.13143524	0.0216169684	0	16.4	0	0	3
157	134	0	1.40870477	0.390619385	0.315841415	0.254898933	0.390619385	0.135720452	0.0216169684	0	15.9	0	0	3
158	135	0	1.41767742	0.398863018	0.316141795	0.254898933	0.398863018	0.143964085	0.0216169684	0	15	0	0	3
159	135	0	1.42665006	0.382167788	0.316534844	0.254898933	0.398863018	0.143964085	0.0216169684	0	15	0	0	3
160	136	0	1.4356227	0.364814101	0.316779638	0.254898933	0.398863018	0.143964085	0.0216169684	0	15	0	0	3
161	137	0	1.44459534	0.340169362	0.316845574	0.254898933	0.398863018	0.142539021	0.0216169684	0	15.1	0	0	3
162	138	0	1.45356798	0.326291581	0.316766573	0.254898933	0.398863018	0.139761356	0.0216169684	0	15.4	0	0	3
163	139	0	1.46254063	0.306135089	0.316541695	0.254898933	0.398863018	0.136717192	0.0216169684	0	15.8	0	0	3
164	139	0	1.47151327	0.304933208	0.316223977	0.254898933	0.398863018	0.133615904	0.0216169684	0	16.1	0	0	3
165	140	0	1.48048591	0.293155603	0.315856318	0.254898933	0.398863018	0.130179259	0.0216169684	0	16.6	0	0	3
166	141	0	1.48945855	0.295018152	0.315360408	0.254898933	0.398863018	0.126701885	0.0216169684	0	17	0	0	3
167	142	0	1.49843119	0.282998868	0.314735319	0.254898933	0.398863018	0.122979814	0.0216169684	0	17.5	0	0	3
168	143	0	1.50740383	0.282913379	0.313945324	0.254898933	0.398863018	0.119051079	0.0216169684	0	18.1	0	0	3
169	143	0	1.51637648	0.27053851	0.312926568	0.254898933	0.398863018	0.114774054	0.0216169684	0	18.8	0	0	3
170	144	0	1.52534912	0.271324531	0.311747793	0.254898933	0.398863018	0.110418928	0.0216169684	0	19.5	0	0	3
171	145	0	1.53432176	0.256723216	0.310381439	0.254898933	0.398863018	0.105902474	0.0216169684	0	20.4	0	0	3
172	146	0	1.5432944	0.250118954	0.308770269	0.250118954	0.398863018	0.101279687	0.0216169684	0	21.3	0	0	3
173	147	0	1.55226704	0.241045757	0.307096975	0.241045757	0.398863018	0.0964956719	0.0216169684	0	22.4	0	0	3
174	147	0	1.56123969	0.248616804	0.305473266	0.241045757	0.398863018	0.0915463894	0.0216169684	0	23.6	0	0	3
175	148	0	1.57021233	0.251459407	0.304028772	0.241045757	0.398863018	0.0866083698	0.0216169684	0	24.9	0	0	3
176	149	0	1.57918497	0.265234841	0.302862985	0.241045757	0.398863018	0.081601004	0.0216169684	0	26.4	0	0	3
177	150	0	1.58815761	0.274538872	0.301954682	0.241045757	0.398863018	0.0767933493	0.0216169684	0	28.1	0	0	3
178	151	0	1.59713025	0.287178335	0.301342768	0.241045757	0.398863018	0.0721471562	0.0216169684	0	29.9	0	0	3
179	152	0	1.6061029	0.288312402	0.300724703	0.241045757	0.398863018	0.0677679268	0.0216169684	0	31.8	0	0	3
180	152	0	1.61507554	0.301939671	0.300337585	0.241045757	0.398863018	0.063618828	0.0216169684	0	33.9	0	0	3
181	153	0	1.62404818	0.305659434	0.300085627	0.241045757	0.398863018	0.0597026802	0.0216169684	0	36.2	0	0	3
182	154	0	1.63302082	0.316098325	0.300132976	0.241045757	0.398863018	0.055798923	0.0216169684	0	38.7	0	0	3
183	155	0	1.64199346	0.33476459	0.300864484	0.241045757	0.398863018	0.0519049249	0.0216169684	0	41.6	0	0	3
184	156	0	1.6509661	0.344542727	0.301829307	0.241045757	0.398863018	0.0478331425	0.0216169684	0	45.1	0	0	3
185	157	0	1.65993875	0.355669641	0.303165699	0.241045757	0.398863018	0.0438047662	0.0216169684	0	49.3	0	0	3
186	157	0	1.66891139	0.367391935	0.30467799	0.241045757	0.398863018	0.0398510051	0.0216169684	0	54.2	0	0	3
187	158	0	1.67788403	0.372939037	0.306378455	0.241045757	0.398863018	0.0363702548	0.0216169684	0	59.4	0	0	3
188	159	0	1.68685667	0.390649013	0.308325266	0.241045757	0.398863018	0.0329221693	0.0216169684	0	65.6	0	0	3
189	160	0	1.69582931	0.388426018	0.310161639	0.241045757	0.398863018	0.0296393634	0.0216169684	0	72.9	0	0	3
190	160	0	1.70480196	0.394210388	0.311986372	0.241045757	0.398863018	0.0263313843	0.0216169684	0	82	0	0	3
191	161	0	1.7137746	0.388331028	0.313646678	0.241045757	0.398863018	0.0229558052	0.0216169684	0	94.1	0	0	3
192	162	0	1.72274724	0.391893503	0.315165299	0.241045757	0.398863018	0.0226673281	0.0216169684	0	95.3	0	0	3
193	163	0	1.73171988	0.384656818	0.316567647	0.241045757	0.398863018	0.0226673281	0.0216169684	0	95.3	0	0	3
194	164	0	1.74069252	0.381636622	0.317458039	0.241045757	0.398863018	0.0226673281	0.0216169684	0	95.3	0	0	3
195	164	0	1.74966517	0.377718297	0.318167693	0.241045757	0.398863018	0.0226673281	0.0216169684	0	95.3	0	0	3
196	165	0	1.75863781	0.367089259	0.318305578	0.241045757	0.398863018	0.0226673281	0.0216169684	0	95.3	0	0	3
197	166	0	1.76761045	0.360743882	0.318470631	0.241045757	0.398863018	0.0226673281	0.0216169684	0	95.3	0	0	3
198	167	0	1.77658309	0.353353869	0.318401854	0.241045757	0.398863018	0.0226673281	0.0216169684	0	95.3	0	0	3
199	168	0	1.78555573	0.345606849	0.318690891	0.241045757	0.398863018	0.0226673281	0.0216169684	0	95.3	0	0	3
200	168	0	1.79452837	0.344598999	0.319263917	0.241045757	0.398863018	0.0226673281	0.0216169684	0	95.3	0	0	3
201	173	0	1.80350102	0.334969547	0.320066811	0.241045757	0.398863018	0.0226673281	0.0216169684	0	95.3	0	0	3
202	174	0	1.81247366	0.341299334	0.32109258	0.241045757	0.398863018	0.0226673281	0.0216169684	0	95.3	0	0	3
203	175	0	1.8214463	0.347660829	0.322534091	0.241045757	0.398863018	0.0224484645	0.0216169684	0	96.2	0	0	3
204	176	0	1.83041894	0.372174067	0.324317384	0.241045757	0.398863018	0.0242317575	0.0216169684	0	89.2	0	0	3
205	177	0	1.83939158	0.388481994	0.326544942	0.241045757	0.398863018	0.0264593159	0.0216169684	0	81.6	0	0	3
206	177	0	1.84836423	0.403393591	0.329077298	0.241045757	0.403393591	0.0289916714	0.0216169684	0	74.5	0	0	3
207	178	0	1.85733687	0.411032874	0.331865404	0.241045757	0.411032874	0.0317797775	0.0216169684	0	68	0	0	3
208	179	0	1.86630951	0.414343427	0.334470786	0.241045757	0.414343427	0.0343851596	0.0216169684	0	62.8	0	0	3
209	180	0	1.87528215	0.410014227	0.336804536	0.241045757	0.414343427	0.0367189099	0.0216169684	0	58.8	0	0	3
210	181	0	1.88425479	0.403036381	0.338555025	0.241045757	0.414343427	0.0384693986	0.0216169684	0	56.1	0	0	3
211	182	0	1.89322744	0.39295449	0.33972473	0.241045757	0.414343427	0.0396391036	0.0216169684	0	54.5	0	0	3
212	182	0	1.90220008	0.387911649	0.340149348	0.241045757	0.414343427	0.0400637213	0.0216169684	0	53.9	0	0	3
213	183	0	1.91117272	0.385848269	0.340064149	0.241045757	0.414343427	0.0400637213	0.0216169684	0	53.9	0	0	3
214	184	0	1.92014536	0.392630402	0.339952853	0.241045757	0.414343427	0.0400637213	0.0216169684	0	53.9	0	0	3
215	185	0	1.929118	0.393625153	0.340157448	0.241045757	0.414343427	0.0400718219	0.0216169684	0	53.9	0	0	3
216	186	0	1.93809064	0.403353723	0.340845656	0.241045757	0.414343427	0.0407600294	0.0216169684	0	53	0	0	3
217	186	0	1.94706329	0.410792438	0.342106782	0.241045757	0.414343427	0.0420211558	0.0216169684	0	51.4	0	0	3
218	187	0	1.95603593	0.430844058	0.343973791	0.241045757	0.430844058	0.0438881643	0.0216169684	0	49.2	0	0	3
219	188	0	1.96500857	0.443509031	0.346426897	0.241045757	0.443509031	0.0463412704	0.0216169684	0	46.6	0	0	3
220	189	0	1.97398121	0.46217425	0.349234773	0.241045757	0.46217425	0.0491491462	0.0216169684	0	43.9	0	0	3
221	190	0	1.98295385	0.468346446	0.352363181	0.241045757	0.468346446	0.0522775541	0.0216169684	0	41.3	0	0	3
222	190	0	1.9919265	0.474126378	0.355561542	0.241045757	0.474126378	0.0554759152	0.0216169684	0	38.9	0	0	3
223	191	0	2.00089914	0.456009566	0.358651018	0.241045757	0.474126378	0.058565392	0.0216169684	0	36.9	0	0	3
224	192	0	2.00987178	0.440581696	0.361466524	0.241045757	0.474126378	0.0613808976	0.0216169684	0	35.2	0	0	3
225	193	0	2.01884442	0.412421779	0.364000154	0.241045757	0.474126378	0.0639145274	0.0216169684	0	33.8	0	0	3
226	194	0	2.02781706	0.397299937	0.366249715	0.241045757	0.474126378	0.0661640883	0.0216169684	0	32.6	0	0	3
227	194	0	2.03678971	0.378007809	0.368415511	0.241045757	0.474126378	0.0683298846	0.0216169684	0	31.6	0	0	3
228	195	0	2.04576235	0.369211355	0.370542161	0.241045757	0.474126378	0.0704565346	0.0216169684	0	30.6	0	0	3
229	196	0	2.05473499	0.36076611	0.372680025	0.248616804	0.474126378	0.072594398	0.0216169684	0	29.7	0	0	3
230	197	0	2.06370763	0.358830102	0.374648119	0.251459407	0.474126378	0.0745624926	0.0216169684	0	28.9	0	0	3
231	198	0	2.07268027	0.343242335	0.3762871	0.265234841	0.474126378	0.0762014735	0.0216169684	0	28.3	0	0	3
232	198	0	2.08165291	0.341764129	0.377653694	0.274538872	0.474126378	0.0775680679	0.0216169684	0	27.8	0	0	3
233	199	0	2.09062556	0.326412896	0.378580016	0.287178335	0.474126378	0.0784943898	0.0216169684	0	27.5	0	0	3
234	200	0	2.0995982	0.320853423	0.379181357	0.288312402	0.474126378	0.0790957307	0.0216169684	0	27.3	0	0	3
235	201	0	2.10857084	0.306936716	0.379513934	0.301939671	0.474126378	0.0794283077	0.0216169684	0	27.2	0	0	3
236	202	0	2.11754348	0.306425494	0.379594038	0.305659434	0.474126378	0.0795084117	0.0216169684	0	27.1	0	0	3
237	203	0	2.12651612	0.297941765	0.379456223	0.297941765	0.474126378	0.0794610624	0.0216169684	0	27.2	0	0	3
238	203	0	2.13548877	0.300100992	0.379170556	0.297941765	0.474126378	0.0787295537	0.0216169684	0	27.4	0	0	3
239	204	0	2.14446141	0.291727223	0.378402032	0.291727223	0.474126378	0.0777647313	0.0216169684	0	27.7	0	0	3
240	205	0	2.15343405	0.29408613	0.377501021	0.291727223	0.474126378	0.0764283388	0.0216169684	0	28.2	0	0	3
241	206	0	2.16240669	0.285741438	0.376252303	0.285741438	0.474126378	0.074916048	0.0216169684	0	28.8	0	0	3
242	207	0	2.17137933	0.286180238	0.374802094	0.285741438	0.474126378	0.0732155827	0.0216169684	0	29.5	0	0	3
243	207	0	2.18035198	0.281485156	0.373168989	0.281485156	0.474126378	0.0712687718	0.0216169684	0	30.3	0	0	3
244	208	0	2.18932462	0.288163996	0.3713389	0.281485156	0.474126378	0.0694323988	0.0216169684	0	31.1	0	0	3
245	209	0	2.19829726	0.283817604	0.369470892	0.281485156	0.474126378	0.067607666	0.0216169684	0	31.9	0	0	3
246	210	0	2.2072699	0.288672947	0.367586295	0.281485156	0.474126378	0.06594736	0.0216169684	0	32.7	0	0	3
247	211	0	2.21624254	0.281028735	0.365670183	0.281028735	0.474126378	0.0644287387	0.0216169684	0	33.5	0	0	3
248	211	0	2.22521518	0.27741603	0.363625942	0.27741603	0.474126378	0.0630263912	0.0216169684	0	34.2	0	0	3
249	212	0	2.23418783	0.265295198	0.361494485	0.265295198	0.474126378	0.0621359994	0.0216169684	0	34.7	0	0	3
250	213	0	2.24316047	0.260495791	0.359331255	0.260495791	0.474126378	0.0614263456	0.0216169684	0	35.1	0	0	3
251	214	0	2.25213311	0.253307208	0.357109629	0.253307208	0.474126378	0.0612884598	0.0216169684	0	35.2	0	0	3
252	215	0	2.26110575	0.248664709	0.354994905	0.248664709	0.474126378	0.0611921846	0.0216169684	0	35.3	0	0	3
253	215	0	2.27007839	0.238056678	0.352804062	0.238056678	0.474126378	0.0611921846	0.0216169684	0	35.3	0	0	3
254	216	0	2.27905104	0.244140561	0.350853824	0.238056678	0.474126378	0.0609031473	0.0216169684	0	35.4	0	0	3
255	217	0	2.28802368	0.236920673	0.348913	0.236920673	0.474126378	0.060330121	0.0216169684	0	35.8	0	0	3
256	218	0	2.29699632	0.234728088	0.346951019	0.234728088	0.474126378	0.0595272271	0.0216169684	0	36.3	0	0	3
257	219	0	2.30596896	0.218936434	0.344878999	0.218936434	0.474126378	0.0585014584	0.0216169684	0	36.9	0	0	3
258	220	0	2.3149416	0.214316996	0.342611457	0.214316996	0.474126378	0.0570599471	0.0216169684	0	37.8	0	0	3
259	220	0	2.32391425	0.204961093	0.340063248	0.204961093	0.474126378	0.0552766541	0.0216169684	0	39.1	0	0	3
260	221	0	2.33288689	0.202559079	0.337034409	0.202559079	0.474126378	0.0530490958	0.0216169684	0	40.7	0	0	3
261	222	0	2.34185953	0.19651375	0.333606404	0.19651375	0.474126378	0.0505167403	0.0216169684	0	42.7	0	0	3
262	223	0	2.35083217	0.197197694	0.329924335	0.19651375	0.474126378	0.0496697034	0.0216169684	0	43.5	0	0	3
263	224	0	2.35980481	0.194957678	0.326065849	0.194957678	0.474126378	0.053528189	0.0216169684	0	40.3	0	0	3
264	224	0	2.36877745	0.199822284	0.322235114	0.194957678	0.474126378	0.0573589237	0.0216169684	0	37.6	0	0	3
265	225	0	2.3777501	0.199851308	0.318482205	0.194957678	0.474126378	0.061111833	0.0216169684	0	35.3	0	0	3
266	226	0	2.38672274	0.200848732	0.314871711	0.194957678	0.474126378	0.0647223267	0.0216169684	0	33.3	0	0	3
267	227	0	2.39569538	0.189175369	0.311232799	0.189175369	0.474126378	0.0683612396	0.0216169684	0	31.6	0	0	3
268	228	0	2.40466802	0.179997357	0.307520043	0.179997357	0.474126378	0.0720739948	0.0216169684	0	29.9	0	0	3
269	228	0	2.41364066	0.168959863	0.303647036	0.168959863	0.474126378	0.0759470021	0.0216169684	0	28.4	0	0	3
270	229	0	2.42261331	0.161934254	0.299527462	0.161934254	0.474126378	0.0800665761	0.0216169684	0	26.9	0	0	3
271	230	0	2.43158595	0.161880523	0.295389165	0.161880523	0.474126378	0.0842048731	0.0216169684	0	25.6	0	0	3
272	231	0	2.44055859	0.179794873	0.291397043	0.161880523	0.474126378	0.0881969954	0.0216169684	0	24.5	0	0	3
273	232	0	2.44953123	0.199952361	0.287632041	0.161880523	0.474126378	0.0919619968	0.0216169684	0	23.5	0	0	3
274	232	0	2.45850387	0.233352577	0.284105408	0.161880523	0.474126378	0.0954886304	0.0216169684	0	22.6	0	0	3
275	233	0	2.46747652	0.257478742	0.280783438	0.161880523	0.474126378	0.0988105998	0.0216169684	0	21.8	0	0	3
276	234	0	2.47644916	0.281215717	0.277552036	0.161880523	0.474126378	0.102042002	0.0216169684	0	21.1	0	0	3
277	235	0	2.4854218	0.293248191	0.274425281	0.161880523	0.474126378	0.105168757	0.0216169684	0	20.5	0	0	3
278	236	0	2.49439444	0.305125717	0.271407412	0.161880523	0.456009566	0.108186626	0.0216169684	0	19.9	0	0	3
279	236	0	2.50336708	0.305308863	0.268716328	0.161880523	0.440581696	0.11087771	0.0216169684	0	19.4	0	0	3
280	237	0	2.51233972	0.309181858	0.266369903	0.161880523	0.412421779	0.113224135	0.0216169684	0	19	0	0	3
281	238	0	2.52131237	0.305472811	0.2644601	0.161880523	0.397299937	0.115133938	0.0216169684	0	18.7	0	0	3
282	239	0	2.53028501	0.307480577	0.262856183	0.161880523	0.378007809	0.116737856	0.0216169684	0	18.5	0	0	3
283	240	0	2.53925765	0.303018781	0.261517093	0.161880523	0.369211355	0.118076945	0.0216169684	0	18.3	0	0	3
284	240	0	2.54823029	0.317157956	0.260587568	0.161880523	0.36076611	0.11900647	0.0216169684	0	18.1	0	0	3
285	241	0	2.55720293	0.319101277	0.259843553	0.161880523	0.358830102	0.119750485	0.0216169684	0	18	0	0	3
286	242	0	2.56617558	0.332835502	0.259379364	0.161880523	0.343242335	0.120214674	0.0216169684	0	17.9	0	0	3
287	243	0	2.57514822	0.324974859	0.259053159	0.161880523	0.341764129	0.120540879	0.0216169684	0	17.9	0	0	3
288	244	0	2.58412086	0.326135199	0.258774071	0.161880523	0.332835502	0.120819967	0.0216169684	0	17.8	0	0	3
289	245	0	2.5930935	0.314488026	0.258561127	0.161880523	0.332835502	0.121032912	0.0216169684	0	17.8	0	0	3
290	245	0	2.60206614	0.312364373	0.258409536	0.161880523	0.332835502	0.121184502	0.0216169684	0	17.8	0	0	3
291	246	0	2.61103879	0.303023792	0.258339663	0.161880523	0.332835502	0.121254375	0.0216169684	0	17.8	0	0	3
292	247	0	2.62001143	0.305485859	0.258322884	0.161880523	0.332835502	0.121133339	0.0216169684	0	17.8	0	0	3
293	248	0	2.62898407	0.300225109	0.258363658	0.161880523	0.332835502	0.120847672	0.0216169684	0	17.8	0	0	3
294	249	0	2.63795671	0.312273489	0.258581024	0.161880523	0.332835502	0.120079148	0.0216169684	0	18	0	0	3
295	249	0	2.64692935	0.308976603	0.258889048	0.161880523	0.332835502	0.119178137	0.0216169684	0	18.1	0	0	3
296	250	0	2.65590199	0.317655533	0.25930993	0.161880523	0.332835502	0.117929419	0.0216169684	0	18.3	0	0	3
297	251	0	2.66487464	0.308017126	0.259707711	0.161880523	0.332835502	0.116479211	0.0216169684	0	18.5	0	0	3
298	252	0	2.67384728	0.306404066	0.26006885	0.161880523	0.332835502	0.114846106	0.0216169684	0	18.8	0	0	3
299	253	0	2.68281992	0.288876053	0.260200831	0.161880523	0.332835502	0.113016016	0.0216169684	0	19.1	0	0	3
300	253	0	2.69179256	0.277639703	0.260012897	0.161880523	0.332835502	0.111148009	0.0216169684	0	19.4	0	0	3
301	258	0	2.7007652	0.260123524	0.259589788	0.161880523	0.332835502	0.109263411	0.0216169684	0	19.7	0	0	3
302	259	0	2.70973785	0.258090725	0.259043677	0.161880523	0.332835502	0.107347299	0.0216169684	0	20.1	0	0	3
303	260	0	2.71871049	0.249657054	0.258483469	0.161880523	0.332835502	0.105303058	0.0216169684	0	20.5	0	0	3
304	261	0	2.72768313	0.254175731	0.258068463	0.161880523	0.332835502	0.103426021	0.0216169684	0	20.9	0	0	3
305	262	0	2.73665577	0.24879383	0.257773796	0.161880523	0.332835502	0.101557459	0.0216169684	0	21.2	0	0	3
306	263	0	2.74562841	0.256410318	0.257700841	0.161880523	0.332835502	0.0994087877	0.0216169684	0	21.7	0	0	3
307	263	0	2.75460106	0.251450076	0.257667678	0.161880523	0.332835502	0.0973272267	0.0216169684	0	22.2	0	0	3
308	264	0	2.7635737	0.256335418	0.257804655	0.161880523	0.332835502	0.0951363837	0.0216169684	0	22.7	0	0	3
309	265	0	2.77254634	0.250210998	0.258021696	0.161880523	0.332835502	0.0931861461	0.0216169684	0	23.1	0	0	3
310	266	0	2.78151898	0.259911335	0.258303317	0.161880523	0.332835502	0.0912453215	0.0216169684	0	23.6	0	0	3
311	267	0	2.79049162	0.259655223	0.258709292	0.161880523	0.332835502	0.0892833409	0.0216169684	0	24.2	0	0	3
312	267	0	2.79946426	0.268455463	0.259311566	0.161880523	0.332835502	0.0872113211	0.0216169684	0	24.7	0	0	3
313	268	0	2.80843691	0.266155199	0.260154758	0.161880523	0.332835502	0.0849437793	0.0216169684	0	25.4	0	0	3
314	269	0	2.81740955	0.272635595	0.261196162	0.161880523	0.332835502	0.0823955698	0.0216169684	0	26.2	0	0	3
315	270	0	2.82638219	0.26474707	0.262263769	0.161880523	0.332835502	0.0793667307	0.0216169684	0	27.2	0	0	3
316	271	0	2.83535483	0.265295235	0.263384057	0.161880523	0.332835502	0.0759387263	0.0216169684	0	28.4	0	0	3
317	271	0	2.84432747	0.248484921	0.264312114	0.161880523	0.332835502	0.0722566567	0.0216169684	0	29.9	0	0	3
318	273	0	2.85330012	0.235574021	0.264997405	0.161880523	0.332835502	0.0683981711	0.0216169684	0	31.6	0	0	3
319	274	0	2.86227276	0.208227083	0.265234359	0.161880523	0.332835502	0.0645674364	0.0216169684	0	33.4	0	0	3
320	275	0	2.8712454	0.196565329	0.265176199	0.161880523	0.332835502	0.0608145271	0.0216169684	0	35.5	0	0	3
321	275	0	2.88021804	0.178949303	0.264802949	0.161880523	0.332835502	0.0572040334	0.0216169684	0	37.7	0	0	3
322	276	0	2.88919068	0.176792247	0.264373369	0.161880523	0.332835502	0.0535651205	0.0216169684	0	40.3	0	0	3
323	277	0	2.89816332	0.16252802	0.263897523	0.161880523	0.332835502	0.0498523653	0.0216169684	0	43.3	0	0	3
324	278	0	2.90713597	0.165081306	0.263631165	0.161880523	0.332835502	0.0459793581	0.0216169684	0	47	0	0	3
325	279	0	2.91610861	0.159615145	0.263464295	0.159615145	0.332835502	0.041859784	0.0216169684	0	51.6	0	0	3
326	280	0	2.92508125	0.169015627	0.263590748	0.159615145	0.332835502	0.037721487	0.0216169684	0	57.3	0	0	3
327	280	0	2.93405389	0.166276038	0.26366924	0.159615145	0.332835502	0.0337293647	0.0216169684	0	64	0	0	3
328	281	0	2.94302653	0.171260298	0.263516837	0.159615145	0.332835502	0.0299643633	0.0216169684	0	72.1	0	0	3
329	282	0	2.95199918	0.165422438	0.262900231	0.159615145	0.332835502	0.0264377297	0.0216169684	0	81.7	0	0	3
330	283	0	2.96097182	0.167739825	0.261728575	0.159615145	0.332835502	0.0231157603	0.0216169684	0	93.5	0	0	3
331	284	0	2.96994446	0.168883284	0.260146513	0.159615145	0.332835502	0.0198843579	0.0216169684	0	100	0	0	3
332	284	0	2.9789171	0.18028881	0.258344247	0.159615145	0.332835502	0.0167576033	0.0216169684	0	100	0	0	3
333	285	0	2.98788974	0.18718799	0.256450314	0.159615145	0.332835502	0.014957098	0.0216169684	0	100	0	0	3
334	286	0	2.99686239	0.20022796	0.25457714	0.159615145	0.332835502	0.0141391883	0.0216169684	0	100	0	0	3
335	287	0	3.00583503	0.206354231	0.252810093	0.159615145	0.332835502	0.0135598096	0.0216169684	0	100	0	0	3
336	288	0	3.01480767	0.218724865	0.25119479	0.159615145	0.332835502	0.0140395692	0.0216169684	0	100	0	0	3
337	289	0	3.02378031	0.219705705	0.249663234	0.159615145	0.332835502	0.0155711246	0.0216169684	0	100	0	0	3
338	289	0	3.03275295	0.230863694	0.248295076	0.159615145	0.332835502	0.0169392832	0.0216169684	0	100	0	0	3
339	290	0	3.04172559	0.235319553	0.247086161	0.159615145	0.332835502	0.018148198	0.0216169684	0	100	0	0	3
340	291	0	3.05069824	0.248019513	0.245851546	0.159615145	0.332835502	0.0193828131	0.0216169684	0	100	0	0	3
341	292	0	3.05967088	0.258743478	0.244773728	0.159615145	0.332835502	0.0204606309	0.0216169684	0	100	0	0	3
342	293	0	3.06864352	0.272303415	0.243692798	0.159615145	0.326135199	0.021541561	0.0216169684	0	100	0	0	3
343	293	0	3.07761616	0.282171618	0.242928454	0.159615145	0.326135199	0.0223059046	0.0216169684	0	96.9	0	0	3
344	294	0	3.0865888	0.302129344	0.242499778	0.159615145	0.317655533	0.0227345806	0.0216169684	0	95	0	0	3
345	295	0	3.09556145	0.309402219	0.24240896	0.159615145	0.317655533	0.0228253986	0.0216169684	0	94.7	0	0	3
346	296	0	3.10453409	0.32377555	0.242612731	0.159615145	0.32377555	0.0228253986	0.0216169684	0	94.7	0	0	3
347	297	0	3.11350673	0.321565143	0.242943827	0.159615145	0.32377555	0.0228253986	0.0216169684	0	94.7	0	0	3
348	298	0	3.12247937	0.327472283	0.243336442	0.159615145	0.327472283	0.0228253986	0.0216169684	0	94.7	0	0	3
349	298	0	3.13145201	0.327090158	0.243816175	0.159615145	0.327472283	0.0228253986	0.0216169684	0	94.7	0	0	3
350	299	0	3.14042466	0.337359744	0.244264143	0.159615145	0.337359744	0.0228253986	0.0216169684	0	94.7	0	0	3
351	300	0	3.1493973	0.334505584	0.244720018	0.159615145	0.337359744	0.0228253986	0.0216169684	0	94.7	0	0	3
352	301	0	3.15836994	0.340788204	0.245133102	0.159615145	0.340788204	0.0228253986	0.0216169684	0	94.7	0	0	3
353	302	0	3.16734258	0.327600773	0.24548281	0.159615145	0.340788204	0.0228253986	0.0216169684	0	94.7	0	0	3
354	302	0	3.17631522	0.32033863	0.245731641	0.159615145	0.340788204	0.0228253986	0.0216169684	0	94.7	0	0	3
355	303	0	3.18528786	0.29211784	0.24578953	0.159615145	0.340788204	0.0228253986	0.0216169684	0	94.7	0	0	3
356	304	0	3.19426051	0.280064467	0.245832829	0.159615145	0.340788204	0.0228253986	0.0216169684	0	94.7	0	0	3
357	305	0	3.20323315	0.249438805	0.245642031	0.159615145	0.340788204	0.0228253986	0.0216169684	0	94.7	0	0	3
358	306	0	3.21220579	0.240852047	0.245334197	0.159615145	0.340788204	0.0228253986	0.0216169684	0	94.7	0	0	3
359	307	0	3.22117843	0.226375338	0.244918452	0.159615145	0.340788204	0.0228253986	0.0216169684	0	94.7	0	0	3
360	307	0	3.23015107	0.237334744	0.244617721	0.159615145	0.340788204	0.0228253986	0.0216169684	0	94.7	0	0	3
361	308	0	3.23912372	0.238533906	0.244434508	0.159615145	0.340788204	0.0228253986	0.0216169684	0	94.7	0	0	3
362	309	0	3.24809636	0.261105493	0.24451835	0.159615145	0.340788204	0.0228253986	0.0216169684	0	94.7	0	0	3
363	310	0	3.257069	0.267397758	0.24480313	0.159615145	0.340788204	0.0228253986	0.0216169684	0	94.7	0	0	3
364	311	0	3.26604164	0.274753856	0.245132031	0.159615145	0.340788204	0.0228253986	0.0216169684	0	94.7	0	0	3
365	312	0	3.27501428	0.261692935	0.245337065	0.159615145	0.340788204	0.0228253986	0.0216169684	0	94.7	0	0	3
366	313	0	3.28398693	0.256162307	0.245270118	0.159615145	0.340788204	0.0228253986	0.0216169684	0	94.7	0	0	3
367	314	0	3.29295957	0.239900905	0.244917363	0.159615145	0.340788204	0.0228253986	0.0216169684	0	94.7	0	0	3
368	315	0	3.30193221	0.23746525	0.244363966	0.159615145	0.340788204	0.0228253986	0.0216169684	0	94.7	0	0	3
369	316	0	3.31090485	0.227085051	0.243666285	0.159615145	0.340788204	0.0228253986	0.0216169684	0	94.7	0	0	3
370	317	0	3.31987749	0.231704329	0.242935369	0.159615145	0.340788204	0.0228253986	0.0216169684	0	94.7	0	0	3
371	318	0	3.32885013	0.224698045	0.242220208	0.159615145	0.340788204	0.0230141507	0.0216169684	0	93.9	0	0	3
372	319	0	3.33782278	0.228075038	0.241555562	0.159615145	0.340788204	0.0236787971	0.0216169684	0	91.2	0	0	3
373	320	0	3.34679542	0.221868113	0.241080262	0.159615145	0.340788204	0.0241540972	0.0216169684	0	89.4	0	0	3
374	321	0	3.35576806	0.222888756	0.240853739	0.159615145	0.340788204	0.0243806198	0.0216169684	0	88.6	0	0	3
375	322	0	3.3647407	0.21849031	0.241037011	0.159615145	0.340788204	0.0243224599	0.0216169684	0	88.8	0	0	3
376	323	0	3.37371334	0.224237116	0.24153115	0.159615145	0.340788204	0.0239492098	0.0216169684	0	90.2	0	0	3
377	324	0	3.38268599	0.220867058	0.242279681	0.159615145	0.340788204	0.0235196297	0.0216169684	0	91.9	0	0	3
378	325	0	3.39165863	0.229303165	0.243217376	0.159615145	0.340788204	0.0230437842	0.0216169684	0	93.8	0	0	3
379	326	0	3.40063127	0.225294147	0.2443382	0.159615145	0.340788204	0.0228155006	0.0216169684	0	94.7	0	0	3
380	327	0	3.40960391	0.223509555	0.245381562	0.159615145	0.340788204	0.0228155006	0.0216169684	0	94.7	0	0	3
381	328	0	3.41857655	0.208640525	0.246257015	0.165422438	0.340788204	0.0228155006	0.0216169684	0	94.7	0	0	3
382	328	0	3.4275492	0.200429474	0.246817976	0.165422438	0.340788204	0.0228155006	0.0216169684	0	94.7	0	0	3
383	329	0	3.43652184	0.183709213	0.247129283	0.165422438	0.340788204	0.0226630975	0.0216169684	0	95.3	0	0	3
384	330	0	3.44549448	0.176894798	0.247229899	0.165422438	0.340788204	0.0220464917	0.0216169684	0	98	0	0	3
385	331	0	3.45446712	0.167748946	0.247271444	0.167739825	0.340788204	0.0208748354	0.0216169684	0	100	0	0	3
386	332	0	3.46343976	0.173451844	0.247373444	0.167748946	0.340788204	0.0192927737	0.0216169684	0	100	0	0	3
387	333	0	3.4724124	0.176803403	0.247514875	0.167748946	0.340788204	0.0174905075	0.0216169684	0	100	0	0	3
388	333	0	3.48138505	0.191734039	0.247719254	0.167748946	0.340788204	0.0155965753	0.0216169684	0	100	0	0	3
389	334	0	3.49035769	0.195192067	0.247862184	0.167748946	0.340788204	0.0137234011	0.0216169684	0	100	0	0	3
390	335	0	3.49933033	0.203137721	0.247914144	0.167748946	0.340788204	0.0119563541	0.0216169684	0	100	0	0	3
391	336	0	3.50830297	0.206557752	0.247917778	0.167748946	0.340788204	0.0103410507	0.0216169684	0	100	0	0	3
392	337	0	3.51727561	0.224691217	0.24802432	0.167748946	0.340788204	0.0088094952	0.0216169684	0	100	0	0	3
393	338	0	3.52624826	0.23031142	0.248213708	0.167748946	0.340788204	0.00744133657	0.0216169684	0	100	0	0	3
394	338	0	3.5352209	0.239951313	0.248375987	0.167748946	0.340788204	0.00752224793	0.0216169684	0	100	0	0	3
395	339	0	3.54419354	0.23573167	0.248383346	0.167748946	0.340788204	0.00752960716	0.0216169684	0	100	0	0	3
396	340	0	3.55316618	0.238865358	0.248219879	0.167748946	0.340788204	0.00752960716	0.0216169684	0	100	0	0	3
397	341	0	3.56213882	0.224467072	0.247607801	0.167748946	0.340788204	0.00752960716	0.0216169684	0	100	0	0	3
398	342	0	3.57111147	0.212660177	0.246542743	0.167748946	0.340788204	0.00752960716	0.0216169684	0	100	0	0	3
399	343	0	3.58008411	0.186772354	0.244839184	0.167748946	0.340788204	0.00752960716	0.0216169684	0	100	0	0	3
400	344	0	3.58905675	0.177432648	0.242612458	0.167748946	0.340788204	0.00752960716	0.0216169684	0	100	0	0	3
401	348	0	3.59802939	0.162917411	0.239996658	0.162917411	0.340788204	0.00838668869	0.0216169684	0	100	0	0	3
402	349	0	3.60700203	0.163937337	0.237142404	0.162917411	0.340788204	0.0112409425	0.0216169684	0	100	0	0	3
403	350	0	3.61597467	0.164697406	0.234341194	0.162917411	0.340788204	0.0140421521	0.0216169684	0	100	0	0	3
404	351	0	3.62494732	0.179577643	0.231700218	0.162917411	0.340788204	0.0166831278	0.0216169684	0	100	0	0	3
405	351	0	3.63391996	0.183571616	0.229137387	0.162917411	0.340788204	0.0192459589	0.0216169684	0	100	0	0	3
406	352	0	3.6428926	0.188491482	0.226479026	0.162917411	0.340788204	0.0219043207	0.0216169684	0	98.6	0	0	3
407	353	0	3.65186524	0.179284504	0.223707221	0.162917411	0.340788204	0.0246761257	0.0216169684	0	87.6	0	0	3
408	354	0	3.66083788	0.176735459	0.220777707	0.162917411	0.327600773	0.027605639	0.0216169684	0	78.3	0	0	3
409	355	0	3.66981053	0.172397931	0.218006228	0.162917411	0.32033863	0.0303771183	0.0216169684	0	71.1	0	0	3
410	356	0	3.67878317	0.174729966	0.215406073	0.162917411	0.29211784	0.0329772731	0.0216169684	0	65.5	0	0	3
411	356	0	3.68775581	0.177451836	0.213358466	0.162917411	0.280064467	0.0350248803	0.0216169684	0	61.7	0	0	3
412	357	0	3.69672845	0.190393901	0.211757206	0.162917411	0.274753856	0.0366261404	0.0216169684	0	59	0	0	3
413	358	0	3.70570109	0.197283414	0.21082586	0.162917411	0.274753856	0.0375574866	0.0216169684	0	57.5	0	0	3
414	359	0	3.71467374	0.208818134	0.210253825	0.162917411	0.274753856	0.0381295208	0.0216169684	0	56.6	0	0	3
415	360	0	3.72364638	0.2109761	0.209978839	0.162917411	0.274753856	0.0384045072	0.0216169684	0	56.2	0	0	3
416	361	0	3.73261902	0.213141426	0.209546816	0.162917411	0.274753856	0.0388365307	0.0216169684	0	55.6	0	0	3
417	361	0	3.74159166	0.200638024	0.208870103	0.162917411	0.274753856	0.0395132429	0.0216169684	0	54.7	0	0	3
418	362	0	3.7505643	0.190142017	0.207602898	0.162917411	0.274753856	0.0407804478	0.0216169684	0	53	0	0	3
419	363	0	3.75953694	0.169275925	0.205850723	0.162917411	0.274753856	0.0425326234	0.0216169684	0	50.8	0	0	3
420	364	0	3.76850959	0.154933521	0.203711074	0.154933521	0.261692935	0.0446722723	0.0216169684	0	48.3	0	0	3
421	365	0	3.77748223	0.136107242	0.201468472	0.136107242	0.256162307	0.0469148739	0.0216169684	0	46	0	0	3
422	366	0	3.78645487	0.133254761	0.199273695	0.133254761	0.239951313	0.0491096515	0.0216169684	0	44	0	0	3
423	366	0	3.79542751	0.12517918	0.197225093	0.12517918	0.239951313	0.0511582537	0.0216169684	0	42.2	0	0	3
424	367	0	3.80440015	0.129903657	0.19530435	0.12517918	0.239951313	0.0530789965	0.0216169684	0	40.7	0	0	3
425	368	0	3.8133728	0.125639227	0.193492817	0.12517918	0.239951313	0.054890529	0.0216169684	0	39.3	0	0	3
426	369	0	3.82234544	0.129746183	0.191672136	0.12517918	0.239951313	0.0567112102	0.0216169684	0	38.1	0	0	3
427	370	0	3.83131808	0.125774845	0.18990565	0.12517918	0.239951313	0.058477696	0.0216169684	0	36.9	0	0	3
428	371	0	3.84029072	0.126506059	0.188091919	0.12517918	0.239951313	0.0602914277	0.0216169684	0	35.8	0	0	3
429	371	0	3.84926336	0.11949461	0.18626382	0.11949461	0.239951313	0.062119526	0.0216169684	0	34.7	0	0	3
430	372	0	3.85823601	0.123273131	0.18448497	0.11949461	0.239951313	0.0638983764	0.0216169684	0	33.8	0	0	3
431	373	0	3.86720865	0.116379941	0.18266157	0.116379941	0.239951313	0.0657217759	0.0216169684	0	32.8	0	0	3
432	374	0	3.87618129	0.122422515	0.180843453	0.116379941	0.239951313	0.0675398938	0.0216169684	0	32	0	0	3
433	375	0	3.88515393	0.123529005	0.179105273	0.116379941	0.239951313	0.0692780733	0.0216169684	0	31.2	0	0	3
434	376	0	3.89412657	0.129010031	0.177314324	0.116379941	0.239951313	0.0710690221	0.0216169684	0	30.4	0	0	3
435	376	0	3.90309921	0.122344872	0.175475944	0.116379941	0.239951313	0.072907402	0.0216169684	0	29.6	0	0	3
436	377	0	3.91207186	0.117726677	0.173586964	0.116379941	0.239951313	0.074796382	0.0216169684	0	28.9	0	0	3
437	378	0	3.9210445	0.103822849	0.17171522	0.103822849	0.239951313	0.0766681262	0.0216169684	0	28.1	0	0	3
438	379	0	3.93001714	0.102181804	0.169960797	0.102181804	0.239951313	0.0784225489	0.0216169684	0	27.5	0	0	3
439	380	0	3.93898978	0.103812472	0.16853407	0.102181804	0.239951313	0.0798492764	0.0216169684	0	27	0	0	3
440	381	0	3.94796242	0.115227839	0.167432874	0.102181804	0.239951313	0.0809504721	0.0216169684	0	26.7	0	0	3
441	381	0	3.95693507	0.11482266	0.166487762	0.102181804	0.239951313	0.0818955843	0.0216169684	0	26.3	0	0	3
442	382	0	3.96590771	0.118394894	0.165504602	0.102181804	0.239951313	0.0828787441	0.0216169684	0	26	0	0	3
443	383	0	3.97488035	0.106836001	0.164255184	0.102181804	0.239951313	0.084128162	0.0216169684	0	25.6	0	0	3
444	384	0	3.98385299	0.101236292	0.162639153	0.101236292	0.239951313	0.0857441932	0.0216169684	0	25.2	0	0	3
445	385	0	3.99282563	0.0859810965	0.160688957	0.0859810965	0.239951313	0.0876943891	0.0216169684	0	24.6	0	0	3
446	386	0	4.00179828	0.0819786726	0.158525403	0.0819786726	0.239951313	0.0898579435	0.0216169684	0	24	0	0	3
