Iteration	CPUTime	PhysTime	Travels	Value	AvValue	MinValue	MaxValue	Delta	Criteria	PrevAvRefValue	Progress	CriteriaType	CriteriaVarType	CriteriaPercentage
1	5	0	0.00897264187	293.200049	293.200049	293.200049	293.200049	0	0	0	0	0	0	3
2	6	0	0.0179452837	293.200061	293.200055	293.200049	293.200061	5.97467744e-06	0	0	0	0	0	3
3	7	0	0.0269179256	293.200076	293.200062	293.200049	293.200076	1.31064444e-05	0	0	0	0	0	3
4	8	0	0.0358905675	293.200082	293.200067	293.200049	293.200082	1.81027225e-05	0	0	0	0	0	3
5	9	0	0.0448632094	293.200089	293.200071	293.200049	293.200089	2.24512398e-05	0	0	0	0	0	3
6	9	0	0.0538358512	293.200097	293.200076	293.200049	293.200097	2.67957746e-05	0	0	0	0	0	3
7	10	0	0.0628084931	293.200112	293.200081	293.200049	293.200112	3.19962182e-05	0	0	0	0	0	3
8	11	0	0.071781135	293.200123	293.200086	293.200049	293.200123	3.72751951e-05	0	0	0	0	0	3
9	12	0	0.0807537769	293.200138	293.200092	293.200049	293.200138	4.300822e-05	0	0	0	0	0	3
10	12	0	0.0897264187	293.200148	293.200098	293.200049	293.200148	4.86633969e-05	0	0	0	0	0	3
11	13	0	0.0986990606	293.200169	293.200104	293.200049	293.200169	5.51534536e-05	0	0	0	0	0	3
12	14	0	0.107671702	293.200186	293.200111	293.200049	293.200186	6.19460344e-05	0	0	0	0	0	3
13	15	0	0.116644344	293.200204	293.200118	293.200049	293.200204	6.91498614e-05	0	0	0	0	0	3
14	15	0	0.125616986	293.200221	293.200125	293.200049	293.200221	7.65126538e-05	0	0	0	0	0	3
15	16	0	0.134589628	293.200239	293.200133	293.200049	293.200239	8.41026097e-05	0	0	0	0	0	3
16	17	0	0.14356227	293.200264	293.200141	293.200049	293.200264	9.22976312e-05	0	0	0	0	0	3
17	18	0	0.152534912	293.20029	293.20015	293.200049	293.20029	0.000101039366	0	0	0	0	0	3
18	18	0	0.161507554	293.200314	293.200159	293.200049	293.200314	0.000110164883	0	0	0	0	0	3
19	19	0	0.170480196	293.200339	293.200169	293.200049	293.200339	0.000119620778	0	0	0	0	0	3
20	20	0	0.179452837	293.200362	293.200178	293.200049	293.200362	0.000129310357	0	0	0	0	0	3
21	21	0	0.188425479	293.200397	293.200189	293.200049	293.200397	0.000139738699	0	0	0	0	0	3
22	21	0	0.197398121	293.200431	293.2002	293.200049	293.200431	0.00015074653	0	0	0	0	0	3
23	22	0	0.206370763	293.200463	293.200211	293.200049	293.200463	0.000162196753	0	0	0	0	0	3
24	23	0	0.215343405	293.200494	293.200223	293.200049	293.200494	0.000173980163	0	0	0	0	0	3
25	24	0	0.224316047	293.200523	293.200235	293.200049	293.200523	0.000185985609	0	0	0	0	0	3
26	25	0	0.233288689	293.200563	293.200247	293.200049	293.200563	0.000198599395	0	0	0	0	0	3
27	25	0	0.242261331	293.200598	293.20026	293.200049	293.200598	0.000211587003	0	0	0	0	0	3
28	26	0	0.251233972	293.200629	293.200274	293.200049	293.200629	0.000224753453	0	0	0	0	0	3
29	27	0	0.260206614	293.200655	293.200287	293.200049	293.200655	0.000237918364	0	0	0	0	0	3
30	28	0	0.269179256	293.200677	293.2003	293.200049	293.200677	0.00025093575	0	0	0	0	0	3
31	29	0	0.278151898	293.200701	293.200313	293.200049	293.200701	0.00026387216	0	0	0	0	0	3
32	29	0	0.28712454	293.200717	293.200325	293.200049	293.200717	0.000276513498	0	0	0	0	0	3
33	30	0	0.296097182	293.200727	293.200338	293.200049	293.200727	0.000288689207	0	0	0	0	0	3
34	31	0	0.305069824	293.200733	293.200349	293.200049	293.200733	0.000300304469	0	0	0	0	0	3
35	32	0	0.314042466	293.200735	293.20036	293.200049	293.200735	0.000311335977	0	0	0	0	0	3
36	33	0	0.323015107	293.200738	293.200371	293.200049	293.200738	0.000321841678	0	0	0	0	0	3
37	33	0	0.331987749	293.200744	293.200381	293.200049	293.200744	0.000331925958	0	0	0	0	0	3
38	34	0	0.340960391	293.200752	293.200391	293.200049	293.200752	0.000341689314	0	0	0	0	0	3
39	35	0	0.349933033	293.200763	293.2004	293.200049	293.200763	0.00035123986	0	0	0	0	0	3
40	36	0	0.358905675	293.200777	293.20041	293.200049	293.200777	0.000360654459	0	0	0	0	0	3
41	37	0	0.367878317	293.200799	293.200419	293.200049	293.200799	0.000370146358	0	0	0	0	0	3
42	37	0	0.376850959	293.200821	293.200429	293.200049	293.200821	0.000379721533	0	0	0	0	0	3
43	38	0	0.385823601	293.200842	293.200438	293.200049	293.200842	0.000389330326	0	0	0	0	0	3
44	39	0	0.394796242	293.200859	293.200448	293.200049	293.200859	0.000398883453	0	0	0	0	0	3
45	40	0	0.403768884	293.200873	293.200457	293.200049	293.200873	0.000408327112	0	0	0	0	0	3
46	41	0	0.412741526	293.200885	293.200467	293.200049	293.200885	0.000417620927	0	0	0	0	0	3
47	41	0	0.421714168	293.200895	293.200476	293.200049	293.200895	0.000426732188	0	0	0	0	0	3
48	42	0	0.43068681	293.200903	293.200485	293.200049	293.200903	0.000435645836	0	0	0	0	0	3
49	43	0	0.439659452	293.20091	293.200493	293.200049	293.20091	0.00044433878	0	0	0	0	0	3
50	44	0	0.448632094	293.200916	293.200502	293.200049	293.200916	0.000452801951	0	0	0	0	0	3
51	45	0	0.457604736	293.200922	293.20051	293.200049	293.200922	0.00046104656	0	0	0	0	0	3
52	45	0	0.466577377	293.200928	293.200518	293.200049	293.200928	0.00046909432	0	0	0	0	0	3
53	46	0	0.475550019	293.200934	293.200526	293.200049	293.200934	0.000476946231	0	0	0	0	0	3
54	47	0	0.484522661	293.200939	293.200533	293.200049	293.200939	0.000484596856	0	0	0	0	0	3
55	48	0	0.493495303	293.200943	293.200541	293.200049	293.200943	0.000492039977	0	0	0	0	0	3
56	49	0	0.502467945	293.200946	293.200548	293.200049	293.200946	0.000499268379	0	0	0	0	0	3
57	49	0	0.511440587	293.200947	293.200564	293.200061	293.200947	0.000509339995	0	0	0	0	0	3
58	50	0	0.520413229	293.200948	293.20058	293.200076	293.200948	0.000518053868	0	0	0	0	0	3
59	51	0	0.529385871	293.200948	293.200596	293.200082	293.200948	0.000528622415	0	0	0	0	0	3
60	52	0	0.538358512	293.200947	293.200611	293.200089	293.200948	0.000539717325	0	0	0	0	0	3
61	53	0	0.547331154	293.200945	293.200626	293.200097	293.200948	0.000550670153	0	0	0	0	0	3
62	53	0	0.556303796	293.200945	293.200641	293.200112	293.200948	0.000560599635	0	0	0	0	0	3
63	54	0	0.565276438	293.200944	293.200656	293.200123	293.200948	0.000570177495	0	0	0	0	0	3
64	55	0	0.57424908	293.200943	293.200671	293.200138	293.200948	0.000579093038	0	0	0	0	0	3
65	56	0	0.583221722	293.200942	293.200685	293.200148	293.200948	0.0005877979	0	0	0	0	0	3
66	57	0	0.592194364	293.200942	293.2007	293.200169	293.200948	0.000595470154	0	0	0	0	0	3
67	57	0	0.601167005	293.200941	293.200713	293.200186	293.200948	0.000602468806	0	0	0	0	0	3
68	58	0	0.610139647	293.200941	293.200727	293.200204	293.200948	0.000608752853	0	0	0	0	0	3
69	59	0	0.619112289	293.200941	293.20074	293.200221	293.200948	0.000614540713	0	0	0	0	0	3
70	60	0	0.628084931	293.20094	293.200753	293.200239	293.200948	0.000619781607	0	0	0	0	0	3
71	60	0	0.637057573	293.200938	293.200765	293.200264	293.200948	0.000624068567	0	0	0	0	0	3
72	61	0	0.646030215	293.200935	293.200777	293.20029	293.200948	0.000627314006	0	0	0	0	0	3
73	62	0	0.655002857	293.200934	293.200789	293.200314	293.200948	0.000629690944	0	0	0	0	0	3
74	63	0	0.663975499	293.200933	293.2008	293.200339	293.200948	0.000609478321	0	0	0	0	0	3
75	64	0	0.67294814	293.200934	293.20081	293.200362	293.200948	0.000585892832	0	0	0	0	0	3
76	64	0	0.681920782	293.200935	293.200821	293.200397	293.200948	0.000550999654	0	0	0	0	0	3
77	65	0	0.690893424	293.200937	293.20083	293.200431	293.200948	0.000517394234	0	0	0	0	0	3
78	66	0	0.699866066	293.200937	293.200839	293.200463	293.200948	0.000485203534	0	0	0	0	0	3
79	67	0	0.708838708	293.200936	293.200848	293.200494	293.200948	0.0004543066	0	0	0	0	0	3
80	68	0	0.71781135	293.200935	293.200856	293.200523	293.200948	0.000425188888	0	0	0	0	0	3
81	68	0	0.726783992	293.200935	293.200863	293.200563	293.200948	0.000385361147	0	0	0	0	0	3
82	69	0	0.735756634	293.200937	293.20087	293.200598	293.200948	0.000350040395	0	0	0	0	0	3
83	70	0	0.744729275	293.200939	293.200876	293.200629	293.200948	0.0003190576	0	0	0	0	0	3
84	71	0	0.753701917	293.200941	293.200881	293.200655	293.200948	0.000292769323	0	0	0	0	0	3
85	72	0	0.762674559	293.200943	293.200887	293.200677	293.200948	0.000270865272	0	0	0	0	0	3
86	72	0	0.771647201	293.200944	293.200891	293.200701	293.200948	0.000247340717	0	0	0	0	0	3
87	73	0	0.780619843	293.200946	293.200896	293.200717	293.200948	0.000230910232	0	0	0	0	0	3
88	74	0	0.789592485	293.200947	293.2009	293.200727	293.200948	0.000220993312	0	0	0	0	0	3
89	75	0	0.798565127	293.200947	293.200904	293.200733	293.200948	0.000215697073	0	0	0	0	0	3
90	76	0	0.807537769	293.200947	293.200908	293.200735	293.200948	0.000212897949	0	0	0	0	0	3
91	76	0	0.81651041	293.200948	293.200911	293.200738	293.200948	0.000209764	0	0	0	0	0	3
92	77	0	0.825483052	293.200948	293.200915	293.200744	293.200948	0.000204345145	0	0	0	0	0	3
93	78	0	0.834455694	293.200949	293.200919	293.200752	293.200949	0.000197061501	0	0	0	0	0	3
94	79	0	0.843428336	293.200949	293.200922	293.200763	293.200949	0.000186170351	0	0	0	0	0	3
95	80	0	0.852400978	293.20095	293.200926	293.200777	293.20095	0.000173688018	0	0	0	0	0	3
96	80	0	0.86137362	293.200952	293.200929	293.200799	293.200952	0.000153269329	0	0	0	0	0	3
97	81	0	0.870346262	293.200953	293.200931	293.200821	293.200953	0.000132003837	0	0	0	0	0	3
98	82	0	0.879318904	293.200953	293.200934	293.200842	293.200953	0.00011152114	0	0	0	0	0	3
99	83	0	0.888291545	293.200953	293.200936	293.200859	293.200953	9.47528356e-05	0	0	0	0	0	3
100	84	0	0.897264187	293.20095	293.200937	293.200873	293.200953	8.05726103e-05	0	0	0	0	0	3
101	89	0	0.906236829	293.200948	293.200939	293.200885	293.200953	6.85781307e-05	0	0	0	0	0	3
102	90	0	0.915209471	293.200944	293.20094	293.200895	293.200953	5.85705549e-05	0	0	0	0	0	3
103	90	0	0.924182113	293.200942	293.200941	293.200903	293.200953	4.98334562e-05	0	0	0	0	0	3
104	91	0	0.933154755	293.200941	293.200941	293.20091	293.200953	4.28206456e-05	0	0	0	0	0	3
105	92	0	0.942127397	293.20094	293.200942	293.200916	293.200953	3.69234123e-05	0	0	0	0	0	3
106	93	0	0.951100039	293.20094	293.200942	293.200922	293.200953	3.11437682e-05	0	0	0	0	0	3
107	94	0	0.96007268	293.200939	293.200943	293.200928	293.200953	2.48906314e-05	0	0	0	0	0	3
108	94	0	0.969045322	293.200936	293.200943	293.200933	293.200953	2.00234555e-05	0	0	0	0	0	3
109	95	0	0.978017964	293.200933	293.200943	293.200933	293.200953	2.04403729e-05	0	0	0	0	0	3
110	96	0	0.986990606	293.20093	293.200943	293.20093	293.200953	2.31221679e-05	0	0	0	0	0	3
111	97	0	0.995963248	293.200928	293.200942	293.200928	293.200953	2.53613417e-05	0	0	0	0	0	3
112	98	0	1.00493589	293.200928	293.200942	293.200928	293.200953	2.57353143e-05	2.6311523e-05	0	0	0	0	3
113	98	0	1.01390853	293.200928	293.200942	293.200928	293.200953	2.57353143e-05	2.6311523e-05	0	0	0	0	3
114	99	0	1.02288117	293.200928	293.200941	293.200928	293.200953	2.57353143e-05	2.6311523e-05	0	0	0	0	3
115	100	0	1.03185382	293.200928	293.200941	293.200928	293.200953	2.57467875e-05	2.6311523e-05	0	0	0	0	3
116	101	0	1.04082646	293.200926	293.200941	293.200926	293.200953	2.72142512e-05	2.6311523e-05	0	0	0	0	3
117	102	0	1.0497991	293.200924	293.20094	293.200924	293.200953	2.96496725e-05	2.6311523e-05	0	0	0	0	3
118	103	0	1.05877174	293.200921	293.20094	293.200921	293.200953	3.27804931e-05	2.6311523e-05	0	0	0	0	3
119	103	0	1.06774438	293.200918	293.200939	293.200918	293.200953	3.49932403e-05	2.6311523e-05	0	0	0	0	3
120	104	0	1.07671702	293.200917	293.200939	293.200917	293.200953	3.65635284e-05	2.6311523e-05	0	0	0	0	3
121	105	0	1.08568967	293.200915	293.200938	293.200915	293.200953	3.79265048e-05	2.6311523e-05	0	0	0	0	3
122	106	0	1.09466231	293.200914	293.200938	293.200914	293.200953	3.92762398e-05	2.6311523e-05	0	0	0	0	3
123	107	0	1.10363495	293.200914	293.200937	293.200914	293.200953	3.96358762e-05	2.6311523e-05	0	0	0	0	3
124	107	0	1.11260759	293.200913	293.200937	293.200913	293.200953	4.03129732e-05	2.6311523e-05	0	0	0	0	3
125	108	0	1.12158023	293.200912	293.200936	293.200912	293.200953	4.08231554e-05	2.6311523e-05	0	0	0	0	3
126	109	0	1.13055288	293.200912	293.200936	293.200912	293.200953	4.09465995e-05	2.6311523e-05	0	0	0	0	3
127	110	0	1.13952552	293.200911	293.200935	293.200911	293.200953	4.20099794e-05	2.6311523e-05	0	0	0	0	3
128	111	0	1.14849816	293.20091	293.200935	293.20091	293.200953	4.30537277e-05	2.6311523e-05	0	0	0	0	3
129	111	0	1.1574708	293.200909	293.200934	293.200909	293.200953	4.42299767e-05	2.6311523e-05	0	0	0	0	3
130	112	0	1.16644344	293.200909	293.200934	293.200909	293.200953	4.46019731e-05	2.6311523e-05	0	0	0	0	3
131	113	0	1.17541609	293.200908	293.200934	293.200908	293.200953	4.53293051e-05	2.6311523e-05	0	0	0	0	3
132	114	0	1.18438873	293.200908	293.200933	293.200908	293.200953	4.53293051e-05	2.6311523e-05	0	0	0	0	3
133	115	0	1.19336137	293.200909	293.200933	293.200908	293.200953	4.53293051e-05	2.6311523e-05	0	0	0	0	3
134	115	0	1.20233401	293.200911	293.200932	293.200908	293.200953	4.53293051e-05	2.6311523e-05	0	0	0	0	3
135	116	0	1.21130665	293.200914	293.200932	293.200908	293.200953	4.53293051e-05	2.6311523e-05	0	0	0	0	3
136	117	0	1.22027929	293.200917	293.200931	293.200908	293.200953	4.53293051e-05	2.6311523e-05	0	0	0	0	3
137	118	0	1.22925194	293.20092	293.200931	293.200908	293.200953	4.53293051e-05	2.6311523e-05	0	0	0	0	3
138	119	0	1.23822458	293.200923	293.200931	293.200908	293.200953	4.53293051e-05	2.6311523e-05	0	0	0	0	3
139	119	0	1.24719722	293.200926	293.200931	293.200908	293.200953	4.53293051e-05	2.6311523e-05	0	0	0	0	3
140	120	0	1.25616986	293.200927	293.20093	293.200908	293.200953	4.53293051e-05	2.6311523e-05	0	0	0	0	3
141	121	0	1.2651425	293.200928	293.20093	293.200908	293.200953	4.53293051e-05	2.6311523e-05	0	0	0	0	3
142	122	0	1.27411515	293.200928	293.20093	293.200908	293.200953	4.53293051e-05	2.6311523e-05	0	0	0	0	3
143	123	0	1.28308779	293.20093	293.20093	293.200908	293.200953	4.29891303e-05	2.6311523e-05	0	0	0	0	3
144	123	0	1.29206043	293.200931	293.200929	293.200908	293.200953	3.90616943e-05	2.6311523e-05	0	0	0	0	3
145	124	0	1.30103307	293.200933	293.200929	293.200908	293.200953	3.52236284e-05	2.6311523e-05	0	0	0	0	3
146	125	0	1.31000571	293.200935	293.200929	293.200908	293.200953	3.14240139e-05	2.6311523e-05	0	0	0	0	3
147	126	0	1.31897836	293.200937	293.200929	293.200908	293.200953	2.76830223e-05	2.6311523e-05	0	0	0	0	3
148	126	0	1.327951	293.200937	293.200928	293.200908	293.200953	2.40216845e-05	2.6311523e-05	0	0	0	0	3
149	127	0	1.33692364	293.200937	293.200928	293.200908	293.200953	2.04967287e-05	2.6311523e-05	0	0	0	0	3
150	128	0	1.34589628	293.200935	293.200928	293.200908	293.200953	1.71511721e-05	2.6311523e-05	0	0	0	0	3
151	129	0	1.35486892	293.200934	293.200928	293.200908	293.200953	1.51605883e-05	2.6311523e-05	0	0	0	0	3
152	130	0	1.36384156	293.200932	293.200927	293.200908	293.200953	1.55177328e-05	2.6311523e-05	0	0	0	0	3
153	131	0	1.37281421	293.200932	293.200927	293.200908	293.200953	1.58883381e-05	2.6311523e-05	0	0	0	0	3
154	131	0	1.38178685	293.200933	293.200926	293.200908	293.200953	1.6253946e-05	2.6311523e-05	0	0	0	0	3
155	132	0	1.39075949	293.200935	293.200926	293.200908	293.20095	1.65644506e-05	2.6311523e-05	0	0	0	0	3
156	133	0	1.39973213	293.200937	293.200926	293.200908	293.200948	1.67888853e-05	2.6311523e-05	0	0	0	0	3
157	134	0	1.40870477	293.20094	293.200926	293.200908	293.200944	1.69325804e-05	2.6311523e-05	0	0	0	0	3
158	135	0	1.41767742	293.200941	293.200926	293.200908	293.200942	1.69958859e-05	2.6311523e-05	0	0	0	0	3
159	135	0	1.42665006	293.200941	293.200926	293.200908	293.200941	1.70172958e-05	2.6311523e-05	0	0	0	0	3
160	136	0	1.4356227	293.200941	293.200926	293.200908	293.200941	1.70172958e-05	2.6311523e-05	0	0	0	0	3
161	137	0	1.44459534	293.200942	293.200926	293.200908	293.200942	1.70172958e-05	2.6311523e-05	0	0	0	0	3
162	138	0	1.45356798	293.200941	293.200926	293.200908	293.200942	1.70172958e-05	2.6311523e-05	0	0	0	0	3
163	139	0	1.46254063	293.20094	293.200926	293.200908	293.200942	1.70172958e-05	2.6311523e-05	0	0	0	0	3
164	139	0	1.47151327	293.200937	293.200926	293.200908	293.200942	1.69947027e-05	2.6311523e-05	0	0	0	0	3
165	140	0	1.48048591	293.200934	293.200926	293.200908	293.200942	1.68378921e-05	2.6311523e-05	0	0	0	0	3
166	141	0	1.48945855	293.20093	293.200926	293.200908	293.200942	1.65716583e-05	2.6311523e-05	0	0	0	0	3
167	142	0	1.49843119	293.200928	293.200926	293.200908	293.200942	1.62476393e-05	2.6311523e-05	0	0	0	0	3
168	143	0	1.50740383	293.200927	293.200926	293.200908	293.200942	1.58998528e-05	2.6311523e-05	0	0	0	0	3
169	143	0	1.51637648	293.200927	293.200926	293.200908	293.200942	1.55396315e-05	2.6311523e-05	0	0	0	0	3
170	144	0	1.52534912	293.200929	293.200926	293.200908	293.200942	1.51766635e-05	2.6311523e-05	0	0	0	0	3
171	145	0	1.53432176	293.20093	293.200926	293.200908	293.200942	1.48067168e-05	2.6311523e-05	0	0	0	0	3
172	146	0	1.5432944	293.20093	293.200926	293.200908	293.200942	1.44187422e-05	2.6311523e-05	0	0	0	0	3
173	147	0	1.55226704	293.200929	293.200926	293.200908	293.200942	1.39874209e-05	2.6311523e-05	0	0	0	0	3
174	147	0	1.56123969	293.200927	293.200926	293.200908	293.200942	1.3527524e-05	2.6311523e-05	0	0	0	0	3
175	148	0	1.57021233	293.200926	293.200926	293.200908	293.200942	1.30509052e-05	2.6311523e-05	0	0	0	0	3
176	149	0	1.57918497	293.200924	293.200926	293.200908	293.200942	1.25769704e-05	2.6311523e-05	0	0	0	0	3
177	150	0	1.58815761	293.200924	293.200927	293.200908	293.200942	1.20858114e-05	2.6311523e-05	0	0	0	0	3
178	151	0	1.59713025	293.200922	293.200927	293.200908	293.200942	1.15933436e-05	2.6311523e-05	0	0	0	0	3
179	152	0	1.6061029	293.200921	293.200927	293.200908	293.200942	1.10955298e-05	2.6311523e-05	0	0	0	0	3
180	152	0	1.61507554	293.200919	293.200927	293.200908	293.200942	1.05877668e-05	2.6311523e-05	0	0	0	0	3
181	153	0	1.62404818	293.200916	293.200927	293.200908	293.200942	1.01005808e-05	2.6311523e-05	0	0	0	0	3
182	154	0	1.63302082	293.200913	293.200927	293.200908	293.200942	9.61947006e-06	2.6311523e-05	0	0	0	0	3
183	155	0	1.64199346	293.200911	293.200927	293.200908	293.200942	9.17058293e-06	2.6311523e-05	0	0	0	0	3
184	156	0	1.6509661	293.200909	293.200927	293.200908	293.200942	8.72676441e-06	2.6311523e-05	0	0	0	0	3
185	157	0	1.65993875	293.200908	293.200927	293.200908	293.200942	8.28786233e-06	2.6311523e-05	0	0	0	0	3
186	157	0	1.66891139	293.200908	293.200927	293.200908	293.200942	7.81871705e-06	2.6311523e-05	0	0	0	0	3
187	158	0	1.67788403	293.200908	293.200927	293.200908	293.200942	7.33667423e-06	2.6311523e-05	0	0	0	0	3
188	159	0	1.68685667	293.200908	293.200927	293.200908	293.200942	6.84485281e-06	2.6311523e-05	0	0	0	0	3
189	160	0	1.69582931	293.200907	293.200927	293.200907	293.200942	6.38475149e-06	2.6311523e-05	0	0	0	0	3
190	160	0	1.70480196	293.200907	293.200927	293.200907	293.200942	5.989003e-06	2.6311523e-05	0	0	0	0	3
191	161	0	1.7137746	293.200908	293.200927	293.200907	293.200942	5.65412262e-06	2.6311523e-05	0	0	0	0	3
192	162	0	1.72274724	293.200909	293.200927	293.200907	293.200942	5.38060544e-06	2.6311523e-05	0	0	0	0	3
193	163	0	1.73171988	293.20091	293.200926	293.200907	293.200942	5.13064816e-06	2.6311523e-05	0	0	0	0	3
194	164	0	1.74069252	293.200912	293.200926	293.200907	293.200942	4.89363384e-06	2.6311523e-05	0	0	0	0	3
195	164	0	1.74966517	293.200912	293.200926	293.200907	293.200942	4.64033945e-06	2.6311523e-05	0	0	0	0	3
196	165	0	1.75863781	293.200913	293.200926	293.200907	293.200942	4.36835091e-06	2.6311523e-05	0	0	0	0	3
197	166	0	1.76761045	293.200913	293.200925	293.200907	293.200942	4.32956381e-06	2.6311523e-05	0	0	0	0	3
198	167	0	1.77658309	293.200914	293.200925	293.200907	293.200942	4.30607497e-06	2.6311523e-05	0	0	0	0	3
199	168	0	1.78555573	293.200914	293.200925	293.200907	293.200942	4.2959461e-06	2.6311523e-05	0	0	0	0	3
200	168	0	1.79452837	293.200915	293.200925	293.200907	293.200942	4.32330575e-06	2.6311523e-05	0	0	0	0	3
201	173	0	1.80350102	293.200916	293.200924	293.200907	293.200942	4.40403892e-06	2.6311523e-05	0	0	0	0	3
202	174	0	1.81247366	293.200916	293.200924	293.200907	293.200942	4.53085278e-06	2.6311523e-05	0	0	0	0	3
203	175	0	1.8214463	293.200917	293.200924	293.200907	293.200942	4.69707453e-06	2.6311523e-05	0	0	0	0	3
204	176	0	1.83041894	293.200916	293.200923	293.200907	293.200942	4.851678e-06	2.6311523e-05	0	0	0	0	3
205	177	0	1.83939158	293.200916	293.200923	293.200907	293.200942	4.97199642e-06	2.6311523e-05	0	0	0	0	3
206	177	0	1.84836423	293.200916	293.200923	293.200907	293.200942	4.99791065e-06	2.6311523e-05	0	0	0	0	3
207	178	0	1.85733687	293.200916	293.200922	293.200907	293.200942	4.94583145e-06	2.6311523e-05	0	0	0	0	3
208	179	0	1.86630951	293.200917	293.200922	293.200907	293.200942	5.02500689e-06	2.6311523e-05	0	0	0	0	3
209	180	0	1.87528215	293.200918	293.200922	293.200907	293.200942	5.2856517e-06	2.6311523e-05	0	0	0	0	3
210	181	0	1.88425479	293.200919	293.200922	293.200907	293.200942	5.52488558e-06	2.6311523e-05	0	0	0	0	3
211	182	0	1.89322744	293.200921	293.200921	293.200907	293.200942	5.76909201e-06	2.6311523e-05	0	0	0	0	3
212	182	0	1.90220008	293.200923	293.200921	293.200907	293.200942	6.01738822e-06	2.6311523e-05	0	0	0	0	3
213	183	0	1.91117272	293.200926	293.200921	293.200907	293.200942	6.25845814e-06	2.6311523e-05	0	0	0	0	3
214	184	0	1.92014536	293.200927	293.200921	293.200907	293.200942	6.49769083e-06	2.6311523e-05	0	0	0	0	3
215	185	0	1.929118	293.20093	293.20092	293.200907	293.200942	6.69776563e-06	2.6311523e-05	0	0	0	0	3
216	186	0	1.93809064	293.200931	293.20092	293.200907	293.200942	6.86858215e-06	2.6311523e-05	0	0	0	0	3
217	186	0	1.94706329	293.200935	293.20092	293.200907	293.200941	6.9900309e-06	2.6311523e-05	0	0	0	0	3
218	187	0	1.95603593	293.200937	293.20092	293.200907	293.20094	7.0651094e-06	2.6311523e-05	0	0	0	0	3
219	188	0	1.96500857	293.200939	293.20092	293.200907	293.200939	7.08721717e-06	2.6311523e-05	0	0	0	0	3
220	189	0	1.97398121	293.200939	293.20092	293.200907	293.200939	7.08721717e-06	2.6311523e-05	0	0	0	0	3
221	190	0	1.98295385	293.200938	293.20092	293.200907	293.200939	7.08721717e-06	2.6311523e-05	0	0	0	0	3
222	190	0	1.9919265	293.200937	293.20092	293.200907	293.200939	7.08721717e-06	2.6311523e-05	0	0	0	0	3
223	191	0	2.00089914	293.200934	293.20092	293.200907	293.200939	7.08721717e-06	2.6311523e-05	0	0	0	0	3
224	192	0	2.00987178	293.200932	293.20092	293.200907	293.200939	7.08721717e-06	2.6311523e-05	0	0	0	0	3
225	193	0	2.01884442	293.20093	293.20092	293.200907	293.200939	7.08721717e-06	2.6311523e-05	0	0	0	0	3
226	194	0	2.02781706	293.200929	293.20092	293.200907	293.200939	7.08721717e-06	2.6311523e-05	0	0	0	0	3
227	194	0	2.03678971	293.200929	293.20092	293.200907	293.200939	7.08721717e-06	2.6311523e-05	0	0	0	0	3
228	195	0	2.04576235	293.20093	293.20092	293.200907	293.200939	7.08721717e-06	2.6311523e-05	0	0	0	0	3
229	196	0	2.05473499	293.20093	293.20092	293.200907	293.200939	7.08721717e-06	2.6311523e-05	0	0	0	0	3
230	197	0	2.06370763	293.200931	293.20092	293.200907	293.200939	7.08721717e-06	2.6311523e-05	0	0	0	0	3
231	198	0	2.07268027	293.200931	293.200921	293.200907	293.200939	7.08721717e-06	2.6311523e-05	0	0	0	0	3
232	198	0	2.08165291	293.200931	293.200921	293.200907	293.200939	7.08721717e-06	2.6311523e-05	0	0	0	0	3
233	199	0	2.09062556	293.200931	293.200921	293.200907	293.200939	7.08721717e-06	2.6311523e-05	0	0	0	0	3
234	200	0	2.0995982	293.20093	293.200921	293.200907	293.200939	7.08721717e-06	2.6311523e-05	0	0	0	0	3
235	201	0	2.10857084	293.20093	293.200921	293.200907	293.200939	7.08721717e-06	2.6311523e-05	0	0	0	0	3
236	202	0	2.11754348	293.200929	293.200921	293.200907	293.200939	7.08721717e-06	2.6311523e-05	0	0	0	0	3
237	203	0	2.12651612	293.200928	293.200922	293.200907	293.200939	7.08721717e-06	2.6311523e-05	0	0	0	0	3
238	203	0	2.13548877	293.200927	293.200922	293.200907	293.200939	7.0848443e-06	2.6311523e-05	0	0	0	0	3
239	204	0	2.14446141	293.200926	293.200922	293.200907	293.200939	7.06584353e-06	2.6311523e-05	0	0	0	0	3
240	205	0	2.15343405	293.200925	293.200922	293.200907	293.200939	7.05258816e-06	2.6311523e-05	0	0	0	0	3
241	206	0	2.16240669	293.200924	293.200923	293.200907	293.200939	7.03570248e-06	2.6311523e-05	0	0	0	0	3
242	207	0	2.17137933	293.200923	293.200923	293.200907	293.200939	7.02920642e-06	2.6311523e-05	0	0	0	0	3
243	207	0	2.18035198	293.200923	293.200923	293.200907	293.200939	7.02082065e-06	2.6311523e-05	0	0	0	0	3
244	208	0	2.18932462	293.200923	293.200923	293.200907	293.200939	6.98897668e-06	2.6311523e-05	0	0	0	0	3
245	209	0	2.19829726	293.200924	293.200924	293.200907	293.200939	6.92470752e-06	2.6311523e-05	0	0	0	0	3
246	210	0	2.2072699	293.200923	293.200924	293.200908	293.200939	6.81177585e-06	2.6311523e-05	0	0	0	0	3
247	211	0	2.21624254	293.200923	293.200924	293.200909	293.200939	6.66796848e-06	2.6311523e-05	0	0	0	0	3
248	211	0	2.22521518	293.200922	293.200925	293.20091	293.200939	6.48656703e-06	2.6311523e-05	0	0	0	0	3
249	212	0	2.23418783	293.200921	293.200925	293.200912	293.200939	6.2846799e-06	2.6311523e-05	0	0	0	0	3
250	213	0	2.24316047	293.200921	293.200925	293.200912	293.200939	6.04370928e-06	2.6311523e-05	0	0	0	0	3
251	214	0	2.25213311	293.20092	293.200925	293.200913	293.200939	5.79331311e-06	2.6311523e-05	0	0	0	0	3
252	215	0	2.26110575	293.20092	293.200925	293.200913	293.200939	5.5339296e-06	2.6311523e-05	0	0	0	0	3
253	215	0	2.27007839	293.200921	293.200925	293.200914	293.200939	5.36026613e-06	2.6311523e-05	0	0	0	0	3
254	216	0	2.27905104	293.200921	293.200925	293.200914	293.200939	5.48640446e-06	2.6311523e-05	0	0	0	0	3
255	217	0	2.28802368	293.200921	293.200926	293.200915	293.200939	5.61710203e-06	2.6311523e-05	0	0	0	0	3
256	218	0	2.29699632	293.200922	293.200926	293.200916	293.200939	5.74473029e-06	2.6311523e-05	0	0	0	0	3
257	219	0	2.30596896	293.200922	293.200926	293.200916	293.200939	5.8625443e-06	2.6311523e-05	0	0	0	0	3
258	220	0	2.3149416	293.200923	293.200926	293.200916	293.200939	5.97299299e-06	2.6311523e-05	0	0	0	0	3
259	220	0	2.32391425	293.200923	293.200926	293.200916	293.200939	6.08574823e-06	2.6311523e-05	0	0	0	0	3
260	221	0	2.33288689	293.200923	293.200926	293.200916	293.200939	6.20191901e-06	2.6311523e-05	0	0	0	0	3
261	222	0	2.34185953	293.200923	293.200926	293.200916	293.200939	6.33027207e-06	2.6311523e-05	0	0	0	0	3
262	223	0	2.35083217	293.200922	293.200926	293.200916	293.200939	6.43496151e-06	2.6311523e-05	0	0	0	0	3
263	224	0	2.35980481	293.200922	293.200926	293.200917	293.200939	6.53555077e-06	2.6311523e-05	0	0	0	0	3
264	224	0	2.36877745	293.200921	293.200927	293.200918	293.200939	6.6151826e-06	2.6311523e-05	0	0	0	0	3
265	225	0	2.3777501	293.20092	293.200927	293.200919	293.200939	6.66177596e-06	2.6311523e-05	0	0	0	0	3
266	226	0	2.38672274	293.200919	293.200927	293.200919	293.200939	6.66248036e-06	2.6311523e-05	0	0	0	0	3
267	227	0	2.39569538	293.200919	293.200927	293.200919	293.200939	6.66248036e-06	2.6311523e-05	0	0	0	0	3
268	228	0	2.40466802	293.200918	293.200926	293.200918	293.200939	6.66248036e-06	2.6311523e-05	0	0	0	0	3
269	228	0	2.41364066	293.200918	293.200926	293.200918	293.200939	6.66248036e-06	2.6311523e-05	0	0	0	0	3
270	229	0	2.42261331	293.200918	293.200926	293.200918	293.200939	6.66248036e-06	2.6311523e-05	0	0	0	0	3
271	230	0	2.43158595	293.200919	293.200926	293.200918	293.200939	6.66248036e-06	2.6311523e-05	0	0	0	0	3
272	231	0	2.44055859	293.200919	293.200926	293.200918	293.200939	6.66248036e-06	2.6311523e-05	0	0	0	0	3
273	232	0	2.44953123	293.20092	293.200925	293.200918	293.200939	6.66248036e-06	2.6311523e-05	0	0	0	0	3
274	232	0	2.45850387	293.20092	293.200925	293.200918	293.200939	6.66248036e-06	2.6311523e-05	0	0	0	0	3
275	233	0	2.46747652	293.20092	293.200925	293.200918	293.200939	6.62372486e-06	2.6311523e-05	0	0	0	0	3
276	234	0	2.47644916	293.20092	293.200924	293.200918	293.200938	6.54410928e-06	2.6311523e-05	0	0	0	0	3
277	235	0	2.4854218	293.200919	293.200924	293.200918	293.200937	6.43074588e-06	2.6311523e-05	0	0	0	0	3
278	236	0	2.49439444	293.200919	293.200924	293.200918	293.200934	6.3164095e-06	2.6311523e-05	0	0	0	0	3
279	236	0	2.50336708	293.20092	293.200924	293.200918	293.200932	6.22169961e-06	2.6311523e-05	0	0	0	0	3
280	237	0	2.51233972	293.200921	293.200923	293.200918	293.200931	6.19503294e-06	2.6311523e-05	0	0	0	0	3
281	238	0	2.52131237	293.200922	293.200923	293.200918	293.200931	6.19503294e-06	2.6311523e-05	0	0	0	0	3
282	239	0	2.53028501	293.200922	293.200923	293.200918	293.200931	6.19503294e-06	2.6311523e-05	0	0	0	0	3
283	240	0	2.53925765	293.20092	293.200923	293.200918	293.200931	6.19503294e-06	2.6311523e-05	0	0	0	0	3
284	240	0	2.54823029	293.200918	293.200923	293.200918	293.200931	6.17156041e-06	2.6311523e-05	0	0	0	0	3
285	241	0	2.55720293	293.200915	293.200922	293.200915	293.200931	6.10952372e-06	2.6311523e-05	0	0	0	0	3
286	242	0	2.56617558	293.200913	293.200922	293.200913	293.200931	6.01742039e-06	2.6311523e-05	0	0	0	0	3
287	243	0	2.57514822	293.200912	293.200922	293.200912	293.200931	5.90688603e-06	2.6311523e-05	0	0	0	0	3
288	244	0	2.58412086	293.200911	293.200921	293.200911	293.200931	5.78190424e-06	2.6311523e-05	0	0	0	0	3
289	245	0	2.5930935	293.200911	293.200921	293.200911	293.20093	5.64011356e-06	2.6311523e-05	0	0	0	0	3
290	245	0	2.60206614	293.200911	293.200921	293.200911	293.20093	5.85378689e-06	2.6311523e-05	0	0	0	0	3
291	246	0	2.61103879	293.200911	293.20092	293.200911	293.200929	6.19053992e-06	2.6311523e-05	0	0	0	0	3
292	247	0	2.62001143	293.200911	293.20092	293.200911	293.200928	6.51146956e-06	2.6311523e-05	0	0	0	0	3
293	248	0	2.62898407	293.200911	293.20092	293.200911	293.200927	6.82278778e-06	2.6311523e-05	0	0	0	0	3
294	249	0	2.63795671	293.20091	293.200919	293.20091	293.200926	7.12597972e-06	2.6311523e-05	0	0	0	0	3
295	249	0	2.64692935	293.20091	293.200919	293.20091	293.200925	7.41873191e-06	2.6311523e-05	0	0	0	0	3
296	250	0	2.65590199	293.200909	293.200919	293.200909	293.200924	7.70066413e-06	2.6311523e-05	0	0	0	0	3
297	251	0	2.66487464	293.200908	293.200919	293.200908	293.200924	7.97770292e-06	2.6311523e-05	0	0	0	0	3
298	252	0	2.67384728	293.200908	293.200918	293.200908	293.200924	8.25461808e-06	2.6311523e-05	0	0	0	0	3
299	253	0	2.68281992	293.200907	293.200918	293.200907	293.200924	8.54115058e-06	2.6311523e-05	0	0	0	0	3
300	253	0	2.69179256	293.200907	293.200918	293.200907	293.200924	8.84022575e-06	2.6311523e-05	0	0	0	0	3
301	258	0	2.7007652	293.200906	293.200917	293.200906	293.200923	9.15372578e-06	2.6311523e-05	0	0	0	0	3
302	259	0	2.70973785	293.200906	293.200917	293.200906	293.200923	9.46386888e-06	2.6311523e-05	0	0	0	0	3
303	260	0	2.71871049	293.200906	293.200917	293.200906	293.200923	9.76614956e-06	2.6311523e-05	0	0	0	0	3
304	261	0	2.72768313	293.200906	293.200917	293.200906	293.200923	1.00520238e-05	2.6311523e-05	0	0	0	0	3
305	262	0	2.73665577	293.200906	293.200916	293.200906	293.200923	1.03276039e-05	2.6311523e-05	0	0	0	0	3
306	263	0	2.74562841	293.200906	293.200916	293.200906	293.200923	1.05916014e-05	2.6311523e-05	0	0	0	0	3
307	263	0	2.75460106	293.200906	293.200916	293.200906	293.200923	1.08424513e-05	2.6311523e-05	0	0	0	0	3
308	264	0	2.7635737	293.200907	293.200916	293.200906	293.200923	1.10821078e-05	2.6311523e-05	0	0	0	0	3
309	265	0	2.77254634	293.200908	293.200915	293.200906	293.200923	1.13123976e-05	2.6311523e-05	0	0	0	0	3
310	266	0	2.78151898	293.200908	293.200915	293.200906	293.200923	1.15314771e-05	2.6311523e-05	0	0	0	0	3
311	267	0	2.79049162	293.20091	293.200915	293.200906	293.200923	1.17334941e-05	2.6311523e-05	0	0	0	0	3
312	267	0	2.79946426	293.200911	293.200915	293.200906	293.200923	1.19281773e-05	2.6311523e-05	0	0	0	0	3
313	268	0	2.80843691	293.200912	293.200914	293.200906	293.200923	1.21091063e-05	2.6311523e-05	0	0	0	0	3
314	269	0	2.81740955	293.200913	293.200914	293.200906	293.200923	1.22869736e-05	2.6311523e-05	0	0	0	0	3
315	270	0	2.82638219	293.200913	293.200914	293.200906	293.200923	1.24656722e-05	2.6311523e-05	0	0	0	0	3
316	271	0	2.83535483	293.200913	293.200914	293.200906	293.200923	1.26462423e-05	2.6311523e-05	0	0	0	0	3
317	271	0	2.84432747	293.200913	293.200914	293.200906	293.200922	1.28195073e-05	2.6311523e-05	0	0	0	0	3
318	273	0	2.85330012	293.200913	293.200914	293.200906	293.200922	1.29806204e-05	2.6311523e-05	0	0	0	0	3
319	274	0	2.86227276	293.200914	293.200913	293.200906	293.200922	1.31239883e-05	2.6311523e-05	0	0	0	0	3
320	275	0	2.8712454	293.200915	293.200913	293.200906	293.200922	1.32335778e-05	2.6311523e-05	0	0	0	0	3
321	275	0	2.88021804	293.200917	293.200913	293.200906	293.200922	1.32997858e-05	2.6311523e-05	0	0	0	0	3
322	276	0	2.88919068	293.200918	293.200913	293.200906	293.200922	1.32754053e-05	2.6311523e-05	0	0	0	0	3
323	277	0	2.89816332	293.20092	293.200913	293.200906	293.200922	1.31800907e-05	2.6311523e-05	0	0	0	0	3
324	278	0	2.90713597	293.200922	293.200913	293.200906	293.200922	1.30358094e-05	2.6311523e-05	0	0	0	0	3
325	279	0	2.91610861	293.200924	293.200913	293.200906	293.200924	1.28692766e-05	2.6311523e-05	0	0	0	0	3
326	280	0	2.92508125	293.200924	293.200914	293.200906	293.200924	1.26702792e-05	2.6311523e-05	0	0	0	0	3
327	280	0	2.93405389	293.200925	293.200914	293.200906	293.200925	1.24567123e-05	2.6311523e-05	0	0	0	0	3
328	281	0	2.94302653	293.200926	293.200914	293.200906	293.200926	1.2196528e-05	2.6311523e-05	0	0	0	0	3
329	282	0	2.95199918	293.200927	293.200914	293.200906	293.200927	1.18998803e-05	2.6311523e-05	0	0	0	0	3
330	283	0	2.96097182	293.200928	293.200914	293.200906	293.200928	1.15661625e-05	2.6311523e-05	0	0	0	0	3
331	284	0	2.96994446	293.20093	293.200914	293.200906	293.20093	1.12105297e-05	2.6311523e-05	0	0	0	0	3
332	284	0	2.9789171	293.200933	293.200914	293.200906	293.200933	1.08660749e-05	2.6311523e-05	0	0	0	0	3
333	285	0	2.98788974	293.200936	293.200915	293.200906	293.200936	1.05454187e-05	2.6311523e-05	0	0	0	0	3
334	286	0	2.99686239	293.200938	293.200915	293.200906	293.200938	1.02877818e-05	2.6311523e-05	0	0	0	0	3
335	287	0	3.00583503	293.200939	293.200915	293.200906	293.200939	1.00883879e-05	2.6311523e-05	0	0	0	0	3
336	288	0	3.01480767	293.200939	293.200916	293.200906	293.200939	9.94293362e-06	2.6311523e-05	0	0	0	0	3
337	289	0	3.02378031	293.200938	293.200916	293.200906	293.200939	9.80707614e-06	2.6311523e-05	0	0	0	0	3
338	289	0	3.03275295	293.200936	293.200916	293.200906	293.200939	9.64844662e-06	2.6311523e-05	0	0	0	0	3
339	290	0	3.04172559	293.200934	293.200917	293.200906	293.200939	9.44016307e-06	2.6311523e-05	0	0	0	0	3
340	291	0	3.05069824	293.20093	293.200917	293.200906	293.200939	9.16539142e-06	2.6311523e-05	0	0	0	0	3
341	292	0	3.05967088	293.200927	293.200917	293.200906	293.200939	8.85333793e-06	2.6311523e-05	0	0	0	0	3
342	293	0	3.06864352	293.200924	293.200917	293.200906	293.200939	8.5110928e-06	2.6311523e-05	0	0	0	0	3
343	293	0	3.07761616	293.200922	293.200917	293.200906	293.200939	8.15978569e-06	2.6311523e-05	0	0	0	0	3
344	294	0	3.0865888	293.200921	293.200918	293.200906	293.200939	7.80898625e-06	2.6311523e-05	0	0	0	0	3
345	295	0	3.09556145	293.200921	293.200918	293.200906	293.200939	7.46680274e-06	2.6311523e-05	0	0	0	0	3
346	296	0	3.10453409	293.200921	293.200918	293.200906	293.200939	7.13004971e-06	2.6311523e-05	0	0	0	0	3
347	297	0	3.11350673	293.200922	293.200918	293.200906	293.200939	6.80912007e-06	2.6311523e-05	0	0	0	0	3
348	298	0	3.12247937	293.200923	293.200918	293.200906	293.200939	6.49780185e-06	2.6311523e-05	0	0	0	0	3
349	298	0	3.13145201	293.200924	293.200919	293.200906	293.200939	6.19460991e-06	2.6311523e-05	0	0	0	0	3
350	299	0	3.14042466	293.200926	293.200919	293.200906	293.200939	5.90185772e-06	2.6311523e-05	0	0	0	0	3
351	300	0	3.1493973	293.200928	293.200919	293.200906	293.200939	5.92547059e-06	2.6311523e-05	0	0	0	0	3
352	301	0	3.15836994	293.200929	293.20092	293.200906	293.200939	6.29149957e-06	2.6311523e-05	0	0	0	0	3
353	302	0	3.16734258	293.200932	293.20092	293.200906	293.200939	6.7149046e-06	2.6311523e-05	0	0	0	0	3
354	302	0	3.17631522	293.200933	293.20092	293.200906	293.200939	7.17801964e-06	2.6311523e-05	0	0	0	0	3
355	303	0	3.18528786	293.200935	293.200921	293.200906	293.200939	7.67786162e-06	2.6311523e-05	0	0	0	0	3
356	304	0	3.19426051	293.200936	293.200921	293.200906	293.200939	8.20050229e-06	2.6311523e-05	0	0	0	0	3
357	305	0	3.20323315	293.200936	293.200922	293.200906	293.200939	8.7392965e-06	2.6311523e-05	0	0	0	0	3
358	306	0	3.21220579	293.200936	293.200923	293.200906	293.200939	9.27968034e-06	2.6311523e-05	0	0	0	0	3
359	307	0	3.22117843	293.200936	293.200923	293.200906	293.200939	9.8122523e-06	2.6311523e-05	0	0	0	0	3
360	307	0	3.23015107	293.200935	293.200924	293.200906	293.200939	1.033361e-05	2.6311523e-05	0	0	0	0	3
361	308	0	3.23912372	293.200935	293.200924	293.200906	293.200939	1.08460345e-05	2.6311523e-05	0	0	0	0	3
362	309	0	3.24809636	293.200934	293.200925	293.200906	293.200939	1.13474184e-05	2.6311523e-05	0	0	0	0	3
363	310	0	3.257069	293.200934	293.200925	293.200907	293.200939	1.18401617e-05	2.6311523e-05	0	0	0	0	3
364	311	0	3.26604164	293.200934	293.200926	293.200908	293.200939	1.23212181e-05	2.6311523e-05	0	0	0	0	3
365	312	0	3.27501428	293.200934	293.200926	293.200908	293.200939	1.27934704e-05	2.6311523e-05	0	0	0	0	3
366	313	0	3.28398693	293.200934	293.200927	293.20091	293.200939	1.32437739e-05	2.6311523e-05	0	0	0	0	3
367	314	0	3.29295957	293.200933	293.200927	293.200911	293.200939	1.3650842e-05	2.6311523e-05	0	0	0	0	3
368	315	0	3.30193221	293.200932	293.200927	293.200912	293.200939	1.40332336e-05	2.6311523e-05	0	0	0	0	3
369	316	0	3.31090485	293.200932	293.200928	293.200913	293.200939	1.43932937e-05	2.6311523e-05	0	0	0	0	3
370	317	0	3.31987749	293.200932	293.200928	293.200913	293.200939	1.47423788e-05	2.6311523e-05	0	0	0	0	3
371	318	0	3.32885013	293.200933	293.200928	293.200913	293.200939	1.51000261e-05	2.6311523e-05	0	0	0	0	3
372	319	0	3.33782278	293.200933	293.200929	293.200913	293.200939	1.54632862e-05	2.6311523e-05	0	0	0	0	3
373	320	0	3.34679542	293.200932	293.200929	293.200913	293.200939	1.58072077e-05	2.6311523e-05	0	0	0	0	3
374	321	0	3.35576806	293.200931	293.200929	293.200914	293.200939	1.61319101e-05	2.6311523e-05	0	0	0	0	3
375	322	0	3.3647407	293.200931	293.20093	293.200915	293.200939	1.64337787e-05	2.6311523e-05	0	0	0	0	3
376	323	0	3.37371334	293.20093	293.20093	293.200917	293.200939	1.67066906e-05	2.6311523e-05	0	0	0	0	3
377	324	0	3.38268599	293.20093	293.20093	293.200918	293.200939	1.69505051e-05	2.6311523e-05	0	0	0	0	3
378	325	0	3.39165863	293.200931	293.20093	293.20092	293.200939	1.71433801e-05	2.6311523e-05	0	0	0	0	3
379	326	0	3.40063127	293.200931	293.200931	293.200921	293.200939	1.72643685e-05	2.6311523e-05	0	0	0	0	3
380	327	0	3.40960391	293.200932	293.200931	293.200921	293.200939	1.73375003e-05	2.6311523e-05	0	0	0	0	3
381	328	0	3.41857655	293.200933	293.200931	293.200921	293.200939	1.73906008e-05	2.6311523e-05	0	0	0	0	3
382	328	0	3.4275492	293.200934	293.200931	293.200921	293.200939	1.74470676e-05	2.6311523e-05	0	0	0	0	3
383	329	0	3.43652184	293.200935	293.200931	293.200921	293.200939	1.7520037e-05	2.6311523e-05	0	0	0	0	3
384	330	0	3.44549448	293.200937	293.200932	293.200921	293.200939	1.76031239e-05	2.6311523e-05	0	0	0	0	3
385	331	0	3.45446712	293.200938	293.200932	293.200921	293.200939	1.76719371e-05	2.6311523e-05	0	0	0	0	3
386	332	0	3.46343976	293.20094	293.200932	293.200921	293.20094	1.76951294e-05	2.6311523e-05	0	0	0	0	3
387	333	0	3.4724124	293.200941	293.200932	293.200921	293.200941	1.76429601e-05	2.6311523e-05	0	0	0	0	3
388	333	0	3.48138505	293.200941	293.200932	293.200921	293.200941	1.74960715e-05	2.6311523e-05	0	0	0	0	3
389	334	0	3.49035769	293.200941	293.200932	293.200921	293.200941	1.72649935e-05	2.6311523e-05	0	0	0	0	3
390	335	0	3.49933033	293.20094	293.200932	293.200921	293.200941	1.696538e-05	2.6311523e-05	0	0	0	0	3
391	336	0	3.50830297	293.20094	293.200932	293.200921	293.200941	1.66423607e-05	2.6311523e-05	0	0	0	0	3
392	337	0	3.51727561	293.200939	293.200932	293.200921	293.200941	1.63447911e-05	2.6311523e-05	0	0	0	0	3
393	338	0	3.52624826	293.200939	293.200932	293.200921	293.200941	1.60810642e-05	2.6311523e-05	0	0	0	0	3
394	338	0	3.5352209	293.200939	293.200932	293.200921	293.200941	1.58795349e-05	2.6311523e-05	0	0	0	0	3
395	339	0	3.54419354	293.200939	293.200933	293.200921	293.200941	1.57517543e-05	2.6311523e-05	0	0	0	0	3
396	340	0	3.55316618	293.200938	293.200933	293.200921	293.200941	1.5673545e-05	2.6311523e-05	0	0	0	0	3
397	341	0	3.56213882	293.200938	293.200933	293.200921	293.200941	1.56784433e-05	2.6311523e-05	0	0	0	0	3
398	342	0	3.57111147	293.200938	293.200933	293.200921	293.200941	1.57374924e-05	2.6311523e-05	0	0	0	0	3
399	343	0	3.58008411	293.200938	293.200933	293.200921	293.200941	1.58260041e-05	2.6311523e-05	0	0	0	0	3
400	344	0	3.58905675	293.200938	293.200934	293.200921	293.200941	1.59359017e-05	2.6311523e-05	0	0	0	0	3
401	348	0	3.59802939	293.200938	293.200934	293.200921	293.200941	1.60608077e-05	2.6311523e-05	0	0	0	0	3
402	349	0	3.60700203	293.200939	293.200934	293.200922	293.200941	1.61779195e-05	2.6311523e-05	0	0	0	0	3
403	350	0	3.61597467	293.200939	293.200935	293.200923	293.200941	1.62682832e-05	2.6311523e-05	0	0	0	0	3
404	351	0	3.62494732	293.200938	293.200935	293.200924	293.200941	1.62900463e-05	2.6311523e-05	0	0	0	0	3
405	351	0	3.63391996	293.200936	293.200935	293.200926	293.200941	1.56103417e-05	2.6311523e-05	0	0	0	0	3
406	352	0	3.6428926	293.200933	293.200935	293.200928	293.200941	1.3679704e-05	2.6311523e-05	0	0	0	0	3
407	353	0	3.65186524	293.200931	293.200935	293.200929	293.200941	1.20730777e-05	2.6311523e-05	0	0	0	0	3
408	354	0	3.66083788	293.20093	293.200935	293.20093	293.200941	1.16537706e-05	2.6311523e-05	0	0	0	0	3
409	355	0	3.66981053	293.200931	293.200935	293.20093	293.200941	1.16537706e-05	2.6311523e-05	0	0	0	0	3
410	356	0	3.67878317	293.200932	293.200935	293.20093	293.200941	1.16537706e-05	2.6311523e-05	0	0	0	0	3
411	356	0	3.68775581	293.200933	293.200935	293.20093	293.200941	1.16537706e-05	2.6311523e-05	0	0	0	0	3
412	357	0	3.69672845	293.200933	293.200935	293.20093	293.200941	1.16537706e-05	2.6311523e-05	0	0	0	0	3
413	358	0	3.70570109	293.200932	293.200935	293.20093	293.200941	1.16537706e-05	2.6311523e-05	0	0	0	0	3
414	359	0	3.71467374	293.20093	293.200935	293.20093	293.200941	1.16537706e-05	2.6311523e-05	0	0	0	0	3
415	360	0	3.72364638	293.200928	293.200935	293.200928	293.200941	1.16755118e-05	2.6311523e-05	0	0	0	0	3
416	361	0	3.73261902	293.200926	293.200935	293.200926	293.200941	1.11630873e-05	2.6311523e-05	0	0	0	0	3
417	361	0	3.74159166	293.200926	293.200935	293.200926	293.200941	1.06617034e-05	2.6311523e-05	0	0	0	0	3
418	362	0	3.7505643	293.200926	293.200934	293.200926	293.200941	1.016896e-05	2.6311523e-05	0	0	0	0	3
419	363	0	3.75953694	293.200927	293.200934	293.200926	293.200941	9.68790368e-06	2.6311523e-05	0	0	0	0	3
420	364	0	3.76850959	293.200927	293.200934	293.200926	293.200941	9.21565135e-06	2.6311523e-05	0	0	0	0	3
421	365	0	3.77748223	293.200928	293.200934	293.200926	293.200941	8.76534784e-06	2.6311523e-05	0	0	0	0	3
422	366	0	3.78645487	293.200929	293.200934	293.200926	293.200941	8.35827973e-06	2.6311523e-05	0	0	0	0	3
423	366	0	3.79542751	293.200929	293.200934	293.200926	293.200941	7.97588814e-06	2.6311523e-05	0	0	0	0	3
424	367	0	3.80440015	293.20093	293.200934	293.200926	293.200941	7.61582805e-06	2.6311523e-05	0	0	0	0	3
425	368	0	3.8133728	293.200931	293.200934	293.200926	293.200941	7.26674295e-06	2.6311523e-05	0	0	0	0	3
426	369	0	3.82234544	293.200931	293.200934	293.200926	293.200941	6.9090957e-06	2.6311523e-05	0	0	0	0	3
427	370	0	3.83131808	293.200932	293.200934	293.200926	293.200941	6.54583562e-06	2.6311523e-05	0	0	0	0	3
428	371	0	3.84029072	293.200932	293.200934	293.200926	293.200941	6.20191412e-06	2.6311523e-05	0	0	0	0	3
429	371	0	3.84926336	293.200933	293.200934	293.200926	293.200941	5.87721172e-06	2.6311523e-05	0	0	0	0	3
430	372	0	3.85823601	293.200932	293.200934	293.200926	293.200941	5.5753431e-06	2.6311523e-05	0	0	0	0	3
431	373	0	3.86720865	293.200932	293.200934	293.200926	293.200941	5.30243113e-06	2.6311523e-05	0	0	0	0	3
432	374	0	3.87618129	293.200931	293.200934	293.200926	293.200941	5.05861669e-06	2.6311523e-05	0	0	0	0	3
433	375	0	3.88515393	293.200931	293.200934	293.200926	293.200941	4.83888732e-06	2.6311523e-05	0	0	0	0	3
434	376	0	3.89412657	293.20093	293.200934	293.200926	293.200941	4.64604693e-06	2.6311523e-05	0	0	0	0	3
435	376	0	3.90309921	293.20093	293.200934	293.200926	293.200941	4.47324226e-06	2.6311523e-05	0	0	0	0	3
436	377	0	3.91207186	293.200928	293.200934	293.200926	293.200941	4.30915441e-06	2.6311523e-05	0	0	0	0	3
437	378	0	3.9210445	293.200928	293.200934	293.200926	293.200941	4.14039442e-06	2.6311523e-05	0	0	0	0	3
438	379	0	3.93001714	293.200929	293.200934	293.200926	293.200941	3.95919881e-06	2.6311523e-05	0	0	0	0	3
439	380	0	3.93898978	293.20093	293.200933	293.200926	293.200941	3.76225358e-06	2.6311523e-05	0	0	0	0	3
440	381	0	3.94796242	293.20093	293.200933	293.200926	293.200941	3.55163809e-06	2.6311523e-05	0	0	0	0	3
441	381	0	3.95693507	293.200931	293.200933	293.200926	293.200941	3.34859556e-06	2.6311523e-05	0	0	0	0	3
442	382	0	3.96590771	293.20093	293.200933	293.200926	293.200941	3.15934756e-06	2.6311523e-05	0	0	0	0	3
443	383	0	3.97488035	293.200929	293.200933	293.200926	293.200941	3.01313241e-06	2.6311523e-05	0	0	0	0	3
444	384	0	3.98385299	293.200929	293.200933	293.200926	293.200941	2.91034803e-06	2.6311523e-05	0	0	0	0	3
445	385	0	3.99282563	293.200929	293.200932	293.200926	293.20094	2.929066e-06	2.6311523e-05	0	0	0	0	3
446	386	0	4.00179828	293.20093	293.200932	293.200926	293.20094	3.11954051e-06	2.6311523e-05	0	0	0	0	3
