Iteration	CPUTime	PhysTime	Travels	Value	AvValue	MinValue	MaxValue	Delta	Criteria	PrevAvRefValue	Progress	CriteriaType	CriteriaVarType	CriteriaPercentage
1	5	0	0.00897264187	0.0964784174	0.0964784174	0.0964784174	0.0964784174	0	0	0	0	0	0	3
2	6	0	0.0179452837	0.029182864	0.0628306407	0.029182864	0.0964784174	0.0336477767	0	0	0	0	0	3
3	7	0	0.0269179256	0.018399652	0.0480203111	0.018399652	0.0964784174	0.0484581063	0	0	0	0	0	3
4	8	0	0.0358905675	0.0121931393	0.0390635182	0.0121931393	0.0964784174	0.0574148993	0	0	0	0	0	3
5	9	0	0.0448632094	0.0121001112	0.0336708368	0.0121001112	0.0964784174	0.0628075806	0	0	0	0	0	3
6	9	0	0.0538358512	0.0120139988	0.0300613638	0.0120139988	0.0964784174	0.0664170536	0	0	0	0	0	3
7	10	0	0.0628084931	0.011922255	0.0274700625	0.011922255	0.0964784174	0.0690083549	0	0	0	0	0	3
8	11	0	0.071781135	0.0120090262	0.025537433	0.011922255	0.0964784174	0.0709409844	0	0	0	0	0	3
9	12	0	0.0807537769	0.0120701124	0.024041064	0.011922255	0.0964784174	0.0724373534	0	0	0	0	0	3
10	12	0	0.0897264187	0.0141220484	0.0230491625	0.011922255	0.0964784174	0.073429255	0	0	0	0	0	3
11	13	0	0.0986990606	0.0134179528	0.022173598	0.011922255	0.0964784174	0.0743048195	0	0	0	0	0	3
12	14	0	0.107671702	0.0134067784	0.0214430297	0.011922255	0.0964784174	0.0750353878	0	0	0	0	0	3
13	15	0	0.116644344	0.0126146189	0.0207639211	0.011922255	0.0964784174	0.0757144963	0	0	0	0	0	3
14	15	0	0.125616986	0.0127605096	0.0201922489	0.011922255	0.0964784174	0.0762861685	0	0	0	0	0	3
15	16	0	0.134589628	0.012300412	0.0196661264	0.011922255	0.0964784174	0.076812291	0	0	0	0	0	3
16	17	0	0.14356227	0.0124204812	0.0192132736	0.011922255	0.0964784174	0.0772651438	0	0	0	0	0	3
17	18	0	0.152534912	0.0120648316	0.018792777	0.011922255	0.0964784174	0.0776856404	0	0	0	0	0	3
18	18	0	0.161507554	0.0122758726	0.0184307268	0.011922255	0.0964784174	0.0780476907	0	0	0	0	0	3
19	19	0	0.170480196	0.0122763427	0.0181068118	0.011922255	0.0964784174	0.0783716056	0	0	0	0	0	3
20	20	0	0.179452837	0.0124736872	0.0178251556	0.011922255	0.0964784174	0.0786532618	0	0	0	0	0	3
21	21	0	0.188425479	0.0124051565	0.0175670604	0.011922255	0.0964784174	0.078911357	0	0	0	0	0	3
22	21	0	0.197398121	0.0127363847	0.0173474842	0.011922255	0.0964784174	0.0791309332	0	0	0	0	0	3
23	22	0	0.206370763	0.0128665421	0.0171526607	0.011922255	0.0964784174	0.0793257568	0	0	0	0	0	3
24	23	0	0.215343405	0.0130445624	0.0169814899	0.011922255	0.0964784174	0.0794969275	0	0	0	0	0	3
25	24	0	0.224316047	0.0130900875	0.0168258338	0.011922255	0.0964784174	0.0796525836	0	0	0	0	0	3
26	25	0	0.233288689	0.0131863085	0.0166858521	0.011922255	0.0964784174	0.0797925654	0	0	0	0	0	3
27	25	0	0.242261331	0.0131730307	0.0165557476	0.011922255	0.0964784174	0.0799226699	0	0	0	0	0	3
28	26	0	0.251233972	0.0132284549	0.0164369157	0.011922255	0.0964784174	0.0800415018	0	0	0	0	0	3
29	27	0	0.260206614	0.0132010014	0.0163253324	0.011922255	0.0964784174	0.080153085	0	0	0	0	0	3
30	28	0	0.269179256	0.0132720375	0.0162235559	0.011922255	0.0964784174	0.0802548615	0	0	0	0	0	3
31	29	0	0.278151898	0.0132631168	0.0161280579	0.011922255	0.0964784174	0.0803503595	0	0	0	0	0	3
32	29	0	0.28712454	0.0133062193	0.0160398754	0.011922255	0.0964784174	0.080438542	0	0	0	0	0	3
33	30	0	0.296097182	0.0132219375	0.0159544834	0.011922255	0.0964784174	0.0805239341	0	0	0	0	0	3
34	31	0	0.305069824	0.0132533521	0.0158750383	0.011922255	0.0964784174	0.0806033791	0	0	0	0	0	3
35	32	0	0.314042466	0.0131465892	0.0157970827	0.011922255	0.0964784174	0.0806813348	0	0	0	0	0	3
36	33	0	0.323015107	0.0131381187	0.0157232225	0.011922255	0.0964784174	0.0807551949	0	0	0	0	0	3
37	33	0	0.331987749	0.0130186659	0.0156501264	0.011922255	0.0964784174	0.080828291	0	0	0	0	0	3
38	34	0	0.340960391	0.0129690551	0.0155795719	0.011922255	0.0964784174	0.0808988455	0	0	0	0	0	3
39	35	0	0.349933033	0.0128648463	0.0155099636	0.011922255	0.0964784174	0.0809684539	0	0	0	0	0	3
40	36	0	0.358905675	0.0128438611	0.015443311	0.011922255	0.0964784174	0.0810351064	0	0	0	0	0	3
41	37	0	0.367878317	0.0127518705	0.0153776661	0.011922255	0.0964784174	0.0811007513	0	0	0	0	0	3
42	37	0	0.376850959	0.0127738174	0.0153156697	0.011922255	0.0964784174	0.0811627477	0	0	0	0	0	3
43	38	0	0.385823601	0.0126521779	0.015253728	0.011922255	0.0964784174	0.0812246894	0	0	0	0	0	3
44	39	0	0.394796242	0.0126134519	0.0151937218	0.011922255	0.0964784174	0.0812846957	0	0	0	0	0	3
45	40	0	0.403768884	0.0125590494	0.0151351735	0.011922255	0.0964784174	0.0813432439	0	0	0	0	0	3
46	41	0	0.412741526	0.0125013699	0.0150779169	0.011922255	0.0964784174	0.0814005005	0	0	0	0	0	3
47	41	0	0.421714168	0.0124251455	0.0150214749	0.011922255	0.0964784174	0.0814569425	0	0	0	0	0	3
48	42	0	0.43068681	0.0124238433	0.0149673576	0.011922255	0.0964784174	0.0815110598	0	0	0	0	0	3
49	43	0	0.439659452	0.0123305795	0.0149135458	0.011922255	0.0964784174	0.0815648716	0	0	0	0	0	3
50	44	0	0.448632094	0.012284081	0.0148609565	0.011922255	0.0964784174	0.0816174609	0	0	0	0	0	3
51	45	0	0.457604736	0.0123425079	0.0148115752	0.011922255	0.0964784174	0.0816668423	0	0	0	0	0	3
52	45	0	0.466577377	0.0121482445	0.0147603573	0.011922255	0.0964784174	0.0817180601	0	0	0	0	0	3
53	46	0	0.475550019	0.012209475	0.0147122274	0.011922255	0.0964784174	0.08176619	0	0	0	0	0	3
54	47	0	0.484522661	0.0120618527	0.0146631464	0.011922255	0.0964784174	0.081815271	0	0	0	0	0	3
55	48	0	0.493495303	0.0121325738	0.014617136	0.011922255	0.0964784174	0.0818612814	0	0	0	0	0	3
56	49	0	0.502467945	0.0119980567	0.0145703667	0.011922255	0.0964784174	0.0819080507	0	0	0	0	0	3
57	49	0	0.511440587	0.0120656544	0.013062996	0.011922255	0.029182864	0.017260609	0	0	0	0	0	3
58	50	0	0.520413229	0.0119066648	0.0127544924	0.0119066648	0.018399652	0.00649298714	0	0	0	0	0	3
59	51	0	0.529385871	0.0119730413	0.0126397315	0.0119066648	0.0141220484	0.00221538355	0	0	0	0	0	3
60	52	0	0.538358512	0.0118555408	0.012633703	0.0118555408	0.0141220484	0.00226650756	0	0	0	0	0	3
61	53	0	0.547331154	0.0119013755	0.0126301541	0.0118555408	0.0141220484	0.00226650756	0	0	0	0	0	3
62	53	0	0.556303796	0.0117794982	0.0126259666	0.0117794982	0.0141220484	0.00234255017	0	0	0	0	0	3
63	54	0	0.565276438	0.0118127658	0.0126240114	0.0117794982	0.0141220484	0.00234255017	0	0	0	0	0	3
64	55	0	0.57424908	0.011749673	0.0126193801	0.011749673	0.0141220484	0.00237237539	0	0	0	0	0	3
65	56	0	0.583221722	0.0117559839	0.0126137707	0.011749673	0.0141220484	0.00237237539	0	0	0	0	0	3
66	57	0	0.592194364	0.011688305	0.012570311	0.011688305	0.0134179528	0.00172964784	0	0	0	0	0	3
67	57	0	0.601167005	0.0116807618	0.0125392897	0.0116807618	0.0134067784	0.00172601665	0	0	0	0	0	3
68	58	0	0.610139647	0.011687109	0.0125085813	0.0116807618	0.0133062193	0.00162545753	0	0	0	0	0	3
69	59	0	0.619112289	0.0116739727	0.0124917841	0.0116739727	0.0133062193	0.00163224657	0	0	0	0	0	3
70	60	0	0.628084931	0.011696965	0.0124727922	0.0116739727	0.0133062193	0.00163224657	0	0	0	0	0	3
71	60	0	0.637057573	0.0116416457	0.0124610285	0.0116416457	0.0133062193	0.00166457357	0	0	0	0	0	3
72	61	0	0.646030215	0.0116940545	0.0124480566	0.0116416457	0.0133062193	0.00166457357	0	0	0	0	0	3
73	62	0	0.655002857	0.0116399386	0.0124404692	0.0116399386	0.0133062193	0.00166628069	0	0	0	0	0	3
74	63	0	0.663975499	0.0117038277	0.0124302542	0.0116399386	0.0133062193	0.00166628069	0	0	0	0	0	3
75	64	0	0.67294814	0.0116726609	0.0124194741	0.0116399386	0.0133062193	0.00166628069	0	0	0	0	0	3
76	64	0	0.681920782	0.011730411	0.0124062013	0.0116399386	0.0133062193	0.00166628069	0	0	0	0	0	3
77	65	0	0.690893424	0.0116771416	0.0123932011	0.0116399386	0.0133062193	0.00166628069	0	0	0	0	0	3
78	66	0	0.699866066	0.011726048	0.0123751593	0.0116399386	0.0133062193	0.00166628069	0	0	0	0	0	3
79	67	0	0.708838708	0.0116730605	0.0123538472	0.0116399386	0.0133062193	0.00166628069	0	0	0	0	0	3
80	68	0	0.71781135	0.0117186085	0.0123301694	0.0116399386	0.0133062193	0.00166628069	0	0	0	0	0	3
81	68	0	0.726783992	0.0116725926	0.012304857	0.0116399386	0.0133062193	0.00166628069	0	0	0	0	0	3
82	69	0	0.735756634	0.0117237294	0.0122787395	0.0116399386	0.0133062193	0.00166628069	0	0	0	0	0	3
83	70	0	0.744729275	0.0116883118	0.0122522267	0.0116399386	0.0133062193	0.00166628069	0	0	0	0	0	3
84	71	0	0.753701917	0.0117694903	0.0122261738	0.0116399386	0.0133062193	0.00166628069	0	0	0	0	0	3
85	72	0	0.762674559	0.0117097536	0.0121995443	0.0116399386	0.0133062193	0.00166628069	0	0	0	0	0	3
86	72	0	0.771647201	0.011789589	0.012173072	0.0116399386	0.0133062193	0.00166628069	0	0	0	0	0	3
87	73	0	0.780619843	0.0117529954	0.0121461056	0.0116399386	0.0133062193	0.00166628069	0	0	0	0	0	3
88	74	0	0.789592485	0.0118106349	0.0121193987	0.0116399386	0.0132533521	0.00161341351	0	0	0	0	0	3
89	75	0	0.798565127	0.0117707509	0.0120934847	0.0116399386	0.0132533521	0.00161341351	0	0	0	0	0	3
90	76	0	0.807537769	0.0118377978	0.0120682069	0.0116399386	0.0131465892	0.00150665058	0	0	0	0	0	3
91	76	0	0.81651041	0.0117526061	0.0120433144	0.0116399386	0.0131381187	0.00149818011	0	0	0	0	0	3
92	77	0	0.825483052	0.0118099521	0.0120195971	0.0116399386	0.0130186659	0.0013787273	0	0	0	0	0	3
93	78	0	0.834455694	0.0117546818	0.011997026	0.0116399386	0.0129690551	0.0013291165	0	0	0	0	0	3
94	79	0	0.843428336	0.0117996483	0.0119761437	0.0116399386	0.0128648463	0.00122490773	0	0	0	0	0	3
95	80	0	0.852400978	0.0117658272	0.0119565183	0.0116399386	0.0128438611	0.00120392246	0	0	0	0	0	3
96	80	0	0.86137362	0.0118539846	0.011938842	0.0116399386	0.0127738174	0.00113387877	0	0	0	0	0	3
97	81	0	0.870346262	0.0118129716	0.0119220759	0.0116399386	0.0127738174	0.00113387877	0	0	0	0	0	3
98	82	0	0.879318904	0.0118756439	0.0119060371	0.0116399386	0.0126521779	0.00101223925	0	0	0	0	0	3
99	83	0	0.888291545	0.0118251042	0.0118912679	0.0116399386	0.0126134519	0.000973513342	0	0	0	0	0	3
100	84	0	0.897264187	0.0118983927	0.011878499	0.0116399386	0.0125590494	0.000919110787	0	0	0	0	0	3
101	89	0	0.906236829	0.0118179673	0.0118652654	0.0116399386	0.0125013699	0.000861431252	0	0	0	0	0	3
102	90	0	0.915209471	0.0119284354	0.0118550345	0.0116399386	0.0124251455	0.000785206936	0	0	0	0	0	3
103	90	0	0.924182113	0.0118466575	0.0118447043	0.0116399386	0.0124238433	0.000783904696	0	0	0	0	0	3
104	91	0	0.933154755	0.0119526535	0.0118362902	0.0116399386	0.0123425079	0.000702569284	0	0	0	0	0	3
105	92	0	0.942127397	0.0118516983	0.0118277388	0.0116399386	0.0123425079	0.000702569284	0	0	0	0	0	3
106	93	0	0.951100039	0.0119463686	0.0118217082	0.0116399386	0.0123425079	0.000702569284	0	0	0	0	0	3
107	94	0	0.96007268	0.0118593805	0.0118130809	0.0116399386	0.012209475	0.000569536387	0	0	0	0	0	3
108	94	0	0.969045322	0.0118993091	0.0118086356	0.0116399386	0.012209475	0.000569536387	0	0	0	0	0	3
109	95	0	0.978017964	0.0118155534	0.0118016013	0.0116399386	0.0121325738	0.000492635221	0	0	0	0	0	3
110	96	0	0.986990606	0.0118643216	0.011798074	0.0116399386	0.0121325738	0.000492635221	0	0	0	0	0	3
111	97	0	0.995963248	0.0117935578	0.0117920201	0.0116399386	0.0120656544	0.00042571578	0	0	0	0	0	3
112	98	0	1.00493589	0.0118529456	0.0117894288	0.0116399386	0.0120656544	0.00042571578	0.000202791401	0	47.6	0	0	3
113	98	0	1.01390853	0.0118534673	0.0117856398	0.0116399386	0.0119730413	0.000333102666	0.000202791401	0	60.8	0	0	3
114	99	0	1.02288117	0.0118197855	0.0117840884	0.0116399386	0.0119730413	0.000333102666	0.000202791401	0	60.8	0	0	3
115	100	0	1.03185382	0.0118539539	0.0117819618	0.0116399386	0.0119526535	0.000312714855	0.000202791401	0	64.8	0	0	3
116	101	0	1.04082646	0.0117719694	0.0117804695	0.0116399386	0.0119526535	0.000312714855	0.000202791401	0	64.8	0	0	3
117	102	0	1.0497991	0.011799111	0.0117786433	0.0116399386	0.0119526535	0.000312714855	0.000202791401	0	64.8	0	0	3
118	103	0	1.05877174	0.0117660907	0.0117784039	0.0116399386	0.0119526535	0.000312714855	0.000202791401	0	64.8	0	0	3
119	103	0	1.06774438	0.0117320213	0.011776962	0.0116399386	0.0119526535	0.000312714855	0.000202791401	0	64.8	0	0	3
120	104	0	1.07671702	0.0117274471	0.0117765651	0.0116399386	0.0119526535	0.000312714855	0.000202791401	0	64.8	0	0	3
121	105	0	1.08568967	0.0117566655	0.0117765773	0.0116399386	0.0119526535	0.000312714855	0.000202791401	0	64.8	0	0	3
122	106	0	1.09466231	0.0117599175	0.0117778561	0.0116399386	0.0119526535	0.000312714855	0.000202791401	0	64.8	0	0	3
123	107	0	1.10363495	0.0117065652	0.0117783169	0.0116399386	0.0119526535	0.000312714855	0.000202791401	0	64.8	0	0	3
124	107	0	1.11260759	0.0117167154	0.0117788456	0.0116399386	0.0119526535	0.000312714855	0.000202791401	0	64.8	0	0	3
125	108	0	1.12158023	0.011644283	0.0117783154	0.0116399386	0.0119526535	0.000312714855	0.000202791401	0	64.8	0	0	3
126	109	0	1.13055288	0.0116603645	0.0117776618	0.0116399386	0.0119526535	0.000312714855	0.000202791401	0	64.8	0	0	3
127	110	0	1.13952552	0.0116544804	0.011777891	0.0116399386	0.0119526535	0.000312714855	0.000202791401	0	64.8	0	0	3
128	111	0	1.14849816	0.0116119207	0.0117764243	0.0116119207	0.0119526535	0.000340732792	0.000202791401	0	59.5	0	0	3
129	111	0	1.1574708	0.0116644554	0.0117768621	0.0116119207	0.0119526535	0.000340732792	0.000202791401	0	59.5	0	0	3
130	112	0	1.16644344	0.0115896282	0.0117748229	0.0115896282	0.0119526535	0.00036302524	0.000202791401	0	55.8	0	0	3
131	113	0	1.17541609	0.0116455893	0.0117743394	0.0115896282	0.0119526535	0.00036302524	0.000202791401	0	55.8	0	0	3
132	114	0	1.18438873	0.0115736478	0.0117715401	0.0115736478	0.0119526535	0.000379005631	0.000202791401	0	53.5	0	0	3
133	115	0	1.19336137	0.0116393375	0.011770865	0.0115736478	0.0119526535	0.000379005631	0.000202791401	0	53.5	0	0	3
134	115	0	1.20233401	0.0115855973	0.011768357	0.0115736478	0.0119526535	0.000379005631	0.000202791401	0	53.5	0	0	3
135	116	0	1.21130665	0.0116487305	0.0117679225	0.0115736478	0.0119526535	0.000379005631	0.000202791401	0	53.5	0	0	3
136	117	0	1.22027929	0.0115931333	0.0117656819	0.0115736478	0.0119526535	0.000379005631	0.000202791401	0	53.5	0	0	3
137	118	0	1.22925194	0.011646727	0.01176522	0.0115736478	0.0119526535	0.000379005631	0.000202791401	0	53.5	0	0	3
138	119	0	1.23822458	0.0115958437	0.0117629363	0.0115736478	0.0119526535	0.000379005631	0.000202791401	0	53.5	0	0	3
139	119	0	1.24719722	0.0116704151	0.0117626167	0.0115736478	0.0119526535	0.000379005631	0.000202791401	0	53.5	0	0	3
140	120	0	1.25616986	0.011629171	0.011760111	0.0115736478	0.0119526535	0.000379005631	0.000202791401	0	53.5	0	0	3
141	121	0	1.2651425	0.0117025821	0.011759983	0.0115736478	0.0119526535	0.000379005631	0.000202791401	0	53.5	0	0	3
142	122	0	1.27411515	0.0116633532	0.0117577288	0.0115736478	0.0119526535	0.000379005631	0.000202791401	0	53.5	0	0	3
143	123	0	1.28308779	0.0117370189	0.0117574435	0.0115736478	0.0119526535	0.000361955255	0.000202791401	0	56	0	0	3
144	123	0	1.29206043	0.0116972962	0.0117554196	0.0115736478	0.0119526535	0.000338065113	0.000202791401	0	59.9	0	0	3
145	124	0	1.30103307	0.0117631193	0.0117552833	0.0115736478	0.0119526535	0.000312923636	0.000202791401	0	64.8	0	0	3
146	125	0	1.31000571	0.0117242288	0.0117532553	0.0115736478	0.0119526535	0.000290059099	0.000202791401	0	69.9	0	0	3
147	126	0	1.31897836	0.0117842265	0.0117538199	0.0115736478	0.0119526535	0.000266341839	0.000202791401	0	76.1	0	0	3
148	126	0	1.327951	0.0117705774	0.0117531168	0.0115736478	0.0119526535	0.000243909165	0.000202791401	0	83.1	0	0	3
149	127	0	1.33692364	0.0117543283	0.0117531105	0.0115736478	0.0119526535	0.000223033213	0.000202791401	0	90.9	0	0	3
150	128	0	1.34589628	0.0117925061	0.0117529829	0.0115736478	0.0119526535	0.000203535412	0.000202791401	0	99.6	0	0	3
151	129	0	1.35486892	0.0117771792	0.0117531857	0.0115736478	0.0119526535	0.000185859047	0.000202791401	0	100	0	0	3
152	130	0	1.36384156	0.0118507127	0.0117531272	0.0115736478	0.0119526535	0.000169092995	0.000202791401	0	100	0	0	3
153	131	0	1.37281421	0.0118723799	0.0117541881	0.0115736478	0.0119526535	0.000153054184	0.000202791401	0	100	0	0	3
154	131	0	1.38178685	0.0117952418	0.0117527523	0.0115736478	0.0119526535	0.000138515615	0.000202791401	0	100	0	0	3
155	132	0	1.39075949	0.0118931612	0.0117539676	0.0115736478	0.0119526535	0.0001257467	0.000202791401	0	100	0	0	3
156	133	0	1.39973213	0.0118416264	0.011752954	0.0115736478	0.0119526535	0.000112513092	0.000202791401	0	100	0	0	3
157	134	0	1.40870477	0.0118783617	0.0117540324	0.0115736478	0.0119526535	0.000102282119	0.000202791401	0	100	0	0	3
158	135	0	1.41767742	0.0118899707	0.0117533456	0.0115736478	0.0119526535	9.19519745e-05	0.000202791401	0	100	0	0	3
159	135	0	1.42665006	0.0118869893	0.0117540658	0.0115736478	0.0119526535	8.35378702e-05	0.000202791401	0	100	0	0	3
160	136	0	1.4356227	0.0119063819	0.0117532395	0.0115736478	0.0119463686	7.49864189e-05	0.000202791401	0	100	0	0	3
161	137	0	1.44459534	0.0119046205	0.0117541845	0.0115736478	0.0119463686	6.89558405e-05	0.000202791401	0	100	0	0	3
162	138	0	1.45356798	0.0119218775	0.0117537472	0.0115736478	0.0119218775	6.0328565e-05	0.000202791401	0	100	0	0	3
163	139	0	1.46254063	0.0119117903	0.0117546831	0.0115736478	0.0119218775	5.58832899e-05	0.000202791401	0	100	0	0	3
164	139	0	1.47151327	0.0118727744	0.0117542092	0.0115736478	0.0119218775	4.88489751e-05	0.000202791401	0	100	0	0	3
165	140	0	1.48048591	0.0118737911	0.0117552492	0.0115736478	0.0119218775	4.53216352e-05	0.000202791401	0	100	0	0	3
166	141	0	1.48945855	0.0118046932	0.0117541844	0.0115736478	0.0119218775	3.92677779e-05	0.000202791401	0	100	0	0	3
167	142	0	1.49843119	0.0118332228	0.0117548927	0.0115736478	0.0119218775	3.66765083e-05	0.000202791401	0	100	0	0	3
168	143	0	1.50740383	0.0118383043	0.0117546313	0.0115736478	0.0119218775	3.28874527e-05	0.000202791401	0	100	0	0	3
169	143	0	1.51637648	0.0117640535	0.0117530346	0.0115736478	0.0119218775	3.13360369e-05	0.000202791401	0	100	0	0	3
170	144	0	1.52534912	0.011837075	0.0117533433	0.0115736478	0.0119218775	2.9209477e-05	0.000202791401	0	100	0	0	3
171	145	0	1.53432176	0.0118204235	0.0117527446	0.0115736478	0.0119218775	2.77248963e-05	0.000202791401	0	100	0	0	3
172	146	0	1.5432944	0.0117559779	0.011752459	0.0115736478	0.0119218775	2.63865602e-05	0.000202791401	0	100	0	0	3
173	147	0	1.55226704	0.0118199585	0.0117528313	0.0115736478	0.0119218775	2.63865602e-05	0.000202791401	0	100	0	0	3
174	147	0	1.56123969	0.011732688	0.0117522348	0.0115736478	0.0119218775	2.66107598e-05	0.000202791401	0	100	0	0	3
175	148	0	1.57021233	0.0117735074	0.0117529756	0.0115736478	0.0119218775	2.66107598e-05	0.000202791401	0	100	0	0	3
176	149	0	1.57918497	0.0117231629	0.0117528991	0.0115736478	0.0119218775	2.66107598e-05	0.000202791401	0	100	0	0	3
177	150	0	1.58815761	0.0117752554	0.0117532311	0.0115736478	0.0119218775	2.66107598e-05	0.000202791401	0	100	0	0	3
178	151	0	1.59713025	0.0117790592	0.0117535729	0.0115736478	0.0119218775	2.66107598e-05	0.000202791401	0	100	0	0	3
179	152	0	1.6061029	0.0117409341	0.0117541866	0.0115736478	0.0119218775	2.66107598e-05	0.000202791401	0	100	0	0	3
180	152	0	1.61507554	0.0117644523	0.0117550391	0.0115736478	0.0119218775	2.60805863e-05	0.000202791401	0	100	0	0	3
181	153	0	1.62404818	0.0117002024	0.0117560376	0.0115736478	0.0119218775	2.56561954e-05	0.000202791401	0	100	0	0	3
182	154	0	1.63302082	0.011719347	0.0117570909	0.0115736478	0.0119218775	2.56561954e-05	0.000202791401	0	100	0	0	3
183	155	0	1.64199346	0.0117046008	0.0117579859	0.0115736478	0.0119218775	2.46273205e-05	0.000202791401	0	100	0	0	3
184	156	0	1.6509661	0.0116947424	0.0117594649	0.0115736478	0.0119218775	2.46273205e-05	0.000202791401	0	100	0	0	3
185	157	0	1.65993875	0.0116648177	0.0117594713	0.0115736478	0.0119218775	2.2588044e-05	0.000202791401	0	100	0	0	3
186	157	0	1.66891139	0.0116722765	0.0117609472	0.0115736478	0.0119218775	2.21046213e-05	0.000202791401	0	100	0	0	3
187	158	0	1.67788403	0.0116296237	0.0117606621	0.0115736478	0.0119218775	1.93052797e-05	0.000202791401	0	100	0	0	3
188	159	0	1.68685667	0.0116471407	0.0117619745	0.0115855973	0.0119218775	1.86302067e-05	0.000202791401	0	100	0	0	3
189	160	0	1.69582931	0.0116081195	0.011761417	0.0115855973	0.0119218775	1.6122159e-05	0.000202791401	0	100	0	0	3
190	160	0	1.70480196	0.011636172	0.0117623201	0.0115931333	0.0119218775	1.56876952e-05	0.000202791401	0	100	0	0	3
191	161	0	1.7137746	0.0116137453	0.0117616954	0.0115931333	0.0119218775	1.34470663e-05	0.000202791401	0	100	0	0	3
192	162	0	1.72274724	0.011640714	0.011762545	0.0115958437	0.0119218775	1.29851799e-05	0.000202791401	0	100	0	0	3
193	163	0	1.73171988	0.0116159508	0.0117619955	0.0115958437	0.0119218775	1.07015067e-05	0.000202791401	0	100	0	0	3
194	164	0	1.74069252	0.0116442672	0.0117628602	0.0116081195	0.0119218775	1.06253728e-05	0.000202791401	0	100	0	0	3
195	164	0	1.74966517	0.0116596206	0.0117626674	0.0116081195	0.0119218775	1.06253728e-05	0.000202791401	0	100	0	0	3
196	165	0	1.75863781	0.0116596868	0.0117632123	0.0116081195	0.0119218775	1.09775386e-05	0.000202791401	0	100	0	0	3
197	166	0	1.76761045	0.0116939826	0.0117630588	0.0116081195	0.0119218775	1.09775386e-05	0.000202791401	0	100	0	0	3
198	167	0	1.77658309	0.0116551133	0.0117629116	0.0116081195	0.0119218775	1.09775386e-05	0.000202791401	0	100	0	0	3
199	168	0	1.78555573	0.0117107088	0.0117624418	0.0116081195	0.0119218775	1.09775386e-05	0.000202791401	0	100	0	0	3
200	168	0	1.79452837	0.0116528393	0.0117616479	0.0116081195	0.0119218775	1.09775386e-05	0.000202791401	0	100	0	0	3
201	173	0	1.80350102	0.0117169191	0.0117608229	0.0116081195	0.0119218775	1.09775386e-05	0.000202791401	0	100	0	0	3
202	174	0	1.81247366	0.0116650725	0.0117597666	0.0116081195	0.0119218775	1.09775386e-05	0.000202791401	0	100	0	0	3
203	175	0	1.8214463	0.011722972	0.0117586727	0.0116081195	0.0119218775	1.09775386e-05	0.000202791401	0	100	0	0	3
204	176	0	1.83041894	0.0116546268	0.0117566022	0.0116081195	0.0119218775	1.09775386e-05	0.000202791401	0	100	0	0	3
205	177	0	1.83939158	0.0117143286	0.0117558879	0.0116081195	0.0119218775	1.09775386e-05	0.000202791401	0	100	0	0	3
206	177	0	1.84836423	0.0116856972	0.0117539806	0.0116081195	0.0119218775	1.09775386e-05	0.000202791401	0	100	0	0	3
207	178	0	1.85733687	0.0117144996	0.0117528613	0.0116081195	0.0119218775	1.09775386e-05	0.000202791401	0	100	0	0	3
208	179	0	1.86630951	0.0117155994	0.0117504486	0.0116081195	0.0119218775	1.27637406e-05	0.000202791401	0	100	0	0	3
209	180	0	1.87528215	0.0117528334	0.0117483138	0.0116081195	0.0119218775	1.48985002e-05	0.000202791401	0	100	0	0	3
210	181	0	1.88425479	0.0117613686	0.011747709	0.0116081195	0.0119218775	1.55033789e-05	0.000202791401	0	100	0	0	3
211	182	0	1.89322744	0.0118062749	0.0117461574	0.0116081195	0.0119218775	1.70549199e-05	0.000202791401	0	100	0	0	3
212	182	0	1.90220008	0.0117740205	0.0117449502	0.0116081195	0.0119218775	1.82621689e-05	0.000202791401	0	100	0	0	3
213	183	0	1.91117272	0.0118352003	0.0117441794	0.0116081195	0.0119218775	1.90329097e-05	0.000202791401	0	100	0	0	3
214	184	0	1.92014536	0.0117704886	0.0117420458	0.0116081195	0.0119218775	2.11665184e-05	0.000202791401	0	100	0	0	3
215	185	0	1.929118	0.0118387339	0.0117411841	0.0116081195	0.0119218775	2.2028222e-05	0.000202791401	0	100	0	0	3
216	186	0	1.93809064	0.0117866299	0.0117390457	0.0116081195	0.0119218775	2.41666498e-05	0.000202791401	0	100	0	0	3
217	186	0	1.94706329	0.0118625785	0.0117382949	0.0116081195	0.0119218775	2.49173998e-05	0.000202791401	0	100	0	0	3
218	187	0	1.95603593	0.0118075514	0.0117362534	0.0116081195	0.0119117903	2.69589363e-05	0.000202791401	0	100	0	0	3
219	188	0	1.96500857	0.0118737596	0.0117355743	0.0116081195	0.0118737911	2.76380572e-05	0.000202791401	0	100	0	0	3
220	189	0	1.97398121	0.0118080149	0.0117344179	0.0116081195	0.0118737911	2.87944776e-05	0.000202791401	0	100	0	0	3
221	190	0	1.98295385	0.0118473354	0.0117339454	0.0116081195	0.0118737596	2.92669019e-05	0.000202791401	0	100	0	0	3
222	190	0	1.9919265	0.0117666747	0.0117332665	0.0116081195	0.0118737596	2.99458023e-05	0.000202791401	0	100	0	0	3
223	191	0	2.00089914	0.0118156658	0.011732953	0.0116081195	0.0118737596	3.02593191e-05	0.000202791401	0	100	0	0	3
224	192	0	2.00987178	0.0117966715	0.0117322096	0.0116081195	0.0118737596	3.10027607e-05	0.000202791401	0	100	0	0	3
225	193	0	2.01884442	0.0117906075	0.0117326838	0.0116081195	0.0118737596	3.10027607e-05	0.000202791401	0	100	0	0	3
226	194	0	2.02781706	0.0118142587	0.0117322763	0.0116081195	0.0118737596	3.10027607e-05	0.000202791401	0	100	0	0	3
227	194	0	2.03678971	0.0117743548	0.0117314537	0.0116081195	0.0118737596	3.17586725e-05	0.000202791401	0	100	0	0	3
228	195	0	2.04576235	0.0117827851	0.0117319324	0.0116081195	0.0118737596	3.17586725e-05	0.000202791401	0	100	0	0	3
229	196	0	2.05473499	0.0117406127	0.0117305155	0.0116081195	0.0118737596	3.26968639e-05	0.000202791401	0	100	0	0	3
230	197	0	2.06370763	0.011743909	0.0117307159	0.0116081195	0.0118737596	3.26968639e-05	0.000202791401	0	100	0	0	3
231	198	0	2.07268027	0.0117029325	0.0117294556	0.0116081195	0.0118737596	3.37567564e-05	0.000202791401	0	100	0	0	3
232	198	0	2.08165291	0.0117142725	0.0117292968	0.0116081195	0.0118737596	3.39155136e-05	0.000202791401	0	100	0	0	3
233	199	0	2.09062556	0.0116876751	0.0117277329	0.0116081195	0.0118737596	3.54794479e-05	0.000202791401	0	100	0	0	3
234	200	0	2.0995982	0.0117133941	0.0117265603	0.0116081195	0.0118737596	3.66520396e-05	0.000202791401	0	100	0	0	3
235	201	0	2.10857084	0.0116994426	0.0117258194	0.0116081195	0.0118737596	3.73929595e-05	0.000202791401	0	100	0	0	3
236	202	0	2.11754348	0.0117228886	0.0117250772	0.0116081195	0.0118737596	3.81351682e-05	0.000202791401	0	100	0	0	3
237	203	0	2.12651612	0.0116968882	0.011725018	0.0116081195	0.0118737596	3.819435e-05	0.000202791401	0	100	0	0	3
238	203	0	2.13548877	0.0116997147	0.0117246674	0.0116081195	0.0118737596	3.85449264e-05	0.000202791401	0	100	0	0	3
239	204	0	2.14446141	0.0116690655	0.0117240329	0.0116081195	0.0118737596	3.91794859e-05	0.000202791401	0	100	0	0	3
240	205	0	2.15343405	0.0116757754	0.0117236942	0.0116081195	0.0118737596	3.95181817e-05	0.000202791401	0	100	0	0	3
241	206	0	2.16240669	0.0116521817	0.0117234685	0.0116081195	0.0118737596	3.97438256e-05	0.000202791401	0	100	0	0	3
242	207	0	2.17137933	0.0116704945	0.0117234367	0.0116081195	0.0118737596	3.97756478e-05	0.000202791401	0	100	0	0	3
243	207	0	2.18035198	0.0116322571	0.0117234837	0.0116081195	0.0118737596	3.97756478e-05	0.000202791401	0	100	0	0	3
244	208	0	2.18932462	0.0116427198	0.0117234048	0.0116081195	0.0118737596	3.98075663e-05	0.000202791401	0	100	0	0	3
245	209	0	2.19829726	0.0115841432	0.0117229766	0.0115841432	0.0118737596	4.02357144e-05	0.000202791401	0	100	0	0	3
246	210	0	2.2072699	0.0115989386	0.0117223117	0.0115841432	0.0118737596	4.09005972e-05	0.000202791401	0	100	0	0	3
247	211	0	2.21624254	0.011547176	0.011721123	0.011547176	0.0118737596	4.20893357e-05	0.000202791401	0	100	0	0	3
248	211	0	2.22521518	0.0115762286	0.0117199715	0.011547176	0.0118737596	4.32408604e-05	0.000202791401	0	100	0	0	3
249	212	0	2.23418783	0.0115507744	0.0117188076	0.011547176	0.0118737596	4.44047249e-05	0.000202791401	0	100	0	0	3
250	213	0	2.24316047	0.0115716531	0.0117175109	0.011547176	0.0118737596	4.57014062e-05	0.000202791401	0	100	0	0	3
251	214	0	2.25213311	0.0115291971	0.0117151819	0.0115291971	0.0118737596	4.80303975e-05	0.000202791401	0	100	0	0	3
252	215	0	2.26110575	0.0115605972	0.0117134125	0.0115291971	0.0118737596	4.96462925e-05	0.000202791401	0	100	0	0	3
253	215	0	2.27007839	0.0115266449	0.0117104243	0.0115266449	0.0118737596	5.24873235e-05	0.000202791401	0	100	0	0	3
254	216	0	2.27905104	0.0115622833	0.0117087666	0.0115266449	0.0118737596	5.3675178e-05	0.000202791401	0	100	0	0	3
255	217	0	2.28802368	0.0115328054	0.0117055898	0.0115266449	0.0118737596	5.60581512e-05	0.000202791401	0	100	0	0	3
256	218	0	2.29699632	0.0115699313	0.0117041093	0.0115266449	0.0118737596	5.67136483e-05	0.000202791401	0	100	0	0	3
257	219	0	2.30596896	0.0115576078	0.0117012644	0.0115266449	0.0118737596	5.85021297e-05	0.000202791401	0	100	0	0	3
258	220	0	2.3149416	0.0115854382	0.0116998424	0.0115266449	0.0118737596	5.88303395e-05	0.000202791401	0	100	0	0	3
259	220	0	2.32391425	0.0115613965	0.0116969571	0.0115266449	0.0118737596	5.96450716e-05	0.000202791401	0	100	0	0	3
260	221	0	2.33288689	0.0115876407	0.0116957609	0.0115266449	0.0118737596	6.01269732e-05	0.000202791401	0	100	0	0	3
261	222	0	2.34185953	0.0115570561	0.0116929525	0.0115266449	0.0118737596	6.10281106e-05	0.000202791401	0	100	0	0	3
262	223	0	2.35083217	0.0115746368	0.0116909693	0.0115266449	0.0118737596	6.18920542e-05	0.000202791401	0	100	0	0	3
263	224	0	2.35980481	0.0115490102	0.0116880141	0.0115266449	0.0118737596	6.24344851e-05	0.000202791401	0	100	0	0	3
264	224	0	2.36877745	0.011566894	0.0116853587	0.0115266449	0.0118737596	6.29551798e-05	0.000202791401	0	100	0	0	3
265	225	0	2.3777501	0.0115369443	0.0116815035	0.0115266449	0.0118737596	6.62054628e-05	0.000202791401	0	100	0	0	3
266	226	0	2.38672274	0.011565833	0.0116780118	0.0115266449	0.0118737596	6.81456284e-05	0.000202791401	0	100	0	0	3
267	227	0	2.39569538	0.0115479655	0.0116733991	0.0115266449	0.0118737596	7.15510473e-05	0.000202791401	0	100	0	0	3
268	228	0	2.40466802	0.0115821327	0.0116699726	0.0115266449	0.0118737596	7.42068735e-05	0.000202791401	0	100	0	0	3
269	228	0	2.41364066	0.0115709946	0.0116652546	0.0115266449	0.0118737596	7.6791224e-05	0.000202791401	0	100	0	0	3
270	229	0	2.42261331	0.0116146714	0.0116624722	0.0115266449	0.0118737596	7.87119697e-05	0.000202791401	0	100	0	0	3
271	230	0	2.43158595	0.0116128279	0.0116584381	0.0115266449	0.0118737596	8.06075772e-05	0.000202791401	0	100	0	0	3
272	231	0	2.44055859	0.011657312	0.0116561289	0.0115266449	0.0118737596	8.21660756e-05	0.000202791401	0	100	0	0	3
273	232	0	2.44953123	0.0116559024	0.0116524382	0.0115266449	0.0118737596	8.38151827e-05	0.000202791401	0	100	0	0	3
274	232	0	2.45850387	0.0116946842	0.0116504227	0.0115266449	0.0118737596	8.51515493e-05	0.000202791401	0	100	0	0	3
275	233	0	2.46747652	0.0116684502	0.0116467565	0.0115266449	0.0118473354	8.76613677e-05	0.000202791401	0	100	0	0	3
276	234	0	2.47644916	0.0116874497	0.0116446036	0.0115266449	0.0118473354	8.93418923e-05	0.000202791401	0	100	0	0	3
277	235	0	2.4854218	0.0116668606	0.0116413808	0.0115266449	0.0118156658	9.1885755e-05	0.000202791401	0	100	0	0	3
278	236	0	2.49439444	0.0116947887	0.0116400971	0.0115266449	0.0118156658	9.28559167e-05	0.000202791401	0	100	0	0	3
279	236	0	2.50336708	0.0116540228	0.0116372106	0.0115266449	0.0118142587	9.54731357e-05	0.000202791401	0	100	0	0	3
280	237	0	2.51233972	0.0116943074	0.0116353827	0.0115266449	0.0118142587	9.73010665e-05	0.000202791401	0	100	0	0	3
281	238	0	2.52131237	0.0116705462	0.0116332387	0.0115266449	0.0118142587	9.90375839e-05	0.000202791401	0	100	0	0	3
282	239	0	2.53028501	0.0117137107	0.0116314432	0.0115266449	0.0117827851	0.000100489127	0.000202791401	0	100	0	0	3
283	240	0	2.53925765	0.0116794222	0.011629748	0.0115266449	0.0117827851	0.000102184353	0.000202791401	0	100	0	0	3
284	240	0	2.54823029	0.0117166769	0.0116285675	0.0115266449	0.011743909	0.000102148341	0.000202791401	0	100	0	0	3
285	241	0	2.55720293	0.0116887019	0.0116276405	0.0115266449	0.011743909	0.00010307532	0.000202791401	0	100	0	0	3
286	242	0	2.56617558	0.0117233008	0.0116272725	0.0115266449	0.0117233008	0.000102183057	0.000202791401	0	100	0	0	3
287	243	0	2.57514822	0.0116931494	0.0116270978	0.0115266449	0.0117233008	0.000102198997	0.000202791401	0	100	0	0	3
288	244	0	2.58412086	0.0117381165	0.0116275236	0.0115266449	0.0117381165	0.000100635063	0.000202791401	0	100	0	0	3
289	245	0	2.5930935	0.0117078693	0.0116278842	0.0115266449	0.0117381165	9.94624712e-05	0.000202791401	0	100	0	0	3
290	245	0	2.60206614	0.0117399166	0.0116283578	0.0115266449	0.0117399166	9.87215513e-05	0.000202791401	0	100	0	0	3
291	246	0	2.61103879	0.0116984348	0.0116283399	0.0115266449	0.0117399166	9.79793426e-05	0.000202791401	0	100	0	0	3
292	247	0	2.62001143	0.0117235145	0.011628351	0.0115266449	0.0117399166	9.79201608e-05	0.000202791401	0	100	0	0	3
293	248	0	2.62898407	0.0116892767	0.0116282151	0.0115266449	0.0117399166	9.75695844e-05	0.000202791401	0	100	0	0	3
294	249	0	2.63795671	0.0116985414	0.0116281942	0.0115266449	0.0117399166	9.69350249e-05	0.000202791401	0	100	0	0	3
295	249	0	2.64692935	0.0116474134	0.0116278075	0.0115266449	0.0117399166	9.65963291e-05	0.000202791401	0	100	0	0	3
296	250	0	2.65590199	0.0116557727	0.0116274503	0.0115266449	0.0117399166	9.63858882e-05	0.000202791401	0	100	0	0	3
297	251	0	2.66487464	0.0116149887	0.0116267862	0.0115266449	0.0117399166	9.66975632e-05	0.000202791401	0	100	0	0	3
298	252	0	2.67384728	0.0116287506	0.0116260407	0.0115266449	0.0117399166	9.74429908e-05	0.000202791401	0	100	0	0	3
299	253	0	2.68281992	0.011595831	0.0116253903	0.0115266449	0.0117399166	9.80145133e-05	0.000202791401	0	100	0	0	3
300	253	0	2.69179256	0.0116190927	0.0116249684	0.0115266449	0.0117399166	9.80082781e-05	0.000202791401	0	100	0	0	3
301	258	0	2.7007652	0.0115916081	0.0116251017	0.0115266449	0.0117399166	9.73433953e-05	0.000202791401	0	100	0	0	3
302	259	0	2.70973785	0.0116063083	0.0116252333	0.0115266449	0.0117399166	9.61546568e-05	0.000202791401	0	100	0	0	3
303	260	0	2.71871049	0.0115656404	0.011625563	0.0115266449	0.0117399166	9.50031321e-05	0.000202791401	0	100	0	0	3
304	261	0	2.72768313	0.0115764703	0.0116255673	0.0115266449	0.0117399166	9.38392676e-05	0.000202791401	0	100	0	0	3
305	262	0	2.73665577	0.0115377805	0.0116253353	0.0115266449	0.0117399166	9.25425862e-05	0.000202791401	0	100	0	0	3
306	263	0	2.74562841	0.0115454229	0.0116248669	0.0115266449	0.0117399166	9.03150844e-05	0.000202791401	0	100	0	0	3
307	263	0	2.75460106	0.0115060748	0.011624454	0.0115060748	0.0117399166	8.89585234e-05	0.000202791401	0	100	0	0	3
308	264	0	2.7635737	0.0115256397	0.0116238297	0.0115060748	0.0117399166	8.65945917e-05	0.000202791401	0	100	0	0	3
309	265	0	2.77254634	0.0114998794	0.0116233518	0.0114998794	0.0117399166	8.54148695e-05	0.000202791401	0	100	0	0	3
310	266	0	2.78151898	0.0115238782	0.011622666	0.0114998794	0.0117399166	8.29238291e-05	0.000202791401	0	100	0	0	3
311	267	0	2.79049162	0.011502734	0.011622129	0.0114998794	0.0117399166	8.19803188e-05	0.000202791401	0	100	0	0	3
312	267	0	2.79946426	0.0115369609	0.0116215402	0.0114998794	0.0117399166	7.97242302e-05	0.000202791401	0	100	0	0	3
313	268	0	2.80843691	0.0115233184	0.0116209279	0.0114998794	0.0117399166	7.89145016e-05	0.000202791401	0	100	0	0	3
314	269	0	2.81740955	0.0115531664	0.0116203516	0.0114998794	0.0117399166	7.6605508e-05	0.000202791401	0	100	0	0	3
315	270	0	2.82638219	0.0115336737	0.0116198566	0.0114998794	0.0117399166	7.59043766e-05	0.000202791401	0	100	0	0	3
316	271	0	2.83535483	0.01156184	0.0116193958	0.0114998794	0.0117399166	7.35566653e-05	0.000202791401	0	100	0	0	3
317	271	0	2.84432747	0.0115472617	0.0116192209	0.0114998794	0.0117399166	7.17483426e-05	0.000202791401	0	100	0	0	3
318	273	0	2.85330012	0.0115803308	0.0116193226	0.0114998794	0.0117399166	6.87931745e-05	0.000202791401	0	100	0	0	3
319	274	0	2.86227276	0.0115634997	0.0116195814	0.0114998794	0.0117399166	6.61377201e-05	0.000202791401	0	100	0	0	3
320	275	0	2.8712454	0.0115959367	0.0116201	0.0114998794	0.0117399166	6.22825584e-05	0.000202791401	0	100	0	0	3
321	275	0	2.88021804	0.0115800647	0.01162087	0.0114998794	0.0117399166	5.87908518e-05	0.000202791401	0	100	0	0	3
322	276	0	2.88919068	0.0116120989	0.0116216962	0.0114998794	0.0117399166	5.41781839e-05	0.000202791401	0	100	0	0	3
323	277	0	2.89816332	0.0116018493	0.0116226584	0.0114998794	0.0117399166	5.0751617e-05	0.000202791401	0	100	0	0	3
324	278	0	2.90713597	0.0116441718	0.0116237662	0.0114998794	0.0117399166	4.60336578e-05	0.000202791401	0	100	0	0	3
325	279	0	2.91610861	0.0116364766	0.0116249355	0.0114998794	0.0117399166	4.32512085e-05	0.000202791401	0	100	0	0	3
326	280	0	2.92508125	0.0116792705	0.0116260891	0.0114998794	0.0117399166	3.92171731e-05	0.000202791401	0	100	0	0	3
327	280	0	2.93405389	0.0116715801	0.0116271382	0.0114998794	0.0117399166	3.69079247e-05	0.000202791401	0	100	0	0	3
328	281	0	2.94302653	0.0117144774	0.0116281591	0.0114998794	0.0117399166	3.32172812e-05	0.000202791401	0	100	0	0	3
329	282	0	2.95199918	0.011706932	0.0116290703	0.0114998794	0.0117399166	3.12017937e-05	0.000202791401	0	100	0	0	3
330	283	0	2.96097182	0.0117683282	0.0116303854	0.0114998794	0.0117683282	2.75355548e-05	0.000202791401	0	100	0	0	3
331	284	0	2.96994446	0.0117303743	0.0116314912	0.0114998794	0.0117683282	2.5382606e-05	0.000202791401	0	100	0	0	3
332	284	0	2.9789171	0.0117510327	0.0116326266	0.0114998794	0.0117683282	2.21598428e-05	0.000202791401	0	100	0	0	3
333	285	0	2.98788974	0.011780558	0.0116346569	0.0114998794	0.011780558	2.08761644e-05	0.000202791401	0	100	0	0	3
334	286	0	2.99686239	0.0118316555	0.0116371009	0.0114998794	0.0118316555	1.79896823e-05	0.000202791401	0	100	0	0	3
335	287	0	3.00583503	0.0118111566	0.0116399069	0.0114998794	0.0118316555	2.0685945e-05	0.000202791401	0	100	0	0	3
336	288	0	3.01480767	0.0118457127	0.0116426106	0.0114998794	0.0118457127	2.33896103e-05	0.000202791401	0	100	0	0	3
337	289	0	3.02378031	0.0118462393	0.0116457479	0.0114998794	0.0118462393	2.65269863e-05	0.000202791401	0	100	0	0	3
338	289	0	3.03275295	0.0118891122	0.0116488801	0.0114998794	0.0118891122	2.96591561e-05	0.000202791401	0	100	0	0	3
339	290	0	3.04172559	0.0118470022	0.0116518726	0.0114998794	0.0118891122	3.26516568e-05	0.000202791401	0	100	0	0	3
340	291	0	3.05069824	0.0118691629	0.0116545956	0.0114998794	0.0118891122	3.5374622e-05	0.000202791401	0	100	0	0	3
341	292	0	3.05967088	0.011857375	0.0116576076	0.0114998794	0.0118891122	3.83866416e-05	0.000202791401	0	100	0	0	3
342	293	0	3.06864352	0.0118985934	0.0116607378	0.0114998794	0.0118985934	4.1516867e-05	0.000202791401	0	100	0	0	3
343	293	0	3.07761616	0.0118493385	0.0116635269	0.0114998794	0.0118985934	4.43059578e-05	0.000202791401	0	100	0	0	3
344	294	0	3.0865888	0.0118752862	0.0116659764	0.0114998794	0.0118985934	4.67554169e-05	0.000202791401	0	100	0	0	3
345	295	0	3.09556145	0.0118647407	0.0116687776	0.0114998794	0.0118985934	4.95566907e-05	0.000202791401	0	100	0	0	3
346	296	0	3.10453409	0.011907502	0.0116717702	0.0114998794	0.011907502	5.25492874e-05	0.000202791401	0	100	0	0	3
347	297	0	3.11350673	0.0118499525	0.0116744759	0.0114998794	0.011907502	5.52549608e-05	0.000202791401	0	100	0	0	3
348	298	0	3.12247937	0.0119017323	0.0116776584	0.0114998794	0.011907502	5.84374215e-05	0.000202791401	0	100	0	0	3
349	298	0	3.13145201	0.0118403942	0.0116803569	0.0114998794	0.011907502	6.11359485e-05	0.000202791401	0	100	0	0	3
350	299	0	3.14042466	0.0118598169	0.0116832368	0.0114998794	0.011907502	6.40158683e-05	0.000202791401	0	100	0	0	3
351	300	0	3.1493973	0.0118061567	0.0116860715	0.0114998794	0.011907502	6.68505696e-05	0.000202791401	0	100	0	0	3
352	301	0	3.15836994	0.0118264219	0.0116891188	0.0114998794	0.011907502	6.98978762e-05	0.000202791401	0	100	0	0	3
353	302	0	3.16734258	0.0117755477	0.0116919859	0.0114998794	0.011907502	7.27650019e-05	0.000202791401	0	100	0	0	3
354	302	0	3.17631522	0.0117984464	0.0116950162	0.0114998794	0.011907502	7.57952844e-05	0.000202791401	0	100	0	0	3
355	303	0	3.18528786	0.0117579807	0.0116979118	0.0114998794	0.011907502	7.86908143e-05	0.000202791401	0	100	0	0	3
356	304	0	3.19426051	0.0117841745	0.0117008596	0.0114998794	0.011907502	8.16387024e-05	0.000202791401	0	100	0	0	3
357	305	0	3.20323315	0.0117512159	0.0117037098	0.0114998794	0.011907502	8.44888419e-05	0.000202791401	0	100	0	0	3
358	306	0	3.21220579	0.0117881904	0.0117069577	0.0114998794	0.011907502	8.77367373e-05	0.000202791401	0	100	0	0	3
359	307	0	3.22117843	0.0117640302	0.0117105004	0.0114998794	0.011907502	9.12794119e-05	0.000202791401	0	100	0	0	3
360	307	0	3.23015107	0.0117868334	0.0117142568	0.0114998794	0.011907502	9.50358959e-05	0.000202791401	0	100	0	0	3
361	308	0	3.23912372	0.011791446	0.0117187866	0.0114998794	0.011907502	9.95656372e-05	0.000202791401	0	100	0	0	3
362	309	0	3.24809636	0.011738084	0.011722227	0.0114998794	0.011907502	0.000103006013	0.000202791401	0	100	0	0	3
363	310	0	3.257069	0.0117732146	0.0117269973	0.0114998794	0.011907502	0.000107776367	0.000202791401	0	100	0	0	3
364	311	0	3.26604164	0.0117339265	0.0117307167	0.0114998794	0.011907502	0.000111495775	0.000202791401	0	100	0	0	3
365	312	0	3.27501428	0.0117143786	0.0117345471	0.011502734	0.011907502	0.000115326118	0.000202791401	0	100	0	0	3
366	313	0	3.28398693	0.0117221856	0.0117380883	0.011502734	0.011907502	0.000118867323	0.000202791401	0	100	0	0	3
367	314	0	3.29295957	0.0116778251	0.0117412149	0.0115233184	0.011907502	0.000121993951	0.000202791401	0	100	0	0	3
368	315	0	3.30193221	0.0116885696	0.0117439222	0.0115233184	0.011907502	0.00012470125	0.000202791401	0	100	0	0	3
369	316	0	3.31090485	0.0116471709	0.0117461338	0.0115336737	0.011907502	0.000126912901	0.000202791401	0	100	0	0	3
370	317	0	3.31987749	0.0116679655	0.0117481838	0.0115336737	0.011907502	0.000128962886	0.000202791401	0	100	0	0	3
371	318	0	3.32885013	0.0116228613	0.0117497765	0.0115472617	0.011907502	0.000130555522	0.000202791401	0	100	0	0	3
372	319	0	3.33782278	0.0116365641	0.0117511108	0.0115472617	0.011907502	0.000131889882	0.000202791401	0	100	0	0	3
373	320	0	3.34679542	0.0115920306	0.0117519103	0.0115634997	0.011907502	0.000132587648	0.000202791401	0	100	0	0	3
374	321	0	3.35576806	0.0116069665	0.0117523859	0.0115634997	0.011907502	0.000132804546	0.000202791401	0	100	0	0	3
375	322	0	3.3647407	0.0115672102	0.0117524522	0.0115672102	0.011907502	0.000132352186	0.000202791401	0	100	0	0	3
376	323	0	3.37371334	0.0115876514	0.0117523042	0.0115672102	0.011907502	0.000131582179	0.000202791401	0	100	0	0	3
377	324	0	3.38268599	0.0115547698	0.0117518525	0.0115547698	0.011907502	0.000130756002	0.000202791401	0	100	0	0	3
378	325	0	3.39165863	0.0115802889	0.0117512845	0.0115547698	0.011907502	0.000129793791	0.000202791401	0	100	0	0	3
379	326	0	3.40063127	0.0115531027	0.011750414	0.0115531027	0.011907502	0.00012868595	0.000202791401	0	100	0	0	3
380	327	0	3.40960391	0.0115782909	0.0117492376	0.0115531027	0.011907502	0.000127516627	0.000202791401	0	100	0	0	3
381	328	0	3.41857655	0.0115562193	0.0117478044	0.0115531027	0.011907502	0.000126363071	0.000202791401	0	100	0	0	3
382	328	0	3.4275492	0.0115839549	0.0117461023	0.0115531027	0.011907502	0.000125313925	0.000202791401	0	100	0	0	3
383	329	0	3.43652184	0.0115747644	0.0117443735	0.0115531027	0.011907502	0.000124293114	0.000202791401	0	100	0	0	3
384	330	0	3.44549448	0.0116105686	0.011742518	0.0115531027	0.011907502	0.000123381871	0.000202791401	0	100	0	0	3
385	331	0	3.45446712	0.0116047001	0.0117406924	0.0115531027	0.011907502	0.000122066798	0.000202791401	0	100	0	0	3
386	332	0	3.46343976	0.011654785	0.0117386648	0.0115531027	0.011907502	0.000120961011	0.000202791401	0	100	0	0	3
387	333	0	3.4724124	0.0116163765	0.0117366292	0.0115531027	0.011907502	0.0001198256	0.000202791401	0	100	0	0	3
388	333	0	3.48138505	0.011655923	0.0117349308	0.0115531027	0.011907502	0.000117795289	0.000202791401	0	100	0	0	3
389	334	0	3.49035769	0.011669317	0.0117329443	0.0115531027	0.011907502	0.000115351239	0.000202791401	0	100	0	0	3
390	335	0	3.49933033	0.0115915007	0.0117286559	0.0115531027	0.011907502	0.000112545279	0.000202791401	0	100	0	0	3
391	336	0	3.50830297	0.0116587375	0.0117259341	0.0115531027	0.011907502	0.000109841614	0.000202791401	0	100	0	0	3
392	337	0	3.51727561	0.0116138015	0.0117217928	0.0115531027	0.011907502	0.000106704238	0.000202791401	0	100	0	0	3
393	338	0	3.52624826	0.0116233958	0.0117178135	0.0115531027	0.011907502	0.000103572068	0.000202791401	0	100	0	0	3
394	338	0	3.5352209	0.0116354122	0.0117132831	0.0115531027	0.011907502	0.000100579568	0.000202791401	0	100	0	0	3
395	339	0	3.54419354	0.0116006737	0.0117088844	0.0115531027	0.011907502	9.78566024e-05	0.000202791401	0	100	0	0	3
396	340	0	3.55316618	0.0116107574	0.01170427	0.0115531027	0.011907502	9.48445828e-05	0.000202791401	0	100	0	0	3
397	341	0	3.56213882	0.0116225293	0.0117000763	0.0115531027	0.011907502	9.17143574e-05	0.000202791401	0	100	0	0	3
398	342	0	3.57111147	0.0115619293	0.0116940645	0.0115531027	0.011907502	8.89252666e-05	0.000202791401	0	100	0	0	3
399	343	0	3.58008411	0.0116322195	0.0116901873	0.0115531027	0.011907502	8.64758075e-05	0.000202791401	0	100	0	0	3
400	344	0	3.58905675	0.0115549884	0.0116844677	0.0115531027	0.011907502	8.36745337e-05	0.000202791401	0	100	0	0	3
401	348	0	3.59802939	0.0116243427	0.0116801749	0.0115531027	0.011907502	8.0681937e-05	0.000202791401	0	100	0	0	3
402	349	0	3.60700203	0.0115503084	0.0116737965	0.0115503084	0.0119017323	7.86557067e-05	0.000202791401	0	100	0	0	3
403	350	0	3.61597467	0.0116061584	0.011669443	0.0115503084	0.0119017323	8.30091726e-05	0.000202791401	0	100	0	0	3
404	351	0	3.62494732	0.0115336106	0.0116628694	0.0115336106	0.0118598169	8.95827758e-05	0.000202791401	0	100	0	0	3
405	351	0	3.63391996	0.0115873767	0.0116583512	0.0115336106	0.0118598169	9.41009458e-05	0.000202791401	0	100	0	0	3
406	352	0	3.6428926	0.0115216185	0.011652312	0.0115216185	0.0118264219	0.000100140204	0.000202791401	0	100	0	0	3
407	353	0	3.65186524	0.0115793534	0.0116482619	0.0115216185	0.0118264219	0.000104190263	0.000202791401	0	100	0	0	3
408	354	0	3.66083788	0.0115239958	0.0116428614	0.0115216185	0.0117984464	0.00010959073	0.000202791401	0	100	0	0	3
409	355	0	3.66981053	0.0115779397	0.0116393327	0.0115216185	0.0117984464	0.000113119445	0.000202791401	0	100	0	0	3
410	356	0	3.67878317	0.011520012	0.0116343607	0.011520012	0.011791446	0.000118091487	0.000202791401	0	100	0	0	3
411	356	0	3.68775581	0.0115787311	0.0116311598	0.011520012	0.011791446	0.000121292373	0.000202791401	0	100	0	0	3
412	357	0	3.69672845	0.0115594741	0.0116271473	0.011520012	0.011791446	0.000125304879	0.000202791401	0	100	0	0	3
413	358	0	3.70570109	0.0115318014	0.0116232292	0.011520012	0.011791446	0.000129222995	0.000202791401	0	100	0	0	3
414	359	0	3.71467374	0.0115617553	0.0116191857	0.011520012	0.011791446	0.000133266479	0.000202791401	0	100	0	0	3
415	360	0	3.72364638	0.0115138149	0.0116147176	0.0115138149	0.011791446	0.000137734608	0.000202791401	0	100	0	0	3
416	361	0	3.73261902	0.0115556168	0.0116105887	0.0115138149	0.011791446	0.000141863477	0.000202791401	0	100	0	0	3
417	361	0	3.74159166	0.0115324985	0.0116059646	0.0115138149	0.0117732146	0.00014648754	0.000202791401	0	100	0	0	3
418	362	0	3.7505643	0.0115860921	0.0116032505	0.0115138149	0.0117732146	0.000149201681	0.000202791401	0	100	0	0	3
419	363	0	3.75953694	0.0115695719	0.011599614	0.0115138149	0.0117339265	0.000152838159	0.000202791401	0	100	0	0	3
420	364	0	3.76850959	0.0116153223	0.0115974961	0.0115138149	0.0117221856	0.000154956092	0.000202791401	0	100	0	0	3
421	365	0	3.77748223	0.0115628374	0.01159479	0.0115138149	0.0117221856	0.000157662184	0.000202791401	0	100	0	0	3
422	366	0	3.78645487	0.0116707906	0.0115938722	0.0115138149	0.0116885696	0.000158579952	0.000202791401	0	100	0	0	3
423	366	0	3.79542751	0.0115900103	0.0115923041	0.0115138149	0.0116885696	0.000160148074	0.000202791401	0	100	0	0	3
424	367	0	3.80440015	0.0116553269	0.0115917105	0.0115138149	0.0116707906	0.000156975704	0.000202791401	0	100	0	0	3
425	368	0	3.8133728	0.0116585815	0.0115919142	0.0115138149	0.0116707906	0.000156975704	0.000202791401	0	100	0	0	3
426	369	0	3.82234544	0.0116199496	0.0115910568	0.0115138149	0.0116707906	0.000156975704	0.000202791401	0	100	0	0	3
427	370	0	3.83131808	0.011687854	0.0115922174	0.0115138149	0.011687854	0.00016139536	0.000202791401	0	100	0	0	3
428	371	0	3.84029072	0.0116621993	0.0115926752	0.0115138149	0.011687854	0.00016139536	0.000202791401	0	100	0	0	3
429	371	0	3.84926336	0.011656694	0.0115938299	0.0115138149	0.011687854	0.00016139536	0.000202791401	0	100	0	0	3
430	372	0	3.85823601	0.0117030931	0.0115955464	0.0115138149	0.0117030931	0.00016139536	0.000202791401	0	100	0	0	3
431	373	0	3.86720865	0.0116864424	0.0115976756	0.0115138149	0.0117030931	0.00016124741	0.000202791401	0	100	0	0	3
432	374	0	3.87618129	0.0116463913	0.0115987245	0.0115138149	0.0117030931	0.000160795716	0.000202791401	0	100	0	0	3
433	375	0	3.88515393	0.0116908885	0.0116011552	0.0115138149	0.0117030931	0.000160227681	0.000202791401	0	100	0	0	3
434	376	0	3.89412657	0.0116348625	0.0116021297	0.0115138149	0.0117030931	0.000159357205	0.000202791401	0	100	0	0	3
435	376	0	3.90309921	0.0116877036	0.0116045333	0.0115138149	0.0117030931	0.00015818076	0.000202791401	0	100	0	0	3
436	377	0	3.91207186	0.0116093483	0.0116050879	0.0115138149	0.0117030931	0.000156747594	0.000202791401	0	100	0	0	3
437	378	0	3.9210445	0.0116978974	0.0116076179	0.0115138149	0.0117030931	0.00015504553	0.000202791401	0	100	0	0	3
438	379	0	3.93001714	0.0115635043	0.0116072527	0.0115138149	0.0117030931	0.000153316679	0.000202791401	0	100	0	0	3
439	380	0	3.93898978	0.011722952	0.0116098989	0.0115138149	0.011722952	0.000151461165	0.000202791401	0	100	0	0	3
440	381	0	3.94796242	0.011641276	0.0116104472	0.0115138149	0.011722952	0.000149635594	0.000202791401	0	100	0	0	3
441	381	0	3.95693507	0.0117266148	0.0116126243	0.0115138149	0.0117266148	0.000147608036	0.000202791401	0	100	0	0	3
442	382	0	3.96590771	0.0116708308	0.0116129108	0.0115138149	0.0117266148	0.000145572362	0.000202791401	0	100	0	0	3
443	383	0	3.97488035	0.0117246533	0.0116148443	0.0115138149	0.0117266148	0.000143873973	0.000202791401	0	100	0	0	3
444	384	0	3.98385299	0.0116132498	0.0116140823	0.0115138149	0.0117266148	0.000141887525	0.000202791401	0	100	0	0	3
445	385	0	3.99282563	0.0117028488	0.0116146811	0.0115138149	0.0117266148	0.000137599046	0.000202791401	0	100	0	0	3
446	386	0	4.00179828	0.0116948977	0.0116165275	0.0115138149	0.0117266148	0.000134877277	0.000202791401	0	100	0	0	3
