Iteration	CPUTime	PhysTime	Travels	Value	AvValue	MinValue	MaxValue	Delta	Criteria	PrevAvRefValue	Progress	CriteriaType	CriteriaVarType	CriteriaPercentage
1	5	0	0.00897264187	0.0607311656	0.0607311656	0.0607311656	0.0607311656	0	0	0	0	0	0	3
2	6	0	0.0179452837	0.0133261268	0.0370286462	0.0133261268	0.0607311656	0.0237025194	0	0	0	0	0	3
3	7	0	0.0269179256	0.00670526602	0.0269208528	0.00670526602	0.0607311656	0.0338103128	0	0	0	0	0	3
4	8	0	0.0358905675	0.00501760459	0.0214450408	0.00501760459	0.0607311656	0.0392861248	0	0	0	0	0	3
5	9	0	0.0448632094	0.00371422605	0.0178988778	0.00371422605	0.0607311656	0.0428322878	0	0	0	0	0	3
6	9	0	0.0538358512	0.00465467097	0.01569151	0.00371422605	0.0607311656	0.0450396556	0	0	0	0	0	3
7	10	0	0.0628084931	0.00363336662	0.0139689181	0.00363336662	0.0607311656	0.0467622475	0	0	0	0	0	3
8	11	0	0.071781135	0.00391427132	0.0127120872	0.00363336662	0.0607311656	0.0480190784	0	0	0	0	0	3
9	12	0	0.0807537769	0.00383859482	0.0117261436	0.00363336662	0.0607311656	0.049005022	0	0	0	0	0	3
10	12	0	0.0897264187	0.00482425423	0.0110359547	0.00363336662	0.0607311656	0.0496952109	0	0	0	0	0	3
11	13	0	0.0986990606	0.00448212415	0.0104401519	0.00363336662	0.0607311656	0.0502910137	0	0	0	0	0	3
12	14	0	0.107671702	0.00469826891	0.00996166168	0.00363336662	0.0607311656	0.0507695039	0	0	0	0	0	3
13	15	0	0.116644344	0.00413993887	0.00951383684	0.00363336662	0.0607311656	0.0512173288	0	0	0	0	0	3
14	15	0	0.125616986	0.00426637605	0.00913901822	0.00363336662	0.0607311656	0.0515921474	0	0	0	0	0	3
15	16	0	0.134589628	0.00436530653	0.00882077077	0.00363336662	0.0607311656	0.0519103948	0	0	0	0	0	3
16	17	0	0.14356227	0.00428416347	0.00853723281	0.00363336662	0.0607311656	0.0521939328	0	0	0	0	0	3
17	18	0	0.152534912	0.00427848073	0.00828671799	0.00363336662	0.0607311656	0.0524444476	0	0	0	0	0	3
18	18	0	0.161507554	0.00418119651	0.00805863346	0.00363336662	0.0607311656	0.0526725321	0	0	0	0	0	3
19	19	0	0.170480196	0.00406317786	0.00784834632	0.00363336662	0.0607311656	0.0528828193	0	0	0	0	0	3
20	20	0	0.179452837	0.00399801212	0.00765582961	0.00363336662	0.0607311656	0.053075336	0	0	0	0	0	3
21	20	0	0.188425479	0.00408528669	0.00748580376	0.00363336662	0.0607311656	0.0532453618	0	0	0	0	0	3
22	21	0	0.197398121	0.00412056783	0.00733283849	0.00363336662	0.0607311656	0.0533983271	0	0	0	0	0	3
23	22	0	0.206370763	0.00429304881	0.00720067372	0.00363336662	0.0607311656	0.0535304919	0	0	0	0	0	3
24	23	0	0.215343405	0.00426938978	0.00707853689	0.00363336662	0.0607311656	0.0536526287	0	0	0	0	0	3
25	23	0	0.224316047	0.00433370952	0.0069687438	0.00363336662	0.0607311656	0.0537624218	0	0	0	0	0	3
26	24	0	0.233288689	0.00433773811	0.00686755127	0.00363336662	0.0607311656	0.0538636143	0	0	0	0	0	3
27	25	0	0.242261331	0.00430221884	0.00677253896	0.00363336662	0.0607311656	0.0539586267	0	0	0	0	0	3
28	26	0	0.251233972	0.00430437239	0.00668439015	0.00363336662	0.0607311656	0.0540467755	0	0	0	0	0	3
29	27	0	0.260206614	0.0042463501	0.0066003198	0.00363336662	0.0607311656	0.0541308458	0	0	0	0	0	3
30	27	0	0.269179256	0.00434161949	0.00652502979	0.00363336662	0.0607311656	0.0542061358	0	0	0	0	0	3
31	28	0	0.278151898	0.00429385137	0.0064530563	0.00363336662	0.0607311656	0.0542781093	0	0	0	0	0	3
32	29	0	0.28712454	0.00436518736	0.00638781039	0.00363336662	0.0607311656	0.0543433552	0	0	0	0	0	3
33	30	0	0.296097182	0.00421677138	0.00632202133	0.00363336662	0.0607311656	0.0544091443	0	0	0	0	0	3
34	31	0	0.305069824	0.00431737943	0.00626306128	0.00363336662	0.0607311656	0.0544681043	0	0	0	0	0	3
35	31	0	0.314042466	0.00414553942	0.00620256065	0.00363336662	0.0607311656	0.054528605	0	0	0	0	0	3
36	32	0	0.323015107	0.00419965837	0.00614692448	0.00363336662	0.0607311656	0.0545842411	0	0	0	0	0	3
37	33	0	0.331987749	0.00401119097	0.00608920195	0.00363336662	0.0607311656	0.0546419637	0	0	0	0	0	3
38	34	0	0.340960391	0.00404359357	0.00603537015	0.00363336662	0.0607311656	0.0546957955	0	0	0	0	0	3
39	35	0	0.349933033	0.0038858094	0.00598025321	0.00363336662	0.0607311656	0.0547509124	0	0	0	0	0	3
40	35	0	0.358905675	0.00384552174	0.00592688492	0.00363336662	0.0607311656	0.0548042807	0	0	0	0	0	3
41	36	0	0.367878317	0.00379854517	0.00587497419	0.00363336662	0.0607311656	0.0548561914	0	0	0	0	0	3
42	37	0	0.376850959	0.00371625554	0.00582357613	0.00363336662	0.0607311656	0.0549075895	0	0	0	0	0	3
43	38	0	0.385823601	0.00368165359	0.00577376398	0.00363336662	0.0607311656	0.0549574016	0	0	0	0	0	3
44	39	0	0.394796242	0.00362310924	0.00572488546	0.00362310924	0.0607311656	0.0550062801	0	0	0	0	0	3
45	40	0	0.403768884	0.00359260859	0.00567750153	0.00359260859	0.0607311656	0.0550536641	0	0	0	0	0	3
46	41	0	0.412741526	0.00342334959	0.00562849823	0.00342334959	0.0607311656	0.0551026674	0	0	0	0	0	3
47	42	0	0.421714168	0.00362845354	0.00558594409	0.00342334959	0.0607311656	0.0551452215	0	0	0	0	0	3
48	43	0	0.43068681	0.00324064811	0.00553708375	0.00324064811	0.0607311656	0.0551940819	0	0	0	0	0	3
49	44	0	0.439659452	0.00355712036	0.00549667634	0.00324064811	0.0607311656	0.0552344893	0	0	0	0	0	3
50	45	0	0.448632094	0.00321682983	0.00545107941	0.00321682983	0.0607311656	0.0552800862	0	0	0	0	0	3
51	46	0	0.457604736	0.00349180787	0.00541266232	0.00321682983	0.0607311656	0.0553185033	0	0	0	0	0	3
52	47	0	0.466577377	0.00314529405	0.00536905908	0.00314529405	0.0607311656	0.0553621065	0	0	0	0	0	3
53	48	0	0.475550019	0.00345820291	0.00533300519	0.00314529405	0.0607311656	0.0553981604	0	0	0	0	0	3
54	49	0	0.484522661	0.00314098779	0.00529241228	0.00314098779	0.0607311656	0.0554387533	0	0	0	0	0	3
55	50	0	0.493495303	0.003392704	0.00525787213	0.00314098779	0.0607311656	0.0554732935	0	0	0	0	0	3
56	50	0	0.502467945	0.00315066503	0.00522024343	0.00314098779	0.0607311656	0.0555109222	0	0	0	0	0	3
57	51	0	0.511440587	0.0033769831	0.0041960616	0.00314098779	0.0133261268	0.010185139	0	0	0	0	0	3
58	52	0	0.520413229	0.00309122158	0.00401329543	0.00309122158	0.00670526602	0.00361404444	0	0	0	0	0	3
59	53	0	0.529385871	0.00336262391	0.0039536054	0.00309122158	0.00501760459	0.00192638301	0	0	0	0	0	3
60	54	0	0.538358512	0.00306172191	0.00391867892	0.00306172191	0.00482425423	0.00176253232	0	0	0	0	0	3
61	54	0	0.547331154	0.00333148972	0.00391184434	0.00306172191	0.00482425423	0.00176253232	0	0	0	0	0	3
62	55	0	0.556303796	0.00304027141	0.00388301578	0.00304027141	0.00482425423	0.00178398282	0	0	0	0	0	3
63	56	0	0.565276438	0.00329976429	0.00387705859	0.00304027141	0.00482425423	0.00178398282	0	0	0	0	0	3
64	57	0	0.57424908	0.00301008322	0.00386091238	0.00301008322	0.00482425423	0.00181417101	0	0	0	0	0	3
65	58	0	0.583221722	0.00332633438	0.00385176487	0.00301008322	0.00482425423	0.00181417101	0	0	0	0	0	3
66	59	0	0.592194364	0.00298104875	0.00381885049	0.00298104875	0.00469826891	0.00171722016	0	0	0	0	0	3
67	59	0	0.601167005	0.00325843772	0.00379699894	0.00298104875	0.00469826891	0.00171722016	0	0	0	0	0	3
68	60	0	0.610139647	0.00294567466	0.00376570262	0.00294567466	0.00436530653	0.00141963187	0	0	0	0	0	3
69	61	0	0.619112289	0.00329102197	0.00375054339	0.00294567466	0.00436530653	0.00141963187	0	0	0	0	0	3
70	62	0	0.628084931	0.00297147918	0.00372742023	0.00294567466	0.00436530653	0.00141963187	0	0	0	0	0	3
71	63	0	0.637057573	0.0032843912	0.00370811817	0.00294567466	0.00436518736	0.0014195127	0	0	0	0	0	3
72	63	0	0.646030215	0.0030203146	0.00368554944	0.00294567466	0.00436518736	0.0014195127	0	0	0	0	0	3
73	64	0	0.655002857	0.0033494021	0.00366895875	0.00294567466	0.00436518736	0.0014195127	0	0	0	0	0	3
74	65	0	0.663975499	0.00303144927	0.00364842755	0.00294567466	0.00436518736	0.0014195127	0	0	0	0	0	3
75	66	0	0.67294814	0.00334455061	0.00363559492	0.00294567466	0.00436518736	0.0014195127	0	0	0	0	0	3
76	67	0	0.681920782	0.00309298713	0.00361943376	0.00294567466	0.00436518736	0.0014195127	0	0	0	0	0	3
77	68	0	0.690893424	0.00339954354	0.00360718835	0.00294567466	0.00436518736	0.0014195127	0	0	0	0	0	3
78	68	0	0.699866066	0.00313443138	0.00358957877	0.00294567466	0.00436518736	0.0014195127	0	0	0	0	0	3
79	69	0	0.708838708	0.00337415697	0.00357316998	0.00294567466	0.00436518736	0.0014195127	0	0	0	0	0	3
80	70	0	0.71781135	0.00314002269	0.00355300271	0.00294567466	0.00436518736	0.0014195127	0	0	0	0	0	3
81	71	0	0.726783992	0.00336422089	0.00353569042	0.00294567466	0.00436518736	0.0014195127	0	0	0	0	0	3
82	72	0	0.735756634	0.00312470477	0.00351402911	0.00294567466	0.00436518736	0.0014195127	0	0	0	0	0	3
83	72	0	0.744729275	0.00336030546	0.00349720923	0.00294567466	0.00436518736	0.0014195127	0	0	0	0	0	3
84	73	0	0.753701917	0.00315412011	0.00347666901	0.00294567466	0.00436518736	0.0014195127	0	0	0	0	0	3
85	74	0	0.762674559	0.00334959632	0.00346065555	0.00294567466	0.00436518736	0.0014195127	0	0	0	0	0	3
86	75	0	0.771647201	0.00316254052	0.00343960056	0.00294567466	0.00436518736	0.0014195127	0	0	0	0	0	3
87	75	0	0.780619843	0.0033436455	0.0034226326	0.00294567466	0.00436518736	0.0014195127	0	0	0	0	0	3
88	76	0	0.789592485	0.00315093692	0.00340094956	0.00294567466	0.00431737943	0.00137170477	0	0	0	0	0	3
89	77	0	0.798565127	0.00331688572	0.00338488017	0.00294567466	0.00431737943	0.00137170477	0	0	0	0	0	3
90	78	0	0.807537769	0.00313385374	0.00336374578	0.00294567466	0.00419965837	0.00125398371	0	0	0	0	0	3
91	79	0	0.81651041	0.0033045483	0.00334872809	0.00294567466	0.00419965837	0.00125398371	0	0	0	0	0	3
92	79	0	0.825483052	0.0031094283	0.00332925969	0.00294567466	0.00404359357	0.00109791891	0	0	0	0	0	3
93	80	0	0.834455694	0.00332040173	0.00331692417	0.00294567466	0.00404359357	0.00109791891	0	0	0	0	0	3
94	81	0	0.843428336	0.00313782186	0.00330074968	0.00294567466	0.0038858094	0.00094013474	0	0	0	0	0	3
95	82	0	0.852400978	0.00331475519	0.00329055228	0.00294567466	0.00384552174	0.000899847084	0	0	0	0	0	3
96	83	0	0.86137362	0.00316078451	0.00327832483	0.00294567466	0.00379854517	0.000852870505	0	0	0	0	0	3
97	84	0	0.870346262	0.00331956367	0.00326977159	0.00294567466	0.00371625554	0.000770580885	0	0	0	0	0	3
98	84	0	0.879318904	0.0031059516	0.0032588733	0.00294567466	0.00368165359	0.000735978932	0	0	0	0	0	3
99	85	0	0.888291545	0.00328312679	0.00325175675	0.00294567466	0.00362845354	0.000682778883	0	0	0	0	0	3
100	86	0	0.897264187	0.00318705532	0.00324397008	0.00294567466	0.00362845354	0.000682778883	0	0	0	0	0	3
101	91	0	0.906236829	0.00325764872	0.00323798865	0.00294567466	0.00362845354	0.000682778883	0	0	0	0	0	3
102	91	0	0.915209471	0.00322297987	0.00323441062	0.00294567466	0.00362845354	0.000682778883	0	0	0	0	0	3
103	92	0	0.924182113	0.00334387391	0.00322932884	0.00294567466	0.00355712036	0.000611445699	0	0	0	0	0	3
104	93	0	0.933154755	0.00324719695	0.00322944578	0.00294567466	0.00355712036	0.000611445699	0	0	0	0	0	3
105	94	0	0.942127397	0.00329403506	0.00322474783	0.00294567466	0.00349180787	0.000546133215	0	0	0	0	0	3
106	95	0	0.951100039	0.00322479805	0.00322489012	0.00294567466	0.00349180787	0.000546133215	0	0	0	0	0	3
107	95	0	0.96007268	0.00331604543	0.00322175151	0.00294567466	0.00345820291	0.000512528252	0	0	0	0	0	3
108	96	0	0.969045322	0.00323383882	0.00322333266	0.00294567466	0.00345820291	0.000512528252	0	0	0	0	0	3
109	97	0	0.978017964	0.00319896868	0.00321870348	0.00294567466	0.00339954354	0.000453868882	0	0	0	0	0	3
110	98	0	0.986990606	0.00332793563	0.00322204183	0.00294567466	0.00339954354	0.000453868882	0	0	0	0	0	3
111	98	0	0.995963248	0.00325752801	0.00321962798	0.00294567466	0.00339954354	0.000453868882	0	0	0	0	0	3
112	99	0	1.00493589	0.00320241008	0.00322055199	0.00294567466	0.00339954354	0.000453868882	0.000112787741	0	24.8	0	0	3
113	100	0	1.01390853	0.0033300273	0.0032197135	0.00294567466	0.00339954354	0.000453868882	0.000112787741	0	24.8	0	0	3
114	101	0	1.02288117	0.00317454033	0.00322120133	0.00294567466	0.00339954354	0.000453868882	0.000112787741	0	24.8	0	0	3
115	102	0	1.03185382	0.00329111685	0.00321992442	0.00294567466	0.00339954354	0.000453868882	0.000112787741	0	24.8	0	0	3
116	102	0	1.04082646	0.00313264152	0.00322119084	0.00294567466	0.00339954354	0.000453868882	0.000112787741	0	24.8	0	0	3
117	103	0	1.0497991	0.00327406465	0.0032201654	0.00294567466	0.00339954354	0.000453868882	0.000112787741	0	24.8	0	0	3
118	104	0	1.05877174	0.00315327058	0.00322218324	0.00294567466	0.00339954354	0.000453868882	0.000112787741	0	24.8	0	0	3
119	105	0	1.06774438	0.00329199803	0.00322204455	0.00294567466	0.00339954354	0.000453868882	0.000112787741	0	24.8	0	0	3
120	106	0	1.07671702	0.00316620874	0.00322483251	0.00294567466	0.00339954354	0.000453868882	0.000112787741	0	24.8	0	0	3
121	106	0	1.08568967	0.00329949437	0.00322435322	0.00294567466	0.00339954354	0.000453868882	0.000112787741	0	24.8	0	0	3
122	107	0	1.09466231	0.00318680344	0.00322802742	0.00294567466	0.00339954354	0.000453868882	0.000112787741	0	24.8	0	0	3
123	108	0	1.10363495	0.00330675216	0.00322889017	0.00294567466	0.00339954354	0.000453868882	0.000112787741	0	24.8	0	0	3
124	109	0	1.11260759	0.00317924806	0.00323306113	0.00297147918	0.00339954354	0.00042806436	0.000112787741	0	26.3	0	0	3
125	110	0	1.12158023	0.00331873673	0.00323355603	0.00297147918	0.00339954354	0.00042806436	0.000112787741	0	26.3	0	0	3
126	110	0	1.13055288	0.00321201669	0.00323785135	0.0030203146	0.00339954354	0.000379228944	0.000112787741	0	29.7	0	0	3
127	111	0	1.13952552	0.00334155988	0.00323887222	0.0030203146	0.00339954354	0.000379228944	0.000112787741	0	29.7	0	0	3
128	112	0	1.14849816	0.0032314227	0.003242642	0.00303144927	0.00339954354	0.000368094268	0.000112787741	0	30.6	0	0	3
129	113	0	1.1574708	0.00337187146	0.00324304324	0.00303144927	0.00339954354	0.000368094268	0.000112787741	0	30.6	0	0	3
130	114	0	1.16644344	0.00326884588	0.00324728247	0.00309298713	0.00339954354	0.000306556414	0.000112787741	0	36.7	0	0	3
131	114	0	1.17541609	0.00339564997	0.00324819495	0.00309298713	0.00339954354	0.000306556414	0.000112787741	0	36.7	0	0	3
132	115	0	1.18438873	0.0032892478	0.00325169961	0.0031059516	0.00339954354	0.000293591947	0.000112787741	0	38.4	0	0	3
133	116	0	1.19336137	0.00341516106	0.00325197849	0.0031059516	0.00341516106	0.000309209467	0.000112787741	0	36.4	0	0	3
134	117	0	1.20233401	0.0032925157	0.00325480143	0.0031059516	0.00341516106	0.000309209467	0.000112787741	0	36.4	0	0	3
135	118	0	1.21130665	0.00340517079	0.00325535525	0.0031059516	0.00341516106	0.000309209467	0.000112787741	0	36.4	0	0	3
136	118	0	1.22027929	0.00326391221	0.00325756756	0.0031059516	0.00341516106	0.000309209467	0.000112787741	0	36.4	0	0	3
137	119	0	1.22925194	0.00341462075	0.00325846756	0.0031059516	0.00341516106	0.000295325629	0.000112787741	0	38.1	0	0	3
138	120	0	1.23822458	0.00329658389	0.00326153683	0.0031059516	0.00341516106	0.000278505747	0.000112787741	0	40.4	0	0	3
139	121	0	1.24719722	0.00342350291	0.00326266535	0.0031059516	0.00342350291	0.000257965528	0.000112787741	0	43.7	0	0	3
140	121	0	1.25616986	0.00332868778	0.00326578263	0.0031059516	0.00342350291	0.000241952067	0.000112787741	0	46.6	0	0	3
141	122	0	1.2651425	0.00344064294	0.00326740847	0.0031059516	0.00344064294	0.000220897085	0.000112787741	0	51	0	0	3
142	123	0	1.27411515	0.00333312899	0.00327045469	0.0031059516	0.00344064294	0.000203929123	0.000112787741	0	55.3	0	0	3
143	124	0	1.28308779	0.00343943307	0.00327216518	0.0031059516	0.00344064294	0.00018224608	0.000112787741	0	61.8	0	0	3
144	125	0	1.29206043	0.00332092272	0.00327520064	0.0031059516	0.00344064294	0.000166176693	0.000112787741	0	67.8	0	0	3
145	125	0	1.30103307	0.00343260671	0.00327726709	0.0031059516	0.00344064294	0.000145042306	0.000112787741	0	77.7	0	0	3
146	126	0	1.31000571	0.00332419583	0.00328066605	0.0031059516	0.00344064294	0.000130024607	0.000112787741	0	86.7	0	0	3
147	127	0	1.31897836	0.00342383887	0.00328279624	0.0031059516	0.00344064294	0.000110556213	0.000112787741	0	100	0	0	3
148	128	0	1.327951	0.00329173484	0.00328605172	0.0031059516	0.00344064294	9.8220691e-05	0.000112787741	0	100	0	0	3
149	129	0	1.33692364	0.00340378818	0.00328754076	0.0031059516	0.00344064294	8.20461961e-05	0.000112787741	0	100	0	0	3
150	129	0	1.34589628	0.0032754678	0.00328999872	0.0031059516	0.00344064294	7.18487995e-05	0.000112787741	0	100	0	0	3
151	130	0	1.35486892	0.00341370801	0.00329176574	0.0031059516	0.00344064294	7.30622585e-05	0.000112787741	0	100	0	0	3
152	131	0	1.36384156	0.00329594849	0.00329417938	0.0031059516	0.00344064294	7.54759009e-05	0.000112787741	0	100	0	0	3
153	132	0	1.37281421	0.00341716946	0.00329592234	0.0031059516	0.00344064294	7.72188614e-05	0.000112787741	0	100	0	0	3
154	133	0	1.38178685	0.00328871915	0.00329918605	0.00313264152	0.00344064294	8.04825677e-05	0.000112787741	0	100	0	0	3
155	133	0	1.39075949	0.00342382233	0.00330169847	0.00313264152	0.00344064294	8.29949882e-05	0.000112787741	0	100	0	0	3
156	134	0	1.39973213	0.00331695182	0.00330401805	0.00313264152	0.00344064294	8.53145684e-05	0.000112787741	0	100	0	0	3
157	135	0	1.40870477	0.00343361606	0.00330716032	0.00313264152	0.00344064294	8.84568422e-05	0.000112787741	0	100	0	0	3
158	136	0	1.41767742	0.00331766055	0.00330885105	0.00313264152	0.00344064294	9.01475686e-05	0.000112787741	0	100	0	0	3
159	137	0	1.42665006	0.00345548039	0.00331084402	0.00313264152	0.00345548039	9.21405415e-05	0.000112787741	0	100	0	0	3
160	137	0	1.4356227	0.00334616734	0.00331261135	0.00313264152	0.00345548039	9.39078699e-05	0.000112787741	0	100	0	0	3
161	138	0	1.44459534	0.00348097925	0.00331594964	0.00313264152	0.00348097925	9.72461589e-05	0.000112787741	0	100	0	0	3
162	139	0	1.45356798	0.00335803745	0.00331832891	0.00313264152	0.00348097925	9.96254339e-05	0.000112787741	0	100	0	0	3
163	140	0	1.46254063	0.00347603748	0.00332118591	0.00313264152	0.00348097925	0.000102482435	0.000112787741	0	100	0	0	3
164	140	0	1.47151327	0.00334055247	0.00332309151	0.00313264152	0.00348097925	0.000104388036	0.000112787741	0	100	0	0	3
165	141	0	1.48048591	0.00345465133	0.00332765728	0.00313264152	0.00348097925	0.0001080293	0.000112787741	0	100	0	0	3
166	142	0	1.48945855	0.00331756824	0.00332747214	0.00313264152	0.00348097925	0.0001080293	0.000112787741	0	100	0	0	3
167	143	0	1.49843119	0.00344692401	0.00333085422	0.00313264152	0.00348097925	0.000111140717	0.000112787741	0	100	0	0	3
168	144	0	1.50740383	0.00331879253	0.00333293247	0.00313264152	0.00348097925	0.000113218975	0.000112787741	0	99.6	0	0	3
169	144	0	1.51637648	0.0034340234	0.00333478955	0.00313264152	0.00348097925	0.000114865125	0.000112787741	0	98.1	0	0	3
170	145	0	1.52534912	0.00330365566	0.00333709518	0.00313264152	0.00348097925	0.000117170756	0.000112787741	0	96.2	0	0	3
171	146	0	1.53432176	0.00340617376	0.00333914977	0.00313264152	0.00348097925	0.00011898437	0.000112787741	0	94.7	0	0	3
172	147	0	1.5432944	0.00326960044	0.00334159546	0.00315327058	0.00348097925	0.000121430065	0.000112787741	0	92.8	0	0	3
173	148	0	1.55226704	0.00338148463	0.00334351367	0.00315327058	0.00348097925	0.00012146912	0.000112787741	0	92.8	0	0	3
174	148	0	1.56123969	0.0032590745	0.00334540303	0.00316620874	0.00348097925	0.000123358475	0.000112787741	0	91.4	0	0	3
175	149	0	1.57021233	0.00338752844	0.00334710893	0.00316620874	0.00348097925	0.000122755706	0.000112787741	0	91.8	0	0	3
176	150	0	1.57918497	0.0032774317	0.00334909505	0.00317924806	0.00348097925	0.00012474183	0.000112787741	0	90.4	0	0	3
177	151	0	1.58815761	0.00338646415	0.00335064809	0.00317924806	0.00348097925	0.000122620671	0.000112787741	0	91.9	0	0	3
178	152	0	1.59713025	0.00326140051	0.00335198018	0.00317924806	0.00348097925	0.000123090003	0.000112787741	0	91.6	0	0	3
179	152	0	1.6061029	0.00337311964	0.00335316531	0.00317924806	0.00348097925	0.000120104184	0.000112787741	0	93.9	0	0	3
180	153	0	1.61507554	0.00320808957	0.00335368034	0.00320808957	0.00348097925	0.000120124304	0.000112787741	0	93.8	0	0	3
181	154	0	1.62404818	0.00336224966	0.00335445735	0.00320808957	0.00348097925	0.000116606008	0.000112787741	0	96.7	0	0	3
182	155	0	1.63302082	0.00325696126	0.00335525994	0.00320808957	0.00348097925	0.00011638772	0.000112787741	0	96.9	0	0	3
183	156	0	1.64199346	0.00335975909	0.00335558492	0.00320808957	0.00348097925	0.000112942919	0.000112787741	0	99.8	0	0	3
184	156	0	1.6509661	0.00325011772	0.00335591876	0.00320808957	0.00348097925	0.00011287552	0.000112787741	0	99.9	0	0	3
185	157	0	1.65993875	0.00334747186	0.00335548305	0.00320808957	0.00348097925	0.000108636295	0.000112787741	0	100	0	0	3
186	158	0	1.66891139	0.0032195178	0.0033546022	0.00320808957	0.00348097925	0.000107723806	0.000112787741	0	100	0	0	3
187	159	0	1.67788403	0.00331795088	0.00335321471	0.00320808957	0.00348097925	0.000104219151	0.000112787741	0	100	0	0	3
188	160	0	1.68685667	0.00320909515	0.00335178341	0.00320808957	0.00348097925	0.000103940267	0.000112787741	0	100	0	0	3
189	160	0	1.69582931	0.00331709094	0.00335003216	0.00320808957	0.00348097925	0.000101117333	0.000112787741	0	100	0	0	3
190	161	0	1.70480196	0.00319543268	0.00334829854	0.00319543268	0.00348097925	0.000100563514	0.000112787741	0	100	0	0	3
191	162	0	1.7137746	0.00332034768	0.00334678384	0.00319543268	0.00348097925	9.83512016e-05	0.000112787741	0	100	0	0	3
192	163	0	1.72274724	0.00322162396	0.00334602869	0.00319543268	0.00348097925	9.74512041e-05	0.000112787741	0	100	0	0	3
193	164	0	1.73171988	0.00335099879	0.00334489258	0.00319543268	0.00348097925	9.43819341e-05	0.000112787741	0	100	0	0	3
194	164	0	1.74069252	0.00322193337	0.00334355954	0.00319543268	0.00348097925	9.32534082e-05	0.000112787741	0	100	0	0	3
195	165	0	1.74966517	0.00334626083	0.00334218022	0.00319543268	0.00348097925	9.01361285e-05	0.000112787741	0	100	0	0	3
196	166	0	1.75863781	0.00323908991	0.00334058025	0.00319543268	0.00348097925	8.85102959e-05	0.000112787741	0	100	0	0	3
197	167	0	1.76761045	0.00335266027	0.00333900914	0.00319543268	0.00348097925	8.54640732e-05	0.000112787741	0	100	0	0	3
198	168	0	1.77658309	0.00323511315	0.00333725885	0.00319543268	0.00348097925	8.37535809e-05	0.000112787741	0	100	0	0	3
199	168	0	1.78555573	0.00335256476	0.00333570763	0.00319543268	0.00348097925	8.07181202e-05	0.000112787741	0	100	0	0	3
200	169	0	1.79452837	0.00323686027	0.00333420652	0.00319543268	0.00348097925	7.8651674e-05	0.000112787741	0	100	0	0	3
201	173	0	1.80350102	0.00336191238	0.00333294412	0.00319543268	0.00348097925	7.52527081e-05	0.000112787741	0	100	0	0	3
202	174	0	1.81247366	0.00321717349	0.00333103301	0.00319543268	0.00348097925	7.31225195e-05	0.000112787741	0	100	0	0	3
203	175	0	1.8214463	0.00337190726	0.00333010566	0.00319543268	0.00348097925	6.98670456e-05	0.000112787741	0	100	0	0	3
204	176	0	1.83041894	0.00324758712	0.0033293173	0.00319543268	0.00348097925	6.83780017e-05	0.000112787741	0	100	0	0	3
205	177	0	1.83939158	0.00336907193	0.00332869737	0.00319543268	0.00348097925	6.59200384e-05	0.000112787741	0	100	0	0	3
206	178	0	1.84836423	0.00323995343	0.00332806319	0.00319543268	0.00348097925	6.41530237e-05	0.000112787741	0	100	0	0	3
207	178	0	1.85733687	0.00338369892	0.00332752731	0.00319543268	0.00348097925	6.17393813e-05	0.000112787741	0	100	0	0	3
208	179	0	1.86630951	0.00326936748	0.00332705265	0.00319543268	0.00348097925	5.99964208e-05	0.000112787741	0	100	0	0	3
209	180	0	1.87528215	0.0033882584	0.00332653638	0.00319543268	0.00348097925	5.67327145e-05	0.000112787741	0	100	0	0	3
210	181	0	1.88425479	0.00327971605	0.00332637561	0.00319543268	0.00348097925	5.42202941e-05	0.000112787741	0	100	0	0	3
211	182	0	1.89322744	0.0034018895	0.00332598395	0.00319543268	0.00348097925	5.19007139e-05	0.000112787741	0	100	0	0	3
212	182	0	1.90220008	0.00329633189	0.00332561574	0.00319543268	0.00348097925	4.87584401e-05	0.000112787741	0	100	0	0	3
213	183	0	1.91117272	0.00341134433	0.00332521803	0.00319543268	0.00348097925	4.70677137e-05	0.000112787741	0	100	0	0	3
214	184	0	1.92014536	0.00328106926	0.00332456461	0.00319543268	0.00348097925	4.50747407e-05	0.000112787741	0	100	0	0	3
215	185	0	1.929118	0.00341154768	0.0033237801	0.00319543268	0.00348097925	4.33074124e-05	0.000112787741	0	100	0	0	3
216	186	0	1.93809064	0.00327884499	0.00332257792	0.00319543268	0.00348097925	3.99691234e-05	0.000112787741	0	100	0	0	3
217	186	0	1.94706329	0.00341497942	0.00332139935	0.00319543268	0.00347603748	3.75898484e-05	0.000112787741	0	100	0	0	3
218	187	0	1.95603593	0.00327115951	0.00331984796	0.00319543268	0.00347603748	3.60708054e-05	0.000112787741	0	100	0	0	3
219	188	0	1.96500857	0.00342925993	0.00331901264	0.00319543268	0.00345465133	3.69061189e-05	0.000112787741	0	100	0	0	3
220	189	0	1.97398121	0.00330271627	0.003318337	0.00319543268	0.00345465133	3.75817653e-05	0.000112787741	0	100	0	0	3
221	190	0	1.98295385	0.00343662386	0.00331801508	0.00319543268	0.00344692401	3.79036844e-05	0.000112787741	0	100	0	0	3
222	191	0	1.9919265	0.00329359717	0.00331758702	0.00319543268	0.00344692401	3.83317393e-05	0.000112787741	0	100	0	0	3
223	191	0	2.00089914	0.00343918584	0.00331744884	0.00319543268	0.00343918584	3.84699209e-05	0.000112787741	0	100	0	0	3
224	192	0	2.00987178	0.00332198558	0.00331750586	0.00319543268	0.00343918584	3.84699209e-05	0.000112787741	0	100	0	0	3
225	193	0	2.01884442	0.00344176163	0.00331764404	0.00319543268	0.00344176163	3.84699209e-05	0.000112787741	0	100	0	0	3
226	194	0	2.02781706	0.00330596784	0.00331768533	0.00319543268	0.00344176163	3.84699209e-05	0.000112787741	0	100	0	0	3
227	194	0	2.03678971	0.00343876889	0.00331826739	0.00319543268	0.00344176163	3.84699209e-05	0.000112787741	0	100	0	0	3
228	195	0	2.04576235	0.00331412008	0.00331906238	0.00319543268	0.00344176163	3.84699209e-05	0.000112787741	0	100	0	0	3
229	196	0	2.05473499	0.00340634759	0.00331950636	0.00319543268	0.00344176163	3.84699209e-05	0.000112787741	0	100	0	0	3
230	197	0	2.06370763	0.00331269607	0.00332046389	0.00319543268	0.00344176163	3.84699209e-05	0.000112787741	0	100	0	0	3
231	198	0	2.07268027	0.00341014297	0.00332086772	0.00319543268	0.00344176163	3.84699209e-05	0.000112787741	0	100	0	0	3
232	198	0	2.08165291	0.00330415984	0.00332134501	0.00319543268	0.00344176163	3.84699209e-05	0.000112787741	0	100	0	0	3
233	199	0	2.09062556	0.0034267839	0.003322065	0.00319543268	0.00344176163	3.84699209e-05	0.000112787741	0	100	0	0	3
234	200	0	2.0995982	0.00330567915	0.00332285569	0.00319543268	0.00344176163	3.84699209e-05	0.000112787741	0	100	0	0	3
235	201	0	2.10857084	0.00342412097	0.00332376643	0.00319543268	0.00344176163	3.84699209e-05	0.000112787741	0	100	0	0	3
236	202	0	2.11754348	0.00337124771	0.00332667997	0.00319543268	0.00344176163	3.84699209e-05	0.000112787741	0	100	0	0	3
237	202	0	2.12651612	0.00338186788	0.0033270303	0.00319543268	0.00344176163	3.84699209e-05	0.000112787741	0	100	0	0	3
238	203	0	2.13548877	0.00342371429	0.00333000803	0.00319543268	0.00344176163	3.84699209e-05	0.000112787741	0	100	0	0	3
239	204	0	2.14446141	0.00342223912	0.00333112374	0.00319543268	0.00344176163	3.84699209e-05	0.000112787741	0	100	0	0	3
240	205	0	2.15343405	0.00341798901	0.00333412144	0.00319543268	0.00344176163	3.80342138e-05	0.000112787741	0	100	0	0	3
241	206	0	2.16240669	0.00346679252	0.00333625217	0.00319543268	0.00346679252	3.71533551e-05	0.000112787741	0	100	0	0	3
242	206	0	2.17137933	0.00347808252	0.0033408694	0.00319543268	0.00347808252	3.57658713e-05	0.000112787741	0	100	0	0	3
243	207	0	2.18035198	0.00347206874	0.0033436215	0.00319543268	0.00347808252	3.4334574e-05	0.000112787741	0	100	0	0	3
244	208	0	2.18932462	0.00349346178	0.00334869948	0.00319543268	0.00349346178	3.25833217e-05	0.000112787741	0	100	0	0	3
245	209	0	2.19829726	0.00348182406	0.00335164114	0.00319543268	0.00349346178	3.41923011e-05	0.000112787741	0	100	0	0	3
246	209	0	2.2072699	0.00349206353	0.00335693812	0.00321717349	0.00349346178	3.94892804e-05	0.000112787741	0	100	0	0	3
247	210	0	2.21624254	0.00348989976	0.00335996584	0.00321717349	0.00349346178	4.25169962e-05	0.000112787741	0	100	0	0	3
248	211	0	2.22521518	0.00350363706	0.00336500178	0.00321717349	0.00350363706	4.75529443e-05	0.000112787741	0	100	0	0	3
249	212	0	2.23418783	0.00350363459	0.00336772742	0.00321717349	0.00350363706	5.02785837e-05	0.000112787741	0	100	0	0	3
250	213	0	2.24316047	0.00350811712	0.00337283785	0.00321717349	0.00350811712	5.53890077e-05	0.000112787741	0	100	0	0	3
251	213	0	2.25213311	0.00350173254	0.00337561413	0.00321717349	0.00350811712	5.81652883e-05	0.000112787741	0	100	0	0	3
252	214	0	2.26110575	0.00349146904	0.0033801209	0.00321717349	0.00350811712	6.26720584e-05	0.000112787741	0	100	0	0	3
253	215	0	2.27007839	0.00347584152	0.00338232056	0.00321717349	0.00350811712	6.48717236e-05	0.000112787741	0	100	0	0	3
254	216	0	2.27905104	0.00345776488	0.00338629649	0.00321717349	0.00350811712	6.88476474e-05	0.000112787741	0	100	0	0	3
255	217	0	2.28802368	0.00345072953	0.00338804943	0.00321717349	0.00350811712	7.06005898e-05	0.000112787741	0	100	0	0	3
256	217	0	2.29699632	0.00344613663	0.00339178651	0.00321717349	0.00350811712	7.43376677e-05	0.000112787741	0	100	0	0	3
257	218	0	2.30596896	0.00345197504	0.00339339477	0.00321717349	0.00350811712	7.59459295e-05	0.000112787741	0	100	0	0	3
258	219	0	2.3149416	0.00339454659	0.00339656215	0.00323995343	0.00350811712	7.91133064e-05	0.000112787741	0	100	0	0	3
259	220	0	2.32391425	0.00349707538	0.00339879729	0.00323995343	0.00350811712	8.13484514e-05	0.000112787741	0	100	0	0	3
260	221	0	2.33288689	0.00336834562	0.00340095369	0.00323995343	0.00350811712	8.35048531e-05	0.000112787741	0	100	0	0	3
261	221	0	2.34185953	0.00348189685	0.00340296842	0.00323995343	0.00350811712	8.55195839e-05	0.000112787741	0	100	0	0	3
262	222	0	2.35083217	0.00333787856	0.00340471709	0.00326936748	0.00350811712	8.7268247e-05	0.000112787741	0	100	0	0	3
263	223	0	2.35980481	0.00344967489	0.00340589523	0.00326936748	0.00350811712	8.84463894e-05	0.000112787741	0	100	0	0	3
264	224	0	2.36877745	0.00330820228	0.00340658871	0.00327115951	0.00350811712	8.91398678e-05	0.000112787741	0	100	0	0	3
265	225	0	2.3777501	0.00342273642	0.00340720439	0.00327115951	0.00350811712	8.97555466e-05	0.000112787741	0	100	0	0	3
266	226	0	2.38672274	0.00335604442	0.00340856739	0.00327115951	0.00350811712	9.11185531e-05	0.000112787741	0	100	0	0	3
267	226	0	2.39569538	0.00330530684	0.0034068427	0.00327115951	0.00350811712	9.11185531e-05	0.000112787741	0	100	0	0	3
268	227	0	2.40466802	0.0034172385	0.00340900175	0.00327115951	0.00350811712	9.15529094e-05	0.000112787741	0	100	0	0	3
269	228	0	2.41364066	0.00325656332	0.0034062378	0.00325656332	0.00350811712	9.15529094e-05	0.000112787741	0	100	0	0	3
270	229	0	2.42261331	0.00338419859	0.0034080794	0.00325656332	0.00350811712	9.15529094e-05	0.000112787741	0	100	0	0	3
271	230	0	2.43158595	0.0032352986	0.00340493209	0.0032352986	0.00350811712	9.15529094e-05	0.000112787741	0	100	0	0	3
272	230	0	2.44055859	0.0033417542	0.00340605547	0.0032352986	0.00350811712	9.15529094e-05	0.000112787741	0	100	0	0	3
273	231	0	2.44953123	0.003194055	0.00340211039	0.003194055	0.00350811712	9.15529094e-05	0.000112787741	0	100	0	0	3
274	232	0	2.45850387	0.0033225688	0.00340302842	0.003194055	0.00350811712	9.15529094e-05	0.000112787741	0	100	0	0	3
275	233	0	2.46747652	0.00319867158	0.00339891077	0.003194055	0.00350811712	9.15529094e-05	0.000112787741	0	100	0	0	3
276	234	0	2.47644916	0.00332437451	0.00339929752	0.003194055	0.00350811712	9.15529094e-05	0.000112787741	0	100	0	0	3
277	234	0	2.4854218	0.00319745422	0.00339502663	0.003194055	0.00350811712	9.15529094e-05	0.000112787741	0	100	0	0	3
278	235	0	2.49439444	0.00331697957	0.00339544418	0.003194055	0.00350811712	9.15529094e-05	0.000112787741	0	100	0	0	3
279	236	0	2.50336708	0.00319616689	0.00339110455	0.003194055	0.00350811712	9.14958906e-05	0.000112787741	0	100	0	0	3
280	237	0	2.51233972	0.00329944913	0.00339070212	0.003194055	0.00350811712	9.1357708e-05	0.000112787741	0	100	0	0	3
281	238	0	2.52131237	0.00316704573	0.00338579648	0.00316704573	0.00350811712	9.13164191e-05	0.000112787741	0	100	0	0	3
282	239	0	2.53028501	0.00328524825	0.00338542648	0.00316704573	0.00350811712	9.07343632e-05	0.000112787741	0	100	0	0	3
283	239	0	2.53925765	0.00323686712	0.00338182109	0.00316704573	0.00350811712	8.99393698e-05	0.000112787741	0	100	0	0	3
284	240	0	2.54823029	0.00317103188	0.00337926595	0.00316704573	0.00350811712	8.94953884e-05	0.000112787741	0	100	0	0	3
285	241	0	2.55720293	0.00332622595	0.0033778352	0.00316704573	0.00350811712	8.85378605e-05	0.000112787741	0	100	0	0	3
286	242	0	2.56617558	0.00313129973	0.00337459598	0.00313129973	0.00350811712	8.81340295e-05	0.000112787741	0	100	0	0	3
287	243	0	2.57514822	0.00331330115	0.00337286667	0.00313129973	0.00350811712	8.76567412e-05	0.000112787741	0	100	0	0	3
288	243	0	2.58412086	0.00313979397	0.00336993156	0.00313129973	0.00350811712	8.69367456e-05	0.000112787741	0	100	0	0	3
289	244	0	2.5930935	0.00330092374	0.00336768406	0.00313129973	0.00350811712	8.61460555e-05	0.000112787741	0	100	0	0	3
290	245	0	2.60206614	0.00316953463	0.00336525291	0.00313129973	0.00350811712	8.52353175e-05	0.000112787741	0	100	0	0	3
291	246	0	2.61103879	0.00331803959	0.0033633586	0.00313129973	0.00350811712	8.23217794e-05	0.000112787741	0	100	0	0	3
292	246	0	2.62001143	0.00318846034	0.00336009454	0.00313129973	0.00350811712	8.19714539e-05	0.000112787741	0	100	0	0	3
293	247	0	2.62898407	0.00334664989	0.00335946564	0.00313129973	0.00350811712	7.89937212e-05	0.000112787741	0	100	0	0	3
294	248	0	2.63795671	0.00322941784	0.00335599606	0.00313129973	0.00350811712	7.78780064e-05	0.000112787741	0	100	0	0	3
295	249	0	2.64692935	0.00337279837	0.00335511319	0.00313129973	0.00350811712	7.48803048e-05	0.000112787741	0	100	0	0	3
296	250	0	2.65590199	0.00325599951	0.00335222052	0.00313129973	0.00350811712	7.27495788e-05	0.000112787741	0	100	0	0	3
297	250	0	2.66487464	0.00339459082	0.00335093121	0.00313129973	0.00350811712	6.81323515e-05	0.000112787741	0	100	0	0	3
298	251	0	2.67384728	0.00329077617	0.00334758645	0.00313129973	0.00350811712	6.53802468e-05	0.000112787741	0	100	0	0	3
299	252	0	2.68281992	0.00341949783	0.00334664768	0.00313129973	0.00350811712	6.23540648e-05	0.000112787741	0	100	0	0	3
300	253	0	2.69179256	0.00330322796	0.00334325065	0.00313129973	0.00350811712	6.57510973e-05	0.000112787741	0	100	0	0	3
301	258	0	2.7007652	0.00343397433	0.00334239619	0.00313129973	0.00350811712	6.66055568e-05	0.000112787741	0	100	0	0	3
302	258	0	2.70973785	0.00332024159	0.00333932794	0.00313129973	0.00350811712	6.96738056e-05	0.000112787741	0	100	0	0	3
303	259	0	2.71871049	0.00345063395	0.00333862677	0.00313129973	0.00350811712	7.03749808e-05	0.000112787741	0	100	0	0	3
304	260	0	2.72768313	0.0033412853	0.00333572763	0.00313129973	0.00350811712	7.32741194e-05	0.000112787741	0	100	0	0	3
305	261	0	2.73665577	0.00347422896	0.00333520253	0.00313129973	0.00350811712	7.379922e-05	0.000112787741	0	100	0	0	3
306	262	0	2.74562841	0.00336459403	0.00333263962	0.00313129973	0.00350173254	7.63621322e-05	0.000112787741	0	100	0	0	3
307	262	0	2.75460106	0.0034903851	0.00333243698	0.00313129973	0.00349707538	7.65647652e-05	0.000112787741	0	100	0	0	3
308	263	0	2.7635737	0.0033761187	0.00333037716	0.00313129973	0.00349707538	7.86245927e-05	0.000112787741	0	100	0	0	3
309	264	0	2.77254634	0.00349768167	0.00333076716	0.00313129973	0.00349768167	7.86245927e-05	0.000112787741	0	100	0	0	3
310	265	0	2.78151898	0.00339260842	0.00332960365	0.00313129973	0.00349768167	7.93980984e-05	0.000112787741	0	100	0	0	3
311	266	0	2.79049162	0.00351951221	0.00333083191	0.00313129973	0.00351951221	7.93980984e-05	0.000112787741	0	100	0	0	3
312	266	0	2.79946426	0.00339007758	0.00332983086	0.00313129973	0.00351951221	7.93980984e-05	0.000112787741	0	100	0	0	3
313	267	0	2.80843691	0.00351631472	0.00333097978	0.00313129973	0.00351951221	7.93980984e-05	0.000112787741	0	100	0	0	3
314	268	0	2.81740955	0.00340143841	0.00333110285	0.00313129973	0.00351951221	7.93980984e-05	0.000112787741	0	100	0	0	3
315	269	0	2.82638219	0.00351133447	0.00333135748	0.00313129973	0.00351951221	7.93980984e-05	0.000112787741	0	100	0	0	3
316	270	0	2.83535483	0.00337198092	0.00333142239	0.00313129973	0.00351951221	7.93980984e-05	0.000112787741	0	100	0	0	3
317	270	0	2.84432747	0.00348334979	0.00333144834	0.00313129973	0.00351951221	7.93980984e-05	0.000112787741	0	100	0	0	3
318	271	0	2.85330012	0.00336592606	0.00333194919	0.00313129973	0.00351951221	7.93980984e-05	0.000112787741	0	100	0	0	3
319	272	0	2.86227276	0.00346720905	0.0033322623	0.00313129973	0.00351951221	7.93980984e-05	0.000112787741	0	100	0	0	3
320	273	0	2.8712454	0.00333254817	0.00333269704	0.00313129973	0.00351951221	7.93980984e-05	0.000112787741	0	100	0	0	3
321	274	0	2.88021804	0.00345334122	0.00333324356	0.00313129973	0.00351951221	7.93980984e-05	0.000112787741	0	100	0	0	3
322	274	0	2.88919068	0.00334874616	0.00333311323	0.00313129973	0.00351951221	7.93980984e-05	0.000112787741	0	100	0	0	3
323	275	0	2.89816332	0.0034666286	0.00333599398	0.00313129973	0.00351951221	7.93980984e-05	0.000112787741	0	100	0	0	3
324	276	0	2.90713597	0.00333868992	0.00333459133	0.00313129973	0.00351951221	7.84757472e-05	0.000112787741	0	100	0	0	3
325	277	0	2.91610861	0.00345728238	0.00333817559	0.00313129973	0.00351951221	7.84757472e-05	0.000112787741	0	100	0	0	3
326	278	0	2.92508125	0.00334932269	0.00333755281	0.00313129973	0.00351951221	7.64518207e-05	0.000112787741	0	100	0	0	3
327	279	0	2.93405389	0.00346364607	0.00334163044	0.00313129973	0.00351951221	7.64518207e-05	0.000112787741	0	100	0	0	3
