Iteration	CPUTime	PhysTime	Travels	Value	AvValue	MinValue	MaxValue	Delta	Criteria	PrevAvRefValue	Progress	CriteriaType	CriteriaVarType	CriteriaPercentage
1	5	0	0.00897264187	0.211918371	0.211918371	0.211918371	0.211918371	0	0	0	0	0	0	3
2	6	0	0.0179452837	0.0672883294	0.13960335	0.0672883294	0.211918371	0.0723150209	0	0	0	0	0	3
3	7	0	0.0269179256	0.0406709447	0.106625882	0.0406709447	0.211918371	0.105292489	0	0	0	0	0	3
4	8	0	0.0358905675	0.0275863033	0.0868659871	0.0275863033	0.211918371	0.125052384	0	0	0	0	0	3
5	9	0	0.0448632094	0.0270815459	0.0749090989	0.0270815459	0.211918371	0.137009272	0	0	0	0	0	3
6	9	0	0.0538358512	0.0272528248	0.0669663865	0.0270815459	0.211918371	0.144951985	0	0	0	0	0	3
7	10	0	0.0628084931	0.0264233357	0.0611745221	0.0264233357	0.211918371	0.150743849	0	0	0	0	0	3
8	11	0	0.071781135	0.026486005	0.0568384575	0.0264233357	0.211918371	0.155079914	0	0	0	0	0	3
9	12	0	0.0807537769	0.026889135	0.053510755	0.0264233357	0.211918371	0.158407616	0	0	0	0	0	3
10	12	0	0.0897264187	0.0313264056	0.05129232	0.0264233357	0.211918371	0.160626051	0	0	0	0	0	3
11	13	0	0.0986990606	0.0301086488	0.0493665318	0.0264233357	0.211918371	0.162551839	0	0	0	0	0	3
12	14	0	0.107671702	0.0299281926	0.0477466702	0.0264233357	0.211918371	0.164171701	0	0	0	0	0	3
13	15	0	0.116644344	0.0285003511	0.0462661841	0.0264233357	0.211918371	0.165652187	0	0	0	0	0	3
14	15	0	0.125616986	0.0284628431	0.0449945169	0.0264233357	0.211918371	0.166923854	0	0	0	0	0	3
15	16	0	0.134589628	0.0278850679	0.0438538869	0.0264233357	0.211918371	0.168064484	0	0	0	0	0	3
16	17	0	0.14356227	0.0277594701	0.0428479859	0.0264233357	0.211918371	0.169070385	0	0	0	0	0	3
17	18	0	0.152534912	0.0274658529	0.0419431545	0.0264233357	0.211918371	0.169975217	0	0	0	0	0	3
18	18	0	0.161507554	0.0278288157	0.0411590246	0.0264233357	0.211918371	0.170759347	0	0	0	0	0	3
19	19	0	0.170480196	0.0277022159	0.0404507715	0.0264233357	0.211918371	0.1714676	0	0	0	0	0	3
20	20	0	0.179452837	0.0276115312	0.0398088095	0.0264233357	0.211918371	0.172109562	0	0	0	0	0	3
21	20	0	0.188425479	0.0282168692	0.0392568123	0.0264233357	0.211918371	0.172661559	0	0	0	0	0	3
22	21	0	0.197398121	0.0284024923	0.0387634341	0.0264233357	0.211918371	0.173154937	0	0	0	0	0	3
23	22	0	0.206370763	0.0291102824	0.0383437319	0.0264233357	0.211918371	0.173574639	0	0	0	0	0	3
24	23	0	0.215343405	0.0290761489	0.0379575826	0.0264233357	0.211918371	0.173960789	0	0	0	0	0	3
25	23	0	0.224316047	0.0295015874	0.0376193428	0.0264233357	0.211918371	0.174299028	0	0	0	0	0	3
26	24	0	0.233288689	0.0294801391	0.0373062965	0.0264233357	0.211918371	0.174612075	0	0	0	0	0	3
27	25	0	0.242261331	0.0295959405	0.0370207278	0.0264233357	0.211918371	0.174897643	0	0	0	0	0	3
28	26	0	0.251233972	0.0295225024	0.036752934	0.0264233357	0.211918371	0.175165437	0	0	0	0	0	3
29	27	0	0.260206614	0.0296451855	0.0365078392	0.0264233357	0.211918371	0.175410532	0	0	0	0	0	3
30	27	0	0.269179256	0.0296673793	0.0362798239	0.0264233357	0.211918371	0.175638547	0	0	0	0	0	3
31	28	0	0.278151898	0.0297081518	0.0360678345	0.0264233357	0.211918371	0.175850537	0	0	0	0	0	3
32	29	0	0.28712454	0.0296902219	0.0358685341	0.0264233357	0.211918371	0.176049837	0	0	0	0	0	3
33	30	0	0.296097182	0.0295443096	0.0356768909	0.0264233357	0.211918371	0.17624148	0	0	0	0	0	3
34	31	0	0.305069824	0.0295501253	0.0354966919	0.0264233357	0.211918371	0.176421679	0	0	0	0	0	3
35	31	0	0.314042466	0.0293896701	0.0353222056	0.0264233357	0.211918371	0.176596166	0	0	0	0	0	3
36	32	0	0.323015107	0.0293153708	0.0351553491	0.0264233357	0.211918371	0.176763022	0	0	0	0	0	3
37	33	0	0.331987749	0.0290728657	0.0349909576	0.0264233357	0.211918371	0.176927414	0	0	0	0	0	3
38	34	0	0.340960391	0.0289823434	0.0348328362	0.0264233357	0.211918371	0.177085535	0	0	0	0	0	3
39	35	0	0.349933033	0.0287609148	0.0346771459	0.0264233357	0.211918371	0.177241225	0	0	0	0	0	3
40	35	0	0.358905675	0.0285956285	0.034525108	0.0264233357	0.211918371	0.177393263	0	0	0	0	0	3
41	36	0	0.367878317	0.028513276	0.0343784779	0.0264233357	0.211918371	0.177539893	0	0	0	0	0	3
42	37	0	0.376850959	0.0283301942	0.0342344712	0.0264233357	0.211918371	0.1776839	0	0	0	0	0	3
43	38	0	0.385823601	0.0281954853	0.0340940296	0.0264233357	0.211918371	0.177824342	0	0	0	0	0	3
44	39	0	0.394796242	0.0280848233	0.0339574568	0.0264233357	0.211918371	0.177960914	0	0	0	0	0	3
45	40	0	0.403768884	0.0279670142	0.0338243358	0.0264233357	0.211918371	0.178094035	0	0	0	0	0	3
46	41	0	0.412741526	0.0276938276	0.0336910639	0.0264233357	0.211918371	0.178227307	0	0	0	0	0	3
47	42	0	0.421714168	0.0278707321	0.033567227	0.0264233357	0.211918371	0.178351144	0	0	0	0	0	3
48	43	0	0.43068681	0.027402579	0.0334387969	0.0264233357	0.211918371	0.178479574	0	0	0	0	0	3
49	44	0	0.439659452	0.0275888608	0.0333194104	0.0264233357	0.211918371	0.178598961	0	0	0	0	0	3
50	45	0	0.448632094	0.027215911	0.0331973404	0.0264233357	0.211918371	0.178721031	0	0	0	0	0	3
51	46	0	0.457604736	0.0274049748	0.0330837646	0.0264233357	0.211918371	0.178834607	0	0	0	0	0	3
52	47	0	0.466577377	0.0269524622	0.032965855	0.0264233357	0.211918371	0.178952516	0	0	0	0	0	3
53	48	0	0.475550019	0.027253174	0.0328580685	0.0264233357	0.211918371	0.179060303	0	0	0	0	0	3
54	49	0	0.484522661	0.0268782923	0.0327473319	0.0264233357	0.211918371	0.179171039	0	0	0	0	0	3
55	50	0	0.493495303	0.0270378919	0.0326435239	0.0264233357	0.211918371	0.179274847	0	0	0	0	0	3
56	50	0	0.502467945	0.0267654443	0.0325385582	0.0264233357	0.211918371	0.179379813	0	0	0	0	0	3
57	51	0	0.511440587	0.0268954951	0.0292345783	0.0264233357	0.0672883294	0.0408649937	0	0	0	0	0	3
58	52	0	0.520413229	0.0265775233	0.0285075996	0.0264233357	0.0406709447	0.014247609	0	0	0	0	0	3
59	53	0	0.529385871	0.0267534961	0.0282590738	0.0264233357	0.0313264056	0.00490306996	0	0	0	0	0	3
60	54	0	0.538358512	0.0264376021	0.0282385612	0.0264233357	0.0313264056	0.00490306996	0	0	0	0	0	3
61	54	0	0.547331154	0.0266186509	0.0282302953	0.0264233357	0.0313264056	0.00490306996	0	0	0	0	0	3
62	55	0	0.556303796	0.0263095088	0.0282134503	0.0263095088	0.0313264056	0.00501689685	0	0	0	0	0	3
63	56	0	0.565276438	0.0264731391	0.0282143397	0.0263095088	0.0313264056	0.00501689685	0	0	0	0	0	3
64	57	0	0.57424908	0.0262033674	0.0282092926	0.0262033674	0.0313264056	0.00512303824	0	0	0	0	0	3
65	58	0	0.583221722	0.0264136596	0.0282008019	0.0262033674	0.0313264056	0.00512303824	0	0	0	0	0	3
66	59	0	0.592194364	0.026081677	0.0281071461	0.026081677	0.0301086488	0.00402697179	0	0	0	0	0	3
67	59	0	0.601167005	0.0262754215	0.0280386956	0.026081677	0.0299281926	0.00384651561	0	0	0	0	0	3
68	60	0	0.610139647	0.0259989415	0.0279685304	0.0259989415	0.0297081518	0.00370921025	0	0	0	0	0	3
69	61	0	0.619112289	0.0262601854	0.0279285274	0.0259989415	0.0297081518	0.00370921025	0	0	0	0	0	3
70	62	0	0.628084931	0.0259941955	0.0278844444	0.0259941955	0.0297081518	0.00371395629	0	0	0	0	0	3
71	63	0	0.637057573	0.0262800606	0.0278557836	0.0259941955	0.0297081518	0.00371395629	0	0	0	0	0	3
72	63	0	0.646030215	0.0260788617	0.0278257727	0.0259941955	0.0297081518	0.00371395629	0	0	0	0	0	3
73	64	0	0.655002857	0.0263484879	0.0278058198	0.0259941955	0.0297081518	0.00371395629	0	0	0	0	0	3
74	65	0	0.663975499	0.0260850304	0.0277746808	0.0259941955	0.0297081518	0.00371395629	0	0	0	0	0	3
75	66	0	0.67294814	0.0263777216	0.0277510291	0.0259941955	0.0297081518	0.00371395629	0	0	0	0	0	3
76	67	0	0.681920782	0.0261701978	0.027725291	0.0259941955	0.0297081518	0.00371395629	0	0	0	0	0	3
77	68	0	0.690893424	0.0264396019	0.0276935541	0.0259941955	0.0297081518	0.00371395629	0	0	0	0	0	3
78	68	0	0.699866066	0.0262597935	0.0276552916	0.0259941955	0.0297081518	0.00371395629	0	0	0	0	0	3
79	69	0	0.708838708	0.0263834282	0.0276065978	0.0259941955	0.0297081518	0.00371395629	0	0	0	0	0	3
80	70	0	0.71781135	0.0262043273	0.0275553152	0.0259941955	0.0297081518	0.00371395629	0	0	0	0	0	3
81	71	0	0.726783992	0.0263195535	0.0274984932	0.0259941955	0.0297081518	0.00371395629	0	0	0	0	0	3
82	72	0	0.735756634	0.0261351647	0.0274387615	0.0259941955	0.0297081518	0.00371395629	0	0	0	0	0	3
83	72	0	0.744729275	0.026292482	0.0273797712	0.0259941955	0.0297081518	0.00371395629	0	0	0	0	0	3
84	73	0	0.753701917	0.0261459821	0.0273194762	0.0259941955	0.0297081518	0.00371395629	0	0	0	0	0	3
85	74	0	0.762674559	0.026267489	0.0272591602	0.0259941955	0.0297081518	0.00371395629	0	0	0	0	0	3
86	75	0	0.771647201	0.0261350442	0.0271960828	0.0259941955	0.0297081518	0.00371395629	0	0	0	0	0	3
87	75	0	0.780619843	0.0262217632	0.0271338258	0.0259941955	0.0296902219	0.00369602639	0	0	0	0	0	3
88	76	0	0.789592485	0.0260667945	0.0270691218	0.0259941955	0.0295501253	0.00355592985	0	0	0	0	0	3
89	77	0	0.798565127	0.0261265888	0.027008091	0.0259941955	0.0295501253	0.00355592985	0	0	0	0	0	3
90	78	0	0.807537769	0.0260015503	0.0269447236	0.0259941955	0.0293896701	0.00339547462	0	0	0	0	0	3
91	79	0	0.81651041	0.0260819287	0.0268856568	0.0259941955	0.0293153708	0.00332117537	0	0	0	0	0	3
92	79	0	0.825483052	0.0259777032	0.0268260556	0.0259777032	0.0290728657	0.00309516252	0	0	0	0	0	3
93	80	0	0.834455694	0.026092065	0.026772827	0.0259777032	0.0289823434	0.00300464019	0	0	0	0	0	3
94	81	0	0.843428336	0.0260032152	0.0267196283	0.0259777032	0.0287609148	0.00278321159	0	0	0	0	0	3
95	82	0	0.852400978	0.0260435625	0.0266711042	0.0259777032	0.0285956285	0.0026179253	0	0	0	0	0	3
96	83	0	0.86137362	0.0259467623	0.026623803	0.0259467623	0.028513276	0.00256651371	0	0	0	0	0	3
97	84	0	0.870346262	0.026008857	0.0265790812	0.0259467623	0.0283301942	0.00238343198	0	0	0	0	0	3
98	84	0	0.879318904	0.0257718275	0.0265333961	0.0257718275	0.0281954853	0.0024236578	0	0	0	0	0	3
99	85	0	0.888291545	0.0258651572	0.0264917831	0.0257718275	0.0280848233	0.00231299579	0	0	0	0	0	3
100	86	0	0.897264187	0.0258361597	0.0264516284	0.0257718275	0.0279670142	0.00219518672	0	0	0	0	0	3
101	91	0	0.906236829	0.0258934973	0.0264146013	0.0257718275	0.0278707321	0.00209890463	0	0	0	0	0	3
102	91	0	0.915209471	0.0258594627	0.0263818448	0.0257718275	0.0278707321	0.00209890463	0	0	0	0	0	3
103	92	0	0.924182113	0.0259526915	0.026347594	0.0257718275	0.0275888608	0.00181703334	0	0	0	0	0	3
104	93	0	0.933154755	0.0259177495	0.0263210792	0.0257718275	0.0275888608	0.00181703334	0	0	0	0	0	3
105	94	0	0.942127397	0.0259342069	0.0262915318	0.0257718275	0.0274049748	0.0016331473	0	0	0	0	0	3
106	95	0	0.951100039	0.0258305988	0.0262667941	0.0257718275	0.0274049748	0.0016331473	0	0	0	0	0	3
107	95	0	0.96007268	0.0258496619	0.0262390207	0.0257718275	0.027253174	0.00148134651	0	0	0	0	0	3
108	96	0	0.969045322	0.0258353079	0.0262190715	0.0257718275	0.027253174	0.00148134651	0	0	0	0	0	3
109	97	0	0.978017964	0.025778779	0.026192743	0.0257718275	0.0270378919	0.00126606441	0	0	0	0	0	3
110	98	0	0.986990606	0.0258869409	0.0261750403	0.0257718275	0.0270378919	0.00126606441	0	0	0	0	0	3
111	98	0	0.995963248	0.0258598201	0.0261540033	0.0257718275	0.0268954951	0.00112366758	0	0	0	0	0	3
112	99	0	1.00493589	0.0257710599	0.0261362464	0.0257710599	0.0268954951	0.00112443514	0.000446996542	0	39.7	0	0	3
113	100	0	1.01390853	0.0258376425	0.0261173562	0.0257710599	0.0267534961	0.000982436145	0.000446996542	0	45.4	0	0	3
114	101	0	1.02288117	0.0256897995	0.026101504	0.0256897995	0.0267534961	0.00106369661	0.000448215449	0	42.1	0	0	3
115	102	0	1.03185382	0.025731704	0.0260832577	0.0256897995	0.0266186509	0.00092885143	0.000446996542	0	48.1	0	0	3
116	102	0	1.04082646	0.025604655	0.0260683837	0.025604655	0.0266186509	0.00101399584	0.000446996542	0	44	0	0	3
117	103	0	1.0497991	0.0257041963	0.0260520541	0.025604655	0.0264731391	0.000868484103	0.000446996542	0	51.4	0	0	3
118	104	0	1.05877174	0.0256384768	0.0260400714	0.025604655	0.0264731391	0.000868484103	0.000446996542	0	51.4	0	0	3
119	105	0	1.06774438	0.0257547584	0.0260272432	0.025604655	0.0264396019	0.000834946865	0.000446996542	0	53.5	0	0	3
120	106	0	1.07671702	0.0256794229	0.026017887	0.025604655	0.0264396019	0.000834946865	0.000446996542	0	53.5	0	0	3
121	106	0	1.08568967	0.0257721843	0.0260064321	0.025604655	0.0264396019	0.000834946865	0.000446996542	0	53.5	0	0	3
122	107	0	1.09466231	0.0256982548	0.0259995853	0.025604655	0.0264396019	0.000834946865	0.000446996542	0	53.5	0	0	3
123	108	0	1.10363495	0.0257911162	0.025990937	0.025604655	0.0264396019	0.000834946865	0.000446996542	0	53.5	0	0	3
124	109	0	1.11260759	0.0257074933	0.0259857326	0.025604655	0.0264396019	0.000834946865	0.000446996542	0	53.5	0	0	3
125	110	0	1.12158023	0.025821074	0.0259778913	0.025604655	0.0264396019	0.000834946865	0.000446996542	0	53.5	0	0	3
126	110	0	1.13055288	0.0257656212	0.0259738096	0.025604655	0.0264396019	0.000834946865	0.000446996542	0	53.5	0	0	3
127	111	0	1.13952552	0.0258797002	0.0259666603	0.025604655	0.0264396019	0.000834946865	0.000446996542	0	53.5	0	0	3
128	112	0	1.14849816	0.0258294494	0.0259622065	0.025604655	0.0264396019	0.000834946865	0.000446996542	0	53.5	0	0	3
129	113	0	1.1574708	0.0259554816	0.0259551885	0.025604655	0.0264396019	0.000834946865	0.000446996542	0	53.5	0	0	3
130	114	0	1.16644344	0.0259126051	0.0259521095	0.025604655	0.0264396019	0.000834946865	0.000446996542	0	53.5	0	0	3
131	114	0	1.17541609	0.0260100051	0.0259455432	0.025604655	0.0264396019	0.000834946865	0.000446996542	0	53.5	0	0	3
132	115	0	1.18438873	0.0259474065	0.0259415647	0.025604655	0.0264396019	0.000834946865	0.000446996542	0	53.5	0	0	3
133	116	0	1.19336137	0.0260360497	0.0259343584	0.025604655	0.0263834282	0.000778773152	0.000446996542	0	57.3	0	0	3
134	117	0	1.20233401	0.0259501631	0.0259288293	0.025604655	0.0263834282	0.000778773152	0.000446996542	0	57.3	0	0	3
135	118	0	1.21130665	0.0260339158	0.025922588	0.025604655	0.0263195535	0.000714898469	0.000446996542	0	62.5	0	0	3
136	118	0	1.22027929	0.0258850098	0.0259168859	0.025604655	0.0263195535	0.000714898469	0.000446996542	0	62.5	0	0	3
137	119	0	1.22925194	0.0260487368	0.0259120499	0.025604655	0.026292482	0.000687826962	0.000446996542	0	64.9	0	0	3
138	120	0	1.23822458	0.0260053828	0.0259097324	0.025604655	0.026292482	0.000687826962	0.000446996542	0	64.9	0	0	3
139	121	0	1.24719722	0.0261079892	0.0259064379	0.025604655	0.026267489	0.000662834003	0.000446996542	0	67.4	0	0	3
140	121	0	1.25616986	0.0260715305	0.0259051084	0.025604655	0.026267489	0.000662834003	0.000446996542	0	67.4	0	0	3
141	122	0	1.2651425	0.026138805	0.0259028105	0.025604655	0.0262217632	0.00061710813	0.000446996542	0	72.4	0	0	3
142	123	0	1.27411515	0.0260845934	0.0259019095	0.025604655	0.0262217632	0.00061710813	0.000446996542	0	72.4	0	0	3
143	124	0	1.28308779	0.0261391102	0.0259004336	0.025604655	0.0261391102	0.000534455108	0.000446996542	0	83.6	0	0	3
144	125	0	1.29206043	0.0260788661	0.0259006492	0.025604655	0.0261391102	0.000534455108	0.000446996542	0	83.6	0	0	3
145	125	0	1.30103307	0.0261429583	0.0259009415	0.025604655	0.0261429583	0.000538303245	0.000446996542	0	83	0	0	3
146	126	0	1.31000571	0.0260857058	0.0259024443	0.025604655	0.0261429583	0.000538303245	0.000446996542	0	83	0	0	3
147	127	0	1.31897836	0.0261254228	0.0259032209	0.025604655	0.0261429583	0.000538303245	0.000446996542	0	83	0	0	3
148	128	0	1.327951	0.0260439916	0.0259044047	0.025604655	0.0261429583	0.000538303245	0.000446996542	0	83	0	0	3
149	129	0	1.33692364	0.0261051863	0.025904639	0.025604655	0.0261429583	0.000538303245	0.000446996542	0	83	0	0	3
150	129	0	1.34589628	0.0260476223	0.0259054319	0.025604655	0.0261429583	0.000538303245	0.000446996542	0	83	0	0	3
151	130	0	1.35486892	0.0261451773	0.0259072465	0.025604655	0.0261451773	0.000540522211	0.000446996542	0	82.6	0	0	3
152	131	0	1.36384156	0.0260973741	0.025909936	0.025604655	0.0261451773	0.000540522211	0.000446996542	0	82.6	0	0	3
153	132	0	1.37281421	0.0261696929	0.0259128081	0.025604655	0.0261696929	0.000565037893	0.000446996542	0	79.1	0	0	3
154	133	0	1.38178685	0.0261000845	0.0259186698	0.025604655	0.0261696929	0.000565037893	0.000446996542	0	79.1	0	0	3
155	133	0	1.39075949	0.0261860677	0.0259244003	0.025604655	0.0261860677	0.00055119477	0.000446996542	0	81	0	0	3
156	134	0	1.39973213	0.0261428113	0.0259298763	0.025604655	0.0261860677	0.000514167684	0.000446996542	0	86.9	0	0	3
157	135	0	1.40870477	0.0262137035	0.0259355942	0.025604655	0.0262137035	0.000481411167	0.000446996542	0	92.8	0	0	3
158	136	0	1.41767742	0.0261719337	0.0259411741	0.025604655	0.0262137035	0.000447160442	0.000446996542	0	99.9	0	0	3
159	137	0	1.42665006	0.0262803058	0.0259470243	0.025604655	0.0262803058	0.00042064563	0.000446996542	0	100	0	0	3
160	137	0	1.4356227	0.0262491456	0.0259529421	0.025604655	0.0262803058	0.000391098239	0.000446996542	0	100	0	0	3
161	138	0	1.44459534	0.0263508928	0.0259603829	0.025604655	0.0263508928	0.000366360521	0.000446996542	0	100	0	0	3
162	139	0	1.45356798	0.0262821758	0.0259684468	0.025604655	0.0263508928	0.000338587076	0.000446996542	0	100	0	0	3
163	140	0	1.46254063	0.026337905	0.0259771654	0.025604655	0.0263508928	0.000318637892	0.000446996542	0	100	0	0	3
164	140	0	1.47151327	0.0262376314	0.0259843498	0.025604655	0.0263508928	0.000292309411	0.000446996542	0	100	0	0	3
165	141	0	1.48048591	0.0262838396	0.0259933687	0.025604655	0.0263508928	0.000274606707	0.000446996542	0	100	0	0	3
166	142	0	1.48945855	0.0261867932	0.0259987232	0.025604655	0.0263508928	0.000253569711	0.000446996542	0	100	0	0	3
167	143	0	1.49843119	0.026255904	0.0260057962	0.025604655	0.0263508928	0.000235812847	0.000446996542	0	100	0	0	3
168	144	0	1.50740383	0.0261688149	0.0260128989	0.025604655	0.0263508928	0.000216922622	0.000446996542	0	100	0	0	3
169	144	0	1.51637648	0.0262215192	0.0260197539	0.025604655	0.0263508928	0.000201070411	0.000446996542	0	100	0	0	3
170	145	0	1.52534912	0.0261285649	0.026027589	0.025604655	0.0263508928	0.000182824124	0.000446996542	0	100	0	0	3
171	146	0	1.53432176	0.0261423486	0.0260349219	0.025604655	0.0263508928	0.000167950069	0.000446996542	0	100	0	0	3
172	147	0	1.5432944	0.0260327566	0.0260425666	0.0256384768	0.0263508928	0.000151620522	0.000446996542	0	100	0	0	3
173	148	0	1.55226704	0.0260654242	0.0260490171	0.0256384768	0.0263508928	0.000148583467	0.000446996542	0	100	0	0	3
174	148	0	1.56123969	0.0259948342	0.0260553806	0.0256794229	0.0263508928	0.000154946992	0.000446996542	0	100	0	0	3
175	149	0	1.57021233	0.0260612869	0.0260608543	0.0256794229	0.0263508928	0.000160420716	0.000446996542	0	100	0	0	3
176	150	0	1.57918497	0.0259963967	0.0260665146	0.0256982548	0.0263508928	0.000166080963	0.000446996542	0	100	0	0	3
177	151	0	1.58815761	0.0260477692	0.0260714357	0.0256982548	0.0263508928	0.000171002121	0.000446996542	0	100	0	0	3
178	152	0	1.59713025	0.0259568619	0.0260760537	0.0257074933	0.0263508928	0.000175620105	0.000446996542	0	100	0	0	3
179	152	0	1.6061029	0.0260032675	0.0260798421	0.0257074933	0.0263508928	0.00017940852	0.000446996542	0	100	0	0	3
180	153	0	1.61507554	0.0258339009	0.0260820994	0.0257656212	0.0263508928	0.000181665799	0.000446996542	0	100	0	0	3
181	154	0	1.62404818	0.0259875936	0.026085073	0.0257656212	0.0263508928	0.000184639362	0.000446996542	0	100	0	0	3
182	155	0	1.63302082	0.0259396015	0.0260881798	0.0258294494	0.0263508928	0.000187746154	0.000446996542	0	100	0	0	3
183	156	0	1.64199346	0.0259840728	0.0260900436	0.0258294494	0.0263508928	0.000189609951	0.000446996542	0	100	0	0	3
184	156	0	1.6509661	0.0259240149	0.0260917322	0.0258339009	0.0263508928	0.000191298621	0.000446996542	0	100	0	0	3
185	157	0	1.65993875	0.0259490964	0.0260916182	0.0258339009	0.0263508928	0.000191298621	0.000446996542	0	100	0	0	3
186	158	0	1.66891139	0.0258536147	0.0260905648	0.0258339009	0.0263508928	0.000191298621	0.000446996542	0	100	0	0	3
187	159	0	1.67788403	0.0258722599	0.0260881051	0.0258339009	0.0263508928	0.000191298621	0.000446996542	0	100	0	0	3
188	160	0	1.68685667	0.0258047846	0.0260855582	0.0258047846	0.0263508928	0.000191298621	0.000446996542	0	100	0	0	3
189	160	0	1.69582931	0.0258595139	0.0260824058	0.0258047846	0.0263508928	0.000191298621	0.000446996542	0	100	0	0	3
190	161	0	1.70480196	0.0258070773	0.0260798507	0.0258047846	0.0263508928	0.000191298621	0.000446996542	0	100	0	0	3
191	162	0	1.7137746	0.025887408	0.0260772345	0.0258047846	0.0263508928	0.000191298621	0.000446996542	0	100	0	0	3
192	163	0	1.72274724	0.0258622909	0.0260768288	0.0258047846	0.0263508928	0.000191298621	0.000446996542	0	100	0	0	3
193	164	0	1.73171988	0.0259716277	0.0260754519	0.0258047846	0.0263508928	0.000191298621	0.000446996542	0	100	0	0	3
194	164	0	1.74069252	0.0258998481	0.0260735673	0.0258047846	0.0263508928	0.000191298621	0.000446996542	0	100	0	0	3
195	165	0	1.74966517	0.025988645	0.0260714362	0.0258047846	0.0263508928	0.000191298621	0.000446996542	0	100	0	0	3
196	166	0	1.75863781	0.0259167689	0.0260686726	0.0258047846	0.0263508928	0.000191298621	0.000446996542	0	100	0	0	3
197	167	0	1.76761045	0.0259913184	0.0260660389	0.0258047846	0.0263508928	0.000191298621	0.000446996542	0	100	0	0	3
198	168	0	1.77658309	0.0259161146	0.0260630303	0.0258047846	0.0263508928	0.000191298621	0.000446996542	0	100	0	0	3
199	168	0	1.78555573	0.0259895962	0.0260603604	0.0258047846	0.0263508928	0.000191083058	0.000446996542	0	100	0	0	3
200	169	0	1.79452837	0.0259098163	0.0260573417	0.0258047846	0.0263508928	0.000190790746	0.000446996542	0	100	0	0	3
201	173	0	1.80350102	0.0260003847	0.0260547957	0.0258047846	0.0263508928	0.000189287969	0.000446996542	0	100	0	0	3
202	174	0	1.81247366	0.0258452825	0.0260505025	0.0258047846	0.0263508928	0.000188511289	0.000446996542	0	100	0	0	3
203	175	0	1.8214463	0.0259981434	0.0260482296	0.0258047846	0.0263508928	0.000187327568	0.000446996542	0	100	0	0	3
204	176	0	1.83041894	0.0259294361	0.026046184	0.0258047846	0.0263508928	0.000187093259	0.000446996542	0	100	0	0	3
205	177	0	1.83939158	0.0260036384	0.0260443706	0.0258047846	0.0263508928	0.000186300276	0.000446996542	0	100	0	0	3
206	178	0	1.84836423	0.0258523553	0.0260408837	0.0258047846	0.0263508928	0.000184485726	0.000446996542	0	100	0	0	3
207	178	0	1.85733687	0.0260045891	0.0260383732	0.0258047846	0.0263508928	0.000181796229	0.000446996542	0	100	0	0	3
208	179	0	1.86630951	0.0259547508	0.0260358264	0.0258047846	0.0263508928	0.000178924159	0.000446996542	0	100	0	0	3
209	180	0	1.87528215	0.0260389694	0.026033492	0.0258047846	0.0263508928	0.000173062427	0.000446996542	0	100	0	0	3
210	181	0	1.88425479	0.0259718408	0.026031202	0.0258047846	0.0263508928	0.000167331883	0.000446996542	0	100	0	0	3
211	182	0	1.89322744	0.0260504811	0.0260287808	0.0258047846	0.0263508928	0.000161855962	0.000446996542	0	100	0	0	3
212	182	0	1.90220008	0.0259722015	0.0260257342	0.0258047846	0.0263508928	0.000156137994	0.000446996542	0	100	0	0	3
213	183	0	1.91117272	0.0260604128	0.0260229968	0.0258047846	0.0263508928	0.000150558155	0.000446996542	0	100	0	0	3
214	184	0	1.92014536	0.025970963	0.0260194081	0.0258047846	0.0263508928	0.000144707899	0.000446996542	0	100	0	0	3
215	185	0	1.929118	0.0260678004	0.0260156133	0.0258047846	0.0263508928	0.000138790112	0.000446996542	0	100	0	0	3
216	186	0	1.93809064	0.0259733495	0.0260106884	0.0258047846	0.0263508928	0.000131349292	0.000446996542	0	100	0	0	3
217	186	0	1.94706329	0.0260834869	0.0260059133	0.0258047846	0.026337905	0.000123285417	0.000446996542	0	100	0	0	3
218	187	0	1.95603593	0.0259323823	0.025999667	0.0258047846	0.026337905	0.000114566789	0.000446996542	0	100	0	0	3
219	188	0	1.96500857	0.026111137	0.0259956175	0.0258047846	0.0262838396	0.000107382442	0.000446996542	0	100	0	0	3
220	189	0	1.97398121	0.0260547384	0.0259923516	0.0258047846	0.0262838396	9.93806211e-05	0.000446996542	0	100	0	0	3
221	190	0	1.98295385	0.0261663485	0.0259902535	0.0258047846	0.026255904	0.000101478677	0.000446996542	0	100	0	0	3
222	191	0	1.9919265	0.0260256247	0.0259873755	0.0258047846	0.026255904	0.000104356685	0.000446996542	0	100	0	0	3
223	191	0	2.00089914	0.0261636338	0.0259857279	0.0258047846	0.0262215192	0.000106004368	0.000446996542	0	100	0	0	3
224	192	0	2.00987178	0.026114846	0.0259847641	0.0258047846	0.0262215192	0.000106968099	0.000446996542	0	100	0	0	3
225	193	0	2.01884442	0.0262242863	0.0259848135	0.0258047846	0.0262242863	0.000106968099	0.000446996542	0	100	0	0	3
226	194	0	2.02781706	0.0260331547	0.0259831098	0.0258047846	0.0262242863	0.000108622439	0.000446996542	0	100	0	0	3
227	194	0	2.03678971	0.026206414	0.0259842538	0.0258047846	0.0262242863	0.000108622439	0.000446996542	0	100	0	0	3
228	195	0	2.04576235	0.0260854892	0.0259851955	0.0258047846	0.0262242863	0.000108622439	0.000446996542	0	100	0	0	3
229	196	0	2.05473499	0.0261639752	0.0259869553	0.0258047846	0.0262242863	0.000108622439	0.000446996542	0	100	0	0	3
230	197	0	2.06370763	0.0260568268	0.0259880623	0.0258047846	0.0262242863	0.000108622439	0.000446996542	0	100	0	0	3
231	198	0	2.07268027	0.0261627821	0.0259898747	0.0258047846	0.0262242863	0.000108622439	0.000446996542	0	100	0	0	3
232	198	0	2.08165291	0.0260832971	0.0259914265	0.0258047846	0.0262242863	0.000108622439	0.000446996542	0	100	0	0	3
233	199	0	2.09062556	0.026214886	0.0259944107	0.0258047846	0.0262242863	0.000108622439	0.000446996542	0	100	0	0	3
234	200	0	2.0995982	0.0261076975	0.0259971042	0.0258047846	0.0262242863	0.000108622439	0.000446996542	0	100	0	0	3
235	201	0	2.10857084	0.0262137556	0.026000863	0.0258047846	0.0262242863	0.000108622439	0.000446996542	0	100	0	0	3
236	202	0	2.11754348	0.0261899189	0.0260072204	0.0258047846	0.0262242863	0.000108622439	0.000446996542	0	100	0	0	3
237	202	0	2.12651612	0.0262215991	0.0260113991	0.0258047846	0.0262242863	0.000108622439	0.000446996542	0	100	0	0	3
238	203	0	2.13548877	0.0262487043	0.0260169188	0.0258047846	0.0262487043	0.000108622439	0.000446996542	0	100	0	0	3
239	204	0	2.14446141	0.0262563525	0.0260217809	0.0258047846	0.0262563525	0.000108622439	0.000446996542	0	100	0	0	3
240	205	0	2.15343405	0.0261861948	0.0260264627	0.0258047846	0.0262563525	0.000108508417	0.000446996542	0	100	0	0	3
241	206	0	2.16240669	0.0263086626	0.0260328835	0.0258047846	0.0263086626	0.000107455016	0.000446996542	0	100	0	0	3
242	206	0	2.17137933	0.0263164896	0.0260411492	0.0258047846	0.0263164896	0.00010499528	0.000446996542	0	100	0	0	3
243	207	0	2.18035198	0.0263132999	0.0260490249	0.0258047846	0.0263164896	0.00010244846	0.000446996542	0	100	0	0	3
244	208	0	2.18932462	0.0262890822	0.026057673	0.0258070773	0.0263164896	9.92960364e-05	0.000446996542	0	100	0	0	3
245	209	0	2.19829726	0.0262828568	0.0260652327	0.0258070773	0.0263164896	9.6740932e-05	0.000446996542	0	100	0	0	3
246	209	0	2.2072699	0.0262558853	0.0260732472	0.0258452825	0.0263164896	9.41247216e-05	0.000446996542	0	100	0	0	3
247	210	0	2.21624254	0.0262673825	0.0260800324	0.0258452825	0.0263164896	9.69226335e-05	0.000446996542	0	100	0	0	3
248	211	0	2.22521518	0.0262632462	0.0260871923	0.0258452825	0.0263164896	0.000104082551	0.000446996542	0	100	0	0	3
249	212	0	2.23418783	0.0262795423	0.0260926908	0.0258452825	0.0263164896	0.000109581026	0.000446996542	0	100	0	0	3
250	213	0	2.24316047	0.0262612088	0.0260991437	0.0258452825	0.0263164896	0.000116033896	0.000446996542	0	100	0	0	3
251	213	0	2.25213311	0.0262603014	0.0261039947	0.0258452825	0.0263164896	0.000120884904	0.000446996542	0	100	0	0	3
252	214	0	2.26110575	0.0262104691	0.0261092393	0.0258452825	0.0263164896	0.000126129549	0.000446996542	0	100	0	0	3
253	215	0	2.27007839	0.0261851636	0.0261127009	0.0258452825	0.0263164896	0.000129591071	0.000446996542	0	100	0	0	3
254	216	0	2.27905104	0.0261214229	0.0261163671	0.0258452825	0.0263164896	0.00013325729	0.000446996542	0	100	0	0	3
255	217	0	2.28802368	0.0261146946	0.026118601	0.0258452825	0.0263164896	0.00013549119	0.000446996542	0	100	0	0	3
256	217	0	2.29699632	0.0260915921	0.026121847	0.0258452825	0.0263164896	0.000138737187	0.000446996542	0	100	0	0	3
257	218	0	2.30596896	0.0261218955	0.0261240168	0.0258452825	0.0263164896	0.000140907024	0.000446996542	0	100	0	0	3
258	219	0	2.3149416	0.0260311615	0.0261273361	0.0258523553	0.0263164896	0.000144226292	0.000446996542	0	100	0	0	3
259	220	0	2.32391425	0.0261289109	0.0261296712	0.0258523553	0.0263164896	0.000146561425	0.000446996542	0	100	0	0	3
260	221	0	2.33288689	0.0260000724	0.0261309326	0.0258523553	0.0263164896	0.000147822787	0.000446996542	0	100	0	0	3
261	221	0	2.34185953	0.0261124052	0.0261328748	0.0258523553	0.0263164896	0.000149765051	0.000446996542	0	100	0	0	3
262	222	0	2.35083217	0.0259677691	0.0261349358	0.0259323823	0.0263164896	0.000151826012	0.000446996542	0	100	0	0	3
263	223	0	2.35980481	0.0260643617	0.0261360032	0.0259323823	0.0263164896	0.000152893381	0.000446996542	0	100	0	0	3
264	224	0	2.36877745	0.0259213416	0.0261354066	0.0259213416	0.0263164896	0.000152893381	0.000446996542	0	100	0	0	3
265	225	0	2.3777501	0.0260203035	0.0261350733	0.0259213416	0.0263164896	0.000152893381	0.000446996542	0	100	0	0	3
266	226	0	2.38672274	0.0259819465	0.0261352537	0.0259213416	0.0263164896	0.000152893381	0.000446996542	0	100	0	0	3
267	226	0	2.39569538	0.0259212901	0.0261329467	0.0259212901	0.0263164896	0.000152893381	0.000446996542	0	100	0	0	3
268	227	0	2.40466802	0.025976947	0.0261330315	0.0259212901	0.0263164896	0.000152893381	0.000446996542	0	100	0	0	3
269	228	0	2.41364066	0.0258514071	0.0261292992	0.0258514071	0.0263164896	0.000152893381	0.000446996542	0	100	0	0	3
270	229	0	2.42261331	0.025908518	0.0261281841	0.0258514071	0.0263164896	0.000152893381	0.000446996542	0	100	0	0	3
271	230	0	2.43158595	0.0257917156	0.0261232541	0.0257917156	0.0263164896	0.000152893381	0.000446996542	0	100	0	0	3
272	230	0	2.44055859	0.0258294527	0.0261206845	0.0257917156	0.0263164896	0.000152893381	0.000446996542	0	100	0	0	3
273	231	0	2.44953123	0.0257187809	0.0261141719	0.0257187809	0.0263164896	0.000152893381	0.000446996542	0	100	0	0	3
274	232	0	2.45850387	0.0258006725	0.0261118199	0.0257187809	0.0263164896	0.000152893381	0.000446996542	0	100	0	0	3
275	233	0	2.46747652	0.0257452545	0.0261052863	0.0257187809	0.0263164896	0.000152893381	0.000446996542	0	100	0	0	3
276	234	0	2.47644916	0.0258401063	0.0261014536	0.0257187809	0.0263164896	0.000152893381	0.000446996542	0	100	0	0	3
277	234	0	2.4854218	0.0257715078	0.0260944028	0.0257187809	0.0263164896	0.000152893381	0.000446996542	0	100	0	0	3
278	235	0	2.49439444	0.0258371062	0.0260910364	0.0257187809	0.0263164896	0.000152893381	0.000446996542	0	100	0	0	3
279	236	0	2.50336708	0.0257656839	0.0260839302	0.0257187809	0.0263164896	0.000152893381	0.000446996542	0	100	0	0	3
280	237	0	2.51233972	0.0258160067	0.0260785938	0.0257187809	0.0263164896	0.000152893381	0.000446996542	0	100	0	0	3
281	238	0	2.52131237	0.0257276323	0.026069725	0.0257187809	0.0263164896	0.000152893381	0.000446996542	0	100	0	0	3
282	239	0	2.53028501	0.0257917594	0.0260654143	0.0257187809	0.0263164896	0.000151749358	0.000446996542	0	100	0	0	3
283	239	0	2.53925765	0.025830827	0.0260587074	0.0257187809	0.0263164896	0.000150807705	0.000446996542	0	100	0	0	3
284	240	0	2.54823029	0.0257222607	0.0260522212	0.0257187809	0.0263164896	0.000149047866	0.000446996542	0	100	0	0	3
285	241	0	2.55720293	0.0258715849	0.0260469999	0.0257187809	0.0263164896	0.000147940855	0.000446996542	0	100	0	0	3
286	242	0	2.56617558	0.0256745623	0.0260401738	0.0256745623	0.0263164896	0.000146128441	0.000446996542	0	100	0	0	3
287	243	0	2.57514822	0.0258407971	0.0260344241	0.0256745623	0.0263164896	0.000144576648	0.000446996542	0	100	0	0	3
288	243	0	2.58412086	0.0256685095	0.0260270171	0.0256685095	0.0263164896	0.00014159242	0.000446996542	0	100	0	0	3
289	244	0	2.5930935	0.0258266863	0.026020085	0.0256685095	0.0263164896	0.000138898926	0.000446996542	0	100	0	0	3
290	245	0	2.60206614	0.0257087426	0.0260129608	0.0256685095	0.0263164896	0.000135140209	0.000446996542	0	100	0	0	3
291	246	0	2.61103879	0.0258676177	0.0260067798	0.0256685095	0.0263164896	0.000129223405	0.000446996542	0	100	0	0	3
292	246	0	2.62001143	0.0257742417	0.025999357	0.0256685095	0.0263164896	0.000136646212	0.000446996542	0	100	0	0	3
293	247	0	2.62898407	0.0259513794	0.0259945316	0.0256685095	0.0263164896	0.000141471563	0.000446996542	0	100	0	0	3
294	248	0	2.63795671	0.0258700858	0.0259877706	0.0256685095	0.0263164896	0.000148232609	0.000446996542	0	100	0	0	3
295	249	0	2.64692935	0.0260360118	0.0259838359	0.0256685095	0.0263164896	0.000152167263	0.000446996542	0	100	0	0	3
296	250	0	2.65590199	0.0259544947	0.0259796984	0.0256685095	0.0263164896	0.000156304765	0.000446996542	0	100	0	0	3
297	250	0	2.66487464	0.0261005421	0.025975982	0.0256685095	0.0263164896	0.000160021203	0.000446996542	0	100	0	0	3
298	251	0	2.67384728	0.0260170132	0.0259706342	0.0256685095	0.0263132999	0.000165368996	0.000446996542	0	100	0	0	3
299	252	0	2.68281992	0.0261552051	0.025967811	0.0256685095	0.0262890822	0.000168192118	0.000446996542	0	100	0	0	3
300	253	0	2.69179256	0.0260575277	0.0259636761	0.0256685095	0.0262828568	0.000172327019	0.000446996542	0	100	0	0	3
301	258	0	2.7007652	0.0261957168	0.0259621201	0.0256685095	0.0262795423	0.000173883091	0.000446996542	0	100	0	0	3
302	258	0	2.70973785	0.0260984633	0.025959309	0.0256685095	0.0262795423	0.000176694197	0.000446996542	0	100	0	0	3
303	259	0	2.71871049	0.026238092	0.0259587859	0.0256685095	0.0262795423	0.000177217242	0.000446996542	0	100	0	0	3
304	260	0	2.72768313	0.0261521785	0.0259568026	0.0256685095	0.0262795423	0.000179200593	0.000446996542	0	100	0	0	3
305	261	0	2.73665577	0.0263029252	0.0259572201	0.0256685095	0.0263029252	0.000179200593	0.000446996542	0	100	0	0	3
306	262	0	2.74562841	0.026217058	0.0259564317	0.0256685095	0.0263029252	0.00017957145	0.000446996542	0	100	0	0	3
307	262	0	2.75460106	0.026350409	0.0259580408	0.0256685095	0.026350409	0.00017957145	0.000446996542	0	100	0	0	3
308	263	0	2.7635737	0.0262517725	0.0259587783	0.0256685095	0.026350409	0.00017957145	0.000446996542	0	100	0	0	3
309	264	0	2.77254634	0.0263774267	0.0259622116	0.0256685095	0.0263774267	0.00017957145	0.000446996542	0	100	0	0	3
310	265	0	2.78151898	0.026327554	0.0259658925	0.0256685095	0.0263774267	0.00017957145	0.000446996542	0	100	0	0	3
311	266	0	2.79049162	0.0264355889	0.0259716228	0.0256685095	0.0264355889	0.00017957145	0.000446996542	0	100	0	0	3
312	266	0	2.79946426	0.0263113924	0.0259755478	0.0256685095	0.0264355889	0.00017957145	0.000446996542	0	100	0	0	3
313	267	0	2.80843691	0.0264294135	0.0259810392	0.0256685095	0.0264355889	0.00017957145	0.000446996542	0	100	0	0	3
314	268	0	2.81740955	0.026353249	0.0259867907	0.0256685095	0.0264355889	0.00017957145	0.000446996542	0	100	0	0	3
315	269	0	2.82638219	0.0264413911	0.0259923707	0.0256685095	0.0264413911	0.00017957145	0.000446996542	0	100	0	0	3
316	270	0	2.83535483	0.0262990612	0.0259977098	0.0256685095	0.0264413911	0.00017957145	0.000446996542	0	100	0	0	3
317	270	0	2.84432747	0.0263800062	0.0260024884	0.0256685095	0.0264413911	0.00017957145	0.000446996542	0	100	0	0	3
318	271	0	2.85330012	0.0262422971	0.0260073907	0.0256685095	0.0264413911	0.00017957145	0.000446996542	0	100	0	0	3
319	272	0	2.86227276	0.0263278463	0.0260120958	0.0256685095	0.0264413911	0.000178974857	0.000446996542	0	100	0	0	3
320	273	0	2.8712454	0.0261903473	0.0260168995	0.0256685095	0.0264413911	0.000178821995	0.000446996542	0	100	0	0	3
321	274	0	2.88021804	0.0263080532	0.0260220378	0.0256685095	0.0264413911	0.000178821995	0.000446996542	0	100	0	0	3
322	274	0	2.88919068	0.0262145351	0.0260261912	0.0256685095	0.0264413911	0.000176599756	0.000446996542	0	100	0	0	3
323	275	0	2.89816332	0.0263343552	0.0260335674	0.0256685095	0.0264413911	0.000176599756	0.000446996542	0	100	0	0	3
324	276	0	2.90713597	0.0262091325	0.0260377135	0.0256685095	0.0264413911	0.000172867511	0.000446996542	0	100	0	0	3
325	277	0	2.91610861	0.0263184836	0.0260460542	0.0256685095	0.0264413911	0.000171752423	0.000446996542	0	100	0	0	3
326	278	0	2.92508125	0.0262100757	0.0260514392	0.0256685095	0.0264413911	0.000166822336	0.000446996542	0	100	0	0	3
327	279	0	2.93405389	0.0263193686	0.0260608615	0.0256685095	0.0264413911	0.000164252749	0.000446996542	0	100	0	0	3
