Iteration	CPUTime	PhysTime	Travels	Value	AvValue	MinValue	MaxValue	Delta	Criteria	PrevAvRefValue	Progress	CriteriaType	CriteriaVarType	CriteriaPercentage
1	7	0	0.00897179511	0.416038514	0.416038514	0.416038514	0.416038514	0	0	0	0	0	0	3
2	9	0	0.0179435902	0.0942193187	0.255128916	0.0942193187	0.416038514	0.160909598	0	0	0	0	0	3
3	10	0	0.0269153853	0.0504717378	0.186909857	0.0504717378	0.416038514	0.229128657	0	0	0	0	0	3
4	11	0	0.0358871804	0.0237920323	0.146130401	0.0237920323	0.416038514	0.269908113	0	0	0	0	0	3
5	13	0	0.0448589755	0.0420725093	0.125318822	0.0237920323	0.416038514	0.290719691	0	0	0	0	0	3
6	14	0	0.0538307706	0.032674218	0.109878055	0.0237920323	0.416038514	0.306160459	0	0	0	0	0	3
7	15	0	0.0628025657	0.0384712532	0.0996770833	0.0237920323	0.416038514	0.31636143	0	0	0	0	0	3
8	17	0	0.0717743608	0.0330002178	0.0913424751	0.0237920323	0.416038514	0.324696039	0	0	0	0	0	3
9	18	0	0.080746156	0.0334162884	0.0849062322	0.0237920323	0.416038514	0.331132282	0	0	0	0	0	3
10	19	0	0.0897179511	0.0363914155	0.0800547505	0.0237920323	0.416038514	0.335983763	0	0	0	0	0	3
11	20	0	0.0986897462	0.0395698842	0.0763743081	0.0237920323	0.416038514	0.339664206	0	0	0	0	0	3
12	22	0	0.107661541	0.0418124882	0.0734941564	0.0237920323	0.416038514	0.342544357	0	0	0	0	0	3
13	23	0	0.116633336	0.0400621832	0.0709224662	0.0237920323	0.416038514	0.345116048	0	0	0	0	0	3
14	24	0	0.125605131	0.0382717337	0.068590271	0.0237920323	0.416038514	0.347448243	0	0	0	0	0	3
15	26	0	0.134576927	0.0368742797	0.0664758716	0.0237920323	0.416038514	0.349562642	0	0	0	0	0	3
16	27	0	0.143548722	0.0386062127	0.0647340179	0.0237920323	0.416038514	0.351304496	0	0	0	0	0	3
17	28	0	0.152520517	0.0369464413	0.0630994546	0.0237920323	0.416038514	0.352939059	0	0	0	0	0	3
18	29	0	0.161492312	0.0393530811	0.0617802116	0.0237920323	0.416038514	0.354258302	0	0	0	0	0	3
19	31	0	0.170464107	0.035731148	0.0604092083	0.0237920323	0.416038514	0.355629306	0	0	0	0	0	3
20	32	0	0.179435902	0.0352742853	0.0591524621	0.0237920323	0.416038514	0.356886052	0	0	0	0	0	3
21	33	0	0.188407697	0.0351000431	0.0580071088	0.0237920323	0.416038514	0.358031405	0	0	0	0	0	3
22	34	0	0.197379492	0.035423301	0.0569805721	0.0237920323	0.416038514	0.359057942	0	0	0	0	0	3
23	36	0	0.206351287	0.0358854988	0.056063395	0.0237920323	0.416038514	0.359975119	0	0	0	0	0	3
24	37	0	0.215323083	0.0364349317	0.0552455424	0.0237920323	0.416038514	0.360792971	0	0	0	0	0	3
25	38	0	0.224294878	0.0366403834	0.054501336	0.0237920323	0.416038514	0.361537178	0	0	0	0	0	3
26	40	0	0.233266673	0.0369035881	0.0538244996	0.0237920323	0.416038514	0.362214014	0	0	0	0	0	3
27	41	0	0.242238468	0.0370414713	0.0532029059	0.0237920323	0.416038514	0.362835608	0	0	0	0	0	3
28	42	0	0.251210263	0.0377901198	0.0526524493	0.0237920323	0.416038514	0.363386065	0	0	0	0	0	3
29	44	0	0.260182058	0.038068508	0.0521495547	0.0237920323	0.416038514	0.363888959	0	0	0	0	0	3
30	45	0	0.269153853	0.0391093217	0.0517148803	0.0237920323	0.416038514	0.364323633	0	0	0	0	0	3
31	47	0	0.278125648	0.0391035687	0.0513080638	0.0237920323	0.416038514	0.36473045	0	0	0	0	0	3
32	48	0	0.287097443	0.0393840554	0.0509354385	0.0237920323	0.416038514	0.365103075	0	0	0	0	0	3
33	50	0	0.296069238	0.0394098218	0.0505861774	0.0237920323	0.416038514	0.365452336	0	0	0	0	0	3
34	51	0	0.305041034	0.0404214077	0.0502872136	0.0237920323	0.416038514	0.3657513	0	0	0	0	0	3
35	53	0	0.314012829	0.040115098	0.0499965817	0.0237920323	0.416038514	0.366041932	0	0	0	0	0	3
36	54	0	0.322984624	0.0408511188	0.0497425411	0.0237920323	0.416038514	0.366295973	0	0	0	0	0	3
37	55	0	0.331956419	0.0398644897	0.0494755667	0.0237920323	0.416038514	0.366562947	0	0	0	0	0	3
38	57	0	0.340928214	0.0404929667	0.0492391825	0.0237920323	0.416038514	0.366799331	0	0	0	0	0	3
39	59	0	0.349900009	0.0401706823	0.0490066569	0.0237920323	0.416038514	0.367031857	0	0	0	0	0	3
40	61	0	0.358871804	0.040415736	0.0487918839	0.0237920323	0.416038514	0.36724663	0	0	0	0	0	3
41	63	0	0.367843599	0.03982026	0.0485730638	0.0237920323	0.416038514	0.36746545	0	0	0	0	0	3
42	65	0	0.376815394	0.0401187428	0.0483717704	0.0237920323	0.416038514	0.367666743	0	0	0	0	0	3
43	66	0	0.38578719	0.0391988868	0.0481584475	0.0237920323	0.416038514	0.367880066	0	0	0	0	0	3
44	68	0	0.394758985	0.0392129432	0.0479551406	0.0237920323	0.416038514	0.368083373	0	0	0	0	0	3
45	71	0	0.40373078	0.0388640926	0.0477531173	0.0237920323	0.416038514	0.368285396	0	0	0	0	0	3
46	72	0	0.412702575	0.0386486256	0.0475551936	0.0237920323	0.416038514	0.36848332	0	0	0	0	0	3
47	73	0	0.42167437	0.0384828494	0.047362165	0.0237920323	0.416038514	0.368676349	0	0	0	0	0	3
48	75	0	0.430646165	0.0384251946	0.0471759781	0.0237920323	0.416038514	0.368862536	0	0	0	0	0	3
49	77	0	0.43961796	0.0379858119	0.0469884237	0.0237920323	0.416038514	0.36905009	0	0	0	0	0	3
50	78	0	0.448589755	0.037745308	0.0468035614	0.0237920323	0.416038514	0.369234952	0	0	0	0	0	3
51	80	0	0.45756155	0.0374549705	0.0466202557	0.0237920323	0.416038514	0.369418258	0	0	0	0	0	3
52	81	0	0.466533345	0.0375562803	0.0464459485	0.0237920323	0.416038514	0.369592565	0	0	0	0	0	3
53	83	0	0.475505141	0.0367216494	0.0462624711	0.0237920323	0.416038514	0.369776043	0	0	0	0	0	3
54	84	0	0.484476936	0.0370179597	0.0460912765	0.0237920323	0.416038514	0.369947237	0	0	0	0	0	3
55	86	0	0.493448731	0.0367163572	0.0459208234	0.0237920323	0.416038514	0.37011769	0	0	0	0	0	3
56	87	0	0.502420526	0.0367653814	0.0457573333	0.0237920323	0.416038514	0.37028118	0	0	0	0	0	3
57	89	0	0.511392321	0.03681526	0.0389854895	0.0237920323	0.0942193187	0.0704272864	0	0	0	0	0	3
58	90	0	0.520364116	0.036869529	0.0379613861	0.0237920323	0.0504717378	0.0266797055	0	0	0	0	0	3
59	92	0	0.529335911	0.0367295349	0.0377159897	0.0237920323	0.0420725093	0.018280477	0	0	0	0	0	3
60	93	0	0.538307706	0.0368385829	0.0379489638	0.032674218	0.0420725093	0.0093982913	0	0	0	0	0	3
61	95	0	0.547279501	0.0367569139	0.0378540424	0.032674218	0.0418124882	0.00913827013	0	0	0	0	0	3
62	96	0	0.556251297	0.0369133119	0.0379297405	0.0330002178	0.0418124882	0.0088122704	0	0	0	0	0	3
63	98	0	0.565223092	0.0365287858	0.0378950536	0.0330002178	0.0418124882	0.0088122704	0	0	0	0	0	3
64	100	0	0.574194887	0.0365494407	0.0379584326	0.0334162884	0.0418124882	0.00839619979	0	0	0	0	0	3
65	101	0	0.583166682	0.0363293292	0.0380104512	0.0351000431	0.0418124882	0.00671244512	0	0	0	0	0	3
66	103	0	0.592138477	0.0363830412	0.0380103016	0.0351000431	0.0418124882	0.00671244512	0	0	0	0	0	3
67	104	0	0.601110272	0.0363361229	0.0379525559	0.0351000431	0.0418124882	0.00671244512	0	0	0	0	0	3
68	106	0	0.610082067	0.0364060348	0.0378560121	0.0351000431	0.0408511188	0.0057510757	0	0	0	0	0	3
69	108	0	0.619053862	0.0363096189	0.037789002	0.0351000431	0.0408511188	0.0057510757	0	0	0	0	0	3
70	109	0	0.628025657	0.0364384016	0.037756264	0.0351000431	0.0408511188	0.0057510757	0	0	0	0	0	3
71	111	0	0.636997452	0.0363339821	0.0377466158	0.0351000431	0.0408511188	0.0057510757	0	0	0	0	0	3
72	113	0	0.645969248	0.0367316427	0.0377131413	0.0351000431	0.0408511188	0.0057510757	0	0	0	0	0	3
73	114	0	0.654941043	0.0358641883	0.0376938154	0.0351000431	0.0408511188	0.0057510757	0	0	0	0	0	3
74	116	0	0.663912838	0.0362061902	0.0376376209	0.0351000431	0.0408511188	0.0057510757	0	0	0	0	0	3
75	117	0	0.672884633	0.0357266248	0.0376375401	0.0351000431	0.0408511188	0.0057510757	0	0	0	0	0	3
76	119	0	0.681856428	0.0359384203	0.0376493997	0.0351000431	0.0408511188	0.0057510757	0	0	0	0	0	3
77	121	0	0.690828223	0.035863266	0.0376630287	0.035423301	0.0408511188	0.00542781777	0	0	0	0	0	3
78	122	0	0.699800018	0.0359576343	0.0376725703	0.0357266248	0.0408511188	0.00512449392	0	0	0	0	0	3
79	124	0	0.708771813	0.0358568648	0.037672059	0.0357266248	0.0408511188	0.00512449392	0	0	0	0	0	3
80	125	0	0.717743608	0.0358720728	0.0376620079	0.0357266248	0.0408511188	0.00512449392	0	0	0	0	0	3
81	127	0	0.726715404	0.0357139236	0.037645464	0.0357139236	0.0408511188	0.00513719515	0	0	0	0	0	3
82	128	0	0.735687199	0.0357294454	0.0376244972	0.0357139236	0.0408511188	0.00513719515	0	0	0	0	0	3
83	130	0	0.744658994	0.0356300846	0.0375992939	0.0356300846	0.0408511188	0.00522103416	0	0	0	0	0	3
84	132	0	0.753630789	0.0356800478	0.037561614	0.0356300846	0.0408511188	0.00522103416	0	0	0	0	0	3
85	133	0	0.762602584	0.0355919988	0.0375173906	0.0355919988	0.0408511188	0.00525912	0	0	0	0	0	3
86	135	0	0.771574379	0.0356744421	0.0374560535	0.0355919988	0.0408511188	0.00525912	0	0	0	0	0	3
87	136	0	0.780546174	0.0354893	0.037391513	0.0354893	0.0408511188	0.0053618188	0	0	0	0	0	3
88	138	0	0.789517969	0.0354820234	0.0373218338	0.0354820234	0.0408511188	0.00536909535	0	0	0	0	0	3
89	139	0	0.798489764	0.0352597529	0.0372477254	0.0352597529	0.0408511188	0.0055913659	0	0	0	0	0	3
90	141	0	0.80746156	0.0352438293	0.0371552687	0.0352438293	0.0408511188	0.0056072895	0	0	0	0	0	3
91	142	0	0.816433355	0.0351300313	0.0370662496	0.0351300313	0.0408511188	0.00572108747	0	0	0	0	0	3
92	144	0	0.82540515	0.0352559181	0.0369663353	0.0351300313	0.0404929667	0.00536293538	0	0	0	0	0	3
93	146	0	0.834376945	0.0351199383	0.0368816112	0.0351199383	0.0404929667	0.00537302839	0	0	0	0	0	3
94	147	0	0.84334874	0.035199844	0.0367870912	0.0351199383	0.040415736	0.00529579775	0	0	0	0	0	3
95	149	0	0.852320535	0.0350973204	0.0366964954	0.0350973204	0.040415736	0.00531841567	0	0	0	0	0	3
96	150	0	0.86129233	0.0351148895	0.0366018374	0.0350973204	0.0401187428	0.00502142244	0	0	0	0	0	3
97	152	0	0.870264125	0.0350138332	0.0365160084	0.0350138332	0.0401187428	0.00510490958	0	0	0	0	0	3
98	153	0	0.87923592	0.0350258963	0.0364250647	0.0350138332	0.0392129432	0.00419911002	0	0	0	0	0	3
99	155	0	0.888207715	0.0349115618	0.0363485053	0.0349115618	0.0392129432	0.00430138142	0	0	0	0	0	3
100	156	0	0.897179511	0.0349802616	0.0362729217	0.0349115618	0.0388640926	0.0039525308	0	0	0	0	0	3
101	162	0	0.906151306	0.0349067841	0.0362022555	0.0349067841	0.0386486256	0.00374184149	0	0	0	0	0	3
102	163	0	0.915123101	0.0350585663	0.0361381473	0.0349067841	0.0384828494	0.0035760653	0	0	0	0	0	3
103	165	0	0.924094896	0.0349844864	0.0360756765	0.0349067841	0.0384251946	0.00351841057	0	0	0	0	0	3
104	166	0	0.933066691	0.0350840015	0.0360160124	0.0349067841	0.0379858119	0.00307902783	0	0	0	0	0	3
105	168	0	0.942038486	0.0349734967	0.035962221	0.0349067841	0.037745308	0.00283852392	0	0	0	0	0	3
106	169	0	0.951010281	0.0350259788	0.0359136616	0.0349067841	0.0375562803	0.0026494962	0	0	0	0	0	3
107	171	0	0.959982076	0.0349340377	0.0358686449	0.0349067841	0.0375562803	0.0026494962	0	0	0	0	0	3
108	172	0	0.968953871	0.0350320868	0.03582357	0.0349067841	0.0370179597	0.00211117568	0	0	0	0	0	3
109	174	0	0.977925667	0.0350852462	0.0357943486	0.0349067841	0.0370179597	0.00211117568	0	0	0	0	0	3
110	175	0	0.986897462	0.0351547836	0.0357610776	0.0349067841	0.0369133119	0.00200652788	0	0	0	0	0	3
111	177	0	0.995869257	0.0352278944	0.0357344979	0.0349067841	0.0369133119	0.00200652788	0	0	0	0	0	3
112	178	0	1.00484105	0.0351969932	0.0357064909	0.0349067841	0.0369133119	0.00200652788	0.000800391166	0	39.8	0	0	3
113	180	0	1.01381285	0.0351218351	0.0356762512	0.0349067841	0.0369133119	0.00200652788	0.000800391166	0	39.8	0	0	3
114	181	0	1.02278464	0.0350451003	0.0356436721	0.0349067841	0.0369133119	0.00200652788	0.000800391166	0	39.8	0	0	3
115	183	0	1.03175644	0.0351980185	0.0356163236	0.0349067841	0.0369133119	0.00200652788	0.000800391166	0	39.8	0	0	3
116	184	0	1.04072823	0.0352622823	0.0355881754	0.0349067841	0.0369133119	0.00200652788	0.000800391166	0	39.8	0	0	3
117	186	0	1.04970003	0.035289096	0.0355619643	0.0349067841	0.0369133119	0.00200652788	0.000800391166	0	39.8	0	0	3
118	187	0	1.05867182	0.0353205778	0.0355335227	0.0349067841	0.0367316427	0.00182485868	0.000800391166	0	43.8	0	0	3
119	189	0	1.06764362	0.0353178693	0.0355118992	0.0349067841	0.0367316427	0.00182485868	0.000800391166	0	43.8	0	0	3
120	190	0	1.07661541	0.03535426	0.0354905566	0.0349067841	0.0367316427	0.00182485868	0.000800391166	0	43.8	0	0	3
121	192	0	1.08558721	0.0352590464	0.0354714445	0.0349067841	0.0367316427	0.00182485868	0.000800391166	0	43.8	0	0	3
122	193	0	1.094559	0.0351955891	0.03545024	0.0349067841	0.0367316427	0.00182485868	0.000800391166	0	43.8	0	0	3
123	195	0	1.1035308	0.0353582429	0.0354327778	0.0349067841	0.0367316427	0.00182485868	0.000800391166	0	43.8	0	0	3
124	196	0	1.11250259	0.0354471644	0.0354156551	0.0349067841	0.0367316427	0.00182485868	0.000800391166	0	43.8	0	0	3
125	198	0	1.12147439	0.0355291309	0.0354017178	0.0349067841	0.0367316427	0.00182485868	0.000800391166	0	43.8	0	0	3
126	199	0	1.13044618	0.0355945854	0.0353866497	0.0349067841	0.0367316427	0.00182485868	0.000800391166	0	43.8	0	0	3
127	201	0	1.13941798	0.0356457238	0.0353743594	0.0349067841	0.0367316427	0.00182485868	0.000800391166	0	43.8	0	0	3
128	202	0	1.14838977	0.0356284189	0.0353546589	0.0349067841	0.0362061902	0.00129940615	0.000800391166	0	61.5	0	0	3
129	203	0	1.15736157	0.0357161876	0.0353520161	0.0349067841	0.0362061902	0.00129940615	0.000800391166	0	61.5	0	0	3
130	205	0	1.16633336	0.0356941862	0.0353428731	0.0349067841	0.0359576343	0.00105085019	0.000800391166	0	76.1	0	0	3
131	206	0	1.17530516	0.0356983922	0.035342369	0.0349067841	0.0359576343	0.00105085019	0.000800391166	0	76.1	0	0	3
132	208	0	1.18427695	0.0356984437	0.0353380837	0.0349067841	0.0359576343	0.00105085019	0.000800391166	0	76.1	0	0	3
133	209	0	1.19324875	0.0354843836	0.0353313179	0.0349067841	0.0359576343	0.00105085019	0.000800391166	0	76.1	0	0	3
134	211	0	1.20222054	0.0355404574	0.0353238683	0.0349067841	0.0358720728	0.000965288692	0.000800391166	0	82.9	0	0	3
135	212	0	1.21119234	0.0353787005	0.0353153297	0.0349067841	0.0358720728	0.000965288692	0.000800391166	0	82.9	0	0	3
136	213	0	1.22016413	0.0354316798	0.0353074655	0.0349067841	0.0357294454	0.000822661316	0.000800391166	0	97.2	0	0	3
137	215	0	1.22913593	0.0353253894	0.0353005274	0.0349067841	0.0357294454	0.000822661316	0.000800391166	0	97.2	0	0	3
138	216	0	1.23810772	0.0353777618	0.0352942474	0.0349067841	0.0357161876	0.000809403579	0.000800391166	0	98.8	0	0	3
139	218	0	1.24707952	0.035273106	0.0352878727	0.0349067841	0.0357161876	0.000809403579	0.000800391166	0	98.8	0	0	3
140	219	0	1.25605131	0.035388728	0.0352826706	0.0349067841	0.0357161876	0.000809403579	0.000800391166	0	98.8	0	0	3
141	221	0	1.26502311	0.0352808706	0.0352771147	0.0349067841	0.0357161876	0.000809403579	0.000800391166	0	98.8	0	0	3
142	222	0	1.2739949	0.0353642517	0.0352715756	0.0349067841	0.0357161876	0.000809403579	0.000800391166	0	98.8	0	0	3
143	224	0	1.2829667	0.0354501705	0.0352708769	0.0349067841	0.0357161876	0.000809403579	0.000800391166	0	98.8	0	0	3
144	225	0	1.2919385	0.0354758331	0.0352707664	0.0349067841	0.0357161876	0.000809403579	0.000800391166	0	98.8	0	0	3
145	226	0	1.30091029	0.0355336955	0.0352756582	0.0349067841	0.0357161876	0.000809403579	0.000800391166	0	98.8	0	0	3
146	228	0	1.30988209	0.0357320295	0.035284376	0.0349067841	0.0357320295	0.000825245398	0.000800391166	0	96.9	0	0	3
147	229	0	1.31885388	0.0358634241	0.0352974723	0.0349067841	0.0358634241	0.000956640004	0.000800391166	0	83.6	0	0	3
148	230	0	1.32782568	0.0356259767	0.0353040805	0.0349067841	0.0358634241	0.000956640004	0.000800391166	0	83.6	0	0	3
149	232	0	1.33679747	0.0356933018	0.0353143192	0.0349067841	0.0358634241	0.000956640004	0.000800391166	0	83.6	0	0	3
150	233	0	1.34576927	0.0359259826	0.0353272859	0.0349067841	0.0359259826	0.00101919851	0.000800391166	0	78.5	0	0	3
151	235	0	1.35474106	0.0360220603	0.0353437991	0.0349067841	0.0360220603	0.00111527626	0.000800391166	0	71.7	0	0	3
152	236	0	1.36371286	0.035786254	0.0353557878	0.0349067841	0.0360220603	0.00111527626	0.000800391166	0	71.7	0	0	3
153	238	0	1.37268465	0.0358559506	0.0353708256	0.0349067841	0.0360220603	0.00111527626	0.000800391166	0	71.7	0	0	3
154	239	0	1.38165645	0.036024117	0.035388651	0.0349067841	0.036024117	0.00107773898	0.000800391166	0	74.2	0	0	3
155	240	0	1.39062824	0.0361560744	0.0354108744	0.0349067841	0.0361560744	0.00100215538	0.000800391166	0	79.8	0	0	3
156	242	0	1.39960004	0.0359628926	0.0354284214	0.0349067841	0.0361560744	0.000931489155	0.000800391166	0	85.9	0	0	3
157	243	0	1.40857183	0.0359990569	0.0354479263	0.0349340377	0.0361560744	0.000867380954	0.000800391166	0	92.2	0	0	3
158	245	0	1.41754363	0.0361747213	0.0354678576	0.0349340377	0.0361747213	0.000804910186	0.000800391166	0	99.4	0	0	3
159	246	0	1.42651542	0.0361086402	0.0354879318	0.0349340377	0.0361747213	0.000745246023	0.000800391166	0	100	0	0	3
160	247	0	1.43548722	0.0360413665	0.0355050276	0.0349340377	0.0361747213	0.00069145468	0.000800391166	0	100	0	0	3
161	249	0	1.44445901	0.0361039626	0.0355252145	0.0349340377	0.0361747213	0.00064289523	0.000800391166	0	100	0	0	3
162	250	0	1.45343081	0.0362433941	0.035546954	0.0349340377	0.0362433941	0.000597878574	0.000800391166	0	100	0	0	3
163	252	0	1.4624026	0.0361839538	0.035569274	0.0350320868	0.0362433941	0.000552803691	0.000800391166	0	100	0	0	3
164	253	0	1.4713744	0.0360727231	0.0355878568	0.0350451003	0.0362433941	0.000523582205	0.000800391166	0	100	0	0	3
165	255	0	1.48034619	0.0361836222	0.0356074706	0.0350451003	0.0362433941	0.000490311203	0.000800391166	0	100	0	0	3
166	256	0	1.48931799	0.0362497919	0.0356270243	0.0350451003	0.0362497919	0.00046373151	0.000800391166	0	100	0	0	3
167	257	0	1.49828978	0.0361603665	0.0356436756	0.0350451003	0.0362497919	0.000435724578	0.000800391166	0	100	0	0	3
168	259	0	1.50726158	0.035979072	0.0356576413	0.0350451003	0.0362497919	0.000405484848	0.000800391166	0	100	0	0	3
169	260	0	1.51623337	0.0358711674	0.0356710223	0.0350451003	0.0362497919	0.0004002559	0.000800391166	0	100	0	0	3
170	262	0	1.52520517	0.0359365983	0.0356869419	0.0351955891	0.0362497919	0.000416175506	0.000800391166	0	100	0	0	3
171	263	0	1.53417696	0.0359993786	0.0357012519	0.0351955891	0.0362497919	0.000430485508	0.000800391166	0	100	0	0	3
172	264	0	1.54314876	0.0359722453	0.0357139298	0.0351955891	0.0362497919	0.000443163419	0.000800391166	0	100	0	0	3
173	266	0	1.55212055	0.0360404767	0.0357273473	0.0351955891	0.0362497919	0.000456580932	0.000800391166	0	100	0	0	3
174	267	0	1.56109235	0.0359958176	0.0357394051	0.0351955891	0.0362497919	0.000468638784	0.000800391166	0	100	0	0	3
175	268	0	1.57006414	0.0358765354	0.0357493813	0.0351955891	0.0362497919	0.000478614965	0.000800391166	0	100	0	0	3
176	270	0	1.57903594	0.0358201924	0.0357577015	0.0351955891	0.0362497919	0.000486935187	0.000800391166	0	100	0	0	3
177	271	0	1.58800773	0.035567613	0.0357632117	0.0351955891	0.0362497919	0.000492445304	0.000800391166	0	100	0	0	3
178	273	0	1.59697953	0.0355841381	0.03577015	0.035273106	0.0362497919	0.000499383679	0.000800391166	0	100	0	0	3
179	274	0	1.60595132	0.0354125975	0.0357711206	0.035273106	0.0362497919	0.000500354297	0.000800391166	0	100	0	0	3
180	276	0	1.61492312	0.0355146409	0.0357723256	0.035273106	0.0362497919	0.000501559234	0.000800391166	0	100	0	0	3
181	277	0	1.62389491	0.0354699317	0.0357712685	0.035273106	0.0362497919	0.000501559234	0.000800391166	0	100	0	0	3
182	279	0	1.63286671	0.0355838635	0.035771077	0.035273106	0.0362497919	0.000501559234	0.000800391166	0	100	0	0	3
183	280	0	1.6418385	0.0354789224	0.0357680984	0.035273106	0.0362497919	0.000501559234	0.000800391166	0	100	0	0	3
184	281	0	1.6508103	0.0355733012	0.0357671142	0.035273106	0.0362497919	0.000501559234	0.000800391166	0	100	0	0	3
185	283	0	1.65978209	0.0354106295	0.0357616578	0.035273106	0.0362497919	0.000501559234	0.000800391166	0	100	0	0	3
186	284	0	1.66875389	0.0354388138	0.0357570975	0.035273106	0.0362497919	0.000501559234	0.000800391166	0	100	0	0	3
187	286	0	1.67772568	0.0352730353	0.0357495019	0.0352730353	0.0362497919	0.000501559234	0.000800391166	0	100	0	0	3
188	287	0	1.68669748	0.0352599669	0.0357416719	0.0352599669	0.0362497919	0.000501559234	0.000800391166	0	100	0	0	3
189	288	0	1.69566927	0.0351174099	0.0357351188	0.0351174099	0.0362497919	0.000501559234	0.000800391166	0	100	0	0	3
190	290	0	1.70464107	0.0351362475	0.0357279008	0.0351174099	0.0362497919	0.000501559234	0.000800391166	0	100	0	0	3
191	291	0	1.71361287	0.0350398709	0.0357218503	0.0350398709	0.0362497919	0.000501559234	0.000800391166	0	100	0	0	3
192	292	0	1.72258466	0.035096551	0.0357158658	0.0350398709	0.0362497919	0.000501559234	0.000800391166	0	100	0	0	3
193	294	0	1.73155646	0.0350393142	0.0357107573	0.0350393142	0.0362497919	0.000501559234	0.000800391166	0	100	0	0	3
194	295	0	1.74052825	0.035224096	0.0357080133	0.0350393142	0.0362497919	0.000501559234	0.000800391166	0	100	0	0	3
195	297	0	1.74950005	0.035201334	0.0357067317	0.0350393142	0.0362497919	0.000501559234	0.000800391166	0	100	0	0	3
196	298	0	1.75847184	0.0354106749	0.0357071236	0.0350393142	0.0362497919	0.000501559234	0.000800391166	0	100	0	0	3
197	299	0	1.76744364	0.035474863	0.0357105877	0.0350393142	0.0362497919	0.000501559234	0.000800391166	0	100	0	0	3
198	301	0	1.77641543	0.0356445287	0.0357155927	0.0350393142	0.0362497919	0.000501559234	0.000800391166	0	100	0	0	3
199	302	0	1.78538723	0.0358055752	0.0357219392	0.0350393142	0.0362497919	0.000501559234	0.000800391166	0	100	0	0	3
200	303	0	1.79435902	0.0358868234	0.0357292783	0.0350393142	0.0362497919	0.000496667401	0.000800391166	0	100	0	0	3
201	308	0	1.80333082	0.0360208101	0.0357379768	0.0350393142	0.0362497919	0.000487949541	0.000800391166	0	100	0	0	3
202	310	0	1.81230261	0.0362479844	0.0357471902	0.0350393142	0.0362497919	0.000474853241	0.000800391166	0	100	0	0	3
203	311	0	1.82127441	0.0363846717	0.0357564982	0.0350393142	0.0363846717	0.000468245051	0.000800391166	0	100	0	0	3
204	312	0	1.8302462	0.0363515316	0.0357694546	0.0350393142	0.0363846717	0.000458006416	0.000800391166	0	100	0	0	3
205	314	0	1.839218	0.0364899673	0.0357836807	0.0350393142	0.0364899673	0.00045639482	0.000800391166	0	100	0	0	3
206	315	0	1.84818979	0.0366503638	0.0357966161	0.0350393142	0.0366503638	0.000452816985	0.000800391166	0	100	0	0	3
207	317	0	1.85716159	0.0365321432	0.0358057248	0.0350393142	0.0366503638	0.000449936959	0.000800391166	0	100	0	0	3
208	318	0	1.86613338	0.0363437681	0.0358156804	0.0350393142	0.0366503638	0.000444854758	0.000800391166	0	100	0	0	3
209	319	0	1.87510518	0.0361802664	0.0358214717	0.0350393142	0.0366503638	0.00043282074	0.000800391166	0	100	0	0	3
210	321	0	1.88407697	0.0361106806	0.0358230175	0.0350393142	0.0366503638	0.000412143079	0.000800391166	0	100	0	0	3
211	322	0	1.89304877	0.0362147416	0.0358240651	0.0350393142	0.0366503638	0.000395643726	0.000800391166	0	100	0	0	3
212	323	0	1.90202056	0.0363684922	0.035831308	0.0350393142	0.0366503638	0.000383381702	0.000800391166	0	100	0	0	3
213	325	0	1.91099236	0.03634126	0.0358374187	0.0350393142	0.0366503638	0.000369561133	0.000800391166	0	100	0	0	3
214	326	0	1.91996415	0.0363184127	0.0358399847	0.0350393142	0.0366503638	0.000352052875	0.000800391166	0	100	0	0	3
215	328	0	1.92893595	0.0362488784	0.0358424889	0.0350393142	0.0366503638	0.000337461325	0.000800391166	0	100	0	0	3
216	329	0	1.93790774	0.0361378981	0.0358442127	0.0350393142	0.0366503638	0.000318998213	0.000800391166	0	100	0	0	3
217	331	0	1.94687954	0.0361012482	0.0358441642	0.0350393142	0.0366503638	0.000297258654	0.000800391166	0	100	0	0	3
218	332	0	1.95585133	0.0361469883	0.0358424427	0.0350393142	0.0366503638	0.000274938724	0.000800391166	0	100	0	0	3
219	333	0	1.96482313	0.036132577	0.0358415252	0.0350393142	0.0366503638	0.000256355932	0.000800391166	0	100	0	0	3
220	335	0	1.97379492	0.036160118	0.0358430859	0.0350393142	0.0366503638	0.000236742075	0.000800391166	0	100	0	0	3
221	336	0	1.98276672	0.0360786716	0.0358412117	0.0350393142	0.0366503638	0.000217188355	0.000800391166	0	100	0	0	3
222	338	0	1.99173851	0.0359570397	0.035835984	0.0350393142	0.0366503638	0.000200537068	0.000800391166	0	100	0	0	3
223	339	0	2.00071031	0.0360739959	0.0358344417	0.0350393142	0.0366503638	0.000186571376	0.000800391166	0	100	0	0	3
224	340	0	2.0096821	0.0360322419	0.0358353912	0.0350393142	0.0366503638	0.000173190442	0.000800391166	0	100	0	0	3
225	342	0	2.0186539	0.0359761013	0.035837265	0.0350393142	0.0366503638	0.000157270836	0.000800391166	0	100	0	0	3
226	343	0	2.02762569	0.0359091196	0.0358367743	0.0350393142	0.0366503638	0.000142960834	0.000800391166	0	100	0	0	3
227	344	0	2.03659749	0.0358869464	0.0358347666	0.0350393142	0.0366503638	0.000137481029	0.000800391166	0	100	0	0	3
228	346	0	2.04556928	0.0357194417	0.0358302522	0.0350393142	0.0366503638	0.000137481029	0.000800391166	0	100	0	0	3
229	347	0	2.05454108	0.035791242	0.0358258016	0.0350393142	0.0366503638	0.000137481029	0.000800391166	0	100	0	0	3
230	348	0	2.06351287	0.0357611098	0.0358216104	0.0350393142	0.0366503638	0.000137481029	0.000800391166	0	100	0	0	3
231	350	0	2.07248467	0.0357483479	0.0358193213	0.0350393142	0.0366503638	0.000137481029	0.000800391166	0	100	0	0	3
232	351	0	2.08145646	0.0356164932	0.0358156838	0.0350393142	0.0366503638	0.000137481029	0.000800391166	0	100	0	0	3
233	352	0	2.09042826	0.0356113211	0.0358164643	0.0350393142	0.0366503638	0.000137481029	0.000800391166	0	100	0	0	3
234	354	0	2.09940005	0.0357512367	0.0358194483	0.0350393142	0.0366503638	0.000137481029	0.000800391166	0	100	0	0	3
235	355	0	2.10837185	0.0357932627	0.0358262458	0.0350393142	0.0366503638	0.000137481029	0.000800391166	0	100	0	0	3
236	356	0	2.11734364	0.0358265572	0.0358318158	0.0350393142	0.0366503638	0.000137481029	0.000800391166	0	100	0	0	3
237	357	0	2.12631544	0.0357653181	0.0358370905	0.0350393142	0.0366503638	0.000137481029	0.000800391166	0	100	0	0	3
238	359	0	2.13528724	0.0356595332	0.0358384418	0.0350393142	0.0366503638	0.000137481029	0.000800391166	0	100	0	0	3
239	360	0	2.14425903	0.0356758546	0.0358419584	0.0350393142	0.0366503638	0.000137481029	0.000800391166	0	100	0	0	3
240	361	0	2.15323083	0.0356614311	0.0358435322	0.0350393142	0.0366503638	0.000137481029	0.000800391166	0	100	0	0	3
241	363	0	2.16220262	0.0357973077	0.0358504371	0.0350393142	0.0366503638	0.000143705477	0.000800391166	0	100	0	0	3
242	364	0	2.17117442	0.0358118443	0.0358570984	0.0350393142	0.0366503638	0.000150366736	0.000800391166	0	100	0	0	3
243	365	0	2.18014621	0.0358392542	0.0358672095	0.0350393142	0.0366503638	0.000160477787	0.000800391166	0	100	0	0	3
244	366	0	2.18911801	0.0356595094	0.0358743441	0.0350393142	0.0366503638	0.000167612475	0.000800391166	0	100	0	0	3
245	368	0	2.1980898	0.0355954989	0.0358828814	0.0350393142	0.0366503638	0.000176149777	0.000800391166	0	100	0	0	3
246	369	0	2.2070616	0.0355065755	0.0358894944	0.0350393142	0.0366503638	0.000182762777	0.000800391166	0	100	0	0	3
247	371	0	2.21603339	0.0354920588	0.0358975692	0.0350393142	0.0366503638	0.000190837561	0.000800391166	0	100	0	0	3
248	372	0	2.22500519	0.0354266298	0.0359034635	0.0350393142	0.0366503638	0.000196731826	0.000800391166	0	100	0	0	3
249	373	0	2.23397698	0.0354737732	0.0359112217	0.035201334	0.0366503638	0.000204490023	0.000800391166	0	100	0	0	3
250	375	0	2.24294878	0.0354161576	0.0359146514	0.035201334	0.0366503638	0.000207919693	0.000800391166	0	100	0	0	3
251	376	0	2.25192057	0.0354160587	0.0359184857	0.0354106749	0.0366503638	0.000211362154	0.000800391166	0	100	0	0	3
252	377	0	2.26089237	0.0353819589	0.0359179729	0.0353819589	0.0366503638	0.000207898003	0.000800391166	0	100	0	0	3
253	379	0	2.26986416	0.0354643116	0.0359177845	0.0353819589	0.0366503638	0.000202893057	0.000800391166	0	100	0	0	3
254	380	0	2.27883596	0.0356072502	0.0359171188	0.0353819589	0.0366503638	0.000196546544	0.000800391166	0	100	0	0	3
255	381	0	2.28780775	0.035720594	0.0359156013	0.0353819589	0.0366503638	0.000189207433	0.000800391166	0	100	0	0	3
256	383	0	2.29677955	0.0358372426	0.0359147159	0.0353819589	0.0366503638	0.000180508958	0.000800391166	0	100	0	0	3
257	384	0	2.30575134	0.0358520594	0.0359117025	0.0353819589	0.0366503638	0.000171295476	0.000800391166	0	100	0	0	3
258	386	0	2.31472314	0.0358415795	0.0359044453	0.0353819589	0.0366503638	0.000161987483	0.000800391166	0	100	0	0	3
259	388	0	2.32369493	0.0360927554	0.0358992325	0.0353819589	0.0366503638	0.000149031145	0.000800391166	0	100	0	0	3
260	389	0	2.33266673	0.0362679198	0.0358977394	0.0353819589	0.0366503638	0.000134804976	0.000800391166	0	100	0	0	3
261	391	0	2.34163852	0.0364207656	0.0358965037	0.0353819589	0.0366503638	0.000121869598	0.000800391166	0	100	0	0	3
262	392	0	2.35061032	0.0365508523	0.0358947267	0.0353819589	0.0365508523	0.000112760974	0.000800391166	0	100	0	0	3
263	394	0	2.35958211	0.0365921657	0.0358957985	0.0353819589	0.0365921657	0.000102805364	0.000800391166	0	100	0	0	3
264	395	0	2.36855391	0.0365241696	0.03589902	0.0353819589	0.0365921657	0.000102801881	0.000800391166	0	100	0	0	3
265	397	0	2.3775257	0.0365706852	0.0359059918	0.0353819589	0.0365921657	0.000102801881	0.000800391166	0	100	0	0	3
266	399	0	2.3864975	0.0365208689	0.0359133165	0.0353819589	0.0365921657	0.000102801881	0.000800391166	0	100	0	0	3
267	400	0	2.39546929	0.0365472889	0.0359192549	0.0353819589	0.0365921657	0.000103571048	0.000800391166	0	100	0	0	3
268	402	0	2.40444109	0.0365921056	0.035923248	0.0353819589	0.0365921657	0.000107564145	0.000800391166	0	100	0	0	3
269	403	0	2.41341288	0.0363554383	0.0359235012	0.0353819589	0.0365921657	0.000107817328	0.000800391166	0	100	0	0	3
270	404	0	2.42238468	0.0364327426	0.0359255428	0.0353819589	0.0365921657	0.000109858933	0.000800391166	0	100	0	0	3
271	406	0	2.43135647	0.0364653227	0.0359294079	0.0353819589	0.0365921657	0.000113724009	0.000800391166	0	100	0	0	3
272	407	0	2.44032827	0.0363811404	0.0359337515	0.0353819589	0.0365921657	0.00011806762	0.000800391166	0	100	0	0	3
273	409	0	2.44930006	0.0362576466	0.0359365443	0.0353819589	0.0365921657	0.00012086045	0.000800391166	0	100	0	0	3
274	410	0	2.45827186	0.0360846462	0.035935431	0.0353819589	0.0365921657	0.00012086045	0.000800391166	0	100	0	0	3
275	411	0	2.46724365	0.0361374265	0.0359355176	0.0353819589	0.0365921657	0.00012086045	0.000800391166	0	100	0	0	3
276	413	0	2.47621545	0.0360714254	0.0359339338	0.0353819589	0.0365921657	0.00012086045	0.000800391166	0	100	0	0	3
277	414	0	2.48518724	0.0360065789	0.0359326465	0.0353819589	0.0365921657	0.00012086045	0.000800391166	0	100	0	0	3
278	416	0	2.49415904	0.0360264214	0.0359338854	0.0353819589	0.0365921657	0.00012086045	0.000800391166	0	100	0	0	3
279	417	0	2.50313083	0.0361004437	0.0359343577	0.0353819589	0.0365921657	0.00012086045	0.000800391166	0	100	0	0	3
280	418	0	2.51210263	0.0360473791	0.035934628	0.0353819589	0.0365921657	0.00012086045	0.000800391166	0	100	0	0	3
281	419	0	2.52107442	0.0359723847	0.0359345617	0.0353819589	0.0365921657	0.00012086045	0.000800391166	0	100	0	0	3
282	421	0	2.53004622	0.036059363	0.0359372446	0.0353819589	0.0365921657	0.000121560729	0.000800391166	0	100	0	0	3
283	422	0	2.53901801	0.0362066775	0.0359429541	0.0353819589	0.0365921657	0.000127270213	0.000800391166	0	100	0	0	3
284	423	0	2.54798981	0.0362385629	0.0359522241	0.0353819589	0.0365921657	0.000136540235	0.000800391166	0	100	0	0	3
285	425	0	2.55696161	0.036295374	0.0359612264	0.0353819589	0.0365921657	0.00014554259	0.000800391166	0	100	0	0	3
286	426	0	2.5659334	0.0363976284	0.0359725928	0.0353819589	0.0365921657	0.000156908993	0.000800391166	0	100	0	0	3
287	427	0	2.5749052	0.0364855095	0.0359857564	0.0353819589	0.0365921657	0.000170072594	0.000800391166	0	100	0	0	3
288	429	0	2.58387699	0.0364675867	0.0360009545	0.0353819589	0.0365921657	0.000184490188	0.000800391166	0	100	0	0	3
289	430	0	2.59284879	0.0363851488	0.0360147729	0.0353819589	0.0365921657	0.000195324636	0.000800391166	0	100	0	0	3
290	432	0	2.60182058	0.0364800279	0.036027787	0.0353819589	0.0365921657	0.000201541173	0.000800391166	0	100	0	0	3
291	433	0	2.61079238	0.0364423602	0.036039378	0.0353819589	0.0365921657	0.000207562267	0.000800391166	0	100	0	0	3
292	434	0	2.61976417	0.0363650229	0.0360489935	0.0353819589	0.0365921657	0.000211902969	0.000800391166	0	100	0	0	3
293	436	0	2.62873597	0.0363814832	0.0360599965	0.0353819589	0.0365921657	0.000221554673	0.000800391166	0	100	0	0	3
294	437	0	2.63770776	0.0365363905	0.0360756546	0.0353819589	0.0365921657	0.000233696193	0.000800391166	0	100	0	0	3
295	438	0	2.64667956	0.0365810905	0.0360918195	0.0353819589	0.0365921657	0.000248287371	0.000800391166	0	100	0	0	3
296	439	0	2.65565135	0.0365640076	0.036107937	0.0353819589	0.0365921657	0.00025749984	0.000800391166	0	100	0	0	3
297	441	0	2.66462315	0.036612637	0.0361224964	0.0353819589	0.036612637	0.000265398033	0.000800391166	0	100	0	0	3
298	442	0	2.67359494	0.0363873629	0.0361327736	0.0353819589	0.036612637	0.000265564101	0.000800391166	0	100	0	0	3
299	443	0	2.68256674	0.036374586	0.036142333	0.0353819589	0.036612637	0.000267988909	0.000800391166	0	100	0	0	3
300	445	0	2.69153853	0.036256113	0.0361529867	0.0353819589	0.036612637	0.000270105243	0.000800391166	0	100	0	0	3
301	450	0	2.70051033	0.0363026168	0.0361656138	0.0353819589	0.036612637	0.000276119348	0.000800391166	0	100	0	0	3
302	451	0	2.70948212	0.0363570963	0.0361808017	0.0353819589	0.036612637	0.00028607495	0.000800391166	0	100	0	0	3
303	453	0	2.71845392	0.0363230297	0.0361956404	0.0353819589	0.036612637	0.000300913717	0.000800391166	0	100	0	0	3
304	454	0	2.72742571	0.0363269619	0.0362117178	0.0353819589	0.036612637	0.000316991077	0.000800391166	0	100	0	0	3
305	456	0	2.73639751	0.0362932257	0.0362263509	0.0353819589	0.036612637	0.000331624157	0.000800391166	0	100	0	0	3
306	457	0	2.7453693	0.0362225893	0.0362407514	0.0353819589	0.036612637	0.000346024724	0.000800391166	0	100	0	0	3
307	459	0	2.7543411	0.0362839707	0.0362562499	0.0353819589	0.036612637	0.000361523152	0.000800391166	0	100	0	0	3
308	460	0	2.76331289	0.0361292915	0.0362695951	0.0354643116	0.036612637	0.000374868377	0.000800391166	0	100	0	0	3
309	462	0	2.77228469	0.0362035575	0.0362827959	0.0356072502	0.036612637	0.000388069196	0.000800391166	0	100	0	0	3
310	463	0	2.78125648	0.0361851439	0.0362931154	0.035720594	0.036612637	0.000398388727	0.000800391166	0	100	0	0	3
311	464	0	2.79022828	0.0360823786	0.0362995759	0.0358372426	0.036612637	0.000404849166	0.000800391166	0	100	0	0	3
312	466	0	2.79920007	0.0361147488	0.0363045313	0.0358415795	0.036612637	0.000409804635	0.000800391166	0	100	0	0	3
313	467	0	2.80817187	0.0360697082	0.0363084179	0.0358415795	0.036612637	0.000413691221	0.000800391166	0	100	0	0	3
314	469	0	2.81714366	0.0360059571	0.0363113532	0.0359723847	0.036612637	0.000416626534	0.000800391166	0	100	0	0	3
315	470	0	2.82611546	0.0360131533	0.0363099318	0.0359723847	0.036612637	0.000416626534	0.000800391166	0	100	0	0	3
316	472	0	2.83508725	0.0359555444	0.0363043536	0.0359555444	0.036612637	0.000416626534	0.000800391166	0	100	0	0	3
317	473	0	2.84405905	0.035950904	0.0362959633	0.035950904	0.036612637	0.000416626534	0.000800391166	0	100	0	0	3
318	475	0	2.85303084	0.0359807205	0.0362857823	0.035950904	0.036612637	0.000415554704	0.000800391166	0	100	0	0	3
319	476	0	2.86200264	0.0360265971	0.0362756829	0.035950904	0.036612637	0.00041233325	0.000800391166	0	100	0	0	3
320	477	0	2.87097443	0.0360405483	0.0362670468	0.035950904	0.036612637	0.000405361486	0.000800391166	0	100	0	0	3
321	479	0	2.87994623	0.0360800515	0.0362582855	0.035950904	0.036612637	0.000398036696	0.000800391166	0	100	0	0	3
322	480	0	2.88891802	0.0360842942	0.0362504895	0.035950904	0.036612637	0.000392098352	0.000800391166	0	100	0	0	3
323	481	0	2.89788982	0.0360392969	0.0362414182	0.035950904	0.036612637	0.000388105255	0.000800391166	0	100	0	0	3
324	483	0	2.90686161	0.0360474992	0.0362316931	0.035950904	0.036612637	0.000387852072	0.000800391166	0	100	0	0	3
325	485	0	2.91583341	0.0360364792	0.0362259974	0.035950904	0.036612637	0.000385810468	0.000800391166	0	100	0	0	3
326	486	0	2.9248052	0.0360502318	0.0362191669	0.035950904	0.036612637	0.000381945391	0.000800391166	0	100	0	0	3
327	487	0	2.933777	0.0360527713	0.0362117999	0.035950904	0.036612637	0.000378706769	0.000800391166	0	100	0	0	3
328	489	0	2.94274879	0.035988263	0.0362047842	0.035950904	0.036612637	0.000378706769	0.000800391166	0	100	0	0	3
329	490	0	2.95172059	0.0358885205	0.0361981927	0.0358885205	0.036612637	0.000378706769	0.000800391166	0	100	0	0	3
330	492	0	2.96069238	0.0358896752	0.036194711	0.0358885205	0.036612637	0.000378706769	0.000800391166	0	100	0	0	3
331	493	0	2.96966418	0.035887097	0.0361902409	0.035887097	0.036612637	0.000378706769	0.000800391166	0	100	0	0	3
332	494	0	2.97863598	0.0359329425	0.036187768	0.035887097	0.036612637	0.000378706769	0.000800391166	0	100	0	0	3
333	496	0	2.98760777	0.0359848283	0.0361873796	0.035887097	0.036612637	0.00037746781	0.000800391166	0	100	0	0	3
334	497	0	2.99657957	0.035775551	0.0361828997	0.035775551	0.036612637	0.000376995528	0.000800391166	0	100	0	0	3
335	499	0	3.00555136	0.0358817054	0.0361789937	0.035775551	0.036612637	0.000376791588	0.000800391166	0	100	0	0	3
336	500	0	3.01452316	0.0360691195	0.0361793819	0.035775551	0.036612637	0.000376791588	0.000800391166	0	100	0	0	3
337	501	0	3.02349495	0.0360656369	0.0361810471	0.035775551	0.036612637	0.000374108671	0.000800391166	0	100	0	0	3
338	503	0	3.03246675	0.0359910642	0.0361798275	0.035775551	0.036612637	0.000368399188	0.000800391166	0	100	0	0	3
339	504	0	3.04143854	0.0360333991	0.0361767333	0.035775551	0.036612637	0.000359129166	0.000800391166	0	100	0	0	3
340	505	0	3.05041034	0.0360393263	0.0361731755	0.035775551	0.036612637	0.00035012681	0.000800391166	0	100	0	0	3
341	507	0	3.05938213	0.0359404124	0.0361668369	0.035775551	0.036612637	0.000338760407	0.000800391166	0	100	0	0	3
342	508	0	3.06835393	0.0361395735	0.0361622287	0.035775551	0.036612637	0.000325596807	0.000800391166	0	100	0	0	3
343	510	0	3.07732572	0.0360700355	0.0361548096	0.035775551	0.036612637	0.000310398709	0.000800391166	0	100	0	0	3
344	511	0	3.08629752	0.036102384	0.0361482881	0.035775551	0.036612637	0.000296580358	0.000800391166	0	100	0	0	3
345	512	0	3.09526931	0.0359468985	0.0361404622	0.035775551	0.036612637	0.000283566229	0.000800391166	0	100	0	0	3
346	514	0	3.10424111	0.0360067732	0.0361320112	0.035775551	0.036612637	0.000271975201	0.000800391166	0	100	0	0	3
347	515	0	3.1132129	0.0358243864	0.036120976	0.035775551	0.036612637	0.000262359742	0.000800391166	0	100	0	0	3
348	517	0	3.1221847	0.0359072896	0.0361128022	0.035775551	0.036612637	0.000251356794	0.000800391166	0	100	0	0	3
349	518	0	3.13115649	0.0357348679	0.0361012554	0.0357348679	0.036612637	0.000235698627	0.000800391166	0	100	0	0	3
350	520	0	3.14012829	0.0358370778	0.0360887677	0.0357348679	0.036612637	0.000222585523	0.000800391166	0	100	0	0	3
351	521	0	3.14910008	0.0356765348	0.0360726149	0.0356765348	0.036612637	0.000238738303	0.000800391166	0	100	0	0	3
352	522	0	3.15807188	0.0357165397	0.0360574816	0.0356765348	0.036612637	0.000253871657	0.000800391166	0	100	0	0	3
353	524	0	3.16704367	0.0354819487	0.0360372907	0.0354819487	0.0363873629	0.000274062519	0.000800391166	0	100	0	0	3
354	525	0	3.17601547	0.0355153195	0.0360217185	0.0354819487	0.036374586	0.000289634722	0.000800391166	0	100	0	0	3
355	527	0	3.18498726	0.035332961	0.0360031181	0.035332961	0.0363570963	0.000308235168	0.000800391166	0	100	0	0	3
356	528	0	3.19395906	0.0354374577	0.0359884992	0.035332961	0.0363570963	0.000322854012	0.000800391166	0	100	0	0	3
357	530	0	3.20293085	0.0353331605	0.0359711875	0.035332961	0.0363570963	0.000340165731	0.000800391166	0	100	0	0	3
358	531	0	3.21190265	0.0355165188	0.0359561772	0.035332961	0.0363269619	0.000355176045	0.000800391166	0	100	0	0	3
359	533	0	3.22087444	0.0354802371	0.0359411273	0.035332961	0.0363269619	0.000370225912	0.000800391166	0	100	0	0	3
360	534	0	3.22984624	0.0355819601	0.0359278237	0.035332961	0.0362932257	0.000383529516	0.000800391166	0	100	0	0	3
361	535	0	3.23881803	0.0354790781	0.0359132854	0.035332961	0.0362839707	0.000398067867	0.000800391166	0	100	0	0	3
362	537	0	3.24778983	0.0355642692	0.0359015297	0.035332961	0.0362839707	0.000409823584	0.000800391166	0	100	0	0	3
363	538	0	3.25676162	0.0354326874	0.0358863282	0.035332961	0.0362035575	0.000425025072	0.000800391166	0	100	0	0	3
364	539	0	3.26573342	0.0355022469	0.0358751309	0.035332961	0.0362035575	0.000436222296	0.000800391166	0	100	0	0	3
365	541	0	3.27470521	0.0353722876	0.0358602868	0.035332961	0.0361851439	0.000451066401	0.000800391166	0	100	0	0	3
366	542	0	3.28367701	0.0354078116	0.0358464059	0.035332961	0.0361395735	0.000464947335	0.000800391166	0	100	0	0	3
367	544	0	3.2926488	0.0353376661	0.0358331075	0.035332961	0.0361395735	0.000478245773	0.000800391166	0	100	0	0	3
368	545	0	3.3016206	0.035401131	0.0358203643	0.035332961	0.0361395735	0.000490988949	0.000800391166	0	100	0	0	3
369	546	0	3.31059239	0.0353110758	0.0358068173	0.0353110758	0.0361395735	0.000504535956	0.000800391166	0	100	0	0	3
370	548	0	3.31956419	0.0353069964	0.0357943358	0.0353069964	0.0361395735	0.000515595932	0.000800391166	0	100	0	0	3
371	549	0	3.32853598	0.0351953141	0.0357797316	0.0351953141	0.0361395735	0.000524622072	0.000800391166	0	100	0	0	3
372	551	0	3.33750778	0.0351848346	0.0357659689	0.0351848346	0.0361395735	0.000529994362	0.000800391166	0	100	0	0	3
373	552	0	3.34647957	0.0351006223	0.0357507853	0.0351006223	0.0361395735	0.000534997039	0.000800391166	0	100	0	0	3
374	553	0	3.35545137	0.0351292389	0.0357355803	0.0351006223	0.0361395735	0.000540102628	0.000800391166	0	100	0	0	3
375	555	0	3.36442316	0.0350746829	0.0357185818	0.0350746829	0.0361395735	0.000548465002	0.000800391166	0	100	0	0	3
376	556	0	3.37339496	0.0350937402	0.0357016745	0.0350746829	0.0361395735	0.000556610975	0.000800391166	0	100	0	0	3
377	558	0	3.38236675	0.0350080397	0.0356825314	0.0350080397	0.0361395735	0.000567958066	0.000800391166	0	100	0	0	3
378	559	0	3.39133855	0.035039007	0.0356638656	0.0350080397	0.0361395735	0.000577552625	0.000800391166	0	100	0	0	3
379	561	0	3.40031035	0.0349343711	0.0356441348	0.0349343711	0.0361395735	0.000587558327	0.000800391166	0	100	0	0	3
380	563	0	3.40928214	0.0349663872	0.0356248292	0.0349343711	0.0361395735	0.0006011682	0.000800391166	0	100	0	0	3
381	564	0	3.41825394	0.0348639155	0.0356038906	0.0348639155	0.0361395735	0.000615276289	0.000800391166	0	100	0	0	3
382	566	0	3.42722573	0.0349272434	0.0355838372	0.0348639155	0.0361395735	0.000627962663	0.000800391166	0	100	0	0	3
383	567	0	3.43619753	0.0349406723	0.0355639783	0.0348639155	0.0361395735	0.000640805907	0.000800391166	0	100	0	0	3
384	569	0	3.44516932	0.035062945	0.0355474548	0.0348639155	0.0361395735	0.000650737906	0.000800391166	0	100	0	0	3
385	570	0	3.45414112	0.0350038682	0.0355316574	0.0348639155	0.0361395735	0.000663053644	0.000800391166	0	100	0	0	3
386	572	0	3.46311291	0.035039179	0.03551647	0.0348639155	0.0361395735	0.000673770906	0.000800391166	0	100	0	0	3
387	573	0	3.47208471	0.0349235146	0.0354992631	0.0348639155	0.0361395735	0.000688504825	0.000800391166	0	100	0	0	3
388	575	0	3.4810565	0.0348967257	0.0354807593	0.0348639155	0.0361395735	0.000706620292	0.000800391166	0	100	0	0	3
389	576	0	3.4900283	0.0346975133	0.0354577715	0.0346975133	0.0361395735	0.00072512823	0.000800391166	0	100	0	0	3
390	578	0	3.49900009	0.0347299052	0.0354390993	0.0346975133	0.0361395735	0.000741947874	0.000800391166	0	100	0	0	3
391	580	0	3.50797189	0.034688214	0.0354177869	0.034688214	0.0361395735	0.00076326022	0.000800391166	0	100	0	0	3
392	581	0	3.51694368	0.0347978181	0.0353950851	0.034688214	0.0361395735	0.000785962029	0.000800391166	0	100	0	0	3
393	583	0	3.52591548	0.034750832	0.0353716064	0.034688214	0.0361395735	0.000808221068	0.000800391166	0	99	0	0	3
394	584	0	3.53488727	0.0348061303	0.0353504469	0.034688214	0.0361395735	0.000826286345	0.000800391166	0	96.8	0	0	3
395	586	0	3.54385907	0.0347292568	0.0353271587	0.034688214	0.0361395735	0.000846016805	0.000800391166	0	94.6	0	0	3
396	587	0	3.55283086	0.0347600604	0.0353043146	0.034688214	0.0361395735	0.00086252224	0.000800391166	0	92.7	0	0	3
397	589	0	3.56180266	0.0346843993	0.0352818858	0.0346843993	0.0361395735	0.000880342923	0.000800391166	0	90.9	0	0	3
398	590	0	3.57077445	0.0347111398	0.0352563781	0.0346843993	0.036102384	0.000898431488	0.000800391166	0	89	0	0	3
399	592	0	3.57974625	0.0345805437	0.03522978	0.0345805437	0.036102384	0.000918508078	0.000800391166	0	87.1	0	0	3
400	594	0	3.58871804	0.0346697231	0.0352041968	0.0345805437	0.0360067732	0.000936265409	0.000800391166	0	85.4	0	0	3
401	600	0	3.59768984	0.0345712183	0.0351796311	0.0345712183	0.0360067732	0.00095238015	0.000800391166	0	84	0	0	3
402	601	0	3.60666163	0.0346700247	0.0351557605	0.0345712183	0.0359072896	0.000965215411	0.000800391166	0	82.9	0	0	3
403	603	0	3.61563343	0.0346033261	0.0351339559	0.0345712183	0.0359072896	0.000978846251	0.000800391166	0	81.7	0	0	3
404	605	0	3.62460522	0.0346939653	0.0351122894	0.0345712183	0.0358370778	0.000988966055	0.000800391166	0	80.9	0	0	3
405	607	0	3.63357702	0.0346813449	0.0350934765	0.0345712183	0.0358370778	0.000995291239	0.000800391166	0	80.4	0	0	3
406	609	0	3.64254881	0.0347691483	0.0350744063	0.0345712183	0.0357165397	0.000998208627	0.000800391166	0	80.1	0	0	3
407	611	0	3.65152061	0.0347145037	0.0350572272	0.0345712183	0.0357165397	0.0010002544	0.000800391166	0	80	0	0	3
408	612	0	3.6604924	0.0347858473	0.0350406077	0.0345712183	0.0355819601	0.000996683045	0.000800391166	0	80.3	0	0	3
409	614	0	3.6694642	0.0347189853	0.0350269833	0.0345712183	0.0355819601	0.00099473519	0.000800391166	0	80.4	0	0	3
410	616	0	3.67843599	0.0347659883	0.0350136024	0.0345712183	0.0355819601	0.000989515659	0.000800391166	0	80.8	0	0	3
411	617	0	3.68740779	0.0346910932	0.0350021405	0.0345712183	0.0355819601	0.000986358739	0.000800391166	0	81.1	0	0	3
412	619	0	3.69637958	0.0347565179	0.0349899809	0.0345712183	0.0355819601	0.00098120666	0.000800391166	0	81.5	0	0	3
413	620	0	3.70535138	0.0347224176	0.0349790747	0.0345712183	0.0355819601	0.000977102469	0.000800391166	0	81.9	0	0	3
414	622	0	3.71432317	0.0348444902	0.0349670742	0.0345712183	0.0355819601	0.000974053112	0.000800391166	0	82.1	0	0	3
415	623	0	3.72329497	0.0348408156	0.034955656	0.0345712183	0.0355819601	0.00097216775	0.000800391166	0	82.3	0	0	3
416	625	0	3.73226676	0.0349697209	0.0349447231	0.0345712183	0.0355642692	0.000968562242	0.000800391166	0	82.6	0	0	3
417	627	0	3.74123856	0.0349613366	0.0349354778	0.0345712183	0.0355642692	0.000966051908	0.000800391166	0	82.8	0	0	3
418	628	0	3.75021035	0.0350604585	0.0349264811	0.0345712183	0.0355022469	0.000931028556	0.000800391166	0	85.9	0	0	3
419	630	0	3.75918215	0.0350027053	0.0349188029	0.0345712183	0.0355022469	0.000931028556	0.000800391166	0	85.9	0	0	3
420	631	0	3.76815394	0.0350925042	0.034911486	0.0345712183	0.0354078116	0.000836593247	0.000800391166	0	95.6	0	0	3
421	633	0	3.77712574	0.035072475	0.0349061323	0.0345712183	0.0354078116	0.000836593247	0.000800391166	0	95.6	0	0	3
422	634	0	3.78609753	0.0352005974	0.034902432	0.0345712183	0.035401131	0.000829912632	0.000800391166	0	96.4	0	0	3
423	636	0	3.79506933	0.0351800295	0.0348996171	0.0345712183	0.035401131	0.000829912632	0.000800391166	0	96.4	0	0	3
424	638	0	3.80404112	0.0352896607	0.0348976265	0.0345712183	0.0353110758	0.000739857433	0.000800391166	0	100	0	0	3
425	639	0	3.81301292	0.0352163365	0.0348959347	0.0345712183	0.0353069964	0.000735778012	0.000800391166	0	100	0	0	3
426	641	0	3.82198471	0.0352610699	0.0348951146	0.0345712183	0.0352896607	0.000718442363	0.000800391166	0	100	0	0	3
427	642	0	3.83095651	0.035129376	0.0348939372	0.0345712183	0.0352896607	0.000718442363	0.000800391166	0	100	0	0	3
428	644	0	3.83992831	0.035153602	0.0348933794	0.0345712183	0.0352896607	0.000718442363	0.000800391166	0	100	0	0	3
