Iteration	CPUTime	PhysTime	Travels	Value	AvValue	MinValue	MaxValue	Delta	Criteria	PrevAvRefValue	Progress	CriteriaType	CriteriaVarType	CriteriaPercentage
1	6	0	0.00897239991	0.133516955	0.133516955	0.133516955	0.133516955	0	0	0	0	0	0	3
2	7	0	0.0179447998	0.250147791	0.191832373	0.133516955	0.250147791	0.058315418	0	0	0	0	0	3
3	8	0	0.0269171997	0.204849789	0.196171512	0.133516955	0.250147791	0.0626545564	0	0	0	0	0	3
4	9	0	0.0358895996	0.0882475759	0.169190528	0.0882475759	0.250147791	0.0626545564	0	0	0	0	0	3
5	10	0	0.0448619995	0.0700400741	0.149360437	0.0700400741	0.250147791	0.0626545564	0	0	0	0	0	3
6	11	0	0.0538343994	0.061759158	0.134760224	0.061759158	0.250147791	0.0626545564	0	0	0	0	0	3
7	13	0	0.0628067993	0.0176157761	0.118025303	0.0176157761	0.250147791	0.078146209	0	0	0	0	0	3
8	14	0	0.0717791993	0.0869954081	0.114146566	0.0176157761	0.250147791	0.0820249459	0	0	0	0	0	3
9	15	0	0.0807515992	-0.0235329086	0.0988488466	-0.0235329086	0.250147791	0.0973226653	0	0	0	0	0	3
10	16	0	0.0897239991	0.070639601	0.096027922	-0.0235329086	0.250147791	0.10014359	0	0	0	0	0	3
11	17	0	0.098696399	-0.0414458191	0.0835303092	-0.0414458191	0.250147791	0.112641203	0	0	0	0	0	3
12	18	0	0.107668799	0.0271033983	0.0788280666	-0.0414458191	0.250147791	0.117343445	0	0	0	0	0	3
13	19	0	0.116641199	-0.00470805554	0.0724022111	-0.0414458191	0.250147791	0.123769301	0	0	0	0	0	3
14	21	0	0.125613599	0.0288361169	0.0692903472	-0.0414458191	0.250147791	0.126881165	0	0	0	0	0	3
15	22	0	0.134585999	0.0229760408	0.0662027268	-0.0414458191	0.250147791	0.129968785	0	0	0	0	0	3
16	23	0	0.143558399	0.0388875305	0.064495527	-0.0414458191	0.250147791	0.131675985	0	0	0	0	0	3
17	24	0	0.152530798	0.023903935	0.0621077863	-0.0414458191	0.250147791	0.134063726	0	0	0	0	0	3
18	25	0	0.161503198	0.0285418112	0.0602430099	-0.0414458191	0.250147791	0.135928502	0	0	0	0	0	3
19	26	0	0.170475598	0.0289898914	0.0585981089	-0.0414458191	0.250147791	0.137573403	0	0	0	0	0	3
20	27	0	0.179447998	0.0261692845	0.0569766677	-0.0414458191	0.250147791	0.139194844	0	0	0	0	0	3
21	28	0	0.188420398	0.0347419333	0.0559178708	-0.0414458191	0.250147791	0.140253641	0	0	0	0	0	3
22	29	0	0.197392798	0.0369192809	0.0550542986	-0.0414458191	0.250147791	0.141117213	0	0	0	0	0	3
23	30	0	0.206365198	0.033452991	0.0541151113	-0.0414458191	0.250147791	0.142056401	0	0	0	0	0	3
24	31	0	0.215337598	0.0383054763	0.0534563765	-0.0414458191	0.250147791	0.142715135	0	0	0	0	0	3
25	32	0	0.224309998	0.024976508	0.0523171817	-0.0414458191	0.250147791	0.14385433	0	0	0	0	0	3
26	34	0	0.233282398	0.0268862481	0.0513390689	-0.0414458191	0.250147791	0.144832443	0	0	0	0	0	3
27	35	0	0.242254797	0.0282563401	0.050484153	-0.0414458191	0.250147791	0.145687359	0	0	0	0	0	3
28	36	0	0.251227197	0.027408343	0.049660017	-0.0414458191	0.250147791	0.146511495	0	0	0	0	0	3
29	37	0	0.260199597	0.0217815308	0.0486986898	-0.0414458191	0.250147791	0.147472822	0	0	0	0	0	3
30	38	0	0.269171997	0.0270020881	0.0479754698	-0.0414458191	0.250147791	0.148196042	0	0	0	0	0	3
31	39	0	0.278144397	0.0280240266	0.0473318748	-0.0414458191	0.250147791	0.148839637	0	0	0	0	0	3
32	40	0	0.287116797	0.0300492748	0.0467917936	-0.0414458191	0.250147791	0.149379718	0	0	0	0	0	3
33	41	0	0.296089197	0.0291885578	0.0462583622	-0.0414458191	0.250147791	0.14991315	0	0	0	0	0	3
34	43	0	0.305061597	0.028642117	0.0457402373	-0.0414458191	0.250147791	0.150431274	0	0	0	0	0	3
35	44	0	0.314033997	0.028040783	0.0452345387	-0.0414458191	0.250147791	0.150936973	0	0	0	0	0	3
36	45	0	0.323006397	0.0302703157	0.0448188658	-0.0414458191	0.250147791	0.151352646	0	0	0	0	0	3
37	46	0	0.331978797	0.0307929567	0.0444397872	-0.0414458191	0.250147791	0.151731725	0	0	0	0	0	3
38	47	0	0.340951196	0.0319388855	0.0441108161	-0.0414458191	0.250147791	0.152060696	0	0	0	0	0	3
39	48	0	0.349923596	0.0301653187	0.0437532392	-0.0414458191	0.250147791	0.152418273	0	0	0	0	0	3
40	50	0	0.358895996	0.025878578	0.0433063727	-0.0414458191	0.250147791	0.152865139	0	0	0	0	0	3
41	51	0	0.367868396	0.0233875387	0.0428205475	-0.0414458191	0.250147791	0.153350964	0	0	0	0	0	3
42	52	0	0.376840796	0.0204440481	0.0422877737	-0.0414458191	0.250147791	0.153883738	0	0	0	0	0	3
43	53	0	0.385813196	0.0212783597	0.0417991826	-0.0414458191	0.250147791	0.154372329	0	0	0	0	0	3
44	54	0	0.394785596	0.0236163229	0.0413859358	-0.0414458191	0.250147791	0.154785576	0	0	0	0	0	3
45	55	0	0.403757996	0.024662743	0.0410143093	-0.0414458191	0.250147791	0.155157203	0	0	0	0	0	3
46	57	0	0.412730396	0.0281815906	0.0407353372	-0.0414458191	0.250147791	0.155436175	0	0	0	0	0	3
47	58	0	0.421702796	0.0287157146	0.0404796005	-0.0414458191	0.250147791	0.155691911	0	0	0	0	0	3
48	59	0	0.430675196	0.028813113	0.0402365487	-0.0414458191	0.250147791	0.155934963	0	0	0	0	0	3
49	60	0	0.439647595	0.0285153995	0.0399973416	-0.0414458191	0.250147791	0.15617417	0	0	0	0	0	3
50	62	0	0.448619995	0.0288847643	0.03977509	-0.0414458191	0.250147791	0.156396422	0	0	0	0	0	3
51	63	0	0.457592395	0.0270642018	0.0395258569	-0.0414458191	0.250147791	0.156645655	0	0	0	0	0	3
52	64	0	0.466564795	0.0279313099	0.0393028849	-0.0414458191	0.250147791	0.156868627	0	0	0	0	0	3
53	65	0	0.475537195	0.0236946106	0.0390083891	-0.0414458191	0.250147791	0.157163123	0	0	0	0	0	3
54	66	0	0.484509595	0.0223678801	0.0387002316	-0.0414458191	0.250147791	0.15747128	0	0	0	0	0	3
55	67	0	0.493481995	0.0215193749	0.0383878523	-0.0414458191	0.250147791	0.15778366	0	0	0	0	0	3
56	69	0	0.502454395	0.0227801713	0.0381091438	-0.0414458191	0.250147791	0.158062368	0	0	0	0	0	3
57	70	0	0.511426795	0.019604069	0.0360749851	-0.0414458191	0.250147791	0.160096527	0	0	0	0	0	3
58	71	0	0.520399195	0.0151703486	0.0318789593	-0.0414458191	0.204849789	0.164292553	0	0	0	0	0	3
59	72	0	0.529371595	0.00819488244	0.0283672646	-0.0414458191	0.0882475759	0.129693395	0	0	0	0	0	3
60	73	0	0.538343994	0.00264979057	0.0268387327	-0.0414458191	0.0869954081	0.122521704	0	0	0	0	0	3
61	74	0	0.547316394	-0.00295928979	0.0255351726	-0.0414458191	0.0869954081	0.109225051	0	0	0	0	0	3
62	76	0	0.556288794	-0.00713644678	0.0243048939	-0.0414458191	0.0869954081	0.0937204089	0	0	0	0	0	3
63	77	0	0.565261194	-0.0109486928	0.0237948141	-0.0414458191	0.0869954081	0.0903517518	0	0	0	0	0	3
64	78	0	0.574233594	-0.0135870364	0.0219986991	-0.0414458191	0.070639601	0.0768501475	0	0	0	0	0	3
65	79	0	0.583205994	-0.0172509459	0.022110877	-0.0414458191	0.070639601	0.0740292229	0	0	0	0	0	3
66	80	0	0.592178394	-0.021411676	0.0204671042	-0.0414458191	0.0388875305	0.063063205	0	0	0	0	0	3
67	82	0	0.601150794	-0.0218767709	0.0208165515	-0.0218767709	0.0388875305	0.0583609624	0	0	0	0	0	3
68	83	0	0.610123194	-0.0233737947	0.019915173	-0.0233737947	0.0388875305	0.052487038	0	0	0	0	0	3
69	84	0	0.619095594	-0.0224065609	0.0195991283	-0.0233737947	0.0388875305	0.0496912189	0	0	0	0	0	3
70	85	0	0.628067993	-0.0214884215	0.0187004758	-0.0233737947	0.0388875305	0.047502251	0	0	0	0	0	3
71	86	0	0.637040393	-0.0193557045	0.0179445518	-0.0233737947	0.0388875305	0.0465509752	0	0	0	0	0	3
72	88	0	0.646012793	-0.017234894	0.0169423656	-0.0233737947	0.0383054763	0.0451654207	0	0	0	0	0	3
73	89	0	0.654985193	-0.0150949584	0.0162459568	-0.0233737947	0.0383054763	0.0439970531	0	0	0	0	0	3
74	90	0	0.663957593	-0.0161945759	0.0154470928	-0.0233737947	0.0383054763	0.0431510162	0	0	0	0	0	3
75	91	0	0.672929993	-0.0157957078	0.0146473499	-0.0233737947	0.0383054763	0.0423293178	0	0	0	0	0	3
76	92	0	0.681902393	-0.01675544	0.013880837	-0.0233737947	0.0383054763	0.0420370339	0	0	0	0	0	3
77	94	0	0.690874793	-0.0159429037	0.0129757506	-0.0233737947	0.0383054763	0.042078548	0	0	0	0	0	3
78	95	0	0.699847193	-0.0160236879	0.0120303404	-0.0233737947	0.0383054763	0.0420847708	0	0	0	0	0	3
79	96	0	0.708819593	-0.0138461646	0.0111857127	-0.0233737947	0.0383054763	0.0422706638	0	0	0	0	0	3
80	97	0	0.717791993	-0.0144192829	0.0102441991	-0.0233737947	0.0319388855	0.0420729826	0	0	0	0	0	3
81	98	0	0.726764392	-0.0126499087	0.00957229881	-0.0233737947	0.0319388855	0.0417667701	0	0	0	0	0	3
82	99	0	0.735736792	-0.0125935598	0.00886730224	-0.0233737947	0.0319388855	0.0416168508	0	0	0	0	0	3
83	101	0	0.744709192	-0.0114905458	0.00815753642	-0.0233737947	0.0319388855	0.0415024805	0	0	0	0	0	3
84	102	0	0.753681592	-0.0124396212	0.00744596563	-0.0233737947	0.0319388855	0.0412527242	0	0	0	0	0	3
85	103	0	0.762653992	-0.0118170055	0.00684599177	-0.0233737947	0.0319388855	0.041129478	0	0	0	0	0	3
86	104	0	0.771626392	-0.0124105219	0.00614219516	-0.0233737947	0.0319388855	0.0411896797	0	0	0	0	0	3
87	105	0	0.780598792	-0.0140790065	0.00539035528	-0.0233737947	0.0319388855	0.0414014383	0	0	0	0	0	3
88	107	0	0.789571192	-0.0136045007	0.00461082358	-0.0233737947	0.0319388855	0.0416475386	0	0	0	0	0	3
89	108	0	0.798543592	-0.012636629	0.00386394524	-0.0233737947	0.0319388855	0.0418762921	0	0	0	0	0	3
90	109	0	0.807515992	-0.0108849484	0.00315810479	-0.0233737947	0.0319388855	0.0420764339	0	0	0	0	0	3
91	110	0	0.816488392	-0.00827940337	0.00250953003	-0.0233737947	0.0319388855	0.0423093358	0	0	0	0	0	3
92	111	0	0.825460791	-0.00845084894	0.00181808067	-0.0233737947	0.0319388855	0.0426217065	0	0	0	0	0	3
93	113	0	0.834433191	-0.00807645847	0.00112398397	-0.0233737947	0.0319388855	0.0429868321	0	0	0	0	0	3
94	114	0	0.843405591	-0.00978544039	0.000378906719	-0.0233737947	0.0301653187	0.0433743325	0	0	0	0	0	3
95	115	0	0.852377991	-0.0107276362	-0.000351324618	-0.0233737947	0.0288847643	0.0436576973	0	0	0	0	0	3
96	116	0	0.861350391	-0.0135686023	-0.00105573855	-0.0233737947	0.0288847643	0.043876286	0	0	0	0	0	3
97	118	0	0.870322791	-0.0143572156	-0.00172975202	-0.0233737947	0.0288847643	0.0440175257	0	0	0	0	0	3
98	119	0	0.879295191	-0.0146855691	-0.00235706661	-0.0233737947	0.0288847643	0.0441562493	0	0	0	0	0	3
99	120	0	0.888267591	-0.0122093132	-0.00295506077	-0.0233737947	0.0288847643	0.0443409966	0	0	0	0	0	3
100	121	0	0.897239991	-0.0114501769	-0.00358124827	-0.0233737947	0.0288847643	0.0445955576	0	0	0	0	0	3
101	126	0	0.906212391	-0.00872903186	-0.00417752996	-0.0233737947	0.0288847643	0.0449128671	0	0	0	0	0	3
102	127	0	0.915184791	-0.00714773397	-0.00480841076	-0.0233737947	0.0288847643	0.0452880113	0	0	0	0	0	3
103	128	0	0.92415719	-0.00577735551	-0.00542435844	-0.0233737947	0.0288847643	0.0456609071	0	0	0	0	0	3
104	129	0	0.93312959	-0.00633553009	-0.00605201278	-0.0233737947	0.0288847643	0.0460493544	0	0	0	0	0	3
105	130	0	0.94210199	-0.00569246969	-0.00666286759	-0.0233737947	0.0288847643	0.0464379576	0	0	0	0	0	3
106	132	0	0.95107439	-0.0052382094	-0.00727220641	-0.0233737947	0.0279313099	0.0467980633	0	0	0	0	0	3
107	133	0	0.96004679	-0.0025798068	-0.0078015637	-0.0233737947	0.0279313099	0.0471044486	0	0	0	0	0	3
108	134	0	0.96901919	0.000338316192	-0.00829429573	-0.0233737947	0.0236946106	0.0470684054	0	0	0	0	0	3
109	135	0	0.97799159	0.00256252877	-0.00867165434	-0.0233737947	0.0227801713	0.046153966	0	0	0	0	0	3
110	137	0	0.98696399	0.0036240729	-0.00900636518	-0.0233737947	0.0227801713	0.046153966	0	0	0	0	0	3
111	138	0	0.99593639	0.00397852359	-0.00931959467	-0.0233737947	0.0227801713	0.046153966	0	0	0	0	0	3
112	139	0	1.00490879	0.00179311884	-0.00969436346	-0.0233737947	0.019604069	0.0429778637	0.00738886823	0	17.1	0	0	3
113	140	0	1.01388119	0.000915281576	-0.0100280918	-0.0233737947	0.0151703486	0.0385441433	0.00738886823	0	19.1	0	0	3
114	141	0	1.02285359	-0.00120262762	-0.0103204664	-0.0233737947	0.00819488244	0.0315686772	0.00738886823	0	23.4	0	0	3
115	142	0	1.03182599	-0.00227340375	-0.0105074001	-0.0233737947	0.00397852359	0.0273523183	0.00738886823	0	27	0	0	3
116	144	0	1.04079839	-0.00288070025	-0.0106061588	-0.0233737947	0.00397852359	0.0273523183	0.00738886823	0	27	0	0	3
117	145	0	1.04977079	-0.00167519672	-0.0105832286	-0.0233737947	0.00397852359	0.0273523183	0.00738886823	0	27	0	0	3
118	146	0	1.05874319	-0.00140166678	-0.0104808218	-0.0233737947	0.00397852359	0.0273523183	0.00738886823	0	27	0	0	3
119	147	0	1.06771559	-0.000268632502	-0.0102901064	-0.0233737947	0.00397852359	0.0273523183	0.00738886823	0	27	0	0	3
120	148	0	1.07668799	-0.00209790863	-0.0100849435	-0.0233737947	0.00397852359	0.0273523183	0.00738886823	0	27	0	0	3
121	150	0	1.08566039	-0.00222090366	-0.00981654984	-0.0233737947	0.00397852359	0.0273523183	0.00738886823	0	27	0	0	3
122	151	0	1.09463279	-0.0042075958	-0.00950933412	-0.0233737947	0.00397852359	0.0273523183	0.00738886823	0	27	0	0	3
123	152	0	1.10360519	-0.00444444253	-0.00919804255	-0.0233737947	0.00397852359	0.0273523183	0.00738886823	0	27	0	0	3
124	153	0	1.11257759	-0.00466024668	-0.00886387205	-0.0224065609	0.00397852359	0.0263850845	0.00738886823	0	28	0	0	3
125	154	0	1.12154999	-0.00436681999	-0.00854173382	-0.0214884215	0.00397852359	0.0254669451	0.00738886823	0	29	0	0	3
126	156	0	1.13052239	-0.00605708546	-0.00826617424	-0.0193557045	0.00397852359	0.0233342281	0.00738886823	0	31.6	0	0	3
127	157	0	1.13949479	-0.00655973841	-0.00803767485	-0.017234894	0.00397852359	0.0212134176	0.00738886823	0	34.8	0	0	3
128	158	0	1.14846719	-0.00911345692	-0.00789264919	-0.01675544	0.00397852359	0.0207339636	0.00738886823	0	35.6	0	0	3
129	159	0	1.15743959	-0.010767224	-0.00781536822	-0.01675544	0.00397852359	0.0207339636	0.00738886823	0	35.6	0	0	3
130	160	0	1.16641199	-0.0127436325	-0.00775374423	-0.01675544	0.00397852359	0.0207339636	0.00738886823	0	35.6	0	0	3
131	162	0	1.17538439	-0.011572219	-0.00767832478	-0.01675544	0.00397852359	0.0207339636	0.00738886823	0	35.6	0	0	3
132	163	0	1.18435679	-0.0115147698	-0.00758474139	-0.0160236879	0.00397852359	0.0200022115	0.00738886823	0	36.9	0	0	3
133	164	0	1.19332919	-0.00996143861	-0.00747792951	-0.0160236879	0.00397852359	0.0200022115	0.00738886823	0	36.9	0	0	3
134	165	0	1.20230159	-0.00876000924	-0.00734822096	-0.0146855691	0.00397852359	0.0186640927	0.00738886823	0	39.5	0	0	3
135	166	0	1.21127399	-0.00671952309	-0.00722095951	-0.0146855691	0.00397852359	0.0186640927	0.00738886823	0	39.5	0	0	3
136	168	0	1.22024639	-0.00553804168	-0.00706236591	-0.0146855691	0.00397852359	0.0186640927	0.00738886823	0	39.5	0	0	3
137	169	0	1.22921879	-0.00414069138	-0.0069104156	-0.0146855691	0.00397852359	0.0186640927	0.00738886823	0	39.5	0	0	3
138	170	0	1.23819119	-0.00413511556	-0.00675937196	-0.0146855691	0.00397852359	0.0186640927	0.00738886823	0	39.5	0	0	3
139	171	0	1.24716359	-0.002327145	-0.0065957398	-0.0146855691	0.00397852359	0.0180521245	0.00738886823	0	40.9	0	0	3
140	173	0	1.25613599	-0.00139922738	-0.00639858991	-0.0146855691	0.00397852359	0.0174521506	0.00738886823	0	42.3	0	0	3
141	174	0	1.26510839	0.0015051501	-0.00616069427	-0.0146855691	0.00397852359	0.016748354	0.00738886823	0	44.1	0	0	3
142	175	0	1.27408079	0.00276875243	-0.0058896358	-0.0146855691	0.00397852359	0.0159965141	0.00738886823	0	46.1	0	0	3
143	176	0	1.28305319	0.00546420676	-0.00554064985	-0.0146855691	0.00546420676	0.0152169824	0.00738886823	0	48.5	0	0	3
144	177	0	1.29202559	0.00738530724	-0.00516583185	-0.0146855691	0.00738530724	0.0144701041	0.00738886823	0	51	0	0	3
145	179	0	1.30099799	0.0091804994	-0.00477624028	-0.0146855691	0.0091804994	0.0137642636	0.00738886823	0	53.6	0	0	3
146	180	0	1.30997039	0.00927774337	-0.00441619221	-0.0146855691	0.00927774337	0.0131156889	0.00738886823	0	56.3	0	0	3
147	181	0	1.31894279	0.0108906887	-0.00407386914	-0.0146855691	0.0108906887	0.0124242395	0.00738886823	0	59.4	0	0	3
148	182	0	1.32791519	0.0120878782	-0.00370710615	-0.0146855691	0.0120878782	0.0117301428	0.00738886823	0	62.9	0	0	3
149	183	0	1.33688759	0.0147094077	-0.00330021568	-0.0146855691	0.0147094077	0.0109850655	0.00738886823	0	67.2	0	0	3
150	184	0	1.34585999	0.0155237715	-0.00284826547	-0.0146855691	0.0155237715	0.0102548342	0.00738886823	0	72	0	0	3
151	186	0	1.35483239	0.0169842283	-0.00235341075	-0.0146855691	0.0169842283	0.00955042028	0.00738886823	0	77.3	0	0	3
152	187	0	1.36380479	0.0164675387	-0.00181705109	-0.0146855691	0.0169842283	0.00887640681	0.00738886823	0	83.2	0	0	3
153	188	0	1.37277719	0.0168543265	-0.00125970212	-0.0146855691	0.0169842283	0.00934645671	0.00738886823	0	79	0	0	3
154	189	0	1.38174959	0.0162541826	-0.000707206556	-0.0127436325	0.0169842283	0.00989895227	0.00738886823	0	74.6	0	0	3
155	190	0	1.39072199	0.0190981857	-0.000148144076	-0.0127436325	0.0190981857	0.0104580148	0.00738886823	0	70.6	0	0	3
156	192	0	1.39969439	0.0209766542	0.000430906479	-0.0127436325	0.0209766542	0.0110370653	0.00738886823	0	66.9	0	0	3
157	193	0	1.40866679	0.0231955022	0.00100098744	-0.0127436325	0.0231955022	0.0116071463	0.00738886823	0	63.6	0	0	3
158	194	0	1.41763919	0.0226546695	0.00153317322	-0.0127436325	0.0231955022	0.0121393321	0.00738886823	0	60.8	0	0	3
159	195	0	1.42661159	0.0224779072	0.00203773148	-0.0127436325	0.0231955022	0.0126438903	0.00738886823	0	58.4	0	0	3
160	196	0	1.43558399	0.0223031958	0.0025491373	-0.0127436325	0.0231955022	0.0131552961	0.00738886823	0	56.1	0	0	3
161	198	0	1.44455639	0.0235321463	0.00307100544	-0.0127436325	0.0235321463	0.0136771643	0.00738886823	0	54	0	0	3
162	199	0	1.45352878	0.0253008033	0.00361634496	-0.0127436325	0.0253008033	0.0142225038	0.00738886823	0	51.9	0	0	3
163	200	0	1.46250118	0.0275460567	0.0041543068	-0.0127436325	0.0275460567	0.0147604656	0.00738886823	0	50	0	0	3
164	201	0	1.47147358	0.0278830012	0.00464617618	-0.0127436325	0.0278830012	0.015252335	0.00738886823	0	48.4	0	0	3
165	203	0	1.48044598	0.0279924821	0.00510028249	-0.0127436325	0.0279924821	0.0157064413	0.00738886823	0	47	0	0	3
166	204	0	1.48941838	0.0253290537	0.00548787143	-0.0127436325	0.0279924821	0.0160940303	0.00738886823	0	45.9	0	0	3
167	205	0	1.49839078	0.0227495535	0.00582306839	-0.0127436325	0.0279924821	0.0164292272	0.00738886823	0	44.9	0	0	3
168	206	0	1.50736318	0.018816523	0.00612705775	-0.0127436325	0.0279924821	0.0167332166	0.00738886823	0	44.1	0	0	3
169	207	0	1.51633558	0.0164129221	0.00640380134	-0.0127436325	0.0279924821	0.0170099602	0.00738886823	0	43.4	0	0	3
170	209	0	1.52530798	0.0160437517	0.00671177239	-0.0127436325	0.0279924821	0.0173179312	0.00738886823	0	42.6	0	0	3
171	210	0	1.53428038	0.02051719	0.00711874728	-0.0127436325	0.0279924821	0.0177249061	0.00738886823	0	41.6	0	0	3
172	211	0	1.54325278	0.0249655741	0.00761600218	-0.0127436325	0.0279924821	0.0181992308	0.00738886823	0	40.5	0	0	3
173	212	0	1.55222518	0.0302386329	0.008185892	-0.0127436325	0.0302386329	0.0186667138	0.00738886823	0	39.5	0	0	3
174	213	0	1.56119758	0.0323619403	0.00878881355	-0.0127436325	0.0323619403	0.01907892	0.00738886823	0	38.7	0	0	3
175	215	0	1.57016998	0.0325518444	0.0093748935	-0.0127436325	0.0325518444	0.019459837	0.00738886823	0	37.9	0	0	3
176	216	0	1.57914238	0.0269508883	0.00989362202	-0.0127436325	0.0325518444	0.0197101719	0.00738886823	0	37.4	0	0	3
177	217	0	1.58811478	0.0230030647	0.01034405	-0.0127436325	0.0325518444	0.0198533841	0.00738886823	0	37.2	0	0	3
178	218	0	1.59708718	0.0194473444	0.0107664597	-0.0127436325	0.0325518444	0.0199645022	0.00738886823	0	37	0	0	3
179	219	0	1.60605958	0.0216578762	0.0112325725	-0.0127436325	0.0325518444	0.0200964446	0.00738886823	0	36.7	0	0	3
180	221	0	1.61503198	0.0272050721	0.0118015961	-0.0127436325	0.0325518444	0.0203433299	0.00738886823	0	36.3	0	0	3
181	222	0	1.62400438	0.0344590221	0.0124949147	-0.0127436325	0.0344590221	0.0207610889	0.00738886823	0	35.5	0	0	3
182	223	0	1.63297678	0.0380396989	0.0132823572	-0.0127436325	0.0380396989	0.0213200321	0.00738886823	0	34.6	0	0	3
183	224	0	1.64194918	0.0379693834	0.0140775201	-0.0127436325	0.0380396989	0.0219701693	0.00738886823	0	33.6	0	0	3
184	225	0	1.65092158	0.0328783852	0.0148273745	-0.0127436325	0.0380396989	0.0226427427	0.00738886823	0	32.6	0	0	3
185	227	0	1.65989398	0.0275225922	0.0155111212	-0.0127436325	0.0380396989	0.0232648654	0.00738886823	0	31.7	0	0	3
186	228	0	1.66886638	0.0208808012	0.0161115575	-0.011572219	0.0380396989	0.0237898823	0.00738886823	0	31	0	0	3
187	229	0	1.67783878	0.0188373089	0.0166545848	-0.0115147698	0.0380396989	0.0242393262	0.00738886823	0	30.4	0	0	3
188	230	0	1.68681118	0.018181358	0.0171848728	-0.00996143861	0.0380396989	0.0246628023	0.00738886823	0	29.9	0	0	3
189	231	0	1.69578358	0.0217287742	0.0177507694	-0.00876000924	0.0380396989	0.0250989904	0.00738886823	0	29.4	0	0	3
190	232	0	1.70475598	0.0252618292	0.0183583023	-0.00671952309	0.0380396989	0.0255792618	0.00738886823	0	28.8	0	0	3
191	234	0	1.71372838	0.0278299097	0.0189752564	-0.00553804168	0.0380396989	0.0260376223	0.00738886823	0	28.3	0	0	3
192	235	0	1.72270078	0.0259215842	0.0195370354	-0.00414069138	0.0380396989	0.026447451	0.00738886823	0	27.9	0	0	3
193	236	0	1.73167318	0.0226631884	0.0200156762	-0.00413511556	0.0380396989	0.0267750481	0.00738886823	0	27.5	0	0	3
194	237	0	1.74064558	0.0190147506	0.0204290666	-0.002327145	0.0380396989	0.0270248064	0.00738886823	0	27.3	0	0	3
195	239	0	1.74961798	0.0169155452	0.0207726861	-0.00139922738	0.0380396989	0.027171276	0.00738886823	0	27.1	0	0	3
196	240	0	1.75859038	0.01617542	0.0210865191	0.0015051501	0.0380396989	0.0272472134	0.00738886823	0	27.1	0	0	3
197	241	0	1.76756278	0.0178966964	0.0213792253	0.00276875243	0.0380396989	0.0272688611	0.00738886823	0	27	0	0	3
198	242	0	1.77653518	0.0187926718	0.0216653667	0.00546420676	0.0380396989	0.0272060165	0.00738886823	0	27.1	0	0	3
199	243	0	1.78550758	0.0209439783	0.0219417912	0.00738530724	0.0380396989	0.027107623	0.00738886823	0	27.2	0	0	3
200	245	0	1.79447998	0.0217189371	0.0221977488	0.0091804994	0.0380396989	0.0269739891	0.00738886823	0	27.3	0	0	3
201	249	0	1.80345238	0.0215745898	0.0224190719	0.00927774337	0.0380396989	0.0268352641	0.00738886823	0	27.5	0	0	3
202	250	0	1.81242478	0.0209918688	0.0226282527	0.0108906887	0.0380396989	0.0267021218	0.00738886823	0	27.6	0	0	3
203	251	0	1.82139718	0.0193736301	0.0227797338	0.0120878782	0.0380396989	0.0259518207	0.00738886823	0	28.4	0	0	3
204	252	0	1.83036958	0.0182887298	0.0228904633	0.0147094077	0.0380396989	0.0233302912	0.00738886823	0	31.6	0	0	3
205	253	0	1.83934198	0.0192945299	0.0229723405	0.0155237715	0.0380396989	0.0225159274	0.00738886823	0	32.8	0	0	3
206	255	0	1.84831438	0.0197166829	0.0230472139	0.0160437517	0.0380396989	0.0219959472	0.00738886823	0	33.5	0	0	3
207	256	0	1.85728678	0.020036126	0.0231017121	0.0160437517	0.0380396989	0.0219959472	0.00738886823	0	33.5	0	0	3
208	257	0	1.86625918	0.0196758115	0.0231590027	0.0160437517	0.0380396989	0.0219959472	0.00738886823	0	33.5	0	0	3
209	258	0	1.87523158	0.0186337405	0.0231907779	0.0160437517	0.0380396989	0.0219959472	0.00738886823	0	33.5	0	0	3
210	259	0	1.88420398	0.0170997085	0.0232058766	0.0160437517	0.0380396989	0.0219959472	0.00738886823	0	33.5	0	0	3
211	261	0	1.89317638	0.016316854	0.0231562099	0.0160437517	0.0380396989	0.0219959472	0.00738886823	0	33.5	0	0	3
212	262	0	1.90214878	0.0146455382	0.0230431543	0.0146455382	0.0380396989	0.0222048891	0.00738886823	0	33.2	0	0	3
213	263	0	1.91112118	0.0146755348	0.022891012	0.0146455382	0.0380396989	0.0216727034	0.00738886823	0	34	0	0	3
214	264	0	1.92009358	0.0152305291	0.0227584381	0.0146455382	0.0380396989	0.0211681451	0.00738886823	0	34.9	0	0	3
215	265	0	1.92906598	0.0158097722	0.0226393643	0.0146455382	0.0380396989	0.0206567393	0.00738886823	0	35.7	0	0	3
216	266	0	1.93803838	0.0147449714	0.022504396	0.0146455382	0.0380396989	0.0201348711	0.00738886823	0	36.6	0	0	3
217	268	0	1.94701078	0.0151872768	0.0223553804	0.0146455382	0.0380396989	0.0195895316	0.00738886823	0	37.7	0	0	3
218	269	0	1.95598318	0.0145389004	0.0221632036	0.0145389004	0.0380396989	0.0190515698	0.00738886823	0	38.7	0	0	3
219	270	0	1.96495558	0.0156823849	0.0219513523	0.0145389004	0.0380396989	0.0185597004	0.00738886823	0	39.8	0	0	3
220	271	0	1.97392798	0.0136591761	0.0216973554	0.0136591761	0.0380396989	0.0181055941	0.00738886823	0	40.8	0	0	3
221	272	0	1.98290038	0.0114434327	0.0214018367	0.0114434327	0.0380396989	0.0177180051	0.00738886823	0	41.7	0	0	3
222	274	0	1.99187278	0.0073777563	0.0210812778	0.0073777563	0.0380396989	0.0173828082	0.00738886823	0	42.5	0	0	3
223	275	0	2.00084518	0.00316186067	0.0207314976	0.00316186067	0.0380396989	0.0170788188	0.00738886823	0	43.2	0	0	3
224	276	0	2.00981758	-0.0010033879	0.0203775706	-0.0010033879	0.0380396989	0.0168020752	0.00738886823	0	43.9	0	0	3
225	277	0	2.01878998	-0.00372599184	0.0200179471	-0.00372599184	0.0380396989	0.0164941042	0.00738886823	0	44.7	0	0	3
226	278	0	2.02776238	-0.00551987248	0.0196328824	-0.00551987248	0.0380396989	0.0160871293	0.00738886823	0	45.9	0	0	3
227	279	0	2.03673478	-0.00550063813	0.0191682784	-0.00551987248	0.0380396989	0.0155898744	0.00738886823	0	47.3	0	0	3
228	281	0	2.04570718	-0.00350411105	0.0186598911	-0.00551987248	0.0380396989	0.0150199846	0.00738886823	0	49.1	0	0	3
229	282	0	2.05467958	-0.000560105397	0.0181099136	-0.00551987248	0.0380396989	0.014417063	0.00738886823	0	51.2	0	0	3
230	283	0	2.06365198	-0.000308663123	0.01752651	-0.00551987248	0.0380396989	0.0138309831	0.00738886823	0	53.4	0	0	3
231	284	0	2.07262438	-0.000441337882	0.016937346	-0.00551987248	0.0380396989	0.0133122546	0.00738886823	0	55.5	0	0	3
232	285	0	2.08159678	-0.00255069928	0.016410532	-0.00551987248	0.0380396989	0.0128618266	0.00738886823	0	57.4	0	0	3
233	287	0	2.09056918	-0.00352117987	0.0159368848	-0.00551987248	0.0380396989	0.0124394169	0.00738886823	0	59.3	0	0	3
234	288	0	2.09954158	-0.00458919187	0.0155076609	-0.00551987248	0.0380396989	0.0119733041	0.00738886823	0	61.7	0	0	3
235	289	0	2.10851398	-0.00187344402	0.0150874587	-0.00551987248	0.0380396989	0.0114042805	0.00738886823	0	64.7	0	0	3
236	290	0	2.11748638	0.00195734771	0.0146366065	-0.00551987248	0.0380396989	0.0107109619	0.00738886823	0	68.9	0	0	3
237	291	0	2.12645878	0.00796913518	0.0141635728	-0.00551987248	0.0380396989	0.00992351934	0.00738886823	0	74.4	0	0	3
238	293	0	2.13543118	0.0113729777	0.0136873814	-0.00551987248	0.0379693834	0.0095184952	0.00738886823	0	77.6	0	0	3
239	294	0	2.14440358	0.0144488453	0.0132673718	-0.00551987248	0.0328783852	0.00993850481	0.00738886823	0	74.3	0	0	3
240	295	0	2.15337598	0.0138719853	0.0129279718	-0.00551987248	0.0278299097	0.0102779048	0.00738886823	0	71.8	0	0	3
241	296	0	2.16234838	0.013942823	0.0126854759	-0.00551987248	0.0278299097	0.0105204007	0.00738886823	0	70.2	0	0	3
242	297	0	2.17132078	0.0131428193	0.0125472976	-0.00551987248	0.0278299097	0.0106585789	0.00738886823	0	69.3	0	0	3
243	298	0	2.18029318	0.0172581955	0.0125190992	-0.00551987248	0.0278299097	0.0106867774	0.00738886823	0	69.1	0	0	3
244	300	0	2.18926558	0.0210389666	0.0125701279	-0.00551987248	0.0278299097	0.0106867774	0.00738886823	0	69.1	0	0	3
245	301	0	2.19823798	0.0248869659	0.0126265242	-0.00551987248	0.0278299097	0.0106867774	0.00738886823	0	69.1	0	0	3
246	302	0	2.20721038	0.0244340725	0.0126117428	-0.00551987248	0.0278299097	0.0106867774	0.00738886823	0	69.1	0	0	3
247	303	0	2.21618278	0.0240609393	0.0125444398	-0.00551987248	0.0259215842	0.0106867774	0.00738886823	0	69.1	0	0	3
248	304	0	2.22515518	0.0199890654	0.0124385019	-0.00551987248	0.0248869659	0.0107673746	0.00738886823	0	68.6	0	0	3
249	305	0	2.23412758	0.0174640652	0.0123456605	-0.00551987248	0.0248869659	0.0108602161	0.00738886823	0	68	0	0	3
250	306	0	2.24309998	0.0161468507	0.012294448	-0.00551987248	0.0248869659	0.0109114286	0.00738886823	0	67.7	0	0	3
251	308	0	2.25207238	0.0168006237	0.0122923958	-0.00551987248	0.0248869659	0.0109134808	0.00738886823	0	67.7	0	0	3
252	309	0	2.26104478	0.0167314991	0.0123023258	-0.00551987248	0.0248869659	0.0109134808	0.00738886823	0	67.7	0	0	3
253	310	0	2.27001718	0.0192449957	0.0123264026	-0.00551987248	0.0248869659	0.0109134808	0.00738886823	0	67.7	0	0	3
254	311	0	2.27898958	0.0200816251	0.0123494196	-0.00551987248	0.0248869659	0.0109134808	0.00738886823	0	67.7	0	0	3
255	312	0	2.28796198	0.0209721368	0.0123499224	-0.00551987248	0.0248869659	0.0109134808	0.00738886823	0	67.7	0	0	3
256	313	0	2.29693438	0.020132491	0.012321593	-0.00551987248	0.0248869659	0.0109134808	0.00738886823	0	67.7	0	0	3
257	315	0	2.30590678	0.0195966009	0.0122862718	-0.00551987248	0.0248869659	0.0109196048	0.00738886823	0	67.6	0	0	3
258	316	0	2.31487918	0.0190866326	0.0122522497	-0.00551987248	0.0248869659	0.0109536269	0.00738886823	0	67.4	0	0	3
259	317	0	2.32385158	0.0220776228	0.0123005353	-0.00551987248	0.0248869659	0.0109536269	0.00738886823	0	67.4	0	0	3
260	318	0	2.33282398	0.0270749244	0.0124574316	-0.00551987248	0.0270749244	0.0109536269	0.00738886823	0	67.4	0	0	3
261	319	0	2.34179638	0.032182116	0.0126875671	-0.00551987248	0.032182116	0.0109536269	0.00738886823	0	67.4	0	0	3
262	321	0	2.35076878	0.0345556551	0.0129525487	-0.00551987248	0.0345556551	0.0109536269	0.00738886823	0	67.4	0	0	3
263	322	0	2.35974118	0.0363680306	0.0132441899	-0.00551987248	0.0363680306	0.0109536269	0.00738886823	0	67.4	0	0	3
264	323	0	2.36871358	0.034402611	0.0135071684	-0.00551987248	0.0363680306	0.0109536269	0.00738886823	0	67.4	0	0	3
265	324	0	2.37768598	0.0330014926	0.0137637354	-0.00551987248	0.0363680306	0.0109536269	0.00738886823	0	67.4	0	0	3
266	325	0	2.38665838	0.031581663	0.0140223418	-0.00551987248	0.0363680306	0.0109039602	0.00738886823	0	67.7	0	0	3
267	326	0	2.39563078	0.0322801291	0.0143074003	-0.00551987248	0.0363680306	0.0107909046	0.00738886823	0	68.4	0	0	3
268	328	0	2.40460318	0.0341040694	0.014654874	-0.00551987248	0.0363680306	0.0106387623	0.00738886823	0	69.4	0	0	3
269	329	0	2.41357557	0.0364002596	0.0150428156	-0.00551987248	0.0364002596	0.0105061884	0.00738886823	0	70.3	0	0	3
270	330	0	2.42254797	0.03689919	0.0154297559	-0.00551987248	0.03689919	0.0103871145	0.00738886823	0	71.1	0	0	3
271	331	0	2.43152037	0.0372365733	0.0158123774	-0.00551987248	0.0372365733	0.0102521463	0.00738886823	0	72	0	0	3
272	333	0	2.44049277	0.0358491468	0.0161892376	-0.00551987248	0.0372365733	0.0101031307	0.00738886823	0	73.1	0	0	3
273	334	0	2.44946517	0.0356244299	0.0165541868	-0.00551987248	0.0372365733	0.00991095389	0.00738886823	0	74.5	0	0	3
274	335	0	2.45843757	0.0340246932	0.0169021474	-0.00551987248	0.0372365733	0.00969910261	0.00738886823	0	76.1	0	0	3
275	336	0	2.46740997	0.0344504741	0.0172372918	-0.00551987248	0.0372365733	0.00944510573	0.00738886823	0	78.2	0	0	3
276	337	0	2.47638237	0.0330923294	0.0175843124	-0.00551987248	0.0372365733	0.00914958699	0.00738886823	0	80.7	0	0	3
277	339	0	2.48535477	0.0326923631	0.0179637576	-0.00551987248	0.0372365733	0.00882902811	0.00738886823	0	83.6	0	0	3
278	340	0	2.49432717	0.0304606452	0.0183759521	-0.00551987248	0.0372365733	0.00847924788	0.00738886823	0	87.1	0	0	3
279	341	0	2.50329957	0.0281301089	0.0188218136	-0.00551987248	0.0372365733	0.0081253209	0.00738886823	0	90.9	0	0	3
280	342	0	2.51227197	0.0245763271	0.0192785943	-0.00551987248	0.0372365733	0.00776569744	0.00738886823	0	95.1	0	0	3
281	344	0	2.52124437	0.0207731909	0.0197160797	-0.00551987248	0.0372365733	0.00746382998	0.00738886823	0	98.9	0	0	3
282	345	0	2.53021677	0.0174518511	0.020126289	-0.00550063813	0.0372365733	0.00787403933	0.00738886823	0	93.8	0	0	3
283	346	0	2.53918917	0.0143393128	0.0204805739	-0.00458919187	0.0372365733	0.00822832416	0.00738886823	0	89.7	0	0	3
284	348	0	2.54816157	0.0120420259	0.0207581835	-0.00458919187	0.0372365733	0.00850593375	0.00738886823	0	86.8	0	0	3
285	349	0	2.55713397	0.0105274459	0.0209561754	-0.00458919187	0.0372365733	0.00870392574	0.00738886823	0	84.8	0	0	3
286	350	0	2.56610637	0.00931090667	0.0211279535	-0.00458919187	0.0372365733	0.00887570377	0.00738886823	0	83.2	0	0	3
287	351	0	2.57507877	0.00947926991	0.0213051072	-0.00458919187	0.0372365733	0.00905285748	0.00738886823	0	81.6	0	0	3
288	353	0	2.58405117	0.00850770061	0.0215025786	-0.00458919187	0.0372365733	0.00925032891	0.00738886823	0	79.8	0	0	3
289	354	0	2.59302357	0.00776986553	0.0217042044	-0.00458919187	0.0372365733	0.00945195472	0.00738886823	0	78.1	0	0	3
290	356	0	2.60199597	0.00523389056	0.0218796166	-0.00187344402	0.0372365733	0.00962736691	0.00738886823	0	76.7	0	0	3
291	357	0	2.61096837	0.00419037795	0.0219878991	0.00195734771	0.0372365733	0.00973564944	0.00738886823	0	75.8	0	0	3
292	358	0	2.61994077	0.00167804994	0.0219829117	0.00167804994	0.0372365733	0.00973564944	0.00738886823	0	75.8	0	0	3
293	360	0	2.62891317	0.00114066745	0.0218609748	0.00114066745	0.0372365733	0.00973564944	0.00738886823	0	75.8	0	0	3
294	362	0	2.63788557	-0.000102630261	0.0216560532	-0.000102630261	0.0372365733	0.00973564944	0.00738886823	0	75.8	0	0	3
295	363	0	2.64685797	0.000214562839	0.0214018696	-0.000102630261	0.0372365733	0.00973564944	0.00738886823	0	75.8	0	0	3
296	365	0	2.65583037	-0.00074845804	0.0211407902	-0.00074845804	0.0372365733	0.00973564944	0.00738886823	0	75.8	0	0	3
297	366	0	2.66480277	-0.00114559274	0.0208713542	-0.00114559274	0.0372365733	0.00973564944	0.00738886823	0	75.8	0	0	3
298	367	0	2.67377517	-0.00317883408	0.0205798961	-0.00317883408	0.0372365733	0.00973564944	0.00738886823	0	75.8	0	0	3
299	369	0	2.68274757	-0.00533717723	0.0201764073	-0.00533717723	0.0372365733	0.00973564944	0.00738886823	0	75.8	0	0	3
300	370	0	2.69171997	-0.0078347433	0.0196608054	-0.0078347433	0.0372365733	0.00973564944	0.00738886823	0	75.8	0	0	3
301	374	0	2.70069237	-0.00923045021	0.0190515658	-0.00923045021	0.0372365733	0.00973564944	0.00738886823	0	75.8	0	0	3
302	375	0	2.70966477	-0.0100081851	0.0184365255	-0.0100081851	0.0372365733	0.00973564944	0.00738886823	0	75.8	0	0	3
303	376	0	2.71863717	-0.0101892395	0.0178249152	-0.0101892395	0.0372365733	0.00973564944	0.00738886823	0	75.8	0	0	3
304	378	0	2.72760957	-0.0103093111	0.0172838727	-0.0103093111	0.0372365733	0.00973564944	0.00738886823	0	75.8	0	0	3
305	379	0	2.73658197	-0.0101890426	0.0167900672	-0.0103093111	0.0372365733	0.00973564944	0.00738886823	0	75.8	0	0	3
306	380	0	2.74555437	-0.0112376164	0.0163010589	-0.0112376164	0.0372365733	0.00973564944	0.00738886823	0	75.8	0	0	3
307	381	0	2.75452677	-0.0119770025	0.0157871727	-0.0119770025	0.0372365733	0.00973564944	0.00738886823	0	75.8	0	0	3
308	383	0	2.76349917	-0.0126577049	0.0152623655	-0.0126577049	0.0372365733	0.00973564944	0.00738886823	0	75.8	0	0	3
309	384	0	2.77247157	-0.011523196	0.0147129335	-0.0126577049	0.0372365733	0.00973564944	0.00738886823	0	75.8	0	0	3
310	385	0	2.78144397	-0.0128646332	0.0141246074	-0.0128646332	0.0372365733	0.00973564944	0.00738886823	0	75.8	0	0	3
311	387	0	2.79041637	-0.0133309422	0.0135120525	-0.0133309422	0.0372365733	0.00973564944	0.00738886823	0	75.8	0	0	3
312	388	0	2.79938877	-0.0140936715	0.012900871	-0.0140936715	0.0372365733	0.00973564944	0.00738886823	0	75.8	0	0	3
313	389	0	2.80836117	-0.0144889098	0.0122922012	-0.0144889098	0.0372365733	0.00973564944	0.00738886823	0	75.8	0	0	3
314	390	0	2.81733357	-0.0151693939	0.0116804864	-0.0151693939	0.0372365733	0.0103074127	0.00738886823	0	71.6	0	0	3
315	392	0	2.82630597	-0.013833145	0.0110392227	-0.0151693939	0.0372365733	0.0109486765	0.00738886823	0	67.4	0	0	3
316	393	0	2.83527837	-0.0123838369	0.010334602	-0.0151693939	0.0372365733	0.0116532972	0.00738886823	0	63.4	0	0	3
317	394	0	2.84425077	-0.0108171876	0.00956675725	-0.0151693939	0.0372365733	0.0124211419	0.00738886823	0	59.4	0	0	3
318	395	0	2.85322317	-0.00965809269	0.00877722604	-0.0151693939	0.0372365733	0.0132106731	0.00738886823	0	55.9	0	0	3
319	397	0	2.86219557	-0.00844755029	0.0079769478	-0.0151693939	0.0372365733	0.0140109513	0.00738886823	0	52.7	0	0	3
320	398	0	2.87116797	-0.00842525423	0.0072121645	-0.0151693939	0.0372365733	0.0147757346	0.00738886823	0	50	0	0	3
321	399	0	2.88014037	-0.00838039892	0.00647320215	-0.0151693939	0.0372365733	0.015514697	0.00738886823	0	47.6	0	0	3
322	401	0	2.88911277	-0.00971754892	0.00573571622	-0.0151693939	0.0372365733	0.0162521829	0.00738886823	0	45.4	0	0	3
323	402	0	2.89808517	-0.0101147822	0.00497866423	-0.0151693939	0.0372365733	0.0170092349	0.00738886823	0	43.4	0	0	3
324	403	0	2.90705757	-0.0111166975	0.00417115054	-0.0151693939	0.0372365733	0.0178167486	0.00738886823	0	41.4	0	0	3
325	405	0	2.91602997	-0.0105152137	0.00333337423	-0.0151693939	0.0372365733	0.0186545249	0.00738886823	0	39.6	0	0	3
326	406	0	2.92500237	-0.00983110816	0.00249890462	-0.0151693939	0.0372365733	0.0194889945	0.00738886823	0	37.9	0	0	3
327	407	0	2.93397477	-0.00803071374	0.00169056021	-0.0151693939	0.0358491468	0.0202973389	0.00738886823	0	36.4	0	0	3
328	408	0	2.94294717	-0.008016544	0.000907244301	-0.0151693939	0.0356244299	0.0210806548	0.00738886823	0	35	0	0	3
329	410	0	2.95191957	-0.00699235017	0.000146230372	-0.0151693939	0.0344504741	0.0218416688	0.00738886823	0	33.8	0	0	3
330	411	0	2.96089197	-0.00867929543	-0.000616340854	-0.0151693939	0.0344504741	0.02260424	0.00738886823	0	32.6	0	0	3
331	413	0	2.96986437	-0.00973000911	-0.00140527806	-0.0151693939	0.0330923294	0.0233931772	0.00738886823	0	31.5	0	0	3
332	414	0	2.97883677	-0.0116347708	-0.00220397627	-0.0151693939	0.0326923631	0.0241918754	0.00738886823	0	30.5	0	0	3
333	415	0	2.98780917	-0.0113595543	-0.00299061766	-0.0151693939	0.0304606452	0.0249785168	0.00738886823	0	29.5	0	0	3
334	417	0	2.99678157	-0.0118348857	-0.00374589499	-0.0151693939	0.0281301089	0.0257337941	0.00738886823	0	28.7	0	0	3
335	418	0	3.00575397	-0.0104788108	-0.00443533999	-0.0151693939	0.0245763271	0.0264232391	0.00738886823	0	27.9	0	0	3
336	419	0	3.01472637	-0.0106001088	-0.00506349063	-0.0151693939	0.0207731909	0.0270513898	0.00738886823	0	27.3	0	0	3
337	420	0	3.02369877	-0.00972978492	-0.00560818663	-0.0151693939	0.0174518511	0.0275960858	0.00738886823	0	26.7	0	0	3
338	422	0	3.03267117	-0.0100296289	-0.00609892734	-0.0151693939	0.0143393128	0.0280868265	0.00738886823	0	26.3	0	0	3
339	423	0	3.04164357	-0.00981778008	-0.006530304	-0.0151693939	0.0120420259	0.0272114198	0.00738886823	0	27.1	0	0	3
340	424	0	3.05061597	-0.0110982692	-0.00694352356	-0.0151693939	0.0105274459	0.0256968398	0.00738886823	0	28.7	0	0	3
341	426	0	3.05958837	-0.010934233	-0.00732676782	-0.0151693939	0.00947926991	0.0246486638	0.00738886823	0	29.9	0	0	3
342	427	0	3.06856077	-0.0120940294	-0.00770899882	-0.0151693939	0.00947926991	0.0246486638	0.00738886823	0	29.9	0	0	3
343	428	0	3.07753317	-0.0111942623	-0.00807816904	-0.0151693939	0.00850770061	0.0236770945	0.00738886823	0	31.2	0	0	3
344	430	0	3.08650557	-0.0112410365	-0.00843082506	-0.0151693939	0.00776986553	0.0229392595	0.00738886823	0	32.2	0	0	3
345	431	0	3.09547797	-0.00914299356	-0.0087328404	-0.0151693939	0.00523389056	0.0204032845	0.00738886823	0	36.2	0	0	3
346	432	0	3.10445037	-0.00848955279	-0.00897790189	-0.0151693939	0.00419037795	0.0193597719	0.00738886823	0	38.1	0	0	3
347	434	0	3.11342277	-0.00539204204	-0.00914901653	-0.0151693939	0.00167804994	0.0168474439	0.00738886823	0	43.8	0	0	3
348	435	0	3.12239517	-0.00363681487	-0.00924392483	-0.0151693939	0.00114066745	0.0163100614	0.00738886823	0	45.3	0	0	3
349	436	0	3.13136757	0.000144898621	-0.00926170642	-0.0151693939	0.000214562839	0.0153839568	0.00738886823	0	48	0	0	3
350	438	0	3.14033997	0.00223850806	-0.00921990038	-0.0151693939	0.00223850806	0.017407902	0.00738886823	0	42.4	0	0	3
351	439	0	3.14931237	0.00500001654	-0.00913444585	-0.0151693939	0.00500001654	0.0201694105	0.00738886823	0	36.6	0	0	3
352	440	0	3.15828477	0.00495501547	-0.00903259811	-0.0151693939	0.00500001654	0.0201694105	0.00738886823	0	36.6	0	0	3
353	442	0	3.16725717	0.00630535992	-0.00889954538	-0.0151693939	0.00630535992	0.0214747538	0.00738886823	0	34.4	0	0	3
354	443	0	3.17622957	0.00533663059	-0.00874748351	-0.0151693939	0.00630535992	0.0214747538	0.00738886823	0	34.4	0	0	3
355	445	0	3.18520197	0.00632367921	-0.00853925393	-0.0151693939	0.00632367921	0.0214930731	0.00738886823	0	34.3	0	0	3
356	446	0	3.19417437	0.00607468843	-0.00829087122	-0.0151693939	0.00632367921	0.0214930731	0.00738886823	0	34.3	0	0	3
357	447	0	3.20314677	0.00802595836	-0.00798272107	-0.0151693939	0.00802595836	0.0231953523	0.00738886823	0	31.8	0	0	3
358	449	0	3.21211917	0.00760078537	-0.00766827517	-0.0151693939	0.00802595836	0.0231953523	0.00738886823	0	31.8	0	0	3
359	450	0	3.22109157	0.00811572148	-0.00734140087	-0.0151693939	0.00811572148	0.0232851154	0.00738886823	0	31.7	0	0	3
360	452	0	3.23006397	0.0063003302	-0.00704480013	-0.0151693939	0.00811572148	0.0232851154	0.00738886823	0	31.7	0	0	3
361	453	0	3.23903637	0.00574843041	-0.0067602024	-0.0151693939	0.00811572148	0.0232851154	0.00738886823	0	31.7	0	0	3
362	454	0	3.24800877	0.0035961218	-0.00649531421	-0.0151693939	0.00811572148	0.0232851154	0.00738886823	0	31.7	0	0	3
363	456	0	3.25698117	0.00307839752	-0.00622646779	-0.0151693939	0.00811572148	0.0232851154	0.00738886823	0	31.7	0	0	3
364	457	0	3.26595357	0.00184610383	-0.0059674712	-0.0151693939	0.00811572148	0.0232851154	0.00738886823	0	31.7	0	0	3
365	458	0	3.27492597	0.00122125978	-0.00573989163	-0.0151693939	0.00811572148	0.0232851154	0.00738886823	0	31.7	0	0	3
366	460	0	3.28389837	-0.00198347262	-0.0055455852	-0.0151693939	0.00811572148	0.0227737589	0.00738886823	0	32.4	0	0	3
367	461	0	3.29287077	-0.0040496313	-0.0053798475	-0.0151693939	0.00811572148	0.0221625774	0.00738886823	0	33.3	0	0	3
368	463	0	3.30184317	-0.00797517509	-0.00527058864	-0.0151693939	0.00811572148	0.0215539076	0.00738886823	0	34.2	0	0	3
369	464	0	3.31081557	-0.0108395153	-0.00520542088	-0.0151693939	0.00811572148	0.0209421928	0.00738886823	0	35.2	0	0	3
370	465	0	3.31978797	-0.014858446	-0.00519986824	-0.014858446	0.00811572148	0.0203009291	0.00738886823	0	36.3	0	0	3
371	467	0	3.32876037	-0.0171911674	-0.00525983292	-0.0171911674	0.00811572148	0.0195963084	0.00738886823	0	37.7	0	0	3
372	468	0	3.33773277	-0.0202216418	-0.00539979373	-0.0202216418	0.00811572148	0.0188284637	0.00738886823	0	39.2	0	0	3
373	469	0	3.34670517	-0.0219553114	-0.00559868879	-0.0219553114	0.00811572148	0.0180389325	0.00738886823	0	40.9	0	0	3
374	471	0	3.35567757	-0.023595518	-0.00584757139	-0.023595518	0.00811572148	0.0172386542	0.00738886823	0	42.8	0	0	3
375	472	0	3.36464997	-0.0237018955	-0.00611997041	-0.0237018955	0.00811572148	0.0164738709	0.00738886823	0	44.8	0	0	3
376	473	0	3.37362236	-0.0247562457	-0.00641159526	-0.0247562457	0.00811572148	0.0157349086	0.00738886823	0	46.9	0	0	3
377	475	0	3.38259476	-0.024770458	-0.00670427488	-0.024770458	0.00811572148	0.0149974226	0.00738886823	0	49.2	0	0	3
378	476	0	3.39156716	-0.0273264576	-0.00701871968	-0.0273264576	0.00811572148	0.0142403707	0.00738886823	0	51.8	0	0	3
379	478	0	3.40053956	-0.0285323149	-0.0073476042	-0.0285323149	0.00811572148	0.013432857	0.00738886823	0	55	0	0	3
380	479	0	3.40951196	-0.0300302827	-0.00768534679	-0.0300302827	0.00811572148	0.0125950806	0.00738886823	0	58.6	0	0	3
381	481	0	3.41848436	-0.0288416281	-0.00801260419	-0.0300302827	0.00811572148	0.011760611	0.00738886823	0	62.8	0	0	3
382	482	0	3.42745676	-0.0279564559	-0.00833627111	-0.0300302827	0.00811572148	0.0109522666	0.00738886823	0	67.4	0	0	3
383	483	0	3.43642916	-0.0247806687	-0.00863537745	-0.0300302827	0.00811572148	0.0101689507	0.00738886823	0	72.6	0	0	3
384	485	0	3.44540156	-0.023341717	-0.00890904125	-0.0300302827	0.00811572148	0.00940793679	0.00738886823	0	78.5	0	0	3
385	486	0	3.45437396	-0.0201436217	-0.00914388539	-0.0300302827	0.00811572148	0.00864536557	0.00738886823	0	85.4	0	0	3
386	487	0	3.46334636	-0.0191408739	-0.00933069929	-0.0300302827	0.00811572148	0.00792542123	0.00738886823	0	93.2	0	0	3
387	489	0	3.47231876	-0.0162867447	-0.00944778385	-0.0300302827	0.00811572148	0.00724380758	0.00738886823	0	100	0	0	3
388	490	0	3.48129116	-0.0152316367	-0.0095120136	-0.0300302827	0.00811572148	0.00652139594	0.00738886823	0	100	0	0	3
389	491	0	3.49026356	-0.0122425104	-0.00952778067	-0.0300302827	0.00811572148	0.00578188568	0.00738886823	0	100	0	0	3
390	493	0	3.49923596	-0.0106461526	-0.0095065533	-0.0300302827	0.00811572148	0.00509244068	0.00738886823	0	100	0	0	3
391	494	0	3.50820836	-0.00712315421	-0.00944663086	-0.0300302827	0.00811572148	0.00446429004	0.00738886823	0	100	0	0	3
392	496	0	3.51718076	-0.00569152466	-0.00935897757	-0.0300302827	0.00811572148	0.00432791244	0.00738886823	0	100	0	0	3
393	497	0	3.52615316	-0.00378125983	-0.00925275391	-0.0300302827	0.00811572148	0.00432791244	0.00738886823	0	100	0	0	3
394	498	0	3.53512556	-0.00342636377	-0.00913483846	-0.0300302827	0.00811572148	0.00432791244	0.00738886823	0	100	0	0	3
395	500	0	3.54409796	-0.00260876304	-0.00900610601	-0.0300302827	0.00811572148	0.00432791244	0.00738886823	0	100	0	0	3
396	501	0	3.55307036	-0.00372760864	-0.00887448707	-0.0300302827	0.00811572148	0.00432791244	0.00738886823	0	100	0	0	3
397	502	0	3.56204276	-0.00330080545	-0.00873817586	-0.0300302827	0.00811572148	0.00432791244	0.00738886823	0	100	0	0	3
398	504	0	3.57101516	-0.00279295419	-0.00857208524	-0.0300302827	0.00811572148	0.00432791244	0.00738886823	0	100	0	0	3
399	505	0	3.57998756	-0.0007462799	-0.00838551412	-0.0300302827	0.00811572148	0.00432791244	0.00738886823	0	100	0	0	3
400	506	0	3.58895996	0.000261106949	-0.0081801187	-0.0300302827	0.00811572148	0.00432791244	0.00738886823	0	100	0	0	3
401	511	0	3.59793236	0.00211225937	-0.00797913204	-0.0300302827	0.00811572148	0.00432791244	0.00738886823	0	100	0	0	3
402	512	0	3.60690476	0.000718679761	-0.00781469932	-0.0300302827	0.00811572148	0.00432791244	0.00738886823	0	100	0	0	3
403	514	0	3.61587716	0.00167590778	-0.00768848593	-0.0300302827	0.00811572148	0.00432791244	0.00738886823	0	100	0	0	3
404	515	0	3.62484956	0.000374500524	-0.0076168553	-0.0300302827	0.00811572148	0.00432791244	0.00738886823	0	100	0	0	3
405	516	0	3.63382196	0.000646110982	-0.00760790508	-0.0300302827	0.00811572148	0.00432791244	0.00738886823	0	100	0	0	3
406	518	0	3.64279436	-0.000474650502	-0.00765635434	-0.0300302827	0.00811572148	0.00432791244	0.00738886823	0	100	0	0	3
407	519	0	3.65176676	-0.000233988558	-0.00774981871	-0.0300302827	0.00811572148	0.00432791244	0.00738886823	0	100	0	0	3
408	521	0	3.66073916	-0.0017391152	-0.00786935676	-0.0300302827	0.00811572148	0.00432791244	0.00738886823	0	100	0	0	3
409	522	0	3.66971156	-0.00278183465	-0.00803162809	-0.0300302827	0.00811572148	0.00432791244	0.00738886823	0	100	0	0	3
410	523	0	3.67868396	-0.00591660076	-0.00823257865	-0.0300302827	0.00811572148	0.00432791244	0.00738886823	0	100	0	0	3
411	525	0	3.68765636	-0.00831443326	-0.00849397352	-0.0300302827	0.00811572148	0.00432791244	0.00738886823	0	100	0	0	3
412	526	0	3.69662876	-0.0119068131	-0.00881507176	-0.0300302827	0.00811572148	0.00432791244	0.00738886823	0	100	0	0	3
