Iteration	CPUTime	PhysTime	Travels	Value	AvValue	MinValue	MaxValue	Delta	Criteria	PrevAvRefValue	Progress	CriteriaType	CriteriaVarType	CriteriaPercentage
1	6	0	0.00897167416	0.129911032	0.129911032	0.129911032	0.129911032	0	0	0	0	0	0	3
2	7	0	0.0179433483	0.0359412484	0.0829261401	0.0359412484	0.129911032	0.0469848917	0	0	0	0	0	3
3	8	0	0.0269150225	0.0230597491	0.0629706764	0.0230597491	0.129911032	0.0669403553	0	0	0	0	0	3
4	9	0	0.0358866967	0.0147575527	0.0509173955	0.0147575527	0.129911032	0.0789936363	0	0	0	0	0	3
5	9	0	0.0448583708	0.0156215742	0.0438582312	0.0147575527	0.129911032	0.0860528005	0	0	0	0	0	3
6	10	0	0.053830045	0.0148838438	0.0390291666	0.0147575527	0.129911032	0.0908818651	0	0	0	0	0	3
7	11	0	0.0628017192	0.0147949495	0.0355671356	0.0147575527	0.129911032	0.0943438961	0	0	0	0	0	3
8	12	0	0.0717733933	0.0149273517	0.0329871626	0.0147575527	0.129911032	0.0969238691	0	0	0	0	0	3
9	12	0	0.0807450675	0.0146562443	0.0309503939	0.0146562443	0.129911032	0.0989606378	0	0	0	0	0	3
10	13	0	0.0897167416	0.0167843863	0.0295337932	0.0146562443	0.129911032	0.100377239	0	0	0	0	0	3
11	14	0	0.0986884158	0.0165351134	0.028352095	0.0146562443	0.129911032	0.101558937	0	0	0	0	0	3
12	15	0	0.10766009	0.016704833	0.0273814898	0.0146562443	0.129911032	0.102529542	0	0	0	0	0	3
13	16	0	0.116631764	0.0155658187	0.0264725921	0.0146562443	0.129911032	0.10343844	0	0	0	0	0	3
14	16	0	0.125603438	0.0157416627	0.0257060971	0.0146562443	0.129911032	0.104204935	0	0	0	0	0	3
15	17	0	0.134575112	0.0151060581	0.0249994278	0.0146562443	0.129911032	0.104911604	0	0	0	0	0	3
16	18	0	0.143546787	0.0151451944	0.0243835382	0.0146562443	0.129911032	0.105527494	0	0	0	0	0	3
17	19	0	0.152518461	0.0146961442	0.0238136915	0.0146562443	0.129911032	0.10609734	0	0	0	0	0	3
18	19	0	0.161490135	0.0151428513	0.0233319782	0.0146562443	0.129911032	0.106579054	0	0	0	0	0	3
19	20	0	0.170461809	0.0150839629	0.0228978721	0.0146562443	0.129911032	0.10701316	0	0	0	0	0	3
20	21	0	0.179433483	0.0153584971	0.0225209034	0.0146562443	0.129911032	0.107390128	0	0	0	0	0	3
21	21	0	0.188405157	0.0152094757	0.0221727402	0.0146562443	0.129911032	0.107738292	0	0	0	0	0	3
22	22	0	0.197376832	0.0156498926	0.0218762471	0.0146562443	0.129911032	0.108034785	0	0	0	0	0	3
23	23	0	0.206348506	0.0157725373	0.0216108684	0.0146562443	0.129911032	0.108300163	0	0	0	0	0	3
24	24	0	0.21532018	0.0160936096	0.0213809826	0.0146562443	0.129911032	0.108530049	0	0	0	0	0	3
25	24	0	0.224291854	0.0160793731	0.0211689182	0.0146562443	0.129911032	0.108742114	0	0	0	0	0	3
26	26	0	0.233263528	0.0162895234	0.0209812492	0.0146562443	0.129911032	0.108929783	0	0	0	0	0	3
27	26	0	0.242235202	0.0162425792	0.0208057429	0.0146562443	0.129911032	0.109105289	0	0	0	0	0	3
28	27	0	0.251206877	0.0164075271	0.0206486638	0.0146562443	0.129911032	0.109262368	0	0	0	0	0	3
29	28	0	0.260178551	0.0163345932	0.0204999027	0.0146562443	0.129911032	0.109411129	0	0	0	0	0	3
30	29	0	0.269150225	0.0164451995	0.0203647459	0.0146562443	0.129911032	0.109546286	0	0	0	0	0	3
31	29	0	0.278121899	0.0163984523	0.020236801	0.0146562443	0.129911032	0.109674231	0	0	0	0	0	3
32	30	0	0.287093573	0.0164334744	0.020117947	0.0146562443	0.129911032	0.109793085	0	0	0	0	0	3
33	31	0	0.296065247	0.0163499049	0.0200037639	0.0146562443	0.129911032	0.109907268	0	0	0	0	0	3
34	32	0	0.305036922	0.0163788703	0.0198971494	0.0146562443	0.129911032	0.110013882	0	0	0	0	0	3
35	33	0	0.314008596	0.0162732529	0.0197936095	0.0146562443	0.129911032	0.110117422	0	0	0	0	0	3
36	33	0	0.32298027	0.0162598456	0.0196954494	0.0146562443	0.129911032	0.110215582	0	0	0	0	0	3
37	34	0	0.331951944	0.0160747741	0.0195975933	0.0146562443	0.129911032	0.110313438	0	0	0	0	0	3
38	35	0	0.340923618	0.0159968562	0.0195028371	0.0146562443	0.129911032	0.110408195	0	0	0	0	0	3
39	36	0	0.349895292	0.0158180462	0.0194083553	0.0146562443	0.129911032	0.110502676	0	0	0	0	0	3
40	37	0	0.358866967	0.0158215492	0.0193186851	0.0146562443	0.129911032	0.110592347	0	0	0	0	0	3
41	38	0	0.367838641	0.0156750377	0.0192298157	0.0146562443	0.129911032	0.110681216	0	0	0	0	0	3
42	38	0	0.376810315	0.0156676346	0.0191450018	0.0146562443	0.129911032	0.11076603	0	0	0	0	0	3
43	39	0	0.385781989	0.0154821961	0.0190598203	0.0146562443	0.129911032	0.110851211	0	0	0	0	0	3
44	40	0	0.394753663	0.0155489624	0.0189800281	0.0146562443	0.129911032	0.110931004	0	0	0	0	0	3
45	41	0	0.403725337	0.0154117333	0.0189007326	0.0146562443	0.129911032	0.111010299	0	0	0	0	0	3
46	42	0	0.412697012	0.0153867871	0.0188243425	0.0146562443	0.129911032	0.111086689	0	0	0	0	0	3
47	43	0	0.421668686	0.0152718906	0.0187487584	0.0146562443	0.129911032	0.111162273	0	0	0	0	0	3
48	43	0	0.43064036	0.0152644584	0.0186761688	0.0146562443	0.129911032	0.111234863	0	0	0	0	0	3
49	44	0	0.439612034	0.0151676435	0.0186045663	0.0146562443	0.129911032	0.111306465	0	0	0	0	0	3
50	45	0	0.448583708	0.0151022012	0.018534519	0.0146562443	0.129911032	0.111376513	0	0	0	0	0	3
51	46	0	0.457555382	0.0150213959	0.0184656342	0.0146562443	0.129911032	0.111445398	0	0	0	0	0	3
52	47	0	0.466527057	0.015036653	0.0183996923	0.0146562443	0.129911032	0.111511339	0	0	0	0	0	3
53	47	0	0.475498731	0.0149298338	0.0183342232	0.0146562443	0.129911032	0.111576809	0	0	0	0	0	3
54	48	0	0.484470405	0.0149165301	0.0182709326	0.0146562443	0.129911032	0.111640099	0	0	0	0	0	3
55	49	0	0.493442079	0.0148814809	0.0182093062	0.0146562443	0.129911032	0.111701726	0	0	0	0	0	3
56	50	0	0.502413753	0.0148658717	0.018149602	0.0146562443	0.129911032	0.11176143	0	0	0	0	0	3
57	51	0	0.511385427	0.0148054658	0.0160941455	0.0146562443	0.0359412484	0.0212850041	0	0	0	0	0	3
58	51	0	0.520357102	0.0148607745	0.0157177085	0.0146562443	0.0230597491	0.0084035048	0	0	0	0	0	3
59	52	0	0.529328776	0.0147536084	0.0155693845	0.0146562443	0.0167843863	0.00212814198	0	0	0	0	0	3
60	53	0	0.53830045	0.0147622934	0.0155694692	0.0146562443	0.0167843863	0.00212814198	0	0	0	0	0	3
61	54	0	0.547272124	0.0147220492	0.0155534062	0.0146562443	0.0167843863	0.00212814198	0	0	0	0	0	3
62	54	0	0.556243798	0.0146421773	0.0155490908	0.0146421773	0.0167843863	0.00214220895	0	0	0	0	0	3
63	55	0	0.565215472	0.0146577915	0.0155466415	0.0146421773	0.0167843863	0.00214220895	0	0	0	0	0	3
64	56	0	0.574187147	0.014584759	0.0155405238	0.014584759	0.0167843863	0.00219962721	0	0	0	0	0	3
65	57	0	0.583158821	0.0146977183	0.0155412644	0.014584759	0.0167843863	0.00219962721	0	0	0	0	0	3
66	58	0	0.592130495	0.0145245885	0.0155009109	0.0145245885	0.016704833	0.00218024445	0	0	0	0	0	3
67	58	0	0.601102169	0.0146811892	0.0154678051	0.0145245885	0.016704833	0.00218024445	0	0	0	0	0	3
68	59	0	0.610073843	0.0145217975	0.0154288223	0.0145217975	0.0164451995	0.00192340199	0	0	0	0	0	3
69	60	0	0.619045517	0.0146701357	0.015412828	0.0145217975	0.0164451995	0.00192340199	0	0	0	0	0	3
70	61	0	0.628017192	0.0144840109	0.0153903699	0.0144840109	0.0164451995	0.00196118861	0	0	0	0	0	3
71	62	0	0.636988866	0.0146616416	0.0153824339	0.0144840109	0.0164451995	0.00196118861	0	0	0	0	0	3
72	62	0	0.64596054	0.0145611165	0.0153720039	0.0144840109	0.0164451995	0.00196118861	0	0	0	0	0	3
73	63	0	0.654932214	0.0146434997	0.0153710639	0.0144840109	0.0164451995	0.00196118861	0	0	0	0	0	3
74	64	0	0.663903888	0.0145420786	0.0153603358	0.0144840109	0.0164451995	0.00196118861	0	0	0	0	0	3
75	65	0	0.672875562	0.014710061	0.015353659	0.0144840109	0.0164451995	0.00196118861	0	0	0	0	0	3
76	66	0	0.681847237	0.0145205518	0.0153386956	0.0144840109	0.0164451995	0.00196118861	0	0	0	0	0	3
77	66	0	0.690818911	0.0146455973	0.0153286264	0.0144840109	0.0164451995	0.00196118861	0	0	0	0	0	3
78	67	0	0.699790585	0.01449049	0.0153079228	0.0144840109	0.0164451995	0.00196118861	0	0	0	0	0	3
79	68	0	0.708762259	0.0146456726	0.0152878002	0.0144840109	0.0164451995	0.00196118861	0	0	0	0	0	3
80	69	0	0.717733933	0.0145082565	0.0152594903	0.0144840109	0.0164451995	0.00196118861	0	0	0	0	0	3
81	70	0	0.726705607	0.0146688716	0.0152343028	0.0144840109	0.0164451995	0.00196118861	0	0	0	0	0	3
82	71	0	0.735677282	0.0145281081	0.0152028489	0.0144840109	0.0164451995	0.00196118861	0	0	0	0	0	3
83	71	0	0.744648956	0.014685601	0.0151750458	0.0144840109	0.0164451995	0.00196118861	0	0	0	0	0	3
84	72	0	0.75362063	0.0145624427	0.0151420978	0.0144840109	0.0164451995	0.00196118861	0	0	0	0	0	3
85	73	0	0.762592304	0.0147445853	0.0151137048	0.0144840109	0.0164451995	0.00196118861	0	0	0	0	0	3
86	74	0	0.771563978	0.0146566285	0.015081766	0.0144840109	0.0164334744	0.00194946349	0	0	0	0	0	3
87	75	0	0.780535652	0.0148180119	0.0150535439	0.0144840109	0.0164334744	0.00194946349	0	0	0	0	0	3
88	75	0	0.789507327	0.0147210289	0.0150229645	0.0144840109	0.0163788703	0.00189485945	0	0	0	0	0	3
89	76	0	0.798479001	0.0148624209	0.0149964023	0.0144840109	0.0163788703	0.00189485945	0	0	0	0	0	3
90	77	0	0.807450675	0.0147221707	0.0149668184	0.0144840109	0.0162732529	0.00178924203	0	0	0	0	0	3
91	78	0	0.816422349	0.0148811767	0.0149419599	0.0144840109	0.0162598456	0.0017758347	0	0	0	0	0	3
92	79	0	0.825394023	0.0147341383	0.0149147151	0.0144840109	0.0160747741	0.00159076324	0	0	0	0	0	3
93	79	0	0.834365697	0.0148247696	0.0148923936	0.0144840109	0.0159968562	0.0015128453	0	0	0	0	0	3
94	80	0	0.843337372	0.0147200556	0.0148695936	0.0144840109	0.0158215492	0.00133753834	0	0	0	0	0	3
95	81	0	0.852309046	0.014848836	0.0148522863	0.0144840109	0.0158215492	0.00133753834	0	0	0	0	0	3
96	82	0	0.86128072	0.0146964458	0.0148321951	0.0144840109	0.0156750377	0.00119102684	0	0	0	0	0	3
97	83	0	0.870252394	0.0147268479	0.0148152632	0.0144840109	0.0156676346	0.00118362374	0	0	0	0	0	3
98	83	0	0.879224068	0.0146779844	0.0147975908	0.0144840109	0.0155489624	0.00106495154	0	0	0	0	0	3
99	84	0	0.888195742	0.0146827008	0.0147833141	0.0144840109	0.0155489624	0.00106495154	0	0	0	0	0	3
100	85	0	0.897167416	0.0145583974	0.0147656255	0.0144840109	0.0154117333	0.000927722362	0	0	0	0	0	3
101	89	0	0.906139091	0.0146128452	0.0147513596	0.0144840109	0.0153867871	0.000902776259	0	0	0	0	0	3
102	90	0	0.915110765	0.014469195	0.014734974	0.014469195	0.0152718906	0.000802695646	0	0	0	0	0	3
103	91	0	0.924082439	0.0145130818	0.0147214239	0.014469195	0.0152644584	0.000795263356	0	0	0	0	0	3
104	92	0	0.933054113	0.0144335455	0.0147065862	0.0144335455	0.0151676435	0.000734097993	0	0	0	0	0	3
105	93	0	0.942025787	0.014416684	0.0146931762	0.014416684	0.0151022012	0.000685517245	0	0	0	0	0	3
106	93	0	0.950997461	0.0143577439	0.0146798823	0.0143577439	0.015036653	0.00067890908	0	0	0	0	0	3
107	94	0	0.959969136	0.014383543	0.0146684921	0.0143577439	0.015036653	0.00067890908	0	0	0	0	0	3
108	95	0	0.96894081	0.0143686719	0.0146565638	0.0143577439	0.0149298338	0.000572089879	0	0	0	0	0	3
109	96	0	0.977912484	0.0142900327	0.0146451388	0.0142900327	0.0149165301	0.000626497394	0	0	0	0	0	3
110	97	0	0.986884158	0.0143904492	0.0146357445	0.0142900327	0.0148814809	0.000591448244	0	0	0	0	0	3
111	98	0	0.995855832	0.0142901699	0.0146251854	0.0142900327	0.0148811767	0.000591144046	0	0	0	0	0	3
112	98	0	1.00482751	0.0143822129	0.0146165486	0.0142900327	0.0148811767	0.000591144046	0.000263091492	0	44.5	0	0	3
113	99	0	1.01379918	0.0142701884	0.0146069901	0.0142701884	0.0148811767	0.000610988355	0.000263686822	0	43.1	0	0	3
114	100	0	1.02277085	0.0143496332	0.0145978626	0.0142701884	0.0148811767	0.000610988355	0.000263686822	0	43.1	0	0	3
115	101	0	1.03174253	0.0142115763	0.0145881834	0.0142115763	0.0148811767	0.00066960046	0.000263091492	0	39.2	0	0	3
116	102	0	1.0407142	0.0142962521	0.0145798612	0.0142115763	0.0148811767	0.00066960046	0.000263091492	0	39.2	0	0	3
117	102	0	1.04968588	0.0141892382	0.0145703468	0.0141892382	0.0148811767	0.000691938462	0.000263091492	0	38	0	0	3
118	103	0	1.05865755	0.0142716956	0.014563731	0.0141892382	0.0148811767	0.000691938462	0.000263091492	0	38	0	0	3
119	104	0	1.06762923	0.0141412696	0.0145545074	0.0141412696	0.0148811767	0.000739907081	0.000263091492	0	35.5	0	0	3
120	105	0	1.0766009	0.0142642451	0.014548784	0.0141412696	0.0148811767	0.000739907081	0.000263091492	0	35.5	0	0	3
121	106	0	1.08557257	0.0142055517	0.0145399953	0.0141412696	0.0148811767	0.000739907081	0.000263091492	0	35.5	0	0	3
122	106	0	1.09454425	0.0142324384	0.0145347783	0.0141412696	0.0148811767	0.000739907081	0.000263091492	0	35.5	0	0	3
123	107	0	1.10351592	0.0141921512	0.0145260455	0.0141412696	0.0148811767	0.000739907081	0.000263091492	0	35.5	0	0	3
124	108	0	1.1124876	0.0142411194	0.0145210334	0.0141412696	0.0148811767	0.000739907081	0.000263091492	0	35.5	0	0	3
125	109	0	1.12145927	0.0141492361	0.0145117316	0.0141412696	0.0148811767	0.000739907081	0.000263091492	0	35.5	0	0	3
126	110	0	1.13043094	0.0142202982	0.0145070224	0.0141412696	0.0148811767	0.000739907081	0.000263091492	0	35.5	0	0	3
127	111	0	1.13940262	0.0141461781	0.0144978177	0.0141412696	0.0148811767	0.000739907081	0.000263091492	0	35.5	0	0	3
128	111	0	1.14837429	0.0142430173	0.0144921374	0.0141412696	0.0148811767	0.000739907081	0.000263091492	0	35.5	0	0	3
129	112	0	1.15734597	0.0141965693	0.0144841565	0.0141412696	0.0148811767	0.000739907081	0.000263091492	0	35.5	0	0	3
130	113	0	1.16631764	0.0142599757	0.0144791189	0.0141412696	0.0148811767	0.000739907081	0.000263091492	0	35.5	0	0	3
131	114	0	1.17528932	0.0142311509	0.014470567	0.0141412696	0.0148811767	0.000739907081	0.000263091492	0	35.5	0	0	3
132	115	0	1.18426099	0.0142944712	0.0144665298	0.0141412696	0.0148811767	0.000739907081	0.000263091492	0	35.5	0	0	3
133	115	0	1.19323266	0.0142485184	0.0144594391	0.0141412696	0.0148811767	0.000739907081	0.000263091492	0	35.5	0	0	3
134	116	0	1.20220434	0.0142022443	0.0144542919	0.0141412696	0.0148811767	0.000739907081	0.000263091492	0	35.5	0	0	3
135	117	0	1.21117601	0.0142829775	0.0144478152	0.0141412696	0.0148811767	0.000739907081	0.000263091492	0	35.5	0	0	3
136	118	0	1.22014769	0.0141708801	0.0144417906	0.0141412696	0.0148811767	0.000739907081	0.000263091492	0	35.5	0	0	3
137	118	0	1.22911936	0.0142742876	0.0144347445	0.0141412696	0.0148811767	0.000739907081	0.000263091492	0	35.5	0	0	3
138	119	0	1.23809103	0.0141891474	0.0144286916	0.0141412696	0.0148811767	0.000739907081	0.000263091492	0	35.5	0	0	3
139	120	0	1.24706271	0.0142221081	0.0144204149	0.0141412696	0.0148811767	0.000721682894	0.000263091492	0	36.4	0	0	3
140	121	0	1.25603438	0.0141823345	0.0144136273	0.0141412696	0.0148811767	0.000700077543	0.000263091492	0	37.5	0	0	3
141	122	0	1.26500606	0.0142507733	0.0144048092	0.0141412696	0.0148811767	0.000676956846	0.000263091492	0	38.8	0	0	3
142	122	0	1.27397773	0.0141905438	0.0143964863	0.0141412696	0.0148811767	0.000657057636	0.000263091492	0	40	0	0	3
143	123	0	1.28294941	0.0142779341	0.014386842	0.0141412696	0.0148811767	0.0006361225	0.000263091492	0	41.3	0	0	3
144	124	0	1.29192108	0.01424011	0.0143782542	0.0141412696	0.0148811767	0.000618148123	0.000263091492	0	42.5	0	0	3
145	125	0	1.30089275	0.0142485224	0.0143672917	0.0141412696	0.0148811767	0.000599526674	0.000263091492	0	43.8	0	0	3
146	126	0	1.30986443	0.0142614244	0.0143590641	0.0141412696	0.0148811767	0.000582895783	0.000263091492	0	45.1	0	0	3
147	127	0	1.3188361	0.0143506412	0.0143495902	0.0141412696	0.014848836	0.000565124858	0.000263091492	0	46.5	0	0	3
148	127	0	1.32780778	0.0142509136	0.0143409612	0.0141412696	0.014848836	0.000551432362	0.000263091492	0	47.7	0	0	3
149	128	0	1.33677945	0.0143365954	0.0143322438	0.0141412696	0.014848836	0.000537349748	0.000263091492	0	48.9	0	0	3
150	129	0	1.34575112	0.0142669153	0.014324152	0.0141412696	0.014848836	0.000528134214	0.000263091492	0	49.8	0	0	3
151	130	0	1.3547228	0.0143005558	0.0143143613	0.0141412696	0.0147268479	0.000517833799	0.000263091492	0	50.8	0	0	3
152	131	0	1.36369447	0.014206281	0.0143056084	0.0141412696	0.0147268479	0.000509654781	0.000263091492	0	51.6	0	0	3
153	131	0	1.37266615	0.0143173027	0.0142982951	0.0141412696	0.0146827008	0.000499295762	0.000263091492	0	52.6	0	0	3
154	132	0	1.38163782	0.0143160682	0.0142918323	0.0141412696	0.0146827008	0.000491481851	0.000263091492	0	53.5	0	0	3
155	133	0	1.3906095	0.0142329482	0.014283801	0.0141412696	0.0146128452	0.000471575528	0.000263091492	0	55.7	0	0	3
156	134	0	1.39958117	0.0143678916	0.0142803991	0.0141412696	0.0146128452	0.000470960519	0.000263091492	0	55.8	0	0	3
157	135	0	1.40855284	0.0142293309	0.0142735506	0.0141412696	0.0145130818	0.000371812191	0.000263091492	0	70.7	0	0	3
158	135	0	1.41752452	0.0143216001	0.014270915	0.0141412696	0.0145130818	0.000371812191	0.000263091492	0	70.7	0	0	3
159	136	0	1.42649619	0.0142155899	0.0142656027	0.0141412696	0.0144335455	0.000292275832	0.000263091492	0	90	0	0	3
160	137	0	1.43546787	0.0142489751	0.0142623068	0.0141412696	0.014416684	0.000275414369	0.000263091492	0	95.5	0	0	3
161	138	0	1.44443954	0.0142447778	0.014259237	0.0141412696	0.0143904492	0.000249179551	0.000263091492	0	100	0	0	3
162	139	0	1.45341121	0.0142181927	0.014256745	0.0141412696	0.0143904492	0.000249179551	0.000263091492	0	100	0	0	3
163	140	0	1.46238289	0.0142138372	0.0142537146	0.0141412696	0.0143904492	0.000249179551	0.000263091492	0	100	0	0	3
164	140	0	1.47135456	0.0142016238	0.0142507316	0.0141412696	0.0143904492	0.000249179551	0.000263091492	0	100	0	0	3
165	141	0	1.48032624	0.0142585392	0.0142501692	0.0141412696	0.0143904492	0.000249179551	0.000263091492	0	100	0	0	3
166	142	0	1.48929791	0.0141839445	0.0142464816	0.0141412696	0.0143822129	0.00024094323	0.000263091492	0	100	0	0	3
167	143	0	1.49826959	0.0142561947	0.0142458749	0.0141412696	0.0143822129	0.00024094323	0.000263091492	0	100	0	0	3
168	144	0	1.50724126	0.0141577731	0.014241867	0.0141412696	0.0143678916	0.000226621975	0.000263091492	0	100	0	0	3
169	144	0	1.51621293	0.0141758175	0.0142401818	0.0141412696	0.0143678916	0.000226621975	0.000263091492	0	100	0	0	3
170	145	0	1.52518461	0.0141128004	0.0142359527	0.0141128004	0.0143678916	0.000255091176	0.000263091492	0	100	0	0	3
171	146	0	1.53415628	0.0141586696	0.0142350079	0.0141128004	0.0143678916	0.000255091176	0.000263091492	0	100	0	0	3
172	147	0	1.54312796	0.0141322439	0.0142320792	0.0141128004	0.0143678916	0.000255091176	0.000263091492	0	100	0	0	3
173	148	0	1.55209963	0.0141873293	0.0142320451	0.0141128004	0.0143678916	0.000255091176	0.000263091492	0	100	0	0	3
174	148	0	1.5610713	0.0141701857	0.0142302324	0.0141128004	0.0143678916	0.000255091176	0.000263091492	0	100	0	0	3
175	149	0	1.57004298	0.0142744274	0.0142326103	0.0141128004	0.0143678916	0.000255091176	0.000263091492	0	100	0	0	3
176	150	0	1.57901465	0.0141547512	0.014230655	0.0141128004	0.0143678916	0.000255091176	0.000263091492	0	100	0	0	3
177	151	0	1.58798633	0.0142440436	0.0142313424	0.0141128004	0.0143678916	0.000255091176	0.000263091492	0	100	0	0	3
178	152	0	1.596958	0.0142624552	0.0142318784	0.0141128004	0.0143678916	0.000255091176	0.000263091492	0	100	0	0	3
179	152	0	1.60592968	0.0142050734	0.0142321091	0.0141128004	0.0143678916	0.000255091176	0.000263091492	0	100	0	0	3
180	153	0	1.61490135	0.014254291	0.0142323443	0.0141128004	0.0143678916	0.000255091176	0.000263091492	0	100	0	0	3
181	154	0	1.62387302	0.0141704343	0.0142327229	0.0141128004	0.0143678916	0.000255091176	0.000263091492	0	100	0	0	3
182	155	0	1.6328447	0.0142672458	0.0142335612	0.0141128004	0.0143678916	0.000255091176	0.000263091492	0	100	0	0	3
183	156	0	1.64181637	0.0141152898	0.0142330097	0.0141128004	0.0143678916	0.000255091176	0.000263091492	0	100	0	0	3
184	156	0	1.65078805	0.0142732936	0.0142335503	0.0141128004	0.0143678916	0.00025392404	0.000263091492	0	100	0	0	3
185	157	0	1.65975972	0.0141410114	0.0142325582	0.0141128004	0.0143678916	0.000248886488	0.000263091492	0	100	0	0	3
186	158	0	1.66873139	0.0142041484	0.0142315613	0.0141128004	0.0143678916	0.000240334522	0.000263091492	0	100	0	0	3
187	159	0	1.67770307	0.0141714137	0.0142304945	0.0141128004	0.0143678916	0.00023629737	0.000263091492	0	100	0	0	3
188	160	0	1.68667474	0.0142266412	0.0142292833	0.0141128004	0.0143678916	0.000230155822	0.000263091492	0	100	0	0	3
189	160	0	1.69564642	0.0141540439	0.0142275962	0.0141128004	0.0143678916	0.000226695623	0.000263091492	0	100	0	0	3
190	161	0	1.70461809	0.0142334486	0.0142281535	0.0141128004	0.0143678916	0.000220218925	0.000263091492	0	100	0	0	3
191	162	0	1.71358977	0.0141901025	0.014226495	0.0141128004	0.0143678916	0.00021529561	0.000263091492	0	100	0	0	3
192	163	0	1.72256144	0.0141919568	0.0142268714	0.0141128004	0.0143678916	0.000208249467	0.000263091492	0	100	0	0	3
193	164	0	1.73153311	0.0142128114	0.0142257736	0.0141128004	0.0143678916	0.000202918017	0.000263091492	0	100	0	0	3
194	165	0	1.74050479	0.0142602964	0.0142270441	0.0141128004	0.0143678916	0.000194641359	0.000263091492	0	100	0	0	3
195	165	0	1.74947646	0.0143208016	0.0142288065	0.0141128004	0.0143678916	0.000187853713	0.000263091492	0	100	0	0	3
196	166	0	1.75844814	0.0142412422	0.0142298584	0.0141128004	0.0143678916	0.000179035641	0.000263091492	0	100	0	0	3
197	167	0	1.76741981	0.0143328295	0.0142313237	0.0141128004	0.0143678916	0.0001707127	0.000263091492	0	100	0	0	3
198	168	0	1.77639148	0.0142460602	0.014232315	0.0141128004	0.0143678916	0.000161068453	0.000263091492	0	100	0	0	3
199	169	0	1.78536316	0.0143009357	0.0142327258	0.0141128004	0.0143678916	0.000152480616	0.000263091492	0	100	0	0	3
200	169	0	1.79433483	0.0142378261	0.014232685	0.0141128004	0.0143678916	0.000141518142	0.000263091492	0	100	0	0	3
201	174	0	1.80330651	0.0143272234	0.0142340904	0.0141128004	0.0143678916	0.00013329053	0.000263091492	0	100	0	0	3
202	175	0	1.81227818	0.0142223428	0.0142333925	0.0141128004	0.0143678916	0.000123816681	0.000263091492	0	100	0	0	3
203	176	0	1.82124986	0.0142918722	0.014232343	0.0141128004	0.0143678916	0.000115187669	0.000263091492	0	100	0	0	3
204	176	0	1.83022153	0.0142160309	0.0142317201	0.0141128004	0.0143678916	0.000106470272	0.000263091492	0	100	0	0	3
205	177	0	1.8391932	0.0142455661	0.0142300946	0.0141128004	0.0143678916	9.83784814e-05	0.000263091492	0	100	0	0	3
206	178	0	1.84816488	0.0141486113	0.014227982	0.0141128004	0.0143678916	8.85877633e-05	0.000263091492	0	100	0	0	3
207	179	0	1.85713655	0.0142698082	0.014227433	0.0141128004	0.0143678916	7.983482e-05	0.000263091492	0	100	0	0	3
208	179	0	1.86610823	0.014207671	0.0142274578	0.0141128004	0.0143678916	7.25215123e-05	0.000263091492	0	100	0	0	3
209	180	0	1.8750799	0.0142719316	0.0142266476	0.0141128004	0.0143678916	6.60587233e-05	0.000263091492	0	100	0	0	3
210	181	0	1.88405157	0.0141912187	0.0142244182	0.0141128004	0.0143678916	5.9382839e-05	0.000263091492	0	100	0	0	3
211	182	0	1.89302325	0.0142442348	0.0142246197	0.0141128004	0.0143678916	5.59809493e-05	0.000263091492	0	100	0	0	3
212	183	0	1.90199492	0.0142231283	0.0142220346	0.0141128004	0.0143328295	5.15159934e-05	0.000263091492	0	100	0	0	3
213	183	0	1.9109666	0.0142461802	0.0142223355	0.0141128004	0.0143328295	4.88803707e-05	0.000263091492	0	100	0	0	3
214	184	0	1.91993827	0.0141757006	0.0142197302	0.0141128004	0.0143328295	4.58724841e-05	0.000263091492	0	100	0	0	3
215	185	0	1.92890995	0.014223149	0.0142198652	0.0141128004	0.0143328295	4.25765847e-05	0.000263091492	0	100	0	0	3
216	186	0	1.93788162	0.0141897605	0.0142188077	0.0141128004	0.0143328295	4.04292511e-05	0.000263091492	0	100	0	0	3
217	187	0	1.94685329	0.0142167401	0.0142183071	0.0141128004	0.0143328295	3.84379383e-05	0.000263091492	0	100	0	0	3
218	188	0	1.95582497	0.014184573	0.0142177067	0.0141128004	0.0143328295	3.60078306e-05	0.000263091492	0	100	0	0	3
219	188	0	1.96479664	0.0142501543	0.0142183552	0.0141128004	0.0143328295	3.30248298e-05	0.000263091492	0	100	0	0	3
220	189	0	1.97376832	0.0141622809	0.0142176527	0.0141128004	0.0143328295	3.25164785e-05	0.000263091492	0	100	0	0	3
221	190	0	1.98273999	0.0142259621	0.014217071	0.0141128004	0.0143328295	2.94106282e-05	0.000263091492	0	100	0	0	3
222	191	0	1.99171166	0.0141655894	0.0142167432	0.0141128004	0.0143328295	2.91316988e-05	0.000263091492	0	100	0	0	3
223	192	0	2.00068334	0.0141804001	0.0142153897	0.0141128004	0.0143328295	2.64773207e-05	0.000263091492	0	100	0	0	3
224	192	0	2.00965501	0.014125728	0.0142148175	0.0141128004	0.0143328295	2.53643606e-05	0.000263091492	0	100	0	0	3
225	193	0	2.01862669	0.0141861359	0.0142150017	0.0141128004	0.0143328295	2.11352044e-05	0.000263091492	0	100	0	0	3
226	194	0	2.02759836	0.0140988446	0.0142147525	0.0140988446	0.0143328295	2.02553959e-05	0.000263091492	0	100	0	0	3
227	195	0	2.03657004	0.014178234	0.0142151019	0.0140988446	0.0143328295	1.93378516e-05	0.000263091492	0	100	0	0	3
228	196	0	2.04554171	0.0141333231	0.0142151212	0.0140988446	0.0143328295	1.93378516e-05	0.000263091492	0	100	0	0	3
229	197	0	2.05451338	0.0141735607	0.0142148753	0.0140988446	0.0143328295	1.93378516e-05	0.000263091492	0	100	0	0	3
230	197	0	2.06348506	0.0141391362	0.0142143208	0.0140988446	0.0143328295	1.97695382e-05	0.000263091492	0	100	0	0	3
231	198	0	2.07245673	0.0142265204	0.0142134654	0.0140988446	0.0143328295	2.0625021e-05	0.000263091492	0	100	0	0	3
232	199	0	2.08142841	0.0141606948	0.0142135715	0.0140988446	0.0143328295	2.0625021e-05	0.000263091492	0	100	0	0	3
233	200	0	2.09040008	0.0142615579	0.0142138842	0.0140988446	0.0143328295	2.0625021e-05	0.000263091492	0	100	0	0	3
234	201	0	2.09937175	0.0141837399	0.0142124786	0.0140988446	0.0143328295	2.16117589e-05	0.000263091492	0	100	0	0	3
235	201	0	2.10834343	0.0142739229	0.0142137081	0.0140988446	0.0143328295	2.16117589e-05	0.000263091492	0	100	0	0	3
236	202	0	2.1173151	0.0142587527	0.0142137877	0.0140988446	0.0143328295	2.16117589e-05	0.000263091492	0	100	0	0	3
237	203	0	2.12628678	0.0143157739	0.0142163831	0.0140988446	0.0143328295	2.16117589e-05	0.000263091492	0	100	0	0	3
238	204	0	2.13525845	0.0142017492	0.0142152135	0.0140988446	0.0143328295	2.16117589e-05	0.000263091492	0	100	0	0	3
239	205	0	2.14423013	0.0142914271	0.0142183588	0.0140988446	0.0143328295	2.16117589e-05	0.000263091492	0	100	0	0	3
240	206	0	2.1532018	0.0142557365	0.0142180453	0.0140988446	0.0143328295	2.16117589e-05	0.000263091492	0	100	0	0	3
241	206	0	2.16217347	0.0142568335	0.0142201136	0.0140988446	0.0143328295	2.16117589e-05	0.000263091492	0	100	0	0	3
242	207	0	2.17114515	0.0141980772	0.0142200051	0.0140988446	0.0143328295	2.16117589e-05	0.000263091492	0	100	0	0	3
243	208	0	2.18011682	0.0142858981	0.0142220495	0.0140988446	0.0143328295	2.16117589e-05	0.000263091492	0	100	0	0	3
244	209	0	2.1890885	0.0142353155	0.0142222044	0.0140988446	0.0143328295	2.16117589e-05	0.000263091492	0	100	0	0	3
245	210	0	2.19806017	0.0143076452	0.0142249473	0.0140988446	0.0143328295	2.16117589e-05	0.000263091492	0	100	0	0	3
246	210	0	2.20703184	0.0142386289	0.0142250398	0.0140988446	0.0143328295	2.16117589e-05	0.000263091492	0	100	0	0	3
247	211	0	2.21600352	0.0143023198	0.0142270437	0.0140988446	0.0143328295	2.16117589e-05	0.000263091492	0	100	0	0	3
248	212	0	2.22497519	0.0142892334	0.0142287807	0.0140988446	0.0143328295	2.16117589e-05	0.000263091492	0	100	0	0	3
249	213	0	2.23394687	0.0143248161	0.0142307808	0.0140988446	0.0143328295	2.16117589e-05	0.000263091492	0	100	0	0	3
250	214	0	2.24291854	0.0142602344	0.0142307797	0.0140988446	0.0143328295	2.16117589e-05	0.000263091492	0	100	0	0	3
