Iteration	CPUTime	PhysTime	Travels	Value	AvValue	MinValue	MaxValue	Delta	Criteria	PrevAvRefValue	Progress	CriteriaType	CriteriaVarType	CriteriaPercentage
1	7	0	0.00897179511	74.6807317	74.6807317	74.6807317	74.6807317	0	0	0	0	0	0	3
2	9	0	0.0179435902	13.7274939	44.2041128	13.7274939	74.6807317	30.4766189	0	0	0	0	0	3
3	10	0	0.0269153853	8.82813008	32.4121185	8.82813008	74.6807317	42.2686131	0	0	0	0	0	3
4	12	0	0.0358871804	3.60478167	25.2102843	3.60478167	74.6807317	49.4704473	0	0	0	0	0	3
5	13	0	0.0448589755	7.68509525	21.7052465	3.60478167	74.6807317	52.9754851	0	0	0	0	0	3
6	15	0	0.0538307706	3.79299026	18.7198705	3.60478167	74.6807317	55.9608612	0	0	0	0	0	3
7	16	0	0.0628025657	6.44659662	16.9665456	3.60478167	74.6807317	57.714186	0	0	0	0	0	3
8	17	0	0.0717743608	3.4932664	15.2823857	3.4932664	74.6807317	59.3983459	0	0	0	0	0	3
9	19	0	0.080746156	5.82538593	14.231608	3.4932664	74.6807317	60.4491237	0	0	0	0	0	3
10	20	0	0.0897179511	3.4319157	13.1516387	3.4319157	74.6807317	61.5290929	0	0	0	0	0	3
11	21	0	0.0986897462	5.14078805	12.4233796	3.4319157	74.6807317	62.2573521	0	0	0	0	0	3
12	23	0	0.107661541	3.86180772	11.7099153	3.4319157	74.6807317	62.9708164	0	0	0	0	0	3
13	24	0	0.116633336	4.97246335	11.1916497	3.4319157	74.6807317	63.4890819	0	0	0	0	0	3
14	26	0	0.125605131	4.0911178	10.6844689	3.4319157	74.6807317	63.9962628	0	0	0	0	0	3
15	27	0	0.134576927	4.79605316	10.2919078	3.4319157	74.6807317	64.3888238	0	0	0	0	0	3
16	28	0	0.143548722	4.31353018	9.91825923	3.4319157	74.6807317	64.7624724	0	0	0	0	0	3
17	30	0	0.152520517	4.52629708	9.60108499	3.4319157	74.6807317	65.0796467	0	0	0	0	0	3
18	31	0	0.161492312	4.29208224	9.30614039	3.4319157	74.6807317	65.3745913	0	0	0	0	0	3
19	32	0	0.170464107	4.32838941	9.0441535	3.4319157	74.6807317	65.6365782	0	0	0	0	0	3
20	34	0	0.179435902	4.20972585	8.80243212	3.4319157	74.6807317	65.8782995	0	0	0	0	0	3
21	35	0	0.188407697	4.18550769	8.58257857	3.4319157	74.6807317	66.0981531	0	0	0	0	0	3
22	36	0	0.197379492	4.13163487	8.38026295	3.4319157	74.6807317	66.3004687	0	0	0	0	0	3
23	38	0	0.206351287	4.09086793	8.19376751	3.4319157	74.6807317	66.4869641	0	0	0	0	0	3
24	39	0	0.215323083	4.05120023	8.02116054	3.4319157	74.6807317	66.6595711	0	0	0	0	0	3
25	40	0	0.224294878	4.02206722	7.86119681	3.4319157	74.6807317	66.8195348	0	0	0	0	0	3
26	41	0	0.233266673	4.00284868	7.7127988	3.4319157	74.6807317	66.9679329	0	0	0	0	0	3
27	43	0	0.242238468	3.97923105	7.57451852	3.4319157	74.6807317	67.1062131	0	0	0	0	0	3
28	44	0	0.251210263	3.96113885	7.44546924	3.4319157	74.6807317	67.2352624	0	0	0	0	0	3
29	45	0	0.260182058	3.93999306	7.32459075	3.4319157	74.6807317	67.3561409	0	0	0	0	0	3
30	47	0	0.269153853	3.92525878	7.21127969	3.4319157	74.6807317	67.469452	0	0	0	0	0	3
31	48	0	0.278125648	3.90708012	7.10469261	3.4319157	74.6807317	67.5760391	0	0	0	0	0	3
32	50	0	0.287097443	3.89063224	7.00425322	3.4319157	74.6807317	67.6764784	0	0	0	0	0	3
33	51	0	0.296069238	3.87083274	6.90930108	3.4319157	74.6807317	67.7714306	0	0	0	0	0	3
34	53	0	0.305041034	3.85618692	6.81950361	3.4319157	74.6807317	67.861228	0	0	0	0	0	3
35	54	0	0.314012829	3.84043394	6.73438733	3.4319157	74.6807317	67.9463443	0	0	0	0	0	3
36	55	0	0.322984624	3.83121434	6.65374364	3.4319157	74.6807317	68.026988	0	0	0	0	0	3
37	57	0	0.331956419	3.81614118	6.57705168	3.4319157	74.6807317	68.10368	0	0	0	0	0	3
38	58	0	0.340928214	3.80273112	6.50404324	3.4319157	74.6807317	68.1766884	0	0	0	0	0	3
39	60	0	0.349900009	3.79163345	6.43449427	3.4319157	74.6807317	68.2462374	0	0	0	0	0	3
40	61	0	0.358871804	3.78370409	6.36822452	3.4319157	74.6807317	68.3125071	0	0	0	0	0	3
41	63	0	0.367843599	3.77657255	6.3050135	3.4319157	74.6807317	68.3757182	0	0	0	0	0	3
42	64	0	0.376815394	3.76890517	6.24462996	3.4319157	74.6807317	68.4361017	0	0	0	0	0	3
43	65	0	0.38578719	3.75980933	6.18684344	3.4319157	74.6807317	68.4938882	0	0	0	0	0	3
44	67	0	0.394758985	3.75031996	6.1314679	3.4319157	74.6807317	68.5492638	0	0	0	0	0	3
45	68	0	0.40373078	3.74146556	6.07835674	3.4319157	74.6807317	68.6023749	0	0	0	0	0	3
46	70	0	0.412702575	3.73625357	6.02744146	3.4319157	74.6807317	68.6532902	0	0	0	0	0	3
47	71	0	0.42167437	3.72921989	5.97854312	3.4319157	74.6807317	68.7021885	0	0	0	0	0	3
48	73	0	0.430646165	3.72193833	5.93153052	3.4319157	74.6807317	68.7492011	0	0	0	0	0	3
49	74	0	0.43961796	3.71375163	5.88626973	3.4319157	74.6807317	68.7944619	0	0	0	0	0	3
50	76	0	0.448589755	3.70649303	5.8426742	3.4319157	74.6807317	68.8380575	0	0	0	0	0	3
51	77	0	0.45756155	3.69956095	5.80065237	3.4319157	74.6807317	68.8800793	0	0	0	0	0	3
52	79	0	0.466533345	3.69288137	5.76011831	3.4319157	74.6807317	68.9206133	0	0	0	0	0	3
53	80	0	0.475505141	3.68785614	5.72101902	3.4319157	74.6807317	68.9597126	0	0	0	0	0	3
54	82	0	0.484476936	3.68418058	5.68329979	3.4319157	74.6807317	68.9974319	0	0	0	0	0	3
55	83	0	0.493448731	3.67949204	5.64686693	3.4319157	74.6807317	69.0338647	0	0	0	0	0	3
56	85	0	0.502420526	3.67663268	5.61168417	3.4319157	74.6807317	69.0690475	0	0	0	0	0	3
57	86	0	0.511392321	3.67402616	4.34370729	3.4319157	13.7274939	10.2955782	0	0	0	0	0	3
58	88	0	0.520364116	3.67143835	4.16413487	3.4319157	8.82813008	5.39621439	0	0	0	0	0	3
59	89	0	0.529335911	3.66908603	4.07200908	3.4319157	7.68509525	4.25317956	0	0	0	0	0	3
60	91	0	0.538307706	3.66725309	4.07312464	3.4319157	7.68509525	4.25317956	0	0	0	0	0	3
61	92	0	0.547279501	3.66547451	4.0013457	3.4319157	6.44659662	3.01468093	0	0	0	0	0	3
62	94	0	0.556251297	3.66379371	3.99903862	3.4319157	6.44659662	3.01468093	0	0	0	0	0	3
63	95	0	0.565223092	3.66226833	3.94931847	3.4319157	5.82538593	2.39347024	0	0	0	0	0	3
64	97	0	0.574194887	3.66114324	3.95231627	3.4319157	5.82538593	2.39347024	0	0	0	0	0	3
65	98	0	0.583166682	3.65972171	3.9136437	3.4319157	5.14078805	1.70887235	0	0	0	0	0	3
66	100	0	0.592138477	3.65818255	3.91768418	3.65818255	5.14078805	1.4826055	0	0	0	0	0	3
67	101	0	0.601110272	3.65393011	3.89113314	3.65393011	4.97246335	1.31853325	0	0	0	0	0	3
68	103	0	0.610082067	3.64982995	3.88734782	3.64982995	4.97246335	1.3226334	0	0	0	0	0	3
69	105	0	0.619053862	3.6454855	3.86365179	3.6454855	4.79605316	1.15056767	0	0	0	0	0	3
70	106	0	0.628025657	3.64366004	3.85566147	3.64366004	4.79605316	1.15239313	0	0	0	0	0	3
71	108	0	0.636997452	3.64476893	3.83510283	3.64366004	4.52629708	0.882637042	0	0	0	0	0	3
72	109	0	0.645969248	3.64558952	3.82317531	3.64366004	4.52629708	0.882637042	0	0	0	0	0	3
73	111	0	0.654941043	3.64693518	3.80747242	3.64366004	4.32838941	0.684729377	0	0	0	0	0	3
74	112	0	0.663912838	3.64681156	3.79594973	3.64366004	4.32838941	0.684729377	0	0	0	0	0	3
75	114	0	0.672884633	3.64682311	3.78377891	3.64366004	4.20972585	0.566065811	0	0	0	0	0	3
76	115	0	0.681856428	3.6455287	3.77370396	3.64366004	4.18550769	0.54184765	0	0	0	0	0	3
77	117	0	0.690828223	3.6451494	3.7640547	3.64366004	4.13163487	0.487974834	0	0	0	0	0	3
78	118	0	0.699800018	3.64598889	3.75538245	3.64366004	4.09086793	0.447207889	0	0	0	0	0	3
79	120	0	0.708771813	3.64731409	3.74746185	3.64366004	4.05120023	0.407540197	0	0	0	0	0	3
80	122	0	0.717743608	3.64783768	3.74025894	3.64366004	4.02206722	0.378407185	0	0	0	0	0	3
81	123	0	0.726715404	3.6485498	3.73358899	3.64366004	4.00284868	0.35918864	0	0	0	0	0	3
82	125	0	0.735687199	3.64790804	3.72725076	3.64366004	3.97923105	0.335571009	0	0	0	0	0	3
83	127	0	0.744658994	3.64656415	3.72131028	3.64366004	3.96113885	0.317478811	0	0	0	0	0	3
84	128	0	0.753630789	3.6433514	3.71563551	3.6433514	3.93999306	0.296641654	0	0	0	0	0	3
85	130	0	0.762602584	3.64074932	3.71029187	3.64074932	3.92525878	0.284509456	0	0	0	0	0	3
86	131	0	0.771574379	3.63901516	3.70518038	3.63901516	3.90708012	0.268064957	0	0	0	0	0	3
87	133	0	0.780546174	3.64008838	3.70041267	3.63901516	3.89063224	0.251617086	0	0	0	0	0	3
88	135	0	0.789517969	3.63986417	3.69593467	3.63901516	3.87083274	0.231817586	0	0	0	0	0	3
89	136	0	0.798489764	3.63912733	3.69179707	3.63901516	3.85618692	0.217171763	0	0	0	0	0	3
90	138	0	0.80746156	3.63696743	3.68788244	3.63696743	3.84043394	0.20346651	0	0	0	0	0	3
91	139	0	0.816433355	3.63580073	3.68422827	3.63580073	3.83121434	0.195413605	0	0	0	0	0	3
92	141	0	0.82540515	3.63657573	3.68075258	3.63580073	3.81614118	0.18034044	0	0	0	0	0	3
93	143	0	0.834376945	3.63938726	3.67759626	3.63580073	3.80273112	0.16693038	0	0	0	0	0	3
94	144	0	0.84334874	3.64189631	3.67472421	3.63580073	3.79163345	0.15583272	0	0	0	0	0	3
95	146	0	0.852320535	3.64050584	3.6720255	3.63580073	3.78370409	0.147903353	0	0	0	0	0	3
96	147	0	0.86129233	3.63925038	3.66944597	3.63580073	3.77657255	0.140771817	0	0	0	0	0	3
97	149	0	0.870264125	3.63758636	3.66696408	3.63580073	3.76890517	0.133104438	0	0	0	0	0	3
98	150	0	0.87923592	3.63683448	3.66460567	3.63580073	3.75980933	0.124008595	0	0	0	0	0	3
99	152	0	0.888207715	3.63795278	3.66242966	3.63580073	3.75031996	0.114519223	0	0	0	0	0	3
100	154	0	0.897179511	3.63945188	3.66044988	3.63580073	3.74146556	0.105664821	0	0	0	0	0	3
101	159	0	0.906151306	3.64099123	3.65865569	3.63580073	3.73625357	0.10045284	0	0	0	0	0	3
102	161	0	0.915123101	3.64333977	3.65699652	3.63580073	3.72921989	0.0934191546	0	0	0	0	0	3
103	163	0	0.924094896	3.64483268	3.6554896	3.63580073	3.72193833	0.0861375918	0	0	0	0	0	3
104	165	0	0.933066691	3.6447405	3.65411107	3.63580073	3.71375163	0.0779508973	0	0	0	0	0	3
105	166	0	0.942038486	3.64292803	3.65284636	3.63580073	3.70649303	0.0706922988	0	0	0	0	0	3
106	168	0	0.951010281	3.64230974	3.65170023	3.63580073	3.69956095	0.0637602152	0	0	0	0	0	3
107	169	0	0.959982076	3.64314453	3.6506928	3.63580073	3.69288137	0.0570806342	0	0	0	0	0	3
108	171	0	0.968953871	3.64514061	3.64984028	3.63580073	3.68785614	0.0520554005	0	0	0	0	0	3
109	173	0	0.977925667	3.64601416	3.6490931	3.63580073	3.68418058	0.0483798499	0	0	0	0	0	3
110	174	0	0.986897462	3.64659384	3.64842191	3.63580073	3.67949204	0.0436913076	0	0	0	0	0	3
111	176	0	0.995869257	3.64517773	3.64780916	3.63580073	3.67663268	0.0408319464	0	0	0	0	0	3
112	177	0	1.00484105	3.64469637	3.64723887	3.63580073	3.67402616	0.0382254209	0.161886432	0	100	0	0	3
113	179	0	1.01381285	3.64337346	3.6466915	3.63580073	3.67143835	0.0356376165	0.161886432	0	100	0	0	3
114	180	0	1.02278464	3.64427648	3.64620646	3.63580073	3.66908603	0.0332852949	0.161886432	0	100	0	0	3
115	182	0	1.03175644	3.64373659	3.64575379	3.63580073	3.66725309	0.031452358	0.161886432	0	100	0	0	3
116	183	0	1.04072823	3.64327028	3.64532553	3.63580073	3.66547451	0.029673771	0.161886432	0	100	0	0	3
117	185	0	1.04970003	3.64109161	3.64489012	3.63580073	3.66379371	0.0279929764	0.161886432	0	100	0	0	3
118	186	0	1.05867182	3.63922879	3.64445146	3.63580073	3.66226833	0.0264675939	0.161886432	0	100	0	0	3
119	188	0	1.06764362	3.63539868	3.64397165	3.63539868	3.66114324	0.0257445561	0.161886432	0	100	0	0	3
120	189	0	1.07661541	3.63322724	3.64347315	3.63322724	3.65972171	0.0264944741	0.161886432	0	100	0	0	3
121	191	0	1.08558721	3.63104711	3.6429611	3.63104711	3.65818255	0.0271354397	0.161886432	0	100	0	0	3
122	192	0	1.094559	3.63032607	3.64246366	3.63032607	3.65393011	0.0236040334	0.161886432	0	100	0	0	3
123	194	0	1.1035308	3.6279884	3.64200042	3.6279884	3.64982995	0.0218415535	0.161886432	0	100	0	0	3
124	196	0	1.11250259	3.62590821	3.64157324	3.62590821	3.6485498	0.0226415945	0.161886432	0	100	0	0	3
125	197	0	1.12147439	3.62418728	3.64119292	3.62418728	3.6485498	0.0243625224	0.161886432	0	100	0	0	3
126	198	0	1.13044618	3.62272311	3.64081904	3.62272311	3.6485498	0.0258266943	0.161886432	0	100	0	0	3
127	200	0	1.13941798	3.62117944	3.6403978	3.62117944	3.6485498	0.0273703635	0.161886432	0	100	0	0	3
128	201	0	1.14838977	3.6229162	3.63999292	3.62117944	3.6485498	0.0273703635	0.161886432	0	100	0	0	3
129	203	0	1.15736157	3.62252049	3.63955695	3.62117944	3.6485498	0.0273703635	0.161886432	0	100	0	0	3
130	204	0	1.16633336	3.62412743	3.63915187	3.62117944	3.6485498	0.0273703635	0.161886432	0	100	0	0	3
131	206	0	1.17530516	3.62373016	3.6387395	3.62117944	3.6485498	0.0273703635	0.161886432	0	100	0	0	3
132	207	0	1.18427695	3.62525647	3.63837749	3.62117944	3.6485498	0.0273703635	0.161886432	0	100	0	0	3
133	209	0	1.19324875	3.62579676	3.63803191	3.62117944	3.6485498	0.0273703635	0.161886432	0	100	0	0	3
134	210	0	1.20222054	3.62855157	3.63772053	3.62117944	3.6485498	0.0273703635	0.161886432	0	100	0	0	3
135	212	0	1.21119234	3.63018383	3.63741463	3.62117944	3.6485498	0.0273703635	0.161886432	0	100	0	0	3
136	213	0	1.22016413	3.63284557	3.63714692	3.62117944	3.6485498	0.0273703635	0.161886432	0	100	0	0	3
137	215	0	1.22913593	3.63392972	3.63688584	3.62117944	3.64790804	0.0267286057	0.161886432	0	100	0	0	3
138	217	0	1.23810772	3.63656331	3.63668326	3.62117944	3.64659384	0.0254144079	0.161886432	0	100	0	0	3
139	218	0	1.24707952	3.63913982	3.63655068	3.62117944	3.64659384	0.0254144079	0.161886432	0	100	0	0	3
140	220	0	1.25605131	3.64042682	3.63649846	3.62117944	3.64659384	0.0254144079	0.161886432	0	100	0	0	3
141	221	0	1.26502311	3.64214868	3.63652345	3.62117944	3.64659384	0.0254144079	0.161886432	0	100	0	0	3
142	223	0	1.2739949	3.6427901	3.63659086	3.62117944	3.64659384	0.0254144079	0.161886432	0	100	0	0	3
143	224	0	1.2829667	3.64149017	3.63661589	3.62117944	3.64659384	0.0254144079	0.161886432	0	100	0	0	3
144	225	0	1.2919385	3.64113998	3.63663867	3.62117944	3.64659384	0.0254144079	0.161886432	0	100	0	0	3
145	227	0	1.30091029	3.63913402	3.63663879	3.62117944	3.64659384	0.0254144079	0.161886432	0	100	0	0	3
146	229	0	1.30988209	3.63918999	3.63667848	3.62117944	3.64659384	0.0254144079	0.161886432	0	100	0	0	3
147	230	0	1.31885388	3.63650558	3.63669107	3.62117944	3.64659384	0.0254144079	0.161886432	0	100	0	0	3
148	232	0	1.32782568	3.63616038	3.63668365	3.62117944	3.64659384	0.0254144079	0.161886432	0	100	0	0	3
149	233	0	1.33679747	3.63404511	3.63658825	3.62117944	3.64659384	0.0254144079	0.161886432	0	100	0	0	3
150	235	0	1.34576927	3.63408207	3.63644871	3.62117944	3.64659384	0.0254144079	0.161886432	0	100	0	0	3
151	236	0	1.35474106	3.63407396	3.63633386	3.62117944	3.64659384	0.0254144079	0.161886432	0	100	0	0	3
152	238	0	1.36371286	3.63493847	3.63625686	3.62117944	3.64659384	0.0254144079	0.161886432	0	100	0	0	3
153	239	0	1.37268465	3.63492502	3.63620934	3.62117944	3.64659384	0.0254144079	0.161886432	0	100	0	0	3
154	241	0	1.38165645	3.63246353	3.63613128	3.62117944	3.64659384	0.0254144079	0.161886432	0	100	0	0	3
155	242	0	1.39062824	3.62908713	3.63597297	3.62117944	3.64659384	0.0244769089	0.161886432	0	100	0	0	3
156	244	0	1.39960004	3.62940994	3.63579365	3.62117944	3.64659384	0.0228620448	0.161886432	0	100	0	0	3
157	245	0	1.40857183	3.62889131	3.63557758	3.62117944	3.64659384	0.0214189399	0.161886432	0	100	0	0	3
158	247	0	1.41754363	3.62825622	3.63530823	3.62117944	3.64659384	0.0201813746	0.161886432	0	100	0	0	3
159	248	0	1.42651542	3.62499721	3.63495402	3.62117944	3.64659384	0.0191570467	0.161886432	0	100	0	0	3
160	249	0	1.43548722	3.62453899	3.63459328	3.62117944	3.64659384	0.0182530808	0.161886432	0	100	0	0	3
161	251	0	1.44445901	3.6208355	3.63419877	3.6208355	3.64659384	0.0175014601	0.161886432	0	100	0	0	3
162	252	0	1.45343081	3.61979436	3.63379671	3.61979436	3.64659384	0.0168960845	0.161886432	0	100	0	0	3
163	254	0	1.4624026	3.61945607	3.6333737	3.61945607	3.64659384	0.0164665791	0.161886432	0	100	0	0	3
164	255	0	1.4713744	3.62186728	3.63295811	3.61945607	3.64659384	0.0161349963	0.161886432	0	100	0	0	3
165	257	0	1.48034619	3.62403213	3.63256557	3.61945607	3.64659384	0.0158563408	0.161886432	0	100	0	0	3
166	258	0	1.48931799	3.6259984	3.6321978	3.61945607	3.64517773	0.0156113611	0.161886432	0	100	0	0	3
167	260	0	1.49828978	3.62522116	3.63184143	3.61945607	3.64469637	0.0153974371	0.161886432	0	100	0	0	3
168	261	0	1.50726158	3.62342045	3.6314615	3.61945607	3.64427648	0.0152299947	0.161886432	0	100	0	0	3
169	262	0	1.51623337	3.62073714	3.63105728	3.61945607	3.64427648	0.0151491813	0.161886432	0	100	0	0	3
170	264	0	1.52520517	3.61862312	3.63059919	3.61862312	3.64373659	0.0151546084	0.161886432	0	100	0	0	3
171	265	0	1.53417696	3.61981777	3.63017206	3.61862312	3.64327028	0.0151534656	0.161886432	0	100	0	0	3
172	267	0	1.54314876	3.62411457	3.62983	3.61862312	3.6427901	0.0150601229	0.161886432	0	100	0	0	3
173	269	0	1.55212055	3.62725528	3.62958292	3.61862312	3.6427901	0.0148685411	0.161886432	0	100	0	0	3
174	270	0	1.56109235	3.63124553	3.62944036	3.61862312	3.6427901	0.0145312842	0.161886432	0	100	0	0	3
175	272	0	1.57006414	3.63203879	3.62938036	3.61862312	3.6427901	0.0140927823	0.161886432	0	100	0	0	3
176	273	0	1.57903594	3.63085303	3.62933797	3.61862312	3.6427901	0.0136231324	0.161886432	0	100	0	0	3
177	275	0	1.58800773	3.62985209	3.62931663	3.61862312	3.6427901	0.013147035	0.161886432	0	100	0	0	3
178	276	0	1.59697953	3.62822168	3.62927905	3.61862312	3.6427901	0.0127213687	0.161886432	0	100	0	0	3
179	277	0	1.60595132	3.62908006	3.62929854	3.61862312	3.6427901	0.0122941947	0.161886432	0	100	0	0	3
180	279	0	1.61492312	3.62870417	3.62934847	3.61862312	3.6427901	0.0119138693	0.161886432	0	100	0	0	3
181	280	0	1.62389491	3.6290362	3.62943506	3.61862312	3.6427901	0.0115399955	0.161886432	0	100	0	0	3
182	282	0	1.63286671	3.62905696	3.62954816	3.61862312	3.6427901	0.0111187545	0.161886432	0	100	0	0	3
183	283	0	1.6418385	3.63085951	3.62972102	3.61862312	3.6427901	0.010713874	0.161886432	0	100	0	0	3
184	285	0	1.6508103	3.62984752	3.6298448	3.61862312	3.6427901	0.0102778974	0.161886432	0	100	0	0	3
185	286	0	1.65978209	3.62699585	3.62992471	3.61862312	3.6427901	0.00987282359	0.161886432	0	100	0	0	3
186	288	0	1.66875389	3.62500214	3.62994033	3.61862312	3.6427901	0.00946044954	0.161886432	0	100	0	0	3
187	289	0	1.67772568	3.62612293	3.62998306	3.61862312	3.6427901	0.00909844534	0.161886432	0	100	0	0	3
188	291	0	1.68669748	3.62739304	3.63002121	3.61862312	3.6427901	0.00875286238	0.161886432	0	100	0	0	3
189	292	0	1.69566927	3.62974099	3.63009165	3.61862312	3.6427901	0.00844148167	0.161886432	0	100	0	0	3
190	294	0	1.70464107	3.63297443	3.63017063	3.61862312	3.6427901	0.00813558431	0.161886432	0	100	0	0	3
191	295	0	1.71361287	3.63109017	3.63018681	3.61862312	3.6427901	0.00786786804	0.161886432	0	100	0	0	3
192	297	0	1.72258466	3.63026477	3.63014073	3.61862312	3.6427901	0.00760679516	0.161886432	0	100	0	0	3
193	298	0	1.73155646	3.62924406	3.63005705	3.61862312	3.6427901	0.00741201557	0.161886432	0	100	0	0	3
194	299	0	1.74052825	3.62658405	3.62987885	3.61862312	3.6427901	0.00741201557	0.161886432	0	100	0	0	3
195	301	0	1.74950005	3.62408165	3.62960996	3.61862312	3.6427901	0.00741201557	0.161886432	0	100	0	0	3
196	302	0	1.75847184	3.62318289	3.62930203	3.61862312	3.6427901	0.00741201557	0.161886432	0	100	0	0	3
197	304	0	1.76744364	3.6227676	3.62895594	3.61862312	3.6427901	0.00773512766	0.161886432	0	100	0	0	3
198	305	0	1.77641543	3.62227123	3.62858953	3.61862312	3.64149017	0.00810153613	0.161886432	0	100	0	0	3
199	307	0	1.78538723	3.62200964	3.62824166	3.61862312	3.64113998	0.00844940274	0.161886432	0	100	0	0	3
200	308	0	1.79435902	3.62125632	3.6278866	3.61862312	3.63918999	0.00880446814	0.161886432	0	100	0	0	3
201	313	0	1.80333082	3.62196848	3.62758007	3.61862312	3.63918999	0.00911099569	0.161886432	0	100	0	0	3
202	315	0	1.81230261	3.62230065	3.62727847	3.61862312	3.63650558	0.00941259092	0.161886432	0	100	0	0	3
203	316	0	1.82127441	3.62285515	3.62703472	3.61862312	3.63616038	0.00964893158	0.161886432	0	100	0	0	3
204	318	0	1.8302462	3.62272579	3.62679481	3.61862312	3.63493847	0.00979343925	0.161886432	0	100	0	0	3
205	319	0	1.839218	3.62205579	3.62658072	3.61862312	3.63493847	0.00986799426	0.161886432	0	100	0	0	3
206	320	0	1.84818979	3.62470637	3.6264133	3.61862312	3.63493847	0.0099205626	0.161886432	0	100	0	0	3
207	322	0	1.85716159	3.62748333	3.62629561	3.61862312	3.63493847	0.00996125403	0.161886432	0	100	0	0	3
208	323	0	1.86613338	3.62835727	3.62617808	3.61862312	3.63492502	0.0100312514	0.161886432	0	100	0	0	3
209	325	0	1.87510518	3.62727989	3.62604156	3.61862312	3.63297443	0.0100897187	0.161886432	0	100	0	0	3
210	326	0	1.88407697	3.62648627	3.62593483	3.61862312	3.63297443	0.0100381402	0.161886432	0	100	0	0	3
211	328	0	1.89304877	3.62689588	3.6258957	3.61862312	3.63297443	0.00989794931	0.161886432	0	100	0	0	3
212	329	0	1.90202056	3.62698853	3.62585246	3.61862312	3.63297443	0.00972511882	0.161886432	0	100	0	0	3
213	330	0	1.91099236	3.62833089	3.62584245	3.61862312	3.63297443	0.00946577703	0.161886432	0	100	0	0	3
214	332	0	1.91996415	3.63141085	3.62589878	3.61862312	3.63297443	0.00911157221	0.161886432	0	100	0	0	3
215	333	0	1.92893595	3.63131197	3.62601155	3.61862312	3.63297443	0.00875083093	0.161886432	0	100	0	0	3
216	335	0	1.93790774	3.63059989	3.62611978	3.61862312	3.63297443	0.00835632144	0.161886432	0	100	0	0	3
217	336	0	1.94687954	3.62925927	3.6262702	3.61862312	3.63297443	0.00795426097	0.161886432	0	100	0	0	3
218	337	0	1.95585133	3.62585697	3.62637846	3.61862312	3.63297443	0.00753125285	0.161886432	0	100	0	0	3
219	339	0	1.96482313	3.62375799	3.62645528	3.61862312	3.63297443	0.00711565763	0.161886432	0	100	0	0	3
220	340	0	1.97379492	3.62376139	3.62648911	3.61862312	3.63297443	0.00672312133	0.161886432	0	100	0	0	3
221	342	0	1.98276672	3.62553076	3.62651587	3.61862312	3.63297443	0.00635534546	0.161886432	0	100	0	0	3
222	343	0	1.99173851	3.62899676	3.62656941	3.61862312	3.63297443	0.00599897816	0.161886432	0	100	0	0	3
223	345	0	2.00071031	3.63118741	3.62667595	3.61862312	3.63297443	0.00561905105	0.161886432	0	100	0	0	3
224	346	0	2.0096821	3.63302314	3.62684743	3.61862312	3.63302314	0.00521483102	0.161886432	0	100	0	0	3
225	347	0	2.0186539	3.63154721	3.62704046	3.61862312	3.63302314	0.0047567353	0.161886432	0	100	0	0	3
226	349	0	2.02762569	3.6278699	3.62720558	3.61981777	3.63302314	0.00434436024	0.161886432	0	100	0	0	3
227	350	0	2.03659749	3.62357809	3.62727273	3.62125632	3.63302314	0.00434436024	0.161886432	0	100	0	0	3
228	352	0	2.04556928	3.6208037	3.62721361	3.6208037	3.63302314	0.00434436024	0.161886432	0	100	0	0	3
229	353	0	2.05454108	3.61954491	3.62707592	3.61954491	3.63302314	0.00434436024	0.161886432	0	100	0	0	3
230	355	0	2.06351287	3.62213557	3.62691325	3.61954491	3.63302314	0.00434436024	0.161886432	0	100	0	0	3
231	356	0	2.07248467	3.6267188	3.62681825	3.61954491	3.63302314	0.00434436024	0.161886432	0	100	0	0	3
232	357	0	2.08145646	3.62913785	3.62678762	3.61954491	3.63302314	0.00434436024	0.161886432	0	100	0	0	3
233	359	0	2.09042826	3.627988	3.62675433	3.61954491	3.63302314	0.00434436024	0.161886432	0	100	0	0	3
234	360	0	2.09940005	3.62699465	3.62673242	3.61954491	3.63302314	0.00434436024	0.161886432	0	100	0	0	3
235	362	0	2.10837185	3.62425825	3.62664632	3.61954491	3.63302314	0.00434436024	0.161886432	0	100	0	0	3
236	363	0	2.11734364	3.62249968	3.62653552	3.61954491	3.63302314	0.00434436024	0.161886432	0	100	0	0	3
237	364	0	2.12631544	3.62036892	3.62638075	3.61954491	3.63302314	0.00434436024	0.161886432	0	100	0	0	3
238	366	0	2.13528724	3.62109381	3.62623855	3.61954491	3.63302314	0.00434436024	0.161886432	0	100	0	0	3
239	367	0	2.14425903	3.62173462	3.62607561	3.61954491	3.63302314	0.00434436024	0.161886432	0	100	0	0	3
240	369	0	2.15323083	3.62584267	3.62600409	3.61954491	3.63302314	0.00434436024	0.161886432	0	100	0	0	3
241	370	0	2.16220262	3.62753881	3.62601379	3.61954491	3.63302314	0.00434436024	0.161886432	0	100	0	0	3
242	372	0	2.17117442	3.62920489	3.62608884	3.61954491	3.63302314	0.00434436024	0.161886432	0	100	0	0	3
243	373	0	2.18014621	3.62984649	3.62615533	3.61954491	3.63302314	0.00434436024	0.161886432	0	100	0	0	3
244	375	0	2.18911801	3.63025822	3.62620649	3.61954491	3.63302314	0.00434436024	0.161886432	0	100	0	0	3
245	376	0	2.1980898	3.62755392	3.62616744	3.61954491	3.63302314	0.00434436024	0.161886432	0	100	0	0	3
246	377	0	2.2070616	3.62939423	3.6261035	3.61954491	3.63302314	0.00434436024	0.161886432	0	100	0	0	3
247	379	0	2.21603339	3.63197558	3.62611931	3.61954491	3.63302314	0.00429827448	0.161886432	0	100	0	0	3
248	380	0	2.22500519	3.63267496	3.62616235	3.61954491	3.63302314	0.00421460194	0.161886432	0	100	0	0	3
249	382	0	2.23397698	3.63340976	3.62623674	3.61954491	3.63340976	0.00403640081	0.161886432	0	100	0	0	3
250	383	0	2.24294878	3.63341472	3.62635872	3.61954491	3.63341472	0.00376750499	0.161886432	0	100	0	0	3
251	385	0	2.25192057	3.63272525	3.62651307	3.61954491	3.63341472	0.0034595776	0.161886432	0	100	0	0	3
252	386	0	2.26089237	3.6315611	3.62666268	3.61954491	3.63341472	0.00311348681	0.161886432	0	100	0	0	3
253	387	0	2.26986416	3.63111697	3.62681177	3.61954491	3.63341472	0.00274707834	0.161886432	0	100	0	0	3
254	389	0	2.27883596	3.63127716	3.6269726	3.61954491	3.63341472	0.00239921173	0.161886432	0	100	0	0	3
255	390	0	2.28780775	3.63256048	3.627161	3.61954491	3.63341472	0.00204414633	0.161886432	0	100	0	0	3
256	392	0	2.29677955	3.63343009	3.62737839	3.61954491	3.63343009	0.00173761878	0.161886432	0	100	0	0	3
257	393	0	2.30575134	3.63256081	3.62756754	3.61954491	3.63343009	0.00172509011	0.161886432	0	100	0	0	3
258	395	0	2.31472314	3.63083621	3.62771996	3.61954491	3.63343009	0.00187751073	0.161886432	0	100	0	0	3
259	396	0	2.32369493	3.62740087	3.62780113	3.61954491	3.63343009	0.00195868424	0.161886432	0	100	0	0	3
260	397	0	2.33266673	3.62618342	3.62786288	3.61954491	3.63343009	0.00202042763	0.161886432	0	100	0	0	3
261	399	0	2.34163852	3.62324194	3.62788406	3.61954491	3.63343009	0.0020416088	0.161886432	0	100	0	0	3
262	400	0	2.35061032	3.62415513	3.62787422	3.61954491	3.63343009	0.0020416088	0.161886432	0	100	0	0	3
263	402	0	2.35958211	3.62415886	3.62781485	3.61954491	3.63343009	0.0020416088	0.161886432	0	100	0	0	3
264	403	0	2.36855391	3.62662631	3.62778394	3.61954491	3.63343009	0.0020416088	0.161886432	0	100	0	0	3
265	404	0	2.3775257	3.62861842	3.62780784	3.61954491	3.63343009	0.0020416088	0.161886432	0	100	0	0	3
266	406	0	2.3864975	3.63247381	3.62791476	3.61954491	3.63343009	0.00207231251	0.161886432	0	100	0	0	3
267	407	0	2.39546929	3.63562887	3.62807071	3.61954491	3.63562887	0.00222825869	0.161886432	0	100	0	0	3
268	409	0	2.40444109	3.63728566	3.62825459	3.61954491	3.63728566	0.00241213611	0.161886432	0	100	0	0	3
269	410	0	2.41341288	3.63587077	3.62838923	3.61954491	3.63728566	0.00249044406	0.161886432	0	100	0	0	3
270	411	0	2.42238468	3.63459563	3.6284461	3.61954491	3.63728566	0.002442008	0.161886432	0	100	0	0	3
271	413	0	2.43135647	3.63502988	3.62851249	3.61954491	3.63728566	0.00250839937	0.161886432	0	100	0	0	3
272	414	0	2.44032827	3.63715244	3.6286295	3.61954491	3.63728566	0.00262540926	0.161886432	0	100	0	0	3
273	415	0	2.44930006	3.64216398	3.62885994	3.61954491	3.64216398	0.00285585062	0.161886432	0	100	0	0	3
274	417	0	2.45827186	3.64466574	3.62919581	3.61954491	3.64466574	0.00319172137	0.161886432	0	100	0	0	3
275	418	0	2.46724365	3.64547126	3.62958355	3.61954491	3.64547126	0.00357945827	0.161886432	0	100	0	0	3
276	420	0	2.47621545	3.64420133	3.62994855	3.61954491	3.64547126	0.0039444571	0.161886432	0	100	0	0	3
277	421	0	2.48518724	3.64126055	3.63022944	3.61954491	3.64547126	0.00422534629	0.161886432	0	100	0	0	3
278	423	0	2.49415904	3.63658425	3.63036493	3.61954491	3.64547126	0.00436083717	0.161886432	0	100	0	0	3
279	424	0	2.50313083	3.63344124	3.63040517	3.61954491	3.64547126	0.00440108399	0.161886432	0	100	0	0	3
280	425	0	2.51210263	3.63294083	3.6304037	3.61954491	3.64547126	0.00440108399	0.161886432	0	100	0	0	3
281	427	0	2.52107442	3.63320651	3.63043333	3.61954491	3.64547126	0.00442924444	0.161886432	0	100	0	0	3
282	428	0	2.53004622	3.63319755	3.63052847	3.61954491	3.64547126	0.00452438094	0.161886432	0	100	0	0	3
283	429	0	2.53901801	3.63147016	3.6306694	3.61954491	3.64547126	0.00466531074	0.161886432	0	100	0	0	3
284	431	0	2.54798981	3.63126113	3.63085614	3.61954491	3.64547126	0.0048520507	0.161886432	0	100	0	0	3
285	432	0	2.55696161	3.62822318	3.63101111	3.62036892	3.64547126	0.00500701979	0.161886432	0	100	0	0	3
286	434	0	2.5659334	3.62688565	3.63109593	3.62036892	3.64547126	0.00509184278	0.161886432	0	100	0	0	3
287	435	0	2.5749052	3.62696623	3.63110035	3.62036892	3.64547126	0.0050962613	0.161886432	0	100	0	0	3
288	436	0	2.58387699	3.6270833	3.63106366	3.62036892	3.64547126	0.0050962613	0.161886432	0	100	0	0	3
289	438	0	2.59284879	3.62714364	3.63104859	3.62036892	3.64547126	0.0050962613	0.161886432	0	100	0	0	3
290	439	0	2.60182058	3.62761131	3.6310596	3.62036892	3.64547126	0.0050962613	0.161886432	0	100	0	0	3
291	440	0	2.61079238	3.62705694	3.63110957	3.62036892	3.64547126	0.00510548335	0.161886432	0	100	0	0	3
292	441	0	2.61976417	3.62666477	3.63118395	3.62036892	3.64547126	0.00517985985	0.161886432	0	100	0	0	3
293	443	0	2.62873597	3.62613068	3.63128684	3.62109381	3.64547126	0.00528274845	0.161886432	0	100	0	0	3
294	444	0	2.63770776	3.62639728	3.63138154	3.62173462	3.64547126	0.00537745336	0.161886432	0	100	0	0	3
295	446	0	2.64667956	3.62665094	3.63146934	3.62324194	3.64547126	0.0054652449	0.161886432	0	100	0	0	3
296	447	0	2.65565135	3.62872885	3.63152087	3.62324194	3.64547126	0.00550708824	0.161886432	0	100	0	0	3
297	448	0	2.66462315	3.62809985	3.63153089	3.62324194	3.64547126	0.00544205771	0.161886432	0	100	0	0	3
298	450	0	2.67359494	3.6297691	3.63154097	3.62324194	3.64547126	0.00543746392	0.161886432	0	100	0	0	3
299	451	0	2.68256674	3.62905747	3.63152688	3.62324194	3.64547126	0.00543746392	0.161886432	0	100	0	0	3
300	452	0	2.69153853	3.63038933	3.63152922	3.62324194	3.64547126	0.00543746392	0.161886432	0	100	0	0	3
301	457	0	2.70051033	3.62980984	3.6315695	3.62324194	3.64547126	0.00546600001	0.161886432	0	100	0	0	3
302	458	0	2.70948212	3.63255475	3.63162594	3.62324194	3.64547126	0.005506627	0.161886432	0	100	0	0	3
303	460	0	2.71845392	3.63578456	3.63169396	3.62324194	3.64547126	0.00553160535	0.161886432	0	100	0	0	3
304	461	0	2.72742571	3.63778854	3.63178527	3.62324194	3.64547126	0.00554853177	0.161886432	0	100	0	0	3
305	462	0	2.73639751	3.63898208	3.63188478	3.62324194	3.64547126	0.00552606127	0.161886432	0	100	0	0	3
306	464	0	2.7453693	3.6354431	3.631921	3.62324194	3.64547126	0.00540793226	0.161886432	0	100	0	0	3
307	465	0	2.7543411	3.63254813	3.63191784	3.62324194	3.64547126	0.00525832129	0.161886432	0	100	0	0	3
308	466	0	2.76331289	3.62913129	3.63187445	3.62324194	3.64547126	0.00510922538	0.161886432	0	100	0	0	3
309	468	0	2.77228469	3.62777008	3.63181468	3.62324194	3.64547126	0.00494840508	0.161886432	0	100	0	0	3
310	469	0	2.78125648	3.62949177	3.6317828	3.62324194	3.64547126	0.00475999722	0.161886432	0	100	0	0	3
311	470	0	2.79022828	3.62883538	3.63171628	3.62324194	3.64547126	0.00454260839	0.161886432	0	100	0	0	3
312	472	0	2.79920007	3.63216511	3.63169369	3.62324194	3.64547126	0.0043534596	0.161886432	0	100	0	0	3
313	473	0	2.80817187	3.62922918	3.6316342	3.62324194	3.64547126	0.00420103898	0.161886432	0	100	0	0	3
314	475	0	2.81714366	3.62775332	3.63157915	3.62324194	3.64547126	0.00413705985	0.161886432	0	100	0	0	3
315	476	0	2.82611546	3.62447398	3.63152688	3.62324194	3.64547126	0.00413705985	0.161886432	0	100	0	0	3
316	477	0	2.83508725	3.62097604	3.63143389	3.62097604	3.64547126	0.00413705985	0.161886432	0	100	0	0	3
317	479	0	2.84405905	3.61911943	3.63136028	3.61911943	3.64547126	0.00413705985	0.161886432	0	100	0	0	3
318	480	0	2.85303084	3.620089	3.63128767	3.61911943	3.64547126	0.00413705985	0.161886432	0	100	0	0	3
319	481	0	2.86200264	3.62008579	3.63121493	3.61911943	3.64547126	0.00413705985	0.161886432	0	100	0	0	3
320	483	0	2.87097443	3.62240493	3.63113955	3.61911943	3.64547126	0.00411315764	0.161886432	0	100	0	0	3
321	484	0	2.87994623	3.62057803	3.63099597	3.61911943	3.64547126	0.0040062372	0.161886432	0	100	0	0	3
322	485	0	2.88891802	3.61718677	3.63072299	3.61718677	3.64547126	0.00385029102	0.161886432	0	100	0	0	3
323	487	0	2.89788982	3.61273243	3.63031412	3.61273243	3.64547126	0.0036664136	0.161886432	0	100	0	0	3
324	488	0	2.90686161	3.61118892	3.62984811	3.61118892	3.64547126	0.00353177295	0.161886432	0	100	0	0	3
325	490	0	2.91583341	3.61004306	3.6293869	3.61004306	3.64547126	0.00347490183	0.161886432	0	100	0	0	3
326	491	0	2.9248052	3.61059699	3.62895835	3.61004306	3.64547126	0.00340851047	0.161886432	0	100	0	0	3
327	493	0	2.933777	3.61201006	3.62854729	3.61004306	3.64547126	0.0033737139	0.161886432	0	100	0	0	3
328	494	0	2.94274879	3.61458659	3.62814432	3.61004306	3.64547126	0.00377667557	0.161886432	0	100	0	0	3
329	496	0	2.95172059	3.61500184	3.62765929	3.61004306	3.64547126	0.00426171384	0.161886432	0	100	0	0	3
330	497	0	2.96069238	3.61843477	3.62719088	3.61004306	3.64547126	0.00473012385	0.161886432	0	100	0	0	3
331	499	0	2.96966418	3.62004857	3.6267369	3.61004306	3.64420133	0.0051841004	0.161886432	0	100	0	0	3
332	501	0	2.97863598	3.62116432	3.62632552	3.61004306	3.64126055	0.00559547546	0.161886432	0	100	0	0	3
333	503	0	2.98760777	3.62491882	3.62603371	3.61004306	3.63898208	0.00588729211	0.161886432	0	100	0	0	3
334	504	0	2.99657957	3.62939833	3.62590539	3.61004306	3.63898208	0.00601561203	0.161886432	0	100	0	0	3
335	507	0	3.00555136	3.63165075	3.62587342	3.61004306	3.63898208	0.00604758501	0.161886432	0	100	0	0	3
336	508	0	3.01452316	3.63435638	3.62589869	3.61004306	3.63898208	0.00604758501	0.161886432	0	100	0	0	3
337	510	0	3.02349495	3.63260298	3.62588792	3.61004306	3.63898208	0.00604758501	0.161886432	0	100	0	0	3
338	511	0	3.03246675	3.63160732	3.62585952	3.61004306	3.63898208	0.00606148158	0.161886432	0	100	0	0	3
339	513	0	3.04143854	3.63024358	3.62583762	3.61004306	3.63898208	0.00608338469	0.161886432	0	100	0	0	3
340	515	0	3.05041034	3.63019622	3.6258186	3.61004306	3.63898208	0.00610240096	0.161886432	0	100	0	0	3
341	518	0	3.05938213	3.6304144	3.62585773	3.61004306	3.63898208	0.00610240096	0.161886432	0	100	0	0	3
342	519	0	3.06835393	3.63025749	3.62591794	3.61004306	3.63898208	0.00610240096	0.161886432	0	100	0	0	3
343	520	0	3.07732572	3.63027838	3.62597709	3.61004306	3.63898208	0.00610240096	0.161886432	0	100	0	0	3
344	523	0	3.08629752	3.62866302	3.62600529	3.61004306	3.63898208	0.00610240096	0.161886432	0	100	0	0	3
345	524	0	3.09526931	3.62828261	3.62602563	3.61004306	3.63898208	0.00610240096	0.161886432	0	100	0	0	3
346	526	0	3.10424111	3.62781118	3.6260292	3.61004306	3.63898208	0.00610240096	0.161886432	0	100	0	0	3
347	528	0	3.1132129	3.62395267	3.62597377	3.61004306	3.63898208	0.00610240096	0.161886432	0	100	0	0	3
348	529	0	3.1221847	3.62462737	3.62593739	3.61004306	3.63898208	0.00610240096	0.161886432	0	100	0	0	3
349	530	0	3.13115649	3.62463555	3.62591069	3.61004306	3.63898208	0.00610240096	0.161886432	0	100	0	0	3
350	532	0	3.14012829	3.62725741	3.62592605	3.61004306	3.63898208	0.00610240096	0.161886432	0	100	0	0	3
351	534	0	3.14910008	3.63039545	3.62599291	3.61004306	3.63898208	0.00610240096	0.161886432	0	100	0	0	3
352	535	0	3.15807188	3.63469532	3.62609946	3.61004306	3.63898208	0.00610240096	0.161886432	0	100	0	0	3
353	537	0	3.16704367	3.63851486	3.62628544	3.61004306	3.63898208	0.00610240096	0.161886432	0	100	0	0	3
354	538	0	3.17601547	3.64022377	3.62647213	3.61004306	3.64022377	0.00610240096	0.161886432	0	100	0	0	3
355	540	0	3.18498726	3.63932204	3.62665543	3.61004306	3.64022377	0.00610240096	0.161886432	0	100	0	0	3
356	542	0	3.19395906	3.63648127	3.62676421	3.61004306	3.64022377	0.00610240096	0.161886432	0	100	0	0	3
357	543	0	3.20293085	3.63194697	3.62680237	3.61004306	3.64022377	0.00610240096	0.161886432	0	100	0	0	3
358	545	0	3.21190265	3.62875759	3.62673457	3.61004306	3.64022377	0.00610240096	0.161886432	0	100	0	0	3
359	546	0	3.22087444	3.62751395	3.62658688	3.61004306	3.64022377	0.00610240096	0.161886432	0	100	0	0	3
360	548	0	3.22984624	3.62967051	3.62644191	3.61004306	3.64022377	0.00610240096	0.161886432	0	100	0	0	3
361	549	0	3.23881803	3.6320278	3.62631773	3.61004306	3.64022377	0.00610240096	0.161886432	0	100	0	0	3
362	551	0	3.24778983	3.63429503	3.62629723	3.61004306	3.64022377	0.00609923804	0.161886432	0	100	0	0	3
363	552	0	3.25676162	3.63503896	3.62634171	3.61004306	3.64022377	0.0060558485	0.161886432	0	100	0	0	3
364	554	0	3.26573342	3.63113167	3.62637743	3.61004306	3.64022377	0.00599608264	0.161886432	0	100	0	0	3
365	555	0	3.27470521	3.62832393	3.62638732	3.61004306	3.64022377	0.00596420057	0.161886432	0	100	0	0	3
366	557	0	3.28367701	3.62717936	3.62634603	3.61004306	3.64022377	0.00589768092	0.161886432	0	100	0	0	3
367	559	0	3.2926488	3.6268469	3.62631052	3.61004306	3.64022377	0.005875092	0.161886432	0	100	0	0	3
368	560	0	3.3016206	3.62780396	3.62623264	3.61004306	3.64022377	0.00581559866	0.161886432	0	100	0	0	3
369	562	0	3.31059239	3.62931467	3.62623417	3.61004306	3.64022377	0.00576054698	0.161886432	0	100	0	0	3
370	563	0	3.31956419	3.62827186	3.62624343	3.61004306	3.64022377	0.00570828108	0.161886432	0	100	0	0	3
371	565	0	3.32853598	3.62490919	3.6262512	3.61004306	3.64022377	0.00561529201	0.161886432	0	100	0	0	3
372	566	0	3.33750778	3.62186112	3.626267	3.61004306	3.64022377	0.00554167577	0.161886432	0	100	0	0	3
373	568	0	3.34647957	3.62037856	3.62628949	3.61004306	3.64022377	0.00546906621	0.161886432	0	100	0	0	3
374	570	0	3.35545137	3.62306485	3.62634263	3.61004306	3.64022377	0.00539633283	0.161886432	0	100	0	0	3
375	571	0	3.36442316	3.62480755	3.62642694	3.61004306	3.64022377	0.00532095106	0.161886432	0	100	0	0	3
376	573	0	3.37339496	3.6301623	3.62656547	3.61004306	3.64022377	0.00517737275	0.161886432	0	100	0	0	3
377	575	0	3.38236675	3.63442723	3.62681278	3.61004306	3.64022377	0.00490438988	0.161886432	0	100	0	0	3
378	576	0	3.39133855	3.63780866	3.62718102	3.61004306	3.64022377	0.00449552486	0.161886432	0	100	0	0	3
379	578	0	3.40031035	3.63693386	3.62761319	3.61004306	3.64022377	0.00402951158	0.161886432	0	100	0	0	3
380	580	0	3.40928214	3.63419988	3.6280241	3.61004306	3.64022377	0.00356830249	0.161886432	0	100	0	0	3
381	581	0	3.41825394	3.62935221	3.62836891	3.61059699	3.64022377	0.00313975533	0.161886432	0	100	0	0	3
382	583	0	3.42722573	3.62547856	3.62863465	3.61201006	3.64022377	0.0028160517	0.161886432	0	100	0	0	3
383	585	0	3.43619753	3.6261163	3.62888655	3.61458659	3.64022377	0.00306794876	0.161886432	0	100	0	0	3
384	586	0	3.44516932	3.62971719	3.62915674	3.61500184	3.64022377	0.00333813799	0.161886432	0	100	0	0	3
385	588	0	3.45414112	3.63375872	3.62949168	3.61843477	3.64022377	0.0036730823	0.161886432	0	100	0	0	3
386	590	0	3.46311291	3.63646986	3.62981374	3.62004857	3.64022377	0.0039951373	0.161886432	0	100	0	0	3
387	592	0	3.47208471	3.63679142	3.63011272	3.62037856	3.64022377	0.00429411685	0.161886432	0	100	0	0	3
388	593	0	3.4810565	3.63381602	3.63033864	3.62037856	3.64022377	0.00452004003	0.161886432	0	100	0	0	3
389	595	0	3.4900283	3.62904892	3.63041239	3.62037856	3.64022377	0.0045937917	0.161886432	0	100	0	0	3
390	597	0	3.49900009	3.62548491	3.63034251	3.62037856	3.64022377	0.0045937917	0.161886432	0	100	0	0	3
391	598	0	3.50797189	3.62312034	3.63019018	3.62037856	3.64022377	0.0045937917	0.161886432	0	100	0	0	3
392	600	0	3.51694368	3.62352277	3.62999672	3.62037856	3.64022377	0.0045937917	0.161886432	0	100	0	0	3
393	602	0	3.52591548	3.62630667	3.62988429	3.62037856	3.64022377	0.0045937917	0.161886432	0	100	0	0	3
394	604	0	3.53488727	3.63011347	3.62985761	3.62037856	3.64022377	0.0045937917	0.161886432	0	100	0	0	3
395	605	0	3.54385907	3.6299008	3.62985149	3.62037856	3.64022377	0.0045937917	0.161886432	0	100	0	0	3
396	607	0	3.55283086	3.62785297	3.62980965	3.62037856	3.64022377	0.00455466268	0.161886432	0	100	0	0	3
397	608	0	3.56180266	3.62515157	3.62971567	3.62037856	3.64022377	0.00450170301	0.161886432	0	100	0	0	3
398	610	0	3.57077445	3.62310323	3.62958791	3.62037856	3.64022377	0.00450170301	0.161886432	0	100	0	0	3
399	612	0	3.57974625	3.62060678	3.62941521	3.62037856	3.64022377	0.00450170301	0.161886432	0	100	0	0	3
400	613	0	3.58871804	3.62035127	3.62926678	3.62035127	3.64022377	0.00450170301	0.161886432	0	100	0	0	3
401	619	0	3.59768984	3.61839094	3.62909015	3.61839094	3.64022377	0.00450170301	0.161886432	0	100	0	0	3
