Iteration	CPUTime	PhysTime	Travels	Value	AvValue	MinValue	MaxValue	Delta	Criteria	PrevAvRefValue	Progress	CriteriaType	CriteriaVarType	CriteriaPercentage
1	23	0	0.00897155323	-0.0803735725	-0.0803735725	-0.0803735725	-0.0803735725	0	0	0	0	0	0	3
2	27	0	0.0179431065	-0.0202978804	-0.0503357264	-0.0803735725	-0.0202978804	0.030037846	0	0	0	0	0	3
3	31	0	0.0269146597	-0.0111402111	-0.0372705547	-0.0803735725	-0.0111402111	0.0431030178	0	0	0	0	0	3
4	36	0	0.0358862129	-0.00767110786	-0.029870693	-0.0803735725	-0.00767110786	0.0505028795	0	0	0	0	0	3
5	39	0	0.0448577662	-0.00780042927	-0.0254566402	-0.0803735725	-0.00767110786	0.0549169322	0	0	0	0	0	3
6	43	0	0.0538293194	-0.00737169635	-0.0224424829	-0.0803735725	-0.00737169635	0.0579310895	0	0	0	0	0	3
7	47	0	0.0628008726	-0.00680737791	-0.0202088965	-0.0803735725	-0.00680737791	0.060164676	0	0	0	0	0	3
8	51	0	0.0717724258	-0.00712289227	-0.018573146	-0.0803735725	-0.00680737791	0.0618004265	0	0	0	0	0	3
9	55	0	0.0807439791	-0.00742907304	-0.0173349156	-0.0803735725	-0.00680737791	0.0630386568	0	0	0	0	0	3
10	59	0	0.0897155323	-0.00819543589	-0.0164209677	-0.0803735725	-0.00680737791	0.0639526048	0	0	0	0	0	3
11	63	0	0.0986870855	-0.00778630652	-0.0156359985	-0.0803735725	-0.00680737791	0.064737574	0	0	0	0	0	3
12	67	0	0.107658639	-0.00798349782	-0.0149982901	-0.0803735725	-0.00680737791	0.0653752824	0	0	0	0	0	3
13	71	0	0.116630192	-0.00732847297	-0.0144083041	-0.0803735725	-0.00680737791	0.0659652683	0	0	0	0	0	3
14	75	0	0.125601745	-0.00748336918	-0.0139136659	-0.0803735725	-0.00680737791	0.0664599065	0	0	0	0	0	3
15	79	0	0.134573298	-0.0074361465	-0.0134818313	-0.0803735725	-0.00680737791	0.0668917412	0	0	0	0	0	3
16	83	0	0.143544852	-0.0074452897	-0.0131045475	-0.0803735725	-0.00680737791	0.067269025	0	0	0	0	0	3
17	86	0	0.152516405	-0.00723250233	-0.012759133	-0.0803735725	-0.00680737791	0.0676144394	0	0	0	0	0	3
18	90	0	0.161487958	-0.00731557308	-0.012456713	-0.0803735725	-0.00680737791	0.0679168594	0	0	0	0	0	3
19	94	0	0.170459511	-0.00721133053	-0.0121806403	-0.0803735725	-0.00680737791	0.0681929322	0	0	0	0	0	3
20	98	0	0.179431065	-0.00749126132	-0.0119461713	-0.0803735725	-0.00680737791	0.0684274011	0	0	0	0	0	3
21	103	0	0.188402618	-0.0073913281	-0.011729274	-0.0803735725	-0.00680737791	0.0686442984	0	0	0	0	0	3
22	107	0	0.197374171	-0.00756734937	-0.0115400956	-0.0803735725	-0.00680737791	0.0688334768	0	0	0	0	0	3
23	112	0	0.206345724	-0.00759649597	-0.0113686348	-0.0803735725	-0.00680737791	0.0690049377	0	0	0	0	0	3
24	116	0	0.215317278	-0.00763212557	-0.0112129469	-0.0803735725	-0.00680737791	0.0691606256	0	0	0	0	0	3
25	120	0	0.224288831	-0.00761896483	-0.0110691876	-0.0803735725	-0.00680737791	0.0693043848	0	0	0	0	0	3
26	126	0	0.233260384	-0.00768314886	-0.0109389554	-0.0803735725	-0.00680737791	0.0694346171	0	0	0	0	0	3
27	131	0	0.242231937	-0.0076928194	-0.0108187281	-0.0803735725	-0.00680737791	0.0695548444	0	0	0	0	0	3
28	135	0	0.25120349	-0.00771659294	-0.0107079376	-0.0803735725	-0.00680737791	0.0696656349	0	0	0	0	0	3
29	140	0	0.260175044	-0.00771722215	-0.0106048094	-0.0803735725	-0.00680737791	0.069768763	0	0	0	0	0	3
30	145	0	0.269146597	-0.00771998937	-0.0105086488	-0.0803735725	-0.00680737791	0.0698649237	0	0	0	0	0	3
31	151	0	0.27811815	-0.00769203037	-0.0104177901	-0.0803735725	-0.00680737791	0.0699557823	0	0	0	0	0	3
32	156	0	0.287089703	-0.00770640101	-0.0103330592	-0.0803735725	-0.00680737791	0.0700405133	0	0	0	0	0	3
33	162	0	0.296061257	-0.00759232993	-0.0102500068	-0.0803735725	-0.00680737791	0.0701235657	0	0	0	0	0	3
34	166	0	0.30503281	-0.0076365554	-0.0101731406	-0.0803735725	-0.00680737791	0.0702004319	0	0	0	0	0	3
35	171	0	0.314004363	-0.00750340385	-0.0100968624	-0.0803735725	-0.00680737791	0.0702767101	0	0	0	0	0	3
36	176	0	0.322975916	-0.00752381365	-0.0100253888	-0.0803735725	-0.00680737791	0.0703481836	0	0	0	0	0	3
37	181	0	0.33194747	-0.00739074572	-0.00995418224	-0.0803735725	-0.00680737791	0.0704193902	0	0	0	0	0	3
38	186	0	0.340919023	-0.00734184727	-0.00988543659	-0.0803735725	-0.00680737791	0.0704881359	0	0	0	0	0	3
39	191	0	0.349890576	-0.00718562501	-0.00981621065	-0.0803735725	-0.00680737791	0.0705573618	0	0	0	0	0	3
40	196	0	0.358862129	-0.00719147852	-0.00975059235	-0.0803735725	-0.00680737791	0.0706229801	0	0	0	0	0	3
41	200	0	0.367833682	-0.0071088427	-0.00968615943	-0.0803735725	-0.00680737791	0.070687413	0	0	0	0	0	3
42	205	0	0.376805236	-0.00708061886	-0.00962412275	-0.0803735725	-0.00680737791	0.0707494497	0	0	0	0	0	3
43	210	0	0.385776789	-0.00701281448	-0.00956339465	-0.0803735725	-0.00680737791	0.0708101778	0	0	0	0	0	3
44	215	0	0.394748342	-0.00698147728	-0.00950471471	-0.0803735725	-0.00680737791	0.0708688578	0	0	0	0	0	3
45	220	0	0.403719895	-0.00690835401	-0.0094470178	-0.0803735725	-0.00680737791	0.0709265547	0	0	0	0	0	3
46	225	0	0.412691449	-0.00695084048	-0.00939275308	-0.0803735725	-0.00680737791	0.0709808194	0	0	0	0	0	3
47	230	0	0.421663002	-0.00685915234	-0.00933884668	-0.0803735725	-0.00680737791	0.0710347258	0	0	0	0	0	3
48	235	0	0.430634555	-0.00682953737	-0.0092865694	-0.0803735725	-0.00680737791	0.0710870031	0	0	0	0	0	3
49	240	0	0.439606108	-0.0068252081	-0.00923633754	-0.0803735725	-0.00680737791	0.0711372349	0	0	0	0	0	3
50	244	0	0.448577662	-0.00673384355	-0.00918628766	-0.0803735725	-0.00673384355	0.0711872848	0	0	0	0	0	3
51	249	0	0.457549215	-0.00669039686	-0.00913734862	-0.0803735725	-0.00669039686	0.0712362238	0	0	0	0	0	3
52	254	0	0.466520768	-0.00669365192	-0.00909035446	-0.0803735725	-0.00669039686	0.071283218	0	0	0	0	0	3
53	259	0	0.475492321	-0.00656136789	-0.00904263773	-0.0803735725	-0.00656136789	0.0713309347	0	0	0	0	0	3
54	264	0	0.484463874	-0.00656174208	-0.00899669522	-0.0803735725	-0.00656136789	0.0713768772	0	0	0	0	0	3
55	268	0	0.493435428	-0.00652864423	-0.00895182156	-0.0803735725	-0.00652864423	0.0714217509	0	0	0	0	0	3
56	273	0	0.502406981	-0.00655593431	-0.00890903786	-0.0803735725	-0.00652864423	0.0714645346	0	0	0	0	0	3
57	278	0	0.511378534	-0.00651719808	-0.00759017403	-0.0202978804	-0.00651719808	0.0137806823	0	0	0	0	0	3
58	282	0	0.520350087	-0.00653297013	-0.00734437206	-0.0111402111	-0.00651719808	0.00462301306	0	0	0	0	0	3
59	287	0	0.529321641	-0.00641549993	-0.00726000222	-0.00819543589	-0.00641549993	0.00177993596	0	0	0	0	0	3
60	292	0	0.538293194	-0.00648906102	-0.00723889424	-0.00819543589	-0.00641549993	0.00177993596	0	0	0	0	0	3
61	298	0	0.547264747	-0.00640123079	-0.00721390855	-0.00819543589	-0.00640123079	0.00179420509	0	0	0	0	0	3
62	303	0	0.5562363	-0.00644831702	-0.00719741964	-0.00819543589	-0.00640123079	0.00179420509	0	0	0	0	0	3
63	308	0	0.565207854	-0.0063622625	-0.00718947115	-0.00819543589	-0.0063622625	0.00183317339	0	0	0	0	0	3
64	312	0	0.574179407	-0.00643273995	-0.007177147	-0.00819543589	-0.0063622625	0.00183317339	0	0	0	0	0	3
65	317	0	0.58315096	-0.00631714907	-0.00715729121	-0.00819543589	-0.00631714907	0.00187828682	0	0	0	0	0	3
66	322	0	0.592122513	-0.00638984618	-0.00712504854	-0.00798349782	-0.00631714907	0.00166634875	0	0	0	0	0	3
67	326	0	0.601094066	-0.00631261563	-0.00709873263	-0.00798349782	-0.00631261563	0.00167088219	0	0	0	0	0	3
68	331	0	0.61006562	-0.00629137036	-0.00706851607	-0.00771998937	-0.00629137036	0.00142861901	0	0	0	0	0	3
69	336	0	0.619037173	-0.00629710685	-0.00705009882	-0.00771998937	-0.00629137036	0.00142861901	0	0	0	0	0	3
70	341	0	0.628008726	-0.00642802003	-0.0070312533	-0.00771998937	-0.00629137036	0.00142861901	0	0	0	0	0	3
71	345	0	0.636980279	-0.00630347878	-0.00701102709	-0.00771998937	-0.00629137036	0.00142861901	0	0	0	0	0	3
72	350	0	0.645951833	-0.00642448111	-0.00699279836	-0.00771998937	-0.00629137036	0.00142861901	0	0	0	0	0	3
73	355	0	0.654923386	-0.00636969768	-0.00697739114	-0.00771998937	-0.00629137036	0.00142861901	0	0	0	0	0	3
74	358	0	0.663894939	-0.00641318189	-0.00696127701	-0.00771998937	-0.00629137036	0.00142861901	0	0	0	0	0	3
75	359	0	0.672866492	-0.00634463344	-0.00694580028	-0.00771998937	-0.00629137036	0.00142861901	0	0	0	0	0	3
76	360	0	0.681838046	-0.00647772365	-0.00692770139	-0.00771998937	-0.00629137036	0.00142861901	0	0	0	0	0	3
77	361	0	0.690809599	-0.00635974811	-0.00690928032	-0.00771998937	-0.00629137036	0.00142861901	0	0	0	0	0	3
78	361	0	0.699781152	-0.00646730081	-0.00688963659	-0.00771998937	-0.00629137036	0.00142861901	0	0	0	0	0	3
79	362	0	0.708752705	-0.00632259844	-0.00686688842	-0.00771998937	-0.00629137036	0.00142861901	0	0	0	0	0	3
80	363	0	0.717724258	-0.00643537325	-0.00684551785	-0.00771998937	-0.00629137036	0.00142861901	0	0	0	0	0	3
81	364	0	0.726695812	-0.00633275017	-0.00682254973	-0.00771998937	-0.00629137036	0.00142861901	0	0	0	0	0	3
82	365	0	0.735667365	-0.00642982779	-0.00680016899	-0.00771998937	-0.00629137036	0.00142861901	0	0	0	0	0	3
83	365	0	0.744638918	-0.00635125975	-0.00677621257	-0.00771998937	-0.00629137036	0.00142861901	0	0	0	0	0	3
84	366	0	0.753610471	-0.0064684995	-0.00675392519	-0.00771998937	-0.00629137036	0.00142861901	0	0	0	0	0	3
85	367	0	0.762582025	-0.00639929138	-0.00673039071	-0.00771998937	-0.00629137036	0.00142861901	0	0	0	0	0	3
86	368	0	0.771553578	-0.00650214499	-0.00670864349	-0.00770640101	-0.00629137036	0.00141503065	0	0	0	0	0	3
87	369	0	0.780525131	-0.00643434845	-0.00668618488	-0.00770640101	-0.00629137036	0.00141503065	0	0	0	0	0	3
88	369	0	0.789496684	-0.00653636662	-0.00666529141	-0.0076365554	-0.00629137036	0.00134518504	0	0	0	0	0	3
89	370	0	0.798468238	-0.00644644793	-0.00664482923	-0.0076365554	-0.00629137036	0.00134518504	0	0	0	0	0	3
90	371	0	0.807439791	-0.00653216596	-0.00662510799	-0.00752381365	-0.00629137036	0.00123244329	0	0	0	0	0	3
91	372	0	0.816411344	-0.00644781581	-0.00660625821	-0.00752381365	-0.00629137036	0.00123244329	0	0	0	0	0	3
92	372	0	0.825382897	-0.00653884655	-0.00658866951	-0.00739074572	-0.00629137036	0.00109937537	0	0	0	0	0	3
93	373	0	0.83435445	-0.00647731083	-0.00657235817	-0.00734184727	-0.00629137036	0.00105047691	0	0	0	0	0	3
94	374	0	0.843326004	-0.0065315817	-0.00655788914	-0.00719147852	-0.00629137036	0.000900108168	0	0	0	0	0	3
95	375	0	0.852297557	-0.00649181276	-0.00654549964	-0.00719147852	-0.00629137036	0.000900108168	0	0	0	0	0	3
96	376	0	0.86126911	-0.00657942665	-0.00653457014	-0.0071088427	-0.00629137036	0.00081747234	0	0	0	0	0	3
97	376	0	0.870240663	-0.00647701482	-0.0065232875	-0.00708061886	-0.00629137036	0.000789248505	0	0	0	0	0	3
98	377	0	0.879212217	-0.00657552348	-0.00651426794	-0.00701281448	-0.00629137036	0.000721444127	0	0	0	0	0	3
99	379	0	0.88818377	-0.00650451258	-0.00650519112	-0.00698147728	-0.00629137036	0.000690106925	0	0	0	0	0	3
100	380	0	0.897155323	-0.00657447112	-0.00649792315	-0.00695084048	-0.00629137036	0.000659470122	0	0	0	0	0	3
101	384	0	0.906126876	-0.00649518767	-0.00649054518	-0.00695084048	-0.00629137036	0.000659470122	0	0	0	0	0	3
102	385	0	0.91509843	-0.0065634608	-0.00648362769	-0.00685915234	-0.00629137036	0.000567781984	0	0	0	0	0	3
103	386	0	0.924069983	-0.00645818182	-0.0064764675	-0.00682953737	-0.00629137036	0.00053816701	0	0	0	0	0	3
104	386	0	0.933041536	-0.00651731641	-0.00647089213	-0.0068252081	-0.00629137036	0.000533837744	0	0	0	0	0	3
105	387	0	0.942013089	-0.00643839967	-0.00646398483	-0.00673384355	-0.00629137036	0.00044247319	0	0	0	0	0	3
106	388	0	0.950984642	-0.00654382255	-0.0064605916	-0.00669365192	-0.00629137036	0.000402281561	0	0	0	0	0	3
107	389	0	0.959956196	-0.0064248282	-0.0064558493	-0.00669365192	-0.00629137036	0.000402281561	0	0	0	0	0	3
108	390	0	0.968927749	-0.00654064953	-0.00645311712	-0.00657942665	-0.00629137036	0.000288056291	0	0	0	0	0	3
109	390	0	0.977899302	-0.00642699422	-0.00645071759	-0.00657942665	-0.00629137036	0.000288056291	0	0	0	0	0	3
110	391	0	0.986870855	-0.00651247006	-0.00644983773	-0.00657942665	-0.00629137036	0.000288056291	0	0	0	0	0	3
111	392	0	0.995842409	-0.00644155364	-0.00644828254	-0.00657942665	-0.00629137036	0.000288056291	0	0	0	0	0	3
112	393	0	1.00481396	-0.00652569233	-0.00644774251	-0.00657942665	-0.00629137036	0.000288056291	0.000145465224	0	50.4	0	0	3
113	394	0	1.01378552	-0.00642555409	-0.00644610601	-0.00657942665	-0.00629137036	0.000288056291	0.000145465224	0	50.4	0	0	3
114	394	0	1.02275707	-0.00651906654	-0.00644585773	-0.00657942665	-0.00629137036	0.000288056291	0.000145465224	0	50.4	0	0	3
115	395	0	1.03172862	-0.00639058581	-0.00644541283	-0.00657942665	-0.00629137036	0.000288056291	0.000145465224	0	50.4	0	0	3
116	396	0	1.04070017	-0.00648910847	-0.00644541368	-0.00657942665	-0.00629137036	0.000288056291	0.000145465224	0	50.4	0	0	3
117	397	0	1.04967173	-0.00631789277	-0.0064439255	-0.00657942665	-0.00629137036	0.000288056291	0.000145465224	0	50.4	0	0	3
118	397	0	1.05864328	-0.00649391734	-0.00644473979	-0.00657942665	-0.00629137036	0.000288056291	0.000145465224	0	50.4	0	0	3
119	398	0	1.06761483	-0.00631716542	-0.00644393449	-0.00657942665	-0.00629137036	0.000288056291	0.000145465224	0	50.4	0	0	3
120	399	0	1.07658639	-0.00648776817	-0.00644491714	-0.00657942665	-0.00629137036	0.000288056291	0.000145465224	0	50.4	0	0	3
121	400	0	1.08555794	-0.0063435686	-0.00644538891	-0.00657942665	-0.00629137036	0.000288056291	0.000145465224	0	50.4	0	0	3
122	401	0	1.09452949	-0.00649949846	-0.00644734699	-0.00657942665	-0.00629137036	0.000288056291	0.000145465224	0	50.4	0	0	3
123	401	0	1.10350105	-0.00636207718	-0.00644823023	-0.00657942665	-0.00629137036	0.000288056291	0.000145465224	0	50.4	0	0	3
124	402	0	1.1124726	-0.00649307046	-0.00645183202	-0.00657942665	-0.00629710685	0.000282319792	0.000145465224	0	51.5	0	0	3
125	403	0	1.12144415	-0.00639177109	-0.00645352245	-0.00657942665	-0.00630347878	0.000275947862	0.000145465224	0	52.7	0	0	3
126	404	0	1.13041571	-0.00641253448	-0.00645324592	-0.00657942665	-0.00630347878	0.000275947862	0.000145465224	0	52.7	0	0	3
127	404	0	1.13938726	-0.00639695073	-0.00645491507	-0.00657942665	-0.00631716542	0.000262261226	0.000145465224	0	55.4	0	0	3
128	405	0	1.14835881	-0.00638943413	-0.00645428923	-0.00657942665	-0.00631716542	0.000262261226	0.000145465224	0	55.4	0	0	3
129	406	0	1.15733037	-0.00629084134	-0.00645288108	-0.00657942665	-0.00629084134	0.000288585304	0.000145465224	0	50.4	0	0	3
130	407	0	1.16630192	-0.00641918347	-0.00645298825	-0.00657942665	-0.00629084134	0.000288585304	0.000145465224	0	50.4	0	0	3
131	408	0	1.17527347	-0.00624883045	-0.00645127748	-0.00657942665	-0.00624883045	0.000330596194	0.000145465224	0	44	0	0	3
132	408	0	1.18424503	-0.00637024602	-0.00644935824	-0.00657942665	-0.00624883045	0.000330596194	0.000145465224	0	44	0	0	3
133	409	0	1.19321658	-0.00622242642	-0.00644690607	-0.00657942665	-0.00622242642	0.000357000225	0.000145465224	0	40.7	0	0	3
134	410	0	1.20218813	-0.00636874877	-0.00644514621	-0.00657942665	-0.00622242642	0.000357000225	0.000145465224	0	40.7	0	0	3
135	411	0	1.21115969	-0.00621854523	-0.00644328811	-0.00657942665	-0.00621854523	0.00036088142	0.000145465224	0	40.3	0	0	3
136	412	0	1.22013124	-0.00634214818	-0.00644162338	-0.00657942665	-0.00621854523	0.00036088142	0.000145465224	0	40.3	0	0	3
137	412	0	1.22910279	-0.00626090708	-0.00644034047	-0.00657942665	-0.00621854523	0.000359828525	0.000145465224	0	40.4	0	0	3
138	413	0	1.23807435	-0.00634204116	-0.00643877285	-0.00657942665	-0.00621854523	0.000337439721	0.000145465224	0	43.1	0	0	3
139	414	0	1.2470459	-0.00619606226	-0.00643600147	-0.00657942665	-0.00619606226	0.000317923722	0.000145465224	0	45.7	0	0	3
140	415	0	1.25601745	-0.00634868334	-0.00643386189	-0.00657942665	-0.00619606226	0.000296528818	0.000145465224	0	49	0	0	3
141	415	0	1.26498901	-0.00615595651	-0.00642951663	-0.00657942665	-0.00615595651	0.000279126863	0.000145465224	0	52.1	0	0	3
142	416	0	1.27396056	-0.00630934835	-0.00642607383	-0.00657942665	-0.00615595651	0.000260111054	0.000145465224	0	55.9	0	0	3
143	417	0	1.28293211	-0.00616445406	-0.00642125429	-0.00657942665	-0.00615595651	0.000244037125	0.000145465224	0	59.6	0	0	3
144	418	0	1.29190367	-0.00631144154	-0.00641723777	-0.00657942665	-0.00615595651	0.000227591466	0.000145465224	0	63.9	0	0	3
145	419	0	1.30087522	-0.00617624135	-0.00641241265	-0.00657942665	-0.00615595651	0.000212695344	0.000145465224	0	68.3	0	0	3
146	419	0	1.30984677	-0.00630200288	-0.0064083026	-0.00657942665	-0.00615595651	0.000197955612	0.000145465224	0	73.4	0	0	3
147	420	0	1.31881832	-0.00615359596	-0.00640304867	-0.00657942665	-0.00615359596	0.00018562084	0.000145465224	0	78.3	0	0	3
148	421	0	1.32778988	-0.0062733208	-0.00639830714	-0.00657942665	-0.00615359596	0.000174051034	0.000145465224	0	83.5	0	0	3
149	422	0	1.33676143	-0.00613309392	-0.00639216041	-0.00657942665	-0.00613309392	0.000165728736	0.000145465224	0	87.7	0	0	3
150	423	0	1.34573298	-0.00623402171	-0.00638684684	-0.00657942665	-0.00613309392	0.000158652803	0.000145465224	0	91.6	0	0	3
151	423	0	1.35470454	-0.00612148018	-0.00638023375	-0.00657942665	-0.00612148018	0.000154336387	0.000145465224	0	94.2	0	0	3
152	424	0	1.36367609	-0.00624474986	-0.00637425738	-0.00657552348	-0.00612148018	0.000149030118	0.000145465224	0	97.6	0	0	3
153	425	0	1.37264764	-0.00616638089	-0.00636871035	-0.00657552348	-0.00612148018	0.000145557592	0.000145465224	0	99.9	0	0	3
154	426	0	1.3816192	-0.00627725259	-0.00636338408	-0.00657447112	-0.00612148018	0.000141807038	0.000145465224	0	100	0	0	3
155	427	0	1.39059075	-0.00615457473	-0.00635713519	-0.00657447112	-0.00612148018	0.000140787961	0.000145465224	0	100	0	0	3
156	427	0	1.3995623	-0.00624555106	-0.00635126162	-0.0065634608	-0.00612148018	0.000139283563	0.000145465224	0	100	0	0	3
157	428	0	1.40853386	-0.00610423336	-0.00634428029	-0.0065634608	-0.00610423336	0.000139347396	0.000145465224	0	100	0	0	3
158	429	0	1.41750541	-0.00619543061	-0.00633770833	-0.00654382255	-0.00610423336	0.000138759176	0.000145465224	0	100	0	0	3
159	430	0	1.42647696	-0.00607766459	-0.00633091338	-0.00654382255	-0.00607766459	0.000139978752	0.000145465224	0	100	0	0	3
160	431	0	1.43544852	-0.00620078432	-0.00632526102	-0.00654382255	-0.00607766459	0.000138723818	0.000145465224	0	100	0	0	3
161	431	0	1.44442007	-0.00608180026	-0.00631889317	-0.00654382255	-0.00607766459	0.000141698432	0.000145465224	0	100	0	0	3
162	432	0	1.45339162	-0.00622409573	-0.00631318376	-0.00654064953	-0.00607766459	0.000142665543	0.000145465224	0	100	0	0	3
163	433	0	1.46236318	-0.0061424335	-0.006308141	-0.00654064953	-0.00607766459	0.000146774066	0.000145465224	0	99.1	0	0	3
164	434	0	1.47133473	-0.00624414689	-0.00630284631	-0.00652569233	-0.00607766459	0.000152068756	0.000145465224	0	95.6	0	0	3
165	435	0	1.48030628	-0.00612154177	-0.0062973918	-0.00652569233	-0.00607766459	0.000157523265	0.000145465224	0	92.3	0	0	3
166	435	0	1.48927784	-0.00621569998	-0.00629209234	-0.00652569233	-0.00607766459	0.00016282273	0.000145465224	0	89.3	0	0	3
167	436	0	1.49824939	-0.00611184275	-0.00628620464	-0.00652569233	-0.00607766459	0.000168710425	0.000145465224	0	86.2	0	0	3
168	437	0	1.50722094	-0.00620266858	-0.00628043636	-0.00651906654	-0.00607766459	0.000174478706	0.000145465224	0	83.3	0	0	3
169	438	0	1.5161925	-0.00611725789	-0.00627493107	-0.00651906654	-0.00607766459	0.000179983995	0.000145465224	0	80.8	0	0	3
170	438	0	1.52516405	-0.00622524186	-0.0062696842	-0.00649949846	-0.00607766459	0.000185230864	0.000145465224	0	78.5	0	0	3
171	439	0	1.5341356	-0.00615657384	-0.00626550542	-0.00649949846	-0.00607766459	0.00018940965	0.000145465224	0	76.7	0	0	3
172	440	0	1.54310716	-0.00624400623	-0.00626112859	-0.00649949846	-0.00607766459	0.000193786475	0.000145465224	0	75	0	0	3
173	441	0	1.55207871	-0.00612845963	-0.00625774586	-0.00649949846	-0.00607766459	0.00019716921	0.000145465224	0	73.7	0	0	3
174	442	0	1.56105026	-0.00623881379	-0.00625319044	-0.00649949846	-0.00607766459	0.00020172463	0.000145465224	0	72.1	0	0	3
175	443	0	1.57002182	-0.00616200123	-0.00625041965	-0.00649949846	-0.00607766459	0.000204495419	0.000145465224	0	71.1	0	0	3
176	443	0	1.57899337	-0.00623993084	-0.00624599398	-0.00649949846	-0.00607766459	0.000208921086	0.000145465224	0	69.6	0	0	3
177	444	0	1.58796492	-0.00613931123	-0.00624234653	-0.00649949846	-0.00607766459	0.000212568539	0.000145465224	0	68.4	0	0	3
178	445	0	1.59693648	-0.00625987101	-0.00623806747	-0.00649307046	-0.00607766459	0.0002168476	0.000145465224	0	67	0	0	3
179	446	0	1.60590803	-0.00617697039	-0.00623476199	-0.00649307046	-0.00607766459	0.000220153079	0.000145465224	0	66	0	0	3
180	447	0	1.61487958	-0.00623837594	-0.00623021387	-0.00641918347	-0.00607766459	0.000224701195	0.000145465224	0	64.7	0	0	3
181	447	0	1.62385113	-0.00619932033	-0.00622677725	-0.00641918347	-0.00607766459	0.000228137816	0.000145465224	0	63.7	0	0	3
182	448	0	1.63282269	-0.00629690551	-0.00622471245	-0.00641918347	-0.00607766459	0.000230202619	0.000145465224	0	63.1	0	0	3
183	449	0	1.64179424	-0.0061342554	-0.00622002146	-0.00641918347	-0.00607766459	0.000234267768	0.000145465224	0	62	0	0	3
184	450	0	1.65076579	-0.00629854787	-0.00621839849	-0.00641918347	-0.00607766459	0.000234589759	0.000145465224	0	62	0	0	3
185	451	0	1.65973735	-0.00615707228	-0.00621600976	-0.00641918347	-0.00607766459	0.000236978493	0.000145465224	0	61.3	0	0	3
186	451	0	1.6687089	-0.00630568863	-0.00621398306	-0.00637024602	-0.00607766459	0.000237294419	0.000145465224	0	61.3	0	0	3
187	452	0	1.67768045	-0.00618907109	-0.00621291593	-0.00637024602	-0.00607766459	0.000236442307	0.000145465224	0	61.5	0	0	3
188	453	0	1.68665201	-0.00633569229	-0.0062122989	-0.00636874877	-0.00607766459	0.000234607165	0.000145465224	0	62	0	0	3
189	454	0	1.69562356	-0.00623259973	-0.00621248057	-0.00636874877	-0.00607766459	0.000232847307	0.000145465224	0	62.4	0	0	3
190	455	0	1.70459511	-0.00637622627	-0.00621261409	-0.00637622627	-0.00607766459	0.000230989214	0.000145465224	0	62.9	0	0	3
191	456	0	1.71356667	-0.00626519579	-0.00621344714	-0.00637622627	-0.00607766459	0.00022932448	0.000145465224	0	63.4	0	0	3
192	456	0	1.72253822	-0.00639752894	-0.00621443608	-0.00639752894	-0.00607766459	0.000228041568	0.000145465224	0	63.7	0	0	3
193	457	0	1.73150977	-0.00626966049	-0.00621459239	-0.00639752894	-0.00607766459	0.00022647395	0.000145465224	0	64.2	0	0	3
194	458	0	1.74048133	-0.00637491593	-0.00621517944	-0.00639752894	-0.00607766459	0.000223702566	0.000145465224	0	65	0	0	3
195	459	0	1.74945288	-0.00625140132	-0.00621616764	-0.00639752894	-0.00607766459	0.000221562992	0.000145465224	0	65.6	0	0	3
196	459	0	1.75842443	-0.00637906424	-0.00621671016	-0.00639752894	-0.00607766459	0.000217217726	0.000145465224	0	66.9	0	0	3
197	460	0	1.76739599	-0.00624861826	-0.00621836483	-0.00639752894	-0.00607766459	0.000213774929	0.000145465224	0	68	0	0	3
198	461	0	1.77636754	-0.00635452792	-0.00621917161	-0.00639752894	-0.00607766459	0.000208955386	0.000145465224	0	69.6	0	0	3
199	462	0	1.78533909	-0.00627906699	-0.00622121827	-0.00639752894	-0.00607766459	0.000204938867	0.000145465224	0	70.9	0	0	3
200	463	0	1.79431065	-0.00632077837	-0.006221385	-0.00639752894	-0.00607766459	0.000200113749	0.000145465224	0	72.6	0	0	3
201	467	0	1.8032822	-0.00628980422	-0.0062234129	-0.00639752894	-0.00607766459	0.000196003694	0.000145465224	0	74.2	0	0	3
202	468	0	1.81225375	-0.00636213712	-0.00622448673	-0.00639752894	-0.00607766459	0.000190749769	0.000145465224	0	76.2	0	0	3
203	469	0	1.82122531	-0.00621712297	-0.00622562114	-0.00639752894	-0.00607766459	0.000186008237	0.000145465224	0	78.2	0	0	3
204	470	0	1.83019686	-0.00636882063	-0.0062273265	-0.00639752894	-0.00607766459	0.000179861507	0.000145465224	0	80.8	0	0	3
205	471	0	1.83916841	-0.00616673049	-0.00622792715	-0.00639752894	-0.00607766459	0.000174547936	0.000145465224	0	83.3	0	0	3
206	471	0	1.84813997	-0.00636296927	-0.00623022978	-0.00639752894	-0.00607766459	0.000167934854	0.000145465224	0	86.6	0	0	3
207	472	0	1.85711152	-0.00615686036	-0.00623086157	-0.00639752894	-0.00607766459	0.000161958483	0.000145465224	0	89.8	0	0	3
208	473	0	1.86608307	-0.00629755051	-0.00623180444	-0.00639752894	-0.00607766459	0.000156411448	0.000145465224	0	93	0	0	3
209	474	0	1.87505463	-0.00618136819	-0.00623207207	-0.00639752894	-0.00607766459	0.000151085182	0.000145465224	0	96.2	0	0	3
210	475	0	1.88402618	-0.00628138697	-0.0062321459	-0.00639752894	-0.00607766459	0.000144836292	0.000145465224	0	100	0	0	3
211	475	0	1.89299773	-0.00612408147	-0.00623160138	-0.00639752894	-0.00607766459	0.000138962719	0.000145465224	0	100	0	0	3
212	476	0	1.90196928	-0.00626698415	-0.00623198411	-0.00639752894	-0.00607766459	0.000131981393	0.000145465224	0	100	0	0	3
213	477	0	1.91094084	-0.00615278202	-0.00623285105	-0.00639752894	-0.00607766459	0.000125409425	0.000145465224	0	100	0	0	3
214	478	0	1.91991239	-0.00622061626	-0.0062333008	-0.00639752894	-0.00607766459	0.000118614474	0.000145465224	0	100	0	0	3
215	479	0	1.92888394	-0.00611148402	-0.00623390471	-0.00639752894	-0.00608180026	0.000112962116	0.000145465224	0	100	0	0	3
216	479	0	1.9378555	-0.00623670669	-0.00623454618	-0.00639752894	-0.00608180026	0.000106594269	0.000145465224	0	100	0	0	3
217	480	0	1.94682705	-0.006141279	-0.00623560831	-0.00639752894	-0.00611148402	0.000100884861	0.000145465224	0	100	0	0	3
218	481	0	1.9557986	-0.00618960516	-0.0062349924	-0.00639752894	-0.00611148402	9.58420988e-05	0.000145465224	0	100	0	0	3
219	482	0	1.96477016	-0.00616846501	-0.00623545725	-0.00639752894	-0.00611148402	9.05474087e-05	0.000145465224	0	100	0	0	3
220	483	0	1.97374171	-0.00624168467	-0.00623541328	-0.00639752894	-0.00611148402	8.50929005e-05	0.000145465224	0	100	0	0	3
221	483	0	1.98271326	-0.00610528224	-0.00623512293	-0.00639752894	-0.00610528224	7.97934348e-05	0.000145465224	0	100	0	0	3
222	484	0	1.99168482	-0.00625950145	-0.0062359051	-0.00639752894	-0.00610528224	7.39057403e-05	0.000145465224	0	100	0	0	3
223	485	0	2.00065637	-0.00614817585	-0.00623655391	-0.00639752894	-0.00610528224	6.81374591e-05	0.000145465224	0	100	0	0	3
224	486	0	2.00962792	-0.00625701661	-0.00623752441	-0.00639752894	-0.00610528224	6.26321699e-05	0.000145465224	0	100	0	0	3
225	487	0	2.01859948	-0.00614227791	-0.00623797119	-0.00639752894	-0.00610528224	5.73853007e-05	0.000145465224	0	100	0	0	3
226	487	0	2.02757103	-0.00629068984	-0.00623913991	-0.00639752894	-0.00610528224	5.32065156e-05	0.000145465224	0	100	0	0	3
227	488	0	2.03654258	-0.00619635019	-0.0062398502	-0.00639752894	-0.00610528224	4.882969e-05	0.000145465224	0	100	0	0	3
228	489	0	2.04551414	-0.00627046492	-0.00624032268	-0.00639752894	-0.00610528224	4.54469555e-05	0.000145465224	0	100	0	0	3
229	490	0	2.05448569	-0.00620105976	-0.00624161911	-0.00639752894	-0.00610528224	4.0891535e-05	0.000145465224	0	100	0	0	3
230	491	0	2.06345724	-0.00627184205	-0.0062422089	-0.00639752894	-0.00610528224	3.81207458e-05	0.000145465224	0	100	0	0	3
231	491	0	2.0724288	-0.00613968054	-0.00624181031	-0.00639752894	-0.00610528224	3.36950793e-05	0.000145465224	0	100	0	0	3
232	492	0	2.08140035	-0.00628214146	-0.00624256408	-0.00639752894	-0.00610528224	3.02651749e-05	0.000145465224	0	100	0	0	3
233	493	0	2.0903719	-0.00610294287	-0.00624191464	-0.00639752894	-0.00610294287	3.02651749e-05	0.000145465224	0	100	0	0	3
234	494	0	2.09934346	-0.00630702433	-0.00624275666	-0.00639752894	-0.00610294287	3.04577633e-05	0.000145465224	0	100	0	0	3
235	495	0	2.10831501	-0.00612343146	-0.00624180061	-0.00639752894	-0.00610294287	3.04577633e-05	0.000145465224	0	100	0	0	3
236	495	0	2.11728656	-0.0062640594	-0.00624225925	-0.00639752894	-0.00610294287	3.04577633e-05	0.000145465224	0	100	0	0	3
237	496	0	2.12625812	-0.00618497164	-0.00624200302	-0.00639752894	-0.00610294287	3.04577633e-05	0.000145465224	0	100	0	0	3
238	497	0	2.13522967	-0.0062295065	-0.00624079946	-0.00639752894	-0.00610294287	3.04577633e-05	0.000145465224	0	100	0	0	3
239	498	0	2.14420122	-0.0061874495	-0.00624174936	-0.00639752894	-0.00610294287	3.04577633e-05	0.000145465224	0	100	0	0	3
240	499	0	2.15317278	-0.00626792341	-0.00624120249	-0.00639752894	-0.00610294287	3.04577633e-05	0.000145465224	0	100	0	0	3
241	499	0	2.16214433	-0.00613177938	-0.00624075084	-0.00639752894	-0.00610294287	3.04577633e-05	0.000145465224	0	100	0	0	3
242	500	0	2.17111588	-0.006313146	-0.006240884	-0.00639752894	-0.00610294287	3.04577633e-05	0.000145465224	0	100	0	0	3
243	501	0	2.18008744	-0.00614113334	-0.00624002797	-0.00639752894	-0.00610294287	3.04577633e-05	0.000145465224	0	100	0	0	3
244	502	0	2.18905899	-0.00635764349	-0.00624041996	-0.00639752894	-0.00610294287	3.0276097e-05	0.000145465224	0	100	0	0	3
245	503	0	2.19803054	-0.00616604572	-0.00623923149	-0.00639752894	-0.00610294287	3.01425702e-05	0.000145465224	0	100	0	0	3
246	503	0	2.20700209	-0.0063279505	-0.00623836943	-0.00639752894	-0.00610294287	2.93095244e-05	0.000145465224	0	100	0	0	3
247	504	0	2.21597365	-0.00621899775	-0.00623754446	-0.00639752894	-0.00610294287	2.83205823e-05	0.000145465224	0	100	0	0	3
248	505	0	2.2249452	-0.00634295654	-0.00623656995	-0.00637906424	-0.00610294287	2.81642714e-05	0.000145465224	0	100	0	0	3
249	506	0	2.23391675	-0.00622438996	-0.00623576155	-0.00637906424	-0.00610294287	2.7577222e-05	0.000145465224	0	100	0	0	3
250	507	0	2.24288831	-0.00639936037	-0.00623619806	-0.00639936037	-0.00610294287	2.65890244e-05	0.000145465224	0	100	0	0	3
251	507	0	2.25185986	-0.00625503598	-0.00623626296	-0.00639936037	-0.00610294287	2.60465084e-05	0.000145465224	0	100	0	0	3
252	508	0	2.26083141	-0.00636948229	-0.00623609186	-0.00639936037	-0.00610294287	2.43918343e-05	0.000145465224	0	100	0	0	3
253	509	0	2.26980297	-0.00627462395	-0.00623655624	-0.00639936037	-0.00610294287	2.35850562e-05	0.000145465224	0	100	0	0	3
254	510	0	2.27877452	-0.00635011881	-0.00623647751	-0.00639936037	-0.00610294287	2.15383968e-05	0.000145465224	0	100	0	0	3
255	511	0	2.28774607	-0.00624929325	-0.00623594584	-0.00639936037	-0.00610294287	2.13716677e-05	0.000145465224	0	100	0	0	3
256	511	0	2.29671763	-0.00634959938	-0.0062364605	-0.00639936037	-0.00610294287	1.93437593e-05	0.000145465224	0	100	0	0	3
257	512	0	2.30568918	-0.00625035605	-0.00623575607	-0.00639936037	-0.00610294287	1.82699335e-05	0.000145465224	0	100	0	0	3
258	513	0	2.31466073	-0.00633814802	-0.00623532769	-0.00639936037	-0.00610294287	1.71355226e-05	0.000145465224	0	100	0	0	3
259	514	0	2.32363229	-0.00624307978	-0.0062357912	-0.00639936037	-0.00610294287	1.54301686e-05	0.000145465224	0	100	0	0	3
260	514	0	2.33260384	-0.00633787665	-0.00623523863	-0.00639936037	-0.00610294287	1.48295155e-05	0.000145465224	0	100	0	0	3
261	515	0	2.34157539	-0.00621720841	-0.00623614002	-0.00639936037	-0.00610294287	1.25268805e-05	0.000145465224	0	100	0	0	3
262	516	0	2.35054695	-0.00630540483	-0.00623511209	-0.00639936037	-0.00610294287	1.18950916e-05	0.000145465224	0	100	0	0	3
263	517	0	2.3595185	-0.00620020876	-0.00623588617	-0.00639936037	-0.00610294287	1.11552866e-05	0.000145465224	0	100	0	0	3
264	518	0	2.36849005	-0.00628178549	-0.00623560465	-0.00639936037	-0.00610294287	1.11552866e-05	0.000145465224	0	100	0	0	3
265	518	0	2.37746161	-0.00619413901	-0.0062358327	-0.00639936037	-0.00610294287	1.11552866e-05	0.000145465224	0	100	0	0	3
266	519	0	2.38643316	-0.00628171571	-0.00623583857	-0.00639936037	-0.00610294287	1.11552866e-05	0.000145465224	0	100	0	0	3
267	520	0	2.39540471	-0.00619639948	-0.00623712996	-0.00639936037	-0.00610294287	1.07725528e-05	0.000145465224	0	100	0	0	3
268	521	0	2.40437627	-0.00628438267	-0.00623744065	-0.00639936037	-0.00610294287	9.90561253e-06	0.000145465224	0	100	0	0	3
269	522	0	2.41334782	-0.0061878354	-0.0062380666	-0.00639936037	-0.00610294287	9.45586885e-06	0.000145465224	0	100	0	0	3
270	522	0	2.42231937	-0.00627356477	-0.00623901211	-0.00639936037	-0.00610294287	8.85195047e-06	0.000145465224	0	100	0	0	3
271	523	0	2.43129093	-0.00616603413	-0.00623998622	-0.00639936037	-0.00610294287	8.21047956e-06	0.000145465224	0	100	0	0	3
272	524	0	2.44026248	-0.00625231381	-0.00624026492	-0.00639936037	-0.00610294287	7.76426199e-06	0.000145465224	0	100	0	0	3
273	525	0	2.44923403	-0.00614800599	-0.00624038504	-0.00639936037	-0.00610294287	7.76426199e-06	0.000145465224	0	100	0	0	3
274	526	0	2.45820559	-0.00624640026	-0.00624139924	-0.00639936037	-0.00610294287	7.64457684e-06	0.000145465224	0	100	0	0	3
275	526	0	2.46717714	-0.00614857039	-0.00624104398	-0.00639936037	-0.00610294287	7.64457684e-06	0.000145465224	0	100	0	0	3
276	527	0	2.47614869	-0.00625534664	-0.00624128794	-0.00639936037	-0.00610294287	7.64457684e-06	0.000145465224	0	100	0	0	3
277	528	0	2.48512024	-0.00614774183	-0.00624204615	-0.00639936037	-0.00610294287	7.64457684e-06	0.000145465224	0	100	0	0	3
278	529	0	2.4940918	-0.00624934777	-0.00624186484	-0.00639936037	-0.00610294287	7.64457684e-06	0.000145465224	0	100	0	0	3
279	529	0	2.50306335	-0.00613698553	-0.00624166501	-0.00639936037	-0.00610294287	7.64457684e-06	0.000145465224	0	100	0	0	3
280	530	0	2.5120349	-0.00623676216	-0.00624130332	-0.00639936037	-0.00610294287	7.64457684e-06	0.000145465224	0	100	0	0	3
281	531	0	2.52100646	-0.00612898931	-0.00624106603	-0.00639936037	-0.00610294287	7.64457684e-06	0.000145465224	0	100	0	0	3
282	532	0	2.52997801	-0.00623641068	-0.00624009675	-0.00639936037	-0.00610294287	7.64457684e-06	0.000145465224	0	100	0	0	3
283	533	0	2.53894956	-0.00613086579	-0.00623892739	-0.00639936037	-0.00610294287	7.64457684e-06	0.000145465224	0	100	0	0	3
284	533	0	2.54792112	-0.0062390221	-0.00623836591	-0.00639936037	-0.00610294287	7.64457684e-06	0.000145465224	0	100	0	0	3
285	534	0	2.55689267	-0.00613005072	-0.00623709789	-0.00639936037	-0.00610294287	7.64457684e-06	0.000145465224	0	100	0	0	3
286	535	0	2.56586422	-0.00623851307	-0.00623650273	-0.00639936037	-0.00610294287	7.64457684e-06	0.000145465224	0	100	0	0	3
287	536	0	2.57483578	-0.00613423288	-0.00623640545	-0.00639936037	-0.00610294287	7.64457684e-06	0.000145465224	0	100	0	0	3
288	537	0	2.58380733	-0.00624645652	-0.00623576822	-0.00639936037	-0.00610294287	7.64457684e-06	0.000145465224	0	100	0	0	3
289	537	0	2.59277888	-0.00614046283	-0.00623643822	-0.00639936037	-0.00612343146	7.64457684e-06	0.000145465224	0	100	0	0	3
290	538	0	2.60175044	-0.00624932787	-0.00623540793	-0.00639936037	-0.00612343146	7.14715771e-06	0.000145465224	0	100	0	0	3
291	539	0	2.61072199	-0.00613557627	-0.0062356248	-0.00639936037	-0.00612898931	7.14715771e-06	0.000145465224	0	100	0	0	3
292	540	0	2.61969354	-0.00624271406	-0.00623524363	-0.00639936037	-0.00612898931	6.93406426e-06	0.000145465224	0	100	0	0	3
293	540	0	2.6286651	-0.00613585404	-0.00623436653	-0.00639936037	-0.00612898931	7.67961982e-06	0.000145465224	0	100	0	0	3
294	541	0	2.63763665	-0.00625188454	-0.00623476614	-0.00639936037	-0.00612898931	7.67961982e-06	0.000145465224	0	100	0	0	3
295	542	0	2.6466082	-0.00615728721	-0.00623422753	-0.00639936037	-0.00612898931	7.81862423e-06	0.000145465224	0	100	0	0	3
296	543	0	2.65557976	-0.00628584378	-0.00623454753	-0.00639936037	-0.00612898931	7.81862423e-06	0.000145465224	0	100	0	0	3
297	544	0	2.66455131	-0.00618660379	-0.00623552654	-0.00639936037	-0.00612898931	7.81862423e-06	0.000145465224	0	100	0	0	3
298	544	0	2.67352286	-0.00631487082	-0.00623555734	-0.00639936037	-0.00612898931	7.81862423e-06	0.000145465224	0	100	0	0	3
299	545	0	2.68249442	-0.00618395163	-0.00623632195	-0.00639936037	-0.00612898931	7.81862423e-06	0.000145465224	0	100	0	0	3
300	546	0	2.69146597	-0.00631675262	-0.00623559176	-0.00639936037	-0.00612898931	7.81862423e-06	0.000145465224	0	100	0	0	3
301	550	0	2.70043752	-0.00620190198	-0.00623623205	-0.00639936037	-0.00612898931	7.81862423e-06	0.000145465224	0	100	0	0	3
302	551	0	2.70940908	-0.00631749571	-0.00623604536	-0.00639936037	-0.00612898931	7.81862423e-06	0.000145465224	0	100	0	0	3
303	552	0	2.71838063	-0.00620557081	-0.00623580559	-0.00639936037	-0.00612898931	7.81862423e-06	0.000145465224	0	100	0	0	3
304	553	0	2.72735218	-0.00633040232	-0.00623558141	-0.00639936037	-0.00612898931	7.81862423e-06	0.000145465224	0	100	0	0	3
305	554	0	2.73632374	-0.00620103695	-0.00623516439	-0.00639936037	-0.00612898931	7.81862423e-06	0.000145465224	0	100	0	0	3
306	554	0	2.74529529	-0.00632435005	-0.00623382492	-0.00636948229	-0.00612898931	8.22123113e-06	0.000145465224	0	100	0	0	3
307	555	0	2.75426684	-0.00619903314	-0.00623282487	-0.00636948229	-0.00612898931	9.22128189e-06	0.000145465224	0	100	0	0	3
308	556	0	2.7632384	-0.00632195747	-0.00623197621	-0.00635011881	-0.00612898931	1.00699394e-05	0.000145465224	0	100	0	0	3
309	557	0	2.77220995	-0.00616003681	-0.00622993001	-0.00635011881	-0.00612898931	1.21161384e-05	0.000145465224	0	100	0	0	3
310	558	0	2.7811815	-0.00632404876	-0.00622946448	-0.00634959938	-0.00612898931	1.2581675e-05	0.000145465224	0	100	0	0	3
311	558	0	2.79015305	-0.00620361345	-0.00622864877	-0.00634959938	-0.00612898931	1.33973857e-05	0.000145465224	0	100	0	0	3
312	559	0	2.79912461	-0.00632736883	-0.00622825179	-0.00633814802	-0.00612898931	1.37943597e-05	0.000145465224	0	100	0	0	3
313	560	0	2.80809616	-0.00624424961	-0.00622814275	-0.00633814802	-0.00612898931	1.39034032e-05	0.000145465224	0	100	0	0	3
314	561	0	2.81706771	-0.0063460186	-0.00622828329	-0.0063460186	-0.00612898931	1.39034032e-05	0.000145465224	0	100	0	0	3
315	562	0	2.82603927	-0.00621164546	-0.00622772197	-0.0063460186	-0.00612898931	1.43241842e-05	0.000145465224	0	100	0	0	3
316	562	0	2.83501082	-0.00637596645	-0.00622840214	-0.00637596645	-0.00612898931	1.43241842e-05	0.000145465224	0	100	0	0	3
317	563	0	2.84398237	-0.00627119351	-0.00622936616	-0.00637596645	-0.00612898931	1.43241842e-05	0.000145465224	0	100	0	0	3
318	564	0	2.85295393	-0.00637976633	-0.00623069405	-0.00637976633	-0.00612898931	1.43241842e-05	0.000145465224	0	100	0	0	3
319	565	0	2.86192548	-0.00624075219	-0.00623141804	-0.00637976633	-0.00612898931	1.43241842e-05	0.000145465224	0	100	0	0	3
320	566	0	2.87089703	-0.00637492127	-0.00623308117	-0.00637976633	-0.00612898931	1.43241842e-05	0.000145465224	0	100	0	0	3
321	566	0	2.87986859	-0.0062745842	-0.0062345177	-0.00637976633	-0.00612898931	1.43241842e-05	0.000145465224	0	100	0	0	3
322	567	0	2.88884014	-0.00638515105	-0.00623636476	-0.00638515105	-0.00612898931	1.43241842e-05	0.000145465224	0	100	0	0	3
323	568	0	2.89781169	-0.00626111308	-0.00623752036	-0.00638515105	-0.00612898931	1.43241842e-05	0.000145465224	0	100	0	0	3
324	569	0	2.90678325	-0.00637535618	-0.00623914488	-0.00638515105	-0.00612898931	1.43241842e-05	0.000145465224	0	100	0	0	3
325	570	0	2.9157548	-0.00623745634	-0.00624003097	-0.00638515105	-0.00612898931	1.43241842e-05	0.000145465224	0	100	0	0	3
326	570	0	2.92472635	-0.00632428257	-0.00624093665	-0.00638515105	-0.00612898931	1.43241842e-05	0.000145465224	0	100	0	0	3
327	571	0	2.93369791	-0.00618554158	-0.00624128499	-0.00638515105	-0.00612898931	1.43241842e-05	0.000145465224	0	100	0	0	3
328	572	0	2.94266946	-0.00630104697	-0.00624215523	-0.00638515105	-0.00612898931	1.44332608e-05	0.000145465224	0	100	0	0	3
329	573	0	2.95164101	-0.00620390907	-0.0062431535	-0.00638515105	-0.00612898931	1.54315301e-05	0.000145465224	0	100	0	0	3
330	574	0	2.96061257	-0.00631740227	-0.00624442139	-0.00638515105	-0.00612898931	1.66994232e-05	0.000145465224	0	100	0	0	3
331	574	0	2.96958412	-0.00622551076	-0.00624579533	-0.00638515105	-0.00612898931	1.80733583e-05	0.000145465224	0	100	0	0	3
332	575	0	2.97855567	-0.00633380833	-0.00624719643	-0.00638515105	-0.00612898931	1.947446e-05	0.000145465224	0	100	0	0	3
333	576	0	2.98752723	-0.00622908318	-0.00624864895	-0.00638515105	-0.00612898931	2.09269842e-05	0.000145465224	0	100	0	0	3
334	577	0	2.99649878	-0.00633214282	-0.00625012743	-0.00638515105	-0.00612898931	2.24054672e-05	0.000145465224	0	100	0	0	3
335	578	0	3.00547033	-0.00622214254	-0.0062516481	-0.00638515105	-0.00612898931	2.39261281e-05	0.000145465224	0	100	0	0	3
336	578	0	3.01444189	-0.00631739987	-0.00625308805	-0.00638515105	-0.00612898931	2.53660872e-05	0.000145465224	0	100	0	0	3
337	579	0	3.02341344	-0.00621092477	-0.00625455119	-0.00638515105	-0.00613005072	2.68292204e-05	0.000145465224	0	100	0	0	3
338	580	0	3.03238499	-0.00631533887	-0.00625596062	-0.00638515105	-0.00613005072	2.82386523e-05	0.000145465224	0	100	0	0	3
339	581	0	3.04135655	-0.0062174572	-0.00625750689	-0.00638515105	-0.00613005072	2.97849274e-05	0.000145465224	0	100	0	0	3
340	582	0	3.0503281	-0.00633168363	-0.00625916157	-0.00638515105	-0.00613005072	3.14395977e-05	0.000145465224	0	100	0	0	3
341	582	0	3.05929965	-0.006234505	-0.00626102682	-0.00638515105	-0.00613423288	3.33048529e-05	0.000145465224	0	100	0	0	3
342	583	0	3.0682712	-0.00635069102	-0.00626303	-0.00638515105	-0.00613423288	3.53080306e-05	0.000145465224	0	100	0	0	3
343	584	0	3.07724276	-0.0062104421	-0.00626439088	-0.00638515105	-0.00613557627	3.66689094e-05	0.000145465224	0	100	0	0	3
344	585	0	3.08621431	-0.00631937675	-0.00626569302	-0.00638515105	-0.00613557627	3.79710564e-05	0.000145465224	0	100	0	0	3
345	586	0	3.09518586	-0.00619400293	-0.0062666491	-0.00638515105	-0.00613557627	3.89271297e-05	0.000145465224	0	100	0	0	3
346	586	0	3.10415742	-0.00629798189	-0.00626751792	-0.00638515105	-0.00613557627	3.97959515e-05	0.000145465224	0	100	0	0	3
347	587	0	3.11312897	-0.00618824655	-0.00626845846	-0.00638515105	-0.00613585404	4.07364922e-05	0.000145465224	0	100	0	0	3
348	588	0	3.12210052	-0.00629155663	-0.00626933065	-0.00638515105	-0.00613585404	4.1608681e-05	0.000145465224	0	100	0	0	3
349	589	0	3.13107208	-0.00617983807	-0.00627011608	-0.00638515105	-0.00615728721	4.23941102e-05	0.000145465224	0	100	0	0	3
350	590	0	3.14004363	-0.00628270241	-0.0062706664	-0.00638515105	-0.00615728721	4.29444294e-05	0.000145465224	0	100	0	0	3
351	590	0	3.14901518	-0.00616722312	-0.00627084382	-0.00638515105	-0.00616003681	4.31218563e-05	0.000145465224	0	100	0	0	3
352	591	0	3.15798674	-0.006269565	-0.00627055313	-0.00638515105	-0.00616003681	4.31218563e-05	0.000145465224	0	100	0	0	3
353	592	0	3.16695829	-0.00615024478	-0.00626990386	-0.00638515105	-0.00615024478	4.31218563e-05	0.000145465224	0	100	0	0	3
354	593	0	3.17592984	-0.00625837156	-0.00626889495	-0.00638515105	-0.00615024478	4.31218563e-05	0.000145465224	0	100	0	0	3
355	594	0	3.1849014	-0.00614662188	-0.00626822834	-0.00638515105	-0.00614662188	4.31218563e-05	0.000145465224	0	100	0	0	3
356	594	0	3.19387295	-0.00625583963	-0.00626714061	-0.00638515105	-0.00614662188	4.31218563e-05	0.000145465224	0	100	0	0	3
357	595	0	3.2028445	-0.0061493466	-0.00626620212	-0.00638515105	-0.00614662188	4.31218563e-05	0.000145465224	0	100	0	0	3
358	596	0	3.21181606	-0.0062612953	-0.00626519855	-0.00638515105	-0.00614662188	4.31218563e-05	0.000145465224	0	100	0	0	3
359	597	0	3.22078761	-0.00615740638	-0.00626433847	-0.00638515105	-0.00614662188	4.31218563e-05	0.000145465224	0	100	0	0	3
360	597	0	3.22975916	-0.00626700384	-0.00626320635	-0.00638515105	-0.00614662188	4.31218563e-05	0.000145465224	0	100	0	0	3
361	598	0	3.23873072	-0.00616083299	-0.00626248842	-0.00638515105	-0.00614662188	4.31218563e-05	0.000145465224	0	100	0	0	3
362	599	0	3.24770227	-0.00627359159	-0.00626158202	-0.00638515105	-0.00614662188	4.31218563e-05	0.000145465224	0	100	0	0	3
363	600	0	3.25667382	-0.00616797045	-0.00626102733	-0.00638515105	-0.00614662188	4.31218563e-05	0.000145465224	0	100	0	0	3
364	601	0	3.26564538	-0.0062802656	-0.00626028283	-0.00638515105	-0.00614662188	4.31218563e-05	0.000145465224	0	100	0	0	3
365	602	0	3.27461693	-0.00617227791	-0.00626050142	-0.00638515105	-0.00614662188	4.31218563e-05	0.000145465224	0	100	0	0	3
366	602	0	3.28358848	-0.00628495866	-0.00625980339	-0.00638515105	-0.00614662188	4.31218563e-05	0.000145465224	0	100	0	0	3
367	603	0	3.29256004	-0.00617435325	-0.00625928088	-0.00638515105	-0.00614662188	4.31218563e-05	0.000145465224	0	100	0	0	3
368	604	0	3.30153159	-0.00629870347	-0.006258769	-0.00638515105	-0.00614662188	4.31218563e-05	0.000145465224	0	100	0	0	3
369	605	0	3.31050314	-0.00617305833	-0.00625749773	-0.00638515105	-0.00614662188	4.31218563e-05	0.000145465224	0	100	0	0	3
370	606	0	3.3194747	-0.00630748663	-0.00625680966	-0.00638515105	-0.00614662188	4.31218563e-05	0.000145465224	0	100	0	0	3
371	606	0	3.32844625	-0.00620507365	-0.0062566923	-0.00638515105	-0.00614662188	4.24416814e-05	0.000145465224	0	100	0	0	3
372	607	0	3.3374178	-0.0063255694	-0.00625579236	-0.00638515105	-0.00614662188	4.14776618e-05	0.000145465224	0	100	0	0	3
373	608	0	3.34638936	-0.00618884611	-0.00625432187	-0.00638515105	-0.00614662188	4.01497779e-05	0.000145465224	0	100	0	0	3
374	609	0	3.35536091	-0.00635957303	-0.00625396127	-0.00638515105	-0.00614662188	3.9425788e-05	0.000145465224	0	100	0	0	3
375	610	0	3.36433246	-0.00625919232	-0.00625429056	-0.00638515105	-0.00614662188	3.77626491e-05	0.000145465224	0	100	0	0	3
376	610	0	3.37330401	-0.00632736856	-0.00625344141	-0.00638515105	-0.00614662188	3.63261278e-05	0.000145465224	0	100	0	0	3
377	611	0	3.38227557	-0.00625043606	-0.00625301019	-0.00638515105	-0.00614662188	3.44790681e-05	0.000145465224	0	100	0	0	3
378	612	0	3.39124712	-0.00637207664	-0.00625277672	-0.00637535618	-0.00614662188	3.3323468e-05	0.000145465224	0	100	0	0	3
379	613	0	3.40021867	-0.00619647668	-0.0062516225	-0.00637535618	-0.00614662188	3.16989411e-05	0.000145465224	0	100	0	0	3
380	614	0	3.40919023	-0.00635777894	-0.00625130862	-0.00637207664	-0.00614662188	3.0812853e-05	0.000145465224	0	100	0	0	3
381	614	0	3.41816178	-0.00622997529	-0.00625117503	-0.00637207664	-0.00614662188	2.99071779e-05	0.000145465224	0	100	0	0	3
382	615	0	3.42713333	-0.00632693583	-0.00625122241	-0.00637207664	-0.00614662188	2.95588304e-05	0.000145465224	0	100	0	0	3
383	616	0	3.43610489	-0.00627587977	-0.00625283559	-0.00637207664	-0.00614662188	2.86885955e-05	0.000145465224	0	100	0	0	3
384	617	0	3.44507644	-0.00634455652	-0.00625361254	-0.00637207664	-0.00614662188	2.76903262e-05	0.000145465224	0	100	0	0	3
385	618	0	3.45404799	-0.00620126048	-0.00625356525	-0.00637207664	-0.00614662188	2.64224331e-05	0.000145465224	0	100	0	0	3
386	618	0	3.46301955	-0.00632924794	-0.00625377678	-0.00637207664	-0.00614662188	2.5048498e-05	0.000145465224	0	100	0	0	3
387	619	0	3.4719911	-0.00610277343	-0.00625158504	-0.00637207664	-0.00610277343	2.36473963e-05	0.000145465224	0	100	0	0	3
388	620	0	3.48096265	-0.00627172168	-0.00625047635	-0.00637207664	-0.00610277343	2.21948721e-05	0.000145465224	0	100	0	0	3
389	621	0	3.48993421	-0.00614331966	-0.00624894486	-0.00637207664	-0.00610277343	2.18989663e-05	0.000145465224	0	100	0	0	3
390	622	0	3.49890576	-0.00627940265	-0.00624800307	-0.00637207664	-0.00610277343	2.28407552e-05	0.000145465224	0	100	0	0	3
391	622	0	3.50787731	-0.00615185361	-0.00624674791	-0.00637207664	-0.00610277343	2.40959145e-05	0.000145465224	0	100	0	0	3
392	623	0	3.51684887	-0.00631327615	-0.00624667427	-0.00637207664	-0.00610277343	2.41695522e-05	0.000145465224	0	100	0	0	3
393	624	0	3.52582042	-0.00621559431	-0.00624675766	-0.00637207664	-0.00610277343	2.41695522e-05	0.000145465224	0	100	0	0	3
394	625	0	3.53479197	-0.00628003277	-0.00624612719	-0.00637207664	-0.00610277343	2.47166335e-05	0.000145465224	0	100	0	0	3
395	626	0	3.54376353	-0.00614504771	-0.00624483416	-0.00637207664	-0.00610277343	2.60096601e-05	0.000145465224	0	100	0	0	3
396	626	0	3.55273508	-0.00628215555	-0.00624394973	-0.00637207664	-0.00610277343	2.68940901e-05	0.000145465224	0	100	0	0	3
397	627	0	3.56170663	-0.00616505541	-0.00624270956	-0.00637207664	-0.00610277343	2.81342614e-05	0.000145465224	0	100	0	0	3
398	628	0	3.57067819	-0.00628011612	-0.0062414493	-0.00637207664	-0.00610277343	2.93945275e-05	0.000145465224	0	100	0	0	3
399	629	0	3.57964974	-0.0061591594	-0.00624053353	-0.00637207664	-0.00610277343	3.03102899e-05	0.000145465224	0	100	0	0	3
400	630	0	3.58862129	-0.00630325851	-0.00624024571	-0.00637207664	-0.00610277343	3.05981155e-05	0.000145465224	0	100	0	0	3
401	634	0	3.59759285	-0.00620255386	-0.0062403984	-0.00637207664	-0.00610277343	3.05981155e-05	0.000145465224	0	100	0	0	3
402	635	0	3.6065644	-0.00629479668	-0.00624034152	-0.00637207664	-0.00610277343	3.05981155e-05	0.000145465224	0	100	0	0	3
403	636	0	3.61553595	-0.00613384088	-0.00623936999	-0.00637207664	-0.00610277343	3.14738291e-05	0.000145465224	0	100	0	0	3
404	637	0	3.62450751	-0.00626092016	-0.00623882291	-0.00637207664	-0.00610277343	3.20209089e-05	0.000145465224	0	100	0	0	3
405	638	0	3.63347906	-0.00616287951	-0.00623852008	-0.00637207664	-0.00610277343	3.23237404e-05	0.000145465224	0	100	0	0	3
406	638	0	3.64245061	-0.00628067547	-0.00623848389	-0.00637207664	-0.00610277343	3.23599358e-05	0.000145465224	0	100	0	0	3
407	639	0	3.65142216	-0.00617726316	-0.00623866317	-0.00637207664	-0.00610277343	3.20692433e-05	0.000145465224	0	100	0	0	3
408	640	0	3.66039372	-0.00633140271	-0.00623976742	-0.00637207664	-0.00610277343	3.14199751e-05	0.000145465224	0	100	0	0	3
409	641	0	3.66936527	-0.00623554083	-0.00624129056	-0.00637207664	-0.00610277343	3.04110597e-05	0.000145465224	0	100	0	0	3
410	641	0	3.67833682	-0.00629496904	-0.00624194409	-0.00637207664	-0.00610277343	2.9744457e-05	0.000145465224	0	100	0	0	3
411	642	0	3.68730838	-0.00617713483	-0.00624248896	-0.00637207664	-0.00610277343	2.86567249e-05	0.000145465224	0	100	0	0	3
412	643	0	3.69627993	-0.00629864199	-0.00624325329	-0.00637207664	-0.00610277343	2.7718236e-05	0.000145465224	0	100	0	0	3
413	644	0	3.70525148	-0.00621104573	-0.00624435506	-0.00637207664	-0.00610277343	2.67146572e-05	0.000145465224	0	100	0	0	3
414	645	0	3.71422304	-0.00630050985	-0.00624505532	-0.00637207664	-0.00610277343	2.58545782e-05	0.000145465224	0	100	0	0	3
415	645	0	3.72319459	-0.00623595087	-0.0062464579	-0.00637207664	-0.00610277343	2.47224625e-05	0.000145465224	0	100	0	0	3
416	646	0	3.73216614	-0.00633207782	-0.00624761994	-0.00637207664	-0.00610277343	2.40045346e-05	0.000145465224	0	100	0	0	3
417	647	0	3.7411377	-0.0062525711	-0.00624925812	-0.00637207664	-0.00610277343	2.30981335e-05	0.000145465224	0	100	0	0	3
418	648	0	3.75010925	-0.00631633209	-0.00625002134	-0.00637207664	-0.00610277343	2.25434426e-05	0.000145465224	0	100	0	0	3
419	649	0	3.7590808	-0.00620806503	-0.00625073732	-0.00637207664	-0.00610277343	2.20175359e-05	0.000145465224	0	100	0	0	3
420	649	0	3.76805236	-0.00629711427	-0.00625103818	-0.00637207664	-0.00610277343	2.20175359e-05	0.000145465224	0	100	0	0	3
421	650	0	3.77702391	-0.00618044998	-0.00625118411	-0.00637207664	-0.00610277343	2.13194985e-05	0.000145465224	0	100	0	0	3
422	651	0	3.78599546	-0.00631317969	-0.00625168806	-0.00637207664	-0.00610277343	2.07969949e-05	0.000145465224	0	100	0	0	3
423	652	0	3.79496702	-0.00616832209	-0.00625158036	-0.00637207664	-0.00610277343	2.02851135e-05	0.000145465224	0	100	0	0	3
424	653	0	3.80393857	-0.00629557164	-0.00625152444	-0.00637207664	-0.00610277343	1.90138407e-05	0.000145465224	0	100	0	0	3
425	653	0	3.81291012	-0.00618820513	-0.00625179492	-0.00637207664	-0.00610277343	1.83257698e-05	0.000145465224	0	100	0	0	3
426	654	0	3.82188168	-0.00625489476	-0.00625085577	-0.00637207664	-0.00610277343	1.82084159e-05	0.000145465224	0	100	0	0	3
427	655	0	3.83085323	-0.00614657988	-0.00624981124	-0.00637207664	-0.00610277343	1.73084685e-05	0.000145465224	0	100	0	0	3
428	656	0	3.83982478	-0.00623487203	-0.00624819165	-0.00637207664	-0.00610277343	1.58379792e-05	0.000145465224	0	100	0	0	3
429	657	0	3.84879634	-0.00613688565	-0.00624726378	-0.00637207664	-0.00610277343	1.58066726e-05	0.000145465224	0	100	0	0	3
430	657	0	3.85776789	-0.00625484539	-0.00624539365	-0.00637207664	-0.00610277343	1.58066726e-05	0.000145465224	0	100	0	0	3
431	658	0	3.86673944	-0.0061769526	-0.00624392508	-0.00637207664	-0.00610277343	1.52928891e-05	0.000145465224	0	100	0	0	3
432	659	0	3.875711	-0.00627453358	-0.0062429816	-0.00637207664	-0.00610277343	1.52928891e-05	0.000145465224	0	100	0	0	3
433	660	0	3.88468255	-0.00618608217	-0.00624183242	-0.00637207664	-0.00610277343	1.52928891e-05	0.000145465224	0	100	0	0	3
434	661	0	3.8936541	-0.00628067281	-0.00624020021	-0.00635777894	-0.00610277343	1.52928891e-05	0.000145465224	0	100	0	0	3
435	661	0	3.90262566	-0.00616061115	-0.00623955975	-0.00635777894	-0.00610277343	1.52928891e-05	0.000145465224	0	100	0	0	3
436	662	0	3.91159721	-0.00625651861	-0.00623775153	-0.00634455652	-0.00610277343	1.60252441e-05	0.000145465224	0	100	0	0	3
437	663	0	3.92056876	-0.00614476136	-0.00623622986	-0.00634455652	-0.00610277343	1.75469214e-05	0.000145465224	0	100	0	0	3
438	664	0	3.92954032	-0.0062287657	-0.00623447682	-0.00634455652	-0.00610277343	1.92999593e-05	0.000145465224	0	100	0	0	3
439	665	0	3.93851187	-0.00614148569	-0.00623207692	-0.00634455652	-0.00610277343	2.16998537e-05	0.000145465224	0	100	0	0	3
440	665	0	3.94748342	-0.00623569654	-0.006230133	-0.00633207782	-0.00610277343	2.36437819e-05	0.000145465224	0	100	0	0	3
441	666	0	3.95645497	-0.0061387854	-0.00622901737	-0.00633207782	-0.00610277343	2.47594083e-05	0.000145465224	0	100	0	0	3
442	667	0	3.96542653	-0.00622247453	-0.0062271107	-0.00633207782	-0.00610277343	2.46842144e-05	0.000145465224	0	100	0	0	3
443	668	0	3.97439808	-0.00610723069	-0.00622719029	-0.00633207782	-0.00610723069	2.46842144e-05	0.000145465224	0	100	0	0	3
444	669	0	3.98336963	-0.00618314273	-0.00622560853	-0.00633207782	-0.00610723069	2.61863875e-05	0.000145465224	0	100	0	0	3
445	669	0	3.99234119	-0.00607118796	-0.00622432046	-0.00633207782	-0.00607118796	2.74744535e-05	0.000145465224	0	100	0	0	3
446	670	0	4.00131274	-0.00615733973	-0.00622214077	-0.00633207782	-0.00607118796	2.96541484e-05	0.000145465224	0	100	0	0	3
