Iteration	CPUTime	PhysTime	Travels	Value	AvValue	MinValue	MaxValue	Delta	Criteria	PrevAvRefValue	Progress	CriteriaType	CriteriaVarType	CriteriaPercentage
1	6	0	0.00897179511	0.539790548	0.539790548	0.539790548	0.539790548	0	0	0	0	0	0	3
2	7	0	0.0179435902	0.721210131	0.630500339	0.539790548	0.721210131	0.0907097918	0	0	0	0	0	3
3	8	0	0.0269153853	0.315356883	0.525452521	0.315356883	0.721210131	0.105047819	0	0	0	0	0	3
4	10	0	0.0358871804	0.228854453	0.451303004	0.228854453	0.721210131	0.179197336	0	0	0	0	0	3
5	11	0	0.0448589755	0.146750997	0.390392602	0.146750997	0.721210131	0.240107737	0	0	0	0	0	3
6	12	0	0.0538307706	0.118885258	0.345141378	0.118885258	0.721210131	0.285358961	0	0	0	0	0	3
7	13	0	0.0628025657	0.0292174354	0.300009386	0.0292174354	0.721210131	0.330490953	0	0	0	0	0	3
8	14	0	0.0717743608	0.163350867	0.282927071	0.0292174354	0.721210131	0.347573268	0	0	0	0	0	3
9	15	0	0.080746156	0.0261460471	0.254395847	0.0261460471	0.721210131	0.376104493	0	0	0	0	0	3
10	16	0	0.0897179511	0.119367779	0.24089304	0.0261460471	0.721210131	0.3896073	0	0	0	0	0	3
11	18	0	0.0986897462	0.0283416551	0.221570187	0.0261460471	0.721210131	0.408930153	0	0	0	0	0	3
12	19	0	0.107661541	0.162790758	0.216671901	0.0261460471	0.721210131	0.413828438	0	0	0	0	0	3
13	20	0	0.116633336	0.0992280998	0.207637762	0.0261460471	0.721210131	0.422862577	0	0	0	0	0	3
14	21	0	0.125605131	0.164941223	0.204588009	0.0261460471	0.721210131	0.42591233	0	0	0	0	0	3
15	22	0	0.134576927	0.0690549584	0.195552473	0.0261460471	0.721210131	0.434947867	0	0	0	0	0	3
16	23	0	0.143548722	0.113162302	0.190403087	0.0261460471	0.721210131	0.440097252	0	0	0	0	0	3
17	24	0	0.152520517	0.104465689	0.185347946	0.0261460471	0.721210131	0.445152393	0	0	0	0	0	3
18	26	0	0.161492312	0.118113539	0.181612701	0.0261460471	0.721210131	0.448887638	0	0	0	0	0	3
19	27	0	0.170464107	0.148910898	0.179891554	0.0261460471	0.721210131	0.450608786	0	0	0	0	0	3
20	28	0	0.179435902	0.130256405	0.177409796	0.0261460471	0.721210131	0.453090543	0	0	0	0	0	3
21	29	0	0.188407697	0.147724144	0.175996194	0.0261460471	0.721210131	0.454504146	0	0	0	0	0	3
22	30	0	0.197379492	0.144842685	0.174580125	0.0261460471	0.721210131	0.455920214	0	0	0	0	0	3
23	31	0	0.206351287	0.146773427	0.173371138	0.0261460471	0.721210131	0.457129201	0	0	0	0	0	3
24	32	0	0.215323083	0.14738408	0.172288344	0.0261460471	0.721210131	0.458211995	0	0	0	0	0	3
25	34	0	0.224294878	0.157950137	0.171714816	0.0261460471	0.721210131	0.458785523	0	0	0	0	0	3
26	35	0	0.233266673	0.153382679	0.171009734	0.0261460471	0.721210131	0.459490606	0	0	0	0	0	3
27	36	0	0.242238468	0.146817559	0.170113727	0.0261460471	0.721210131	0.460386612	0	0	0	0	0	3
28	37	0	0.251210263	0.13951956	0.169021078	0.0261460471	0.721210131	0.461479261	0	0	0	0	0	3
29	39	0	0.260182058	0.13176066	0.167736236	0.0261460471	0.721210131	0.462764103	0	0	0	0	0	3
30	40	0	0.269153853	0.113236699	0.165919585	0.0261460471	0.721210131	0.464580754	0	0	0	0	0	3
31	41	0	0.278125648	0.106820287	0.164013156	0.0261460471	0.721210131	0.466487183	0	0	0	0	0	3
32	43	0	0.287097443	0.0924557323	0.161776987	0.0261460471	0.721210131	0.468723353	0	0	0	0	0	3
33	44	0	0.296069238	0.0902423674	0.159609271	0.0261460471	0.721210131	0.470891068	0	0	0	0	0	3
34	45	0	0.305041034	0.0813038832	0.157306171	0.0261460471	0.721210131	0.473194168	0	0	0	0	0	3
35	47	0	0.314012829	0.0771881194	0.155017084	0.0261460471	0.721210131	0.475483255	0	0	0	0	0	3
36	48	0	0.322984624	0.075738335	0.152814897	0.0261460471	0.721210131	0.477685443	0	0	0	0	0	3
37	50	0	0.331956419	0.077015196	0.150766256	0.0261460471	0.721210131	0.479734083	0	0	0	0	0	3
38	51	0	0.340928214	0.0801641232	0.148908305	0.0261460471	0.721210131	0.481592034	0	0	0	0	0	3
39	52	0	0.349900009	0.0866550482	0.147312068	0.0261460471	0.721210131	0.483188271	0	0	0	0	0	3
40	54	0	0.358871804	0.0927577025	0.145948209	0.0261460471	0.721210131	0.484552131	0	0	0	0	0	3
41	55	0	0.367843599	0.0954766533	0.144717195	0.0261460471	0.721210131	0.485783144	0	0	0	0	0	3
42	56	0	0.376815394	0.0966656112	0.14357311	0.0261460471	0.721210131	0.48692723	0	0	0	0	0	3
43	58	0	0.38578719	0.098144428	0.142516629	0.0261460471	0.721210131	0.48798371	0	0	0	0	0	3
44	59	0	0.394758985	0.0956994426	0.141452602	0.0261460471	0.721210131	0.489047737	0	0	0	0	0	3
45	60	0	0.40373078	0.0916757669	0.14034645	0.0261460471	0.721210131	0.490153889	0	0	0	0	0	3
46	62	0	0.412702575	0.0894812139	0.139240684	0.0261460471	0.721210131	0.491259655	0	0	0	0	0	3
47	63	0	0.42167437	0.0868685345	0.138126383	0.0261460471	0.721210131	0.492373956	0	0	0	0	0	3
48	64	0	0.430646165	0.0872049729	0.13706552	0.0261460471	0.721210131	0.493434819	0	0	0	0	0	3
49	65	0	0.43961796	0.0867089064	0.136037834	0.0261460471	0.721210131	0.494462505	0	0	0	0	0	3
50	67	0	0.448589755	0.0847378216	0.135011834	0.0261460471	0.721210131	0.495488505	0	0	0	0	0	3
51	68	0	0.45756155	0.0804159308	0.133941326	0.0261460471	0.721210131	0.496559013	0	0	0	0	0	3
52	69	0	0.466533345	0.0709429989	0.13272982	0.0261460471	0.721210131	0.49777052	0	0	0	0	0	3
53	71	0	0.475505141	0.0638867943	0.131430895	0.0261460471	0.721210131	0.499069445	0	0	0	0	0	3
54	72	0	0.484476936	0.059249604	0.130094204	0.0261460471	0.721210131	0.500406135	0	0	0	0	0	3
55	74	0	0.493448731	0.0583501552	0.128789767	0.0261460471	0.721210131	0.501710572	0	0	0	0	0	3
56	75	0	0.502420526	0.05924236	0.127547849	0.0261460471	0.721210131	0.50295249	0	0	0	0	0	3
57	76	0	0.511392321	0.0599097524	0.118978549	0.0261460471	0.721210131	0.51152179	0	0	0	0	0	3
58	78	0	0.520364116	0.0613186332	0.107194772	0.0261460471	0.315356883	0.289210836	0	0	0	0	0	3
59	79	0	0.529335911	0.0603904486	0.1026418	0.0261460471	0.228854453	0.202708405	0	0	0	0	0	3
60	80	0	0.538307706	0.0597859425	0.0996227197	0.0261460471	0.164941223	0.138795176	0	0	0	0	0	3
61	81	0	0.547279501	0.0557116268	0.0979970167	0.0261460471	0.164941223	0.138795176	0	0	0	0	0	3
62	83	0	0.556251297	0.055680821	0.096868366	0.0261460471	0.164941223	0.138795176	0	0	0	0	0	3
63	84	0	0.565223092	0.0535668075	0.0973031763	0.0261460471	0.164941223	0.138795176	0	0	0	0	0	3
64	85	0	0.574194887	0.0564356418	0.0953939758	0.0261460471	0.164941223	0.138795176	0	0	0	0	0	3
65	87	0	0.583166682	0.0559906498	0.0959269151	0.0283416551	0.164941223	0.136599568	0	0	0	0	0	3
66	88	0	0.592138477	0.058289186	0.094836226	0.0283416551	0.164941223	0.126733961	0	0	0	0	0	3
67	89	0	0.601110272	0.0616942708	0.0954318084	0.0535668075	0.164941223	0.111374415	0	0	0	0	0	3
68	91	0	0.610082067	0.0652287621	0.0936896299	0.0535668075	0.164941223	0.111374415	0	0	0	0	0	3
69	92	0	0.619053862	0.0665617497	0.0931063022	0.0535668075	0.164941223	0.111374415	0	0	0	0	0	3
70	93	0	0.628025657	0.0741214423	0.0914845204	0.0535668075	0.157950137	0.104067952	0	0	0	0	0	3
71	95	0	0.636997452	0.0791765193	0.0916652626	0.0535668075	0.157950137	0.0989185666	0	0	0	0	0	3
72	96	0	0.645969248	0.0803866676	0.0910799834	0.0535668075	0.157950137	0.0942679626	0	0	0	0	0	3
73	97	0	0.654941043	0.0836666843	0.0907085726	0.0535668075	0.157950137	0.0909041285	0	0	0	0	0	3
74	99	0	0.663912838	0.0847095322	0.0901120725	0.0535668075	0.157950137	0.0897794811	0	0	0	0	0	3
75	100	0	0.672884633	0.0865755724	0.0889989417	0.0535668075	0.157950137	0.0884108545	0	0	0	0	0	3
76	101	0	0.681856428	0.0865434536	0.0882183533	0.0535668075	0.157950137	0.0877778404	0	0	0	0	0	3
77	103	0	0.690828223	0.0870819927	0.0871354577	0.0535668075	0.157950137	0.0874446674	0	0	0	0	0	3
78	104	0	0.699800018	0.0919679022	0.0861912652	0.0535668075	0.157950137	0.0871798731	0	0	0	0	0	3
79	105	0	0.708771813	0.0988031362	0.0853346528	0.0535668075	0.157950137	0.0869536913	0	0	0	0	0	3
80	107	0	0.717743608	0.105426424	0.084585409	0.0535668075	0.157950137	0.0871294069	0	0	0	0	0	3
81	108	0	0.726715404	0.10445535	0.0836301449	0.0535668075	0.153382679	0.0873795887	0	0	0	0	0	3
82	109	0	0.735687199	0.102588581	0.0827231075	0.0535668075	0.146817559	0.0873906197	0	0	0	0	0	3
83	111	0	0.744658994	0.096933096	0.0818323135	0.0535668075	0.13951956	0.0859527521	0	0	0	0	0	3
84	112	0	0.753630789	0.0930217424	0.0810019953	0.0535668075	0.13176066	0.0781938528	0	0	0	0	0	3
85	113	0	0.762602584	0.0880662889	0.0802217387	0.0535668075	0.113236699	0.0596698918	0	0	0	0	0	3
86	115	0	0.771574379	0.0885390304	0.0797807089	0.0535668075	0.106820287	0.0532534798	0	0	0	0	0	3
87	116	0	0.780546174	0.0838405928	0.0793703572	0.0535668075	0.105426424	0.0518596164	0	0	0	0	0	3
88	117	0	0.789517969	0.0878788882	0.0792886278	0.0535668075	0.105426424	0.0518596164	0	0	0	0	0	3
89	119	0	0.798489764	0.0873677258	0.0792372949	0.0535668075	0.105426424	0.0518596164	0	0	0	0	0	3
90	120	0	0.80746156	0.0915260172	0.0794198331	0.0535668075	0.105426424	0.0518596164	0	0	0	0	0	3
91	121	0	0.816433355	0.0919541553	0.0796835123	0.0535668075	0.105426424	0.0518596164	0	0	0	0	0	3
92	123	0	0.82540515	0.0999733507	0.0801162804	0.0535668075	0.105426424	0.0518596164	0	0	0	0	0	3
93	124	0	0.834376945	0.105077993	0.0806174018	0.0535668075	0.105426424	0.0518596164	0	0	0	0	0	3
94	125	0	0.84334874	0.114523655	0.0812309648	0.0535668075	0.114523655	0.0609568475	0	0	0	0	0	3
95	126	0	0.852320535	0.120014922	0.0818266769	0.0535668075	0.120014922	0.0664481144	0	0	0	0	0	3
96	128	0	0.86129233	0.127261157	0.08244281	0.0535668075	0.127261157	0.0654799002	0	0	0	0	0	3
97	129	0	0.870264125	0.129387772	0.0830483657	0.0535668075	0.129387772	0.0643358149	0	0	0	0	0	3
98	131	0	0.87923592	0.134342605	0.0837211691	0.0535668075	0.134342605	0.0632793339	0	0	0	0	0	3
99	132	0	0.888207715	0.13190196	0.0843239822	0.0535668075	0.134342605	0.0622153069	0	0	0	0	0	3
100	133	0	0.897179511	0.1384008	0.0850865064	0.0535668075	0.1384008	0.0611091551	0	0	0	0	0	3
101	138	0	0.906151306	0.137906778	0.0859120602	0.0535668075	0.1384008	0.0600033891	0	0	0	0	0	3
102	139	0	0.915123101	0.145044149	0.0869042555	0.0535668075	0.145044149	0.058889088	0	0	0	0	0	3
103	140	0	0.924094896	0.146179648	0.0879633825	0.0535668075	0.146179648	0.0578282253	0	0	0	0	0	3
104	142	0	0.933066691	0.150579555	0.0890950715	0.0535668075	0.150579555	0.0568005393	0	0	0	0	0	3
105	143	0	0.942038486	0.152087058	0.0902625385	0.0535668075	0.152087058	0.055774539	0	0	0	0	0	3
106	145	0	0.951010281	0.157445563	0.091560891	0.0535668075	0.157445563	0.0547040311	0	0	0	0	0	3
107	146	0	0.959982076	0.157277999	0.0929334279	0.0535668075	0.157445563	0.0534925248	0	0	0	0	0	3
108	148	0	0.968953871	0.159305428	0.0945113285	0.0535668075	0.159305428	0.0521935998	0	0	0	0	0	3
109	149	0	0.977925667	0.157781794	0.0961880249	0.0535668075	0.159305428	0.0508569093	0	0	0	0	0	3
110	151	0	0.986897462	0.158256501	0.0979560052	0.0535668075	0.159305428	0.049552472	0	0	0	0	0	3
111	152	0	0.995869257	0.156957573	0.0997168519	0.0535668075	0.159305428	0.048310554	0	0	0	0	0	3
112	153	0	1.00484105	0.160329682	0.101521983	0.0535668075	0.160329682	0.0397412541	0.00867632508	0	21.8	0	0	3
113	155	0	1.01381285	0.163865676	0.103378338	0.0535668075	0.163865676	0.0279574774	0.00867632508	0	31	0	0	3
114	156	0	1.02278464	0.169576371	0.105311512	0.0535668075	0.169576371	0.0260742174	0.00867632508	0	33.2	0	0	3
115	158	0	1.03175644	0.171298613	0.107292015	0.0535668075	0.171298613	0.0280547203	0.00867632508	0	30.9	0	0	3
116	159	0	1.04072823	0.173502294	0.109322664	0.0535668075	0.173502294	0.0300853695	0.00867632508	0	28.8	0	0	3
117	161	0	1.04970003	0.167574435	0.111320215	0.0535668075	0.173502294	0.0320829196	0.00867632508	0	27	0	0	3
118	162	0	1.05867182	0.167760766	0.113321642	0.0535668075	0.173502294	0.0340843472	0.00867632508	0	25.4	0	0	3
119	163	0	1.06764362	0.163597889	0.115286483	0.0559906498	0.173502294	0.0360491879	0.00867632508	0	24	0	0	3
120	165	0	1.07661541	0.16666945	0.117254944	0.0559906498	0.173502294	0.0380176488	0.00867632508	0	22.8	0	0	3
121	166	0	1.08558721	0.1675472	0.119247025	0.058289186	0.173502294	0.04000973	0.00867632508	0	21.6	0	0	3
122	168	0	1.094559	0.171824591	0.121274443	0.0616942708	0.173502294	0.042037148	0.00867632508	0	20.6	0	0	3
123	169	0	1.1035308	0.169874054	0.123206225	0.0652287621	0.173502294	0.0439689298	0.00867632508	0	19.7	0	0	3
124	171	0	1.11250259	0.163587095	0.124962624	0.0665617497	0.173502294	0.0457253286	0.00867632508	0	18.9	0	0	3
125	172	0	1.12147439	0.152039529	0.126489013	0.0741214423	0.173502294	0.0472517176	0.00867632508	0	18.3	0	0	3
126	174	0	1.13044618	0.140702533	0.127677961	0.0791765193	0.173502294	0.0484406656	0.00867632508	0	17.9	0	0	3
127	175	0	1.13941798	0.125897665	0.128512267	0.0803866676	0.173502294	0.0492749718	0.00867632508	0	17.6	0	0	3
128	176	0	1.14838977	0.120321217	0.129225384	0.0836666843	0.173502294	0.0499880887	0.00867632508	0	17.3	0	0	3
129	178	0	1.15736157	0.11137117	0.129720107	0.0838405928	0.173502294	0.0504828117	0.00867632508	0	17.1	0	0	3
130	179	0	1.16633336	0.112203984	0.130211079	0.0838405928	0.173502294	0.050973784	0.00867632508	0	17	0	0	3
131	181	0	1.17530516	0.111822204	0.130661912	0.0838405928	0.173502294	0.0514246168	0.00867632508	0	16.8	0	0	3
132	183	0	1.18427695	0.117519578	0.131215057	0.0838405928	0.173502294	0.0519777618	0.00867632508	0	16.6	0	0	3
133	184	0	1.19324875	0.116244211	0.131735811	0.0838405928	0.173502294	0.0524985157	0.00867632508	0	16.5	0	0	3
134	186	0	1.20222054	0.11523253	0.13215125	0.0838405928	0.173502294	0.0529139555	0.00867632508	0	16.3	0	0	3
135	189	0	1.21119234	0.111364924	0.132375568	0.0838405928	0.173502294	0.0531382731	0.00867632508	0	16.3	0	0	3
136	190	0	1.22016413	0.110606816	0.132468075	0.0838405928	0.173502294	0.0532307801	0.00867632508	0	16.2	0	0	3
137	191	0	1.22913593	0.108690498	0.132543703	0.0838405928	0.173502294	0.0533064078	0.00867632508	0	16.2	0	0	3
138	193	0	1.23810772	0.110708544	0.132688702	0.0838405928	0.173502294	0.0534514071	0.00867632508	0	16.2	0	0	3
139	194	0	1.24707952	0.106830832	0.132865447	0.0838405928	0.173502294	0.0536281524	0.00867632508	0	16.1	0	0	3
140	196	0	1.25605131	0.105476596	0.133087855	0.0838405928	0.173502294	0.0538505605	0.00867632508	0	16.1	0	0	3
141	197	0	1.26502311	0.0979419585	0.133264207	0.0838405928	0.173502294	0.0540269117	0.00867632508	0	16	0	0	3
142	199	0	1.2739949	0.0944771558	0.133370245	0.0838405928	0.173502294	0.0541329497	0.00867632508	0	16	0	0	3
143	200	0	1.2829667	0.0839043648	0.133371383	0.0839043648	0.173502294	0.0541340885	0.00867632508	0	16	0	0	3
144	202	0	1.2919385	0.0766212479	0.133170354	0.0766212479	0.173502294	0.0541340885	0.00867632508	0	16	0	0	3
145	203	0	1.30091029	0.0704377423	0.132868033	0.0704377423	0.173502294	0.0539515504	0.00867632508	0	16	0	0	3
146	205	0	1.30988209	0.0693614307	0.132472237	0.0693614307	0.173502294	0.0536878711	0.00867632508	0	16.1	0	0	3
147	206	0	1.31885388	0.071055158	0.13209904	0.0693614307	0.173502294	0.053255103	0.00867632508	0	16.2	0	0	3
148	207	0	1.32782568	0.0755431732	0.131662787	0.0693614307	0.173502294	0.0527539816	0.00867632508	0	16.4	0	0	3
149	209	0	1.33679747	0.0778968055	0.131177409	0.0693614307	0.173502294	0.0521404186	0.00867632508	0	16.6	0	0	3
150	210	0	1.34576927	0.081201083	0.130582363	0.0693614307	0.173502294	0.0515447065	0.00867632508	0	16.8	0	0	3
151	212	0	1.35474106	0.0802774494	0.129872765	0.0693614307	0.173502294	0.0509285734	0.00867632508	0	17	0	0	3
152	213	0	1.36371286	0.0795121361	0.129020104	0.0693614307	0.173502294	0.0503230177	0.00867632508	0	17.2	0	0	3
153	215	0	1.37268465	0.0794201198	0.128127825	0.0693614307	0.173502294	0.0496502143	0.00867632508	0	17.4	0	0	3
154	216	0	1.38165645	0.0826020434	0.127203886	0.0693614307	0.173502294	0.0490474012	0.00867632508	0	17.6	0	0	3
155	218	0	1.39062824	0.0867939182	0.126398385	0.0693614307	0.173502294	0.048284877	0.00867632508	0	17.9	0	0	3
156	219	0	1.39960004	0.0938174501	0.125602254	0.0693614307	0.173502294	0.0474593232	0.00867632508	0	18.2	0	0	3
157	221	0	1.40857183	0.0990947501	0.124909182	0.0693614307	0.173502294	0.0464671279	0.00867632508	0	18.6	0	0	3
158	222	0	1.41754363	0.10310224	0.124160219	0.0693614307	0.173502294	0.0454080009	0.00867632508	0	19.1	0	0	3
159	224	0	1.42651542	0.103636235	0.123400516	0.0693614307	0.173502294	0.0442763119	0.00867632508	0	19.5	0	0	3
160	225	0	1.43548722	0.102792389	0.122547173	0.0693614307	0.173502294	0.0431088449	0.00867632508	0	20.1	0	0	3
161	227	0	1.44445901	0.101743545	0.121648182	0.0693614307	0.173502294	0.0418104924	0.00867632508	0	20.7	0	0	3
162	228	0	1.45343081	0.101435185	0.120647997	0.0693614307	0.173502294	0.0404379555	0.00867632508	0	21.4	0	0	3
163	230	0	1.4624026	0.101155697	0.119645813	0.0693614307	0.173502294	0.038860055	0.00867632508	0	22.3	0	0	3
164	231	0	1.4713744	0.102106841	0.118624409	0.0693614307	0.173502294	0.0371833585	0.00867632508	0	23.3	0	0	3
165	233	0	1.48034619	0.0993460799	0.117580915	0.0693614307	0.173502294	0.0354153782	0.00867632508	0	24.4	0	0	3
166	234	0	1.48931799	0.0989002068	0.116520981	0.0693614307	0.173502294	0.0336545315	0.00867632508	0	25.7	0	0	3
167	236	0	1.49828978	0.0959833388	0.115432155	0.0693614307	0.173502294	0.0318494007	0.00867632508	0	27.2	0	0	3
168	237	0	1.50726158	0.0953452779	0.114271719	0.0693614307	0.173502294	0.029993045	0.00867632508	0	28.9	0	0	3
169	239	0	1.51623337	0.0937022607	0.113018801	0.0693614307	0.173502294	0.0280598711	0.00867632508	0	30.9	0	0	3
170	240	0	1.52520517	0.0945993018	0.111679925	0.0693614307	0.173502294	0.0260793681	0.00867632508	0	33.2	0	0	3
171	242	0	1.53417696	0.0943185064	0.11030528	0.0693614307	0.173502294	0.024048719	0.00867632508	0	36	0	0	3
172	243	0	1.54314876	0.0951996971	0.10890702	0.0693614307	0.171824591	0.0244643638	0.00867632508	0	35.4	0	0	3
173	245	0	1.55212055	0.0939519685	0.107592333	0.0693614307	0.171824591	0.0257790507	0.00867632508	0	33.6	0	0	3
174	246	0	1.56109235	0.0946035038	0.106285953	0.0693614307	0.171824591	0.0270854304	0.00867632508	0	32	0	0	3
175	248	0	1.57006414	0.0947001675	0.105055637	0.0693614307	0.171824591	0.0283157468	0.00867632508	0	30.6	0	0	3
176	249	0	1.57903594	0.0945904788	0.103768512	0.0693614307	0.171824591	0.0296028713	0.00867632508	0	29.3	0	0	3
177	251	0	1.58800773	0.0926615391	0.102431268	0.0693614307	0.171824591	0.0309401153	0.00867632508	0	28	0	0	3
178	252	0	1.59697953	0.0927870271	0.101019883	0.0693614307	0.169874054	0.0323515003	0.00867632508	0	26.8	0	0	3
179	253	0	1.60595132	0.0931677662	0.0996501279	0.0693614307	0.163587095	0.0337212555	0.00867632508	0	25.7	0	0	3
180	255	0	1.61492312	0.0947863681	0.0984215435	0.0693614307	0.152039529	0.0349498399	0.00867632508	0	24.8	0	0	3
181	256	0	1.62389491	0.0965614683	0.0974308639	0.0693614307	0.140702533	0.0359405195	0.00867632508	0	24.1	0	0	3
182	258	0	1.63286671	0.0992659044	0.0966909241	0.0693614307	0.125897665	0.0366804593	0.00867632508	0	23.6	0	0	3
183	259	0	1.6418385	0.101725756	0.0962592828	0.0693614307	0.120321217	0.0371121006	0.00867632508	0	23.3	0	0	3
184	260	0	1.6508103	0.105294645	0.0959909512	0.0693614307	0.117519578	0.0373804322	0.00867632508	0	23.2	0	0	3
185	262	0	1.65978209	0.106096918	0.0958967681	0.0693614307	0.117519578	0.0374746153	0.00867632508	0	23.1	0	0	3
186	263	0	1.66875389	0.109412588	0.0958469218	0.0693614307	0.117519578	0.0375244617	0.00867632508	0	23.1	0	0	3
187	265	0	1.67772568	0.11103899	0.0958329358	0.0693614307	0.117519578	0.0375384476	0.00867632508	0	23.1	0	0	3
188	266	0	1.68669748	0.115442135	0.0957958386	0.0693614307	0.116244211	0.0375755448	0.00867632508	0	23	0	0	3
189	268	0	1.69566927	0.116740024	0.0958046924	0.0693614307	0.116740024	0.0375755448	0.00867632508	0	23	0	0	3
190	269	0	1.70464107	0.118645484	0.095865638	0.0693614307	0.118645484	0.0375755448	0.00867632508	0	23	0	0	3
191	271	0	1.71361287	0.119870468	0.0960175227	0.0693614307	0.119870468	0.0375755448	0.00867632508	0	23	0	0	3
192	272	0	1.72258466	0.12295258	0.0962379828	0.0693614307	0.12295258	0.0375755448	0.00867632508	0	23	0	0	3
193	273	0	1.73155646	0.12462128	0.0965224611	0.0693614307	0.12462128	0.0375755448	0.00867632508	0	23	0	0	3
194	275	0	1.74052825	0.127119878	0.0968155206	0.0693614307	0.127119878	0.0375755448	0.00867632508	0	23	0	0	3
195	276	0	1.74950005	0.130506755	0.0972383049	0.0693614307	0.130506755	0.0375755448	0.00867632508	0	23	0	0	3
196	278	0	1.75847184	0.132217917	0.0977158285	0.0693614307	0.132217917	0.0375755448	0.00867632508	0	23	0	0	3
197	279	0	1.76744364	0.133250448	0.0983463373	0.0693614307	0.133250448	0.0375755448	0.00867632508	0	23	0	0	3
198	281	0	1.77641543	0.134381289	0.0990589111	0.0693614307	0.134381289	0.0375755448	0.00867632508	0	23	0	0	3
199	282	0	1.78538723	0.136069487	0.0999904311	0.0693614307	0.136069487	0.0373745155	0.00867632508	0	23.2	0	0	3
200	284	0	1.79435902	0.137818725	0.101083243	0.0693614307	0.137818725	0.0370721944	0.00867632508	0	23.4	0	0	3
201	288	0	1.80333082	0.138479386	0.102298273	0.0693614307	0.138479386	0.0366763982	0.00867632508	0	23.6	0	0	3
202	290	0	1.81230261	0.138185533	0.103527274	0.071055158	0.138479386	0.0363032018	0.00867632508	0	23.8	0	0	3
203	291	0	1.82127441	0.138892255	0.104738651	0.0755431732	0.138892255	0.0358669487	0.00867632508	0	24.1	0	0	3
204	293	0	1.8302462	0.136539294	0.105827868	0.0778968055	0.138892255	0.0353815703	0.00867632508	0	24.5	0	0	3
205	294	0	1.839218	0.13582878	0.106862367	0.0794201198	0.138892255	0.0347865244	0.00867632508	0	24.9	0	0	3
206	296	0	1.84818979	0.134073177	0.107806512	0.0794201198	0.138892255	0.0340769266	0.00867632508	0	25.4	0	0	3
207	297	0	1.85716159	0.133786416	0.108762029	0.0794201198	0.138892255	0.0332242656	0.00867632508	0	26.1	0	0	3
208	299	0	1.86613338	0.131257122	0.109686047	0.0794201198	0.138892255	0.0323319861	0.00867632508	0	26.8	0	0	3
209	300	0	1.87510518	0.128284985	0.110558633	0.0826020434	0.138892255	0.0314080475	0.00867632508	0	27.6	0	0	3
210	302	0	1.88407697	0.125360194	0.111322172	0.0867939182	0.138892255	0.0306025467	0.00867632508	0	28.3	0	0	3
211	303	0	1.89304877	0.11999479	0.111915045	0.0926615391	0.138892255	0.0298064155	0.00867632508	0	29.1	0	0	3
212	305	0	1.90202056	0.118317437	0.112352544	0.0926615391	0.138892255	0.0291133435	0.00867632508	0	29.8	0	0	3
213	306	0	1.91099236	0.11690822	0.112670642	0.0926615391	0.138892255	0.0283643809	0.00867632508	0	30.5	0	0	3
214	307	0	1.91996415	0.118517524	0.112945915	0.0926615391	0.138892255	0.0276046771	0.00867632508	0	31.4	0	0	3
215	309	0	1.92893595	0.120044341	0.113238917	0.0926615391	0.138892255	0.0267513348	0.00867632508	0	32.4	0	0	3
216	310	0	1.93790774	0.122305833	0.113587371	0.0926615391	0.138892255	0.0258523435	0.00867632508	0	33.5	0	0	3
217	312	0	1.94687954	0.124000681	0.11398482	0.0926615391	0.138892255	0.0248521582	0.00867632508	0	34.9	0	0	3
218	313	0	1.95585133	0.124426675	0.114395382	0.0926615391	0.138892255	0.0238499742	0.00867632508	0	36.3	0	0	3
219	314	0	1.96482313	0.124107876	0.114805243	0.0926615391	0.138892255	0.0228285709	0.00867632508	0	38	0	0	3
220	316	0	1.97379492	0.121923652	0.115159114	0.0926615391	0.138892255	0.021785076	0.00867632508	0	39.8	0	0	3
221	317	0	1.98276672	0.117681903	0.11548654	0.0926615391	0.138892255	0.0207251422	0.00867632508	0	41.8	0	0	3
222	319	0	1.99173851	0.115770781	0.1157878	0.0926615391	0.138892255	0.0199919614	0.00867632508	0	43.3	0	0	3
223	320	0	2.00071031	0.113451684	0.116099735	0.0926615391	0.138892255	0.0203038961	0.00867632508	0	42.7	0	0	3
224	322	0	2.0096821	0.116357138	0.116474946	0.0926615391	0.138892255	0.0206791079	0.00867632508	0	41.9	0	0	3
225	323	0	2.0186539	0.120806308	0.116958947	0.0926615391	0.138892255	0.0211631087	0.00867632508	0	40.9	0	0	3
226	324	0	2.02762569	0.12399983	0.117483957	0.0926615391	0.138892255	0.0216881182	0.00867632508	0	40	0	0	3
227	326	0	2.03659749	0.125450947	0.118039893	0.0926615391	0.138892255	0.0222440546	0.00867632508	0	39	0	0	3
228	327	0	2.04556928	0.125916381	0.118588405	0.0926615391	0.138892255	0.0227925668	0.00867632508	0	38	0	0	3
229	329	0	2.05454108	0.12292617	0.119105802	0.0926615391	0.138892255	0.0233099633	0.00867632508	0	37.2	0	0	3
230	330	0	2.06351287	0.120814017	0.119573847	0.0926615391	0.138892255	0.0237780082	0.00867632508	0	36.4	0	0	3
231	331	0	2.07248467	0.118977435	0.120007369	0.0926615391	0.138892255	0.0242115308	0.00867632508	0	35.8	0	0	3
232	333	0	2.08145646	0.119137215	0.120445704	0.0926615391	0.138892255	0.0246498654	0.00867632508	0	35.1	0	0	3
233	334	0	2.09042826	0.120359328	0.120940307	0.0927870271	0.138892255	0.0251444687	0.00867632508	0	34.5	0	0	3
234	336	0	2.09940005	0.124663557	0.121509531	0.0931677662	0.138892255	0.0257136925	0.00867632508	0	33.7	0	0	3
235	337	0	2.10837185	0.123550045	0.122052072	0.0947863681	0.138892255	0.0262562332	0.00867632508	0	33	0	0	3
236	339	0	2.11734364	0.119602175	0.122495211	0.0965614683	0.138892255	0.0266993726	0.00867632508	0	32.4	0	0	3
237	340	0	2.12631544	0.11036025	0.122741618	0.0992659044	0.138892255	0.0269457794	0.00867632508	0	32.1	0	0	3
238	341	0	2.13528724	0.102003162	0.122790498	0.101725756	0.138892255	0.026994659	0.00867632508	0	32.1	0	0	3
239	343	0	2.14425903	0.0948145603	0.122667083	0.0948145603	0.138892255	0.026994659	0.00867632508	0	32.1	0	0	3
240	344	0	2.15323083	0.09636339	0.122507597	0.0948145603	0.138892255	0.026994659	0.00867632508	0	32.1	0	0	3
241	346	0	2.16220262	0.101606569	0.122427412	0.0948145603	0.138892255	0.026994659	0.00867632508	0	32.1	0	0	3
242	347	0	2.17117442	0.109407837	0.122427327	0.0948145603	0.138892255	0.026994659	0.00867632508	0	32.1	0	0	3
243	349	0	2.18014621	0.11294119	0.122461295	0.0948145603	0.138892255	0.026994659	0.00867632508	0	32.1	0	0	3
244	350	0	2.18911801	0.113378673	0.122424447	0.0948145603	0.138892255	0.0269858052	0.00867632508	0	32.1	0	0	3
245	351	0	2.1980898	0.108827366	0.12228315	0.0948145603	0.138892255	0.0269248596	0.00867632508	0	32.2	0	0	3
246	353	0	2.2070616	0.104021025	0.122021999	0.0948145603	0.138892255	0.0267729749	0.00867632508	0	32.4	0	0	3
247	354	0	2.21603339	0.0983627979	0.121637933	0.0948145603	0.138892255	0.0265525148	0.00867632508	0	32.6	0	0	3
248	356	0	2.22500519	0.0968855709	0.121172451	0.0948145603	0.138892255	0.0262680366	0.00867632508	0	33	0	0	3
249	357	0	2.23397698	0.0947059358	0.120638248	0.0947059358	0.138892255	0.025974977	0.00867632508	0	33.4	0	0	3
250	359	0	2.24294878	0.0959694678	0.120081991	0.0947059358	0.138892255	0.0255521927	0.00867632508	0	33.9	0	0	3
251	360	0	2.25192057	0.0938649783	0.119427674	0.0938649783	0.138892255	0.0250746691	0.00867632508	0	34.6	0	0	3
252	361	0	2.26089237	0.0913626606	0.118698116	0.0913626606	0.138892255	0.0244441604	0.00867632508	0	35.4	0	0	3
253	363	0	2.26986416	0.0832786724	0.117805762	0.0832786724	0.138892255	0.0237315866	0.00867632508	0	36.5	0	0	3
254	364	0	2.27883596	0.0764030594	0.116770437	0.0764030594	0.138892255	0.0228000665	0.00867632508	0	38	0	0	3
255	366	0	2.28780775	0.0700576568	0.115591654	0.0700576568	0.138892255	0.0217072544	0.00867632508	0	39.9	0	0	3
256	367	0	2.29677955	0.0689390698	0.11436166	0.0689390698	0.138892255	0.0204922251	0.00867632508	0	42.3	0	0	3
257	368	0	2.30575134	0.0682192226	0.113107015	0.0682192226	0.138892255	0.0192632232	0.00867632508	0	45	0	0	3
258	370	0	2.31472314	0.0726006083	0.111935855	0.0682192226	0.138892255	0.0180518465	0.00867632508	0	48	0	0	3
259	371	0	2.32369493	0.0730537095	0.110760167	0.0682192226	0.136539294	0.0169626301	0.00867632508	0	51.1	0	0	3
260	373	0	2.33266673	0.074253583	0.109647922	0.0682192226	0.13582878	0.0159281305	0.00867632508	0	54.4	0	0	3
261	374	0	2.34163852	0.0706844855	0.108484631	0.0682192226	0.134073177	0.014983986	0.00867632508	0	57.9	0	0	3
262	375	0	2.35061032	0.0699760603	0.10734004	0.0682192226	0.133786416	0.0154504579	0.00867632508	0	56.1	0	0	3
263	377	0	2.35958211	0.0705330693	0.106210516	0.0682192226	0.131257122	0.016579982	0.00867632508	0	52.3	0	0	3
264	378	0	2.36855391	0.0742328421	0.105192225	0.0682192226	0.128284985	0.0175982727	0.00867632508	0	49.3	0	0	3
265	379	0	2.3775257	0.0764017522	0.104265739	0.0682192226	0.125916381	0.018524759	0.00867632508	0	46.8	0	0	3
266	381	0	2.3864975	0.0785315191	0.103429512	0.0682192226	0.125916381	0.0193609853	0.00867632508	0	44.8	0	0	3
267	382	0	2.39546929	0.0770941639	0.10266343	0.0682192226	0.125916381	0.0201270679	0.00867632508	0	43.1	0	0	3
268	384	0	2.40444109	0.0744119594	0.101879403	0.0682192226	0.125916381	0.0209110943	0.00867632508	0	41.4	0	0	3
269	385	0	2.41341288	0.0699205472	0.101040338	0.0682192226	0.125916381	0.0217501599	0.00867632508	0	39.8	0	0	3
270	387	0	2.42238468	0.0681795501	0.100141445	0.0681795501	0.125916381	0.0226490523	0.00867632508	0	38.3	0	0	3
271	388	0	2.43135647	0.0680198805	0.0992124371	0.0680198805	0.125916381	0.0235780605	0.00867632508	0	36.7	0	0	3
272	389	0	2.44032827	0.0703020043	0.0982837973	0.0680198805	0.125916381	0.0245067003	0.00867632508	0	35.4	0	0	3
273	391	0	2.44930006	0.0734574675	0.0973812399	0.0680198805	0.125916381	0.0254092577	0.00867632508	0	34.1	0	0	3
274	392	0	2.45827186	0.0789189817	0.0965686025	0.0680198805	0.125916381	0.0262218951	0.00867632508	0	33	0	0	3
275	394	0	2.46724365	0.0818948333	0.0958147982	0.0680198805	0.125916381	0.0269756994	0.00867632508	0	32.1	0	0	3
276	395	0	2.47621545	0.0835395424	0.0951293677	0.0680198805	0.125916381	0.02766113	0.00867632508	0	31.3	0	0	3
277	396	0	2.48518724	0.0826774166	0.0945042876	0.0680198805	0.125916381	0.0282862101	0.00867632508	0	30.6	0	0	3
278	398	0	2.49415904	0.0851969112	0.0939583256	0.0680198805	0.125916381	0.028832172	0.00867632508	0	30	0	0	3
279	399	0	2.50313083	0.0852181607	0.0934541555	0.0680198805	0.125916381	0.0293363421	0.00867632508	0	29.5	0	0	3
280	401	0	2.51210263	0.0889273379	0.0929643377	0.0680198805	0.125916381	0.02982616	0.00867632508	0	29	0	0	3
281	402	0	2.52107442	0.0936937237	0.0924801844	0.0680198805	0.125916381	0.0303103133	0.00867632508	0	28.6	0	0	3
282	403	0	2.53004622	0.100275948	0.0920565436	0.0680198805	0.125916381	0.030733954	0.00867632508	0	28.2	0	0	3
283	405	0	2.53901801	0.10332136	0.0916613724	0.0680198805	0.125916381	0.0311291252	0.00867632508	0	27.8	0	0	3
284	406	0	2.54798981	0.108895482	0.0913574278	0.0680198805	0.124663557	0.0314330698	0.00867632508	0	27.6	0	0	3
285	408	0	2.55696161	0.110877966	0.0911422813	0.0680198805	0.124663557	0.0316482163	0.00867632508	0	27.4	0	0	3
286	409	0	2.5659334	0.114722639	0.0910335067	0.0680198805	0.124663557	0.0317569909	0.00867632508	0	27.3	0	0	3
287	410	0	2.5749052	0.116089979	0.090981945	0.0680198805	0.124663557	0.0318085527	0.00867632508	0	27.2	0	0	3
288	412	0	2.58387699	0.118809003	0.0909760841	0.0680198805	0.124663557	0.0318144136	0.00867632508	0	27.2	0	0	3
289	413	0	2.59284879	0.118919589	0.0909503744	0.0680198805	0.124663557	0.0318401232	0.00867632508	0	27.2	0	0	3
290	415	0	2.60182058	0.121867351	0.0909004422	0.0680198805	0.123550045	0.0318900555	0.00867632508	0	27.2	0	0	3
291	416	0	2.61079238	0.121535252	0.0908644637	0.0680198805	0.121867351	0.0319260339	0.00867632508	0	27.1	0	0	3
292	418	0	2.61976417	0.12383926	0.0909401259	0.0680198805	0.12383926	0.0319260339	0.00867632508	0	27.1	0	0	3
293	419	0	2.62873597	0.121522351	0.0911394492	0.0680198805	0.12383926	0.0319260339	0.00867632508	0	27.1	0	0	3
294	420	0	2.63770776	0.121538031	0.0914882861	0.0680198805	0.12383926	0.0318026197	0.00867632508	0	27.2	0	0	3
295	422	0	2.64667956	0.117033462	0.0918850522	0.0680198805	0.12383926	0.031643133	0.00867632508	0	27.4	0	0	3
296	423	0	2.65565135	0.115514113	0.0922270294	0.0680198805	0.12383926	0.0315968312	0.00867632508	0	27.4	0	0	3
297	424	0	2.66462315	0.111431815	0.0924024802	0.0680198805	0.12383926	0.0315968312	0.00867632508	0	27.4	0	0	3
298	426	0	2.67359494	0.110354674	0.092419388	0.0680198805	0.12383926	0.0315968312	0.00867632508	0	27.4	0	0	3
299	427	0	2.68256674	0.107839065	0.0923282787	0.0680198805	0.12383926	0.0315599837	0.00867632508	0	27.4	0	0	3
300	429	0	2.69153853	0.106012089	0.0921967325	0.0680198805	0.12383926	0.0314186862	0.00867632508	0	27.6	0	0	3
301	434	0	2.70051033	0.101097979	0.0920587078	0.0680198805	0.12383926	0.0311575352	0.00867632508	0	27.8	0	0	3
302	435	0	2.70948212	0.0979426888	0.0919501661	0.0680198805	0.12383926	0.0307734696	0.00867632508	0	28.1	0	0	3
303	436	0	2.71845392	0.0956366935	0.0919014856	0.0680198805	0.12383926	0.0303079873	0.00867632508	0	28.6	0	0	3
304	438	0	2.72742571	0.0942467456	0.0918543637	0.0680198805	0.12383926	0.0297737848	0.00867632508	0	29.1	0	0	3
305	439	0	2.73639751	0.0927526027	0.0918194828	0.0680198805	0.12383926	0.0292175274	0.00867632508	0	29.6	0	0	3
306	441	0	2.7453693	0.090304565	0.0917183238	0.0680198805	0.12383926	0.02856321	0.00867632508	0	30.3	0	0	3
307	442	0	2.7543411	0.0832040081	0.0915279493	0.0680198805	0.12383926	0.0278336519	0.00867632508	0	31.1	0	0	3
308	443	0	2.76331289	0.0761760389	0.0912567597	0.0680198805	0.12383926	0.0269412987	0.00867632508	0	32.2	0	0	3
309	445	0	2.77228469	0.0728493542	0.0910705218	0.0680198805	0.12383926	0.0259059732	0.00867632508	0	33.4	0	0	3
310	446	0	2.78125648	0.0758904474	0.0910613681	0.0680198805	0.12383926	0.0247271905	0.00867632508	0	35	0	0	3
311	447	0	2.79022828	0.0815347246	0.0912663157	0.0680198805	0.12383926	0.0234971967	0.00867632508	0	36.9	0	0	3
312	449	0	2.79920007	0.0898442338	0.0916396222	0.0680198805	0.12383926	0.0222425509	0.00867632508	0	39	0	0	3
313	450	0	2.80817187	0.0978293424	0.0921683743	0.0680198805	0.12383926	0.0210713915	0.00867632508	0	41.1	0	0	3
314	451	0	2.81714366	0.105348991	0.0927531669	0.0680198805	0.12383926	0.0198957032	0.00867632508	0	43.6	0	0	3
315	453	0	2.82611546	0.107595058	0.0933699767	0.0680198805	0.12383926	0.0187834583	0.00867632508	0	46.1	0	0	3
316	454	0	2.83508725	0.106483081	0.0939455034	0.0680198805	0.12383926	0.0176201674	0.00867632508	0	49.2	0	0	3
317	455	0	2.84405905	0.101435452	0.0944946278	0.0680198805	0.12383926	0.016475576	0.00867632508	0	52.6	0	0	3
318	456	0	2.85303084	0.0967644768	0.0949729924	0.0680198805	0.12383926	0.0153460519	0.00867632508	0	56.5	0	0	3
319	458	0	2.86200264	0.0930656987	0.0953753608	0.0680198805	0.12383926	0.0143277612	0.00867632508	0	60.5	0	0	3
320	459	0	2.87097443	0.0921898367	0.0956960214	0.0680198805	0.12383926	0.0134012749	0.00867632508	0	64.7	0	0	3
321	460	0	2.87994623	0.0910265242	0.095957178	0.0680198805	0.12383926	0.0125650486	0.00867632508	0	69	0	0	3
322	461	0	2.88891802	0.0904678406	0.0961703266	0.0680198805	0.12383926	0.011798966	0.00867632508	0	73.5	0	0	3
323	463	0	2.89788982	0.0869384342	0.0963461172	0.0680198805	0.12383926	0.0110149396	0.00867632508	0	78.7	0	0	3
324	464	0	2.90686161	0.0827607436	0.0964952026	0.0680198805	0.12383926	0.010175874	0.00867632508	0	85.2	0	0	3
325	465	0	2.91583341	0.0770832619	0.0966231082	0.0680198805	0.12383926	0.0092769816	0.00867632508	0	93.5	0	0	3
326	467	0	2.9248052	0.0735044551	0.0967181958	0.0680198805	0.12383926	0.00834797338	0.00867632508	0	100	0	0	3
327	468	0	2.933777	0.0724700747	0.0967976636	0.0703020043	0.12383926	0.00741933358	0.00867632508	0	100	0	0	3
328	469	0	2.94274879	0.0751857662	0.0968848736	0.0724700747	0.12383926	0.00651677619	0.00867632508	0	100	0	0	3
329	471	0	2.95172059	0.0775501082	0.0969579565	0.0724700747	0.12383926	0.00609349277	0.00867632508	0	100	0	0	3
330	472	0	2.96069238	0.0829348153	0.0970296678	0.0724700747	0.12383926	0.00616520409	0.00867632508	0	100	0	0	3
331	473	0	2.96966418	0.089118761	0.0971586665	0.0724700747	0.12383926	0.00629420279	0.00867632508	0	100	0	0	3
332	475	0	2.97863598	0.0961707643	0.097384224	0.0724700747	0.12383926	0.00651976033	0.00867632508	0	100	0	0	3
333	476	0	2.98760777	0.101076584	0.0977127806	0.0724700747	0.12383926	0.00684831688	0.00867632508	0	100	0	0	3
334	477	0	2.99657957	0.107657637	0.098113865	0.0724700747	0.12383926	0.00724940127	0.00867632508	0	100	0	0	3
