Iteration	CPUTime	PhysTime	Travels	Value	AvValue	MinValue	MaxValue	Delta	Criteria	PrevAvRefValue	Progress	CriteriaType	CriteriaVarType	CriteriaPercentage
1	5	0	0.00897167416	0.0113980476	0.0113980476	0.0113980476	0.0113980476	0	0	0	0	0	0	3
2	6	0	0.0179433483	0.00216189522	0.00677997141	0.00216189522	0.0113980476	0.00461807619	0	0	0	0	0	3
3	7	0	0.0269150225	0.0012524285	0.0049374571	0.0012524285	0.0113980476	0.00646059049	0	0	0	0	0	3
4	8	0	0.0358866967	0.000783663113	0.00389900861	0.000783663113	0.0113980476	0.00749903899	0	0	0	0	0	3
5	9	0	0.0448583708	0.000834747478	0.00328615638	0.000783663113	0.0113980476	0.00811189121	0	0	0	0	0	3
6	9	0	0.053830045	0.000760287785	0.00286517828	0.000760287785	0.0113980476	0.00853286931	0	0	0	0	0	3
7	10	0	0.0628017192	0.000673118539	0.00255202689	0.000673118539	0.0113980476	0.00884602071	0	0	0	0	0	3
8	11	0	0.0717733933	0.000733621557	0.00232472622	0.000673118539	0.0113980476	0.00907332137	0	0	0	0	0	3
9	12	0	0.0807450675	0.000670082009	0.00214087687	0.000670082009	0.0113980476	0.00925717073	0	0	0	0	0	3
10	12	0	0.0897167416	0.000823292111	0.00200911839	0.000670082009	0.0113980476	0.0093889292	0	0	0	0	0	3
11	13	0	0.0986884158	0.000759248257	0.00189549383	0.000670082009	0.0113980476	0.00950255376	0	0	0	0	0	3
12	14	0	0.10766009	0.000832094876	0.00180687725	0.000670082009	0.0113980476	0.00959117034	0	0	0	0	0	3
13	15	0	0.116631764	0.000702038679	0.00172188967	0.000670082009	0.0113980476	0.00967615792	0	0	0	0	0	3
14	15	0	0.125603438	0.000749789821	0.00165245397	0.000670082009	0.0113980476	0.00974559363	0	0	0	0	0	3
15	16	0	0.134575112	0.000740476318	0.00159165546	0.000670082009	0.0113980476	0.00980639214	0	0	0	0	0	3
16	17	0	0.143546787	0.000734950898	0.00153811142	0.000670082009	0.0113980476	0.00985993617	0	0	0	0	0	3
17	18	0	0.152518461	0.000711006039	0.00148945816	0.000670082009	0.0113980476	0.00990858943	0	0	0	0	0	3
18	18	0	0.161490135	0.00071867651	0.00144663696	0.000670082009	0.0113980476	0.00995141063	0	0	0	0	0	3
19	19	0	0.170461809	0.000704193528	0.00140756099	0.000670082009	0.0113980476	0.0099904866	0	0	0	0	0	3
20	20	0	0.179433483	0.000710534081	0.00137270965	0.000670082009	0.0113980476	0.0100253379	0	0	0	0	0	3
21	21	0	0.188405157	0.000698083756	0.0013405846	0.000670082009	0.0113980476	0.010057463	0	0	0	0	0	3
22	21	0	0.197376832	0.000724769417	0.001312593	0.000670082009	0.0113980476	0.0100854546	0	0	0	0	0	3
23	22	0	0.206348506	0.000742410553	0.00128780246	0.000670082009	0.0113980476	0.0101102451	0	0	0	0	0	3
24	23	0	0.21532018	0.000756868946	0.00126568023	0.000670082009	0.0113980476	0.0101323674	0	0	0	0	0	3
25	24	0	0.224291854	0.000757146439	0.00124533888	0.000670082009	0.0113980476	0.0101527087	0	0	0	0	0	3
26	24	0	0.233263528	0.000768609547	0.00122700314	0.000670082009	0.0113980476	0.0101710445	0	0	0	0	0	3
27	25	0	0.242235202	0.00075810152	0.00120963641	0.000670082009	0.0113980476	0.0101884112	0	0	0	0	0	3
28	26	0	0.251206877	0.00076890525	0.00119389601	0.000670082009	0.0113980476	0.0102041516	0	0	0	0	0	3
29	27	0	0.260178551	0.000753411482	0.00117870689	0.000670082009	0.0113980476	0.0102193407	0	0	0	0	0	3
30	27	0	0.269150225	0.000767297167	0.00116499323	0.000670082009	0.0113980476	0.0102330544	0	0	0	0	0	3
31	28	0	0.278121899	0.000758138369	0.00115186888	0.000670082009	0.0113980476	0.0102461787	0	0	0	0	0	3
32	29	0	0.287093573	0.000774432595	0.001140074	0.000670082009	0.0113980476	0.0102579736	0	0	0	0	0	3
33	30	0	0.296065247	0.000755747629	0.00112842774	0.000670082009	0.0113980476	0.0102696198	0	0	0	0	0	3
34	31	0	0.305036922	0.000763784335	0.00111770294	0.000670082009	0.0113980476	0.0102803447	0	0	0	0	0	3
35	31	0	0.314008596	0.000740868075	0.00110693623	0.000670082009	0.0113980476	0.0102911114	0	0	0	0	0	3
36	32	0	0.32298027	0.000742622472	0.0010968164	0.000670082009	0.0113980476	0.0103012312	0	0	0	0	0	3
37	33	0	0.331951944	0.00070861599	0.0010863245	0.000670082009	0.0113980476	0.0103117231	0	0	0	0	0	3
38	34	0	0.340923618	0.000714447017	0.00107653825	0.000670082009	0.0113980476	0.0103215093	0	0	0	0	0	3
39	34	0	0.349895292	0.000684866838	0.00106649539	0.000670082009	0.0113980476	0.0103315522	0	0	0	0	0	3
40	35	0	0.358866967	0.000681947234	0.00105688169	0.000670082009	0.0113980476	0.0103411659	0	0	0	0	0	3
41	36	0	0.367838641	0.000664836591	0.00104731961	0.000664836591	0.0113980476	0.010350728	0	0	0	0	0	3
42	37	0	0.376810315	0.000654213395	0.00103795994	0.000654213395	0.0113980476	0.0103600877	0	0	0	0	0	3
43	38	0	0.385781989	0.000655910066	0.00102907506	0.000654213395	0.0113980476	0.0103689725	0	0	0	0	0	3
44	38	0	0.394753663	0.000631428269	0.00102003763	0.000631428269	0.0113980476	0.01037801	0	0	0	0	0	3
45	39	0	0.403725337	0.000637922863	0.00101154619	0.000631428269	0.0113980476	0.0103865014	0	0	0	0	0	3
46	40	0	0.412697012	0.000607727535	0.00100276753	0.000607727535	0.0113980476	0.0103952801	0	0	0	0	0	3
47	41	0	0.421668686	0.000641930734	0.000995090149	0.000607727535	0.0113980476	0.0104029574	0	0	0	0	0	3
48	42	0	0.43064036	0.000577966656	0.000986400076	0.000577966656	0.0113980476	0.0104116475	0	0	0	0	0	3
49	42	0	0.439612034	0.000642573031	0.000979383198	0.000577966656	0.0113980476	0.0104186644	0	0	0	0	0	3
50	43	0	0.448583708	0.000566777065	0.000971131075	0.000566777065	0.0113980476	0.0104269165	0	0	0	0	0	3
51	44	0	0.457555382	0.000626614396	0.000964375846	0.000566777065	0.0113980476	0.0104336717	0	0	0	0	0	3
52	45	0	0.466527057	0.000570608149	0.00095680339	0.000566777065	0.0113980476	0.0104412442	0	0	0	0	0	3
53	46	0	0.475498731	0.00060310785	0.000950129889	0.000566777065	0.0113980476	0.0104479177	0	0	0	0	0	3
54	46	0	0.484470405	0.000561054037	0.000942924781	0.000561054037	0.0113980476	0.0104551228	0	0	0	0	0	3
55	47	0	0.493442079	0.000591128625	0.000936528487	0.000561054037	0.0113980476	0.0104615191	0	0	0	0	0	3
56	48	0	0.502413753	0.000570435953	0.000929991121	0.000561054037	0.0113980476	0.0104680565	0	0	0	0	0	3
57	49	0	0.511385427	0.000575179716	0.000736725623	0.000561054037	0.00216189522	0.00160084118	0	0	0	0	0	3
58	49	0	0.520357102	0.000572671064	0.00070834662	0.000561054037	0.0012524285	0.00069137446	0	0	0	0	0	3
59	50	0	0.529328776	0.000548686652	0.000695779801	0.000548686652	0.000834747478	0.000286060826	0	0	0	0	0	3
60	51	0	0.53830045	0.000591498674	0.000692348294	0.000548686652	0.000834747478	0.000286060826	0	0	0	0	0	3
61	52	0	0.547272124	0.000532115539	0.000686944152	0.000532115539	0.000832094876	0.000299979337	0	0	0	0	0	3
62	53	0	0.556243798	0.000584872114	0.000683811729	0.000532115539	0.000832094876	0.000299979337	0	0	0	0	0	3
63	53	0	0.565215472	0.00053886059	0.000681414266	0.000532115539	0.000832094876	0.000299979337	0	0	0	0	0	3
64	54	0	0.574187147	0.000583077625	0.000678725981	0.000532115539	0.000832094876	0.000299979337	0	0	0	0	0	3
65	55	0	0.583158821	0.000547422543	0.000676535634	0.000532115539	0.000832094876	0.000299979337	0	0	0	0	0	3
66	56	0	0.592130495	0.000581703658	0.000672221554	0.000532115539	0.000832094876	0.000299979337	0	0	0	0	0	3
67	57	0	0.601102169	0.000554043289	0.00066855718	0.000532115539	0.000832094876	0.000299979337	0	0	0	0	0	3
68	57	0	0.610073843	0.000587255747	0.000664185052	0.000532115539	0.000774432595	0.000242317056	0	0	0	0	0	3
69	58	0	0.619045517	0.000555894941	0.000661575343	0.000532115539	0.000774432595	0.000242317056	0	0	0	0	0	3
70	59	0	0.628017192	0.000573820702	0.000658433037	0.000532115539	0.000774432595	0.000242317056	0	0	0	0	0	3
71	60	0	0.636988866	0.000572211635	0.000655428311	0.000532115539	0.000774432595	0.000242317056	0	0	0	0	0	3
72	60	0	0.64596054	0.000560108797	0.00065230613	0.000532115539	0.000774432595	0.000242317056	0	0	0	0	0	3
73	61	0	0.654932214	0.000570014386	0.000649788422	0.000532115539	0.000774432595	0.000242317056	0	0	0	0	0	3
74	62	0	0.663903888	0.000558755244	0.000646932685	0.000532115539	0.000774432595	0.000242317056	0	0	0	0	0	3
75	63	0	0.672875562	0.000592788429	0.000644943308	0.000532115539	0.000774432595	0.000242317056	0	0	0	0	0	3
76	64	0	0.681847237	0.000548778347	0.000642054813	0.000532115539	0.000774432595	0.000242317056	0	0	0	0	0	3
77	64	0	0.690818911	0.000586801667	0.000640067633	0.000532115539	0.000774432595	0.000242317056	0	0	0	0	0	3
78	65	0	0.699790585	0.0005573312	0.000637077665	0.000532115539	0.000774432595	0.000242317056	0	0	0	0	0	3
79	66	0	0.708762259	0.000595755164	0.000634458819	0.000532115539	0.000774432595	0.000242317056	0	0	0	0	0	3
80	67	0	0.717733933	0.000555309116	0.000630859536	0.000532115539	0.000774432595	0.000242317056	0	0	0	0	0	3
81	67	0	0.726705607	0.00058877209	0.000627852851	0.000532115539	0.000774432595	0.000242317056	0	0	0	0	0	3
82	68	0	0.735677282	0.000561775886	0.000624159393	0.000532115539	0.000774432595	0.000242317056	0	0	0	0	0	3
83	69	0	0.744648956	0.000594365746	0.00062123554	0.000532115539	0.000774432595	0.000242317056	0	0	0	0	0	3
84	70	0	0.75362063	0.000562112739	0.000617542816	0.000532115539	0.000774432595	0.000242317056	0	0	0	0	0	3
85	71	0	0.762592304	0.000597935672	0.000614766463	0.000532115539	0.000774432595	0.000242317056	0	0	0	0	0	3
86	71	0	0.771563978	0.000568574219	0.000611217839	0.000532115539	0.000774432595	0.000242317056	0	0	0	0	0	3
87	72	0	0.780535652	0.000600925025	0.000608410457	0.000532115539	0.000774432595	0.000242317056	0	0	0	0	0	3
88	73	0	0.789507327	0.000570032576	0.000604760457	0.000532115539	0.000763784335	0.000231668796	0	0	0	0	0	3
89	74	0	0.798479001	0.000605310383	0.000602074078	0.000532115539	0.000763784335	0.000231668796	0	0	0	0	0	3
90	74	0	0.807450675	0.000576085634	0.000598722315	0.000532115539	0.000742622472	0.000210506933	0	0	0	0	0	3
91	75	0	0.816422349	0.000610023959	0.000596385813	0.000532115539	0.000742622472	0.000210506933	0	0	0	0	0	3
92	76	0	0.825394023	0.000578094261	0.000593447809	0.000532115539	0.000714447017	0.000182331478	0	0	0	0	0	3
93	77	0	0.834365697	0.00060969269	0.000591681322	0.000532115539	0.000714447017	0.000182331478	0	0	0	0	0	3
94	78	0	0.843337372	0.00057501083	0.00058919139	0.000532115539	0.000684866838	0.000152751299	0	0	0	0	0	3
95	78	0	0.852309046	0.000610591974	0.000587865053	0.000532115539	0.000681947234	0.000149831695	0	0	0	0	0	3
96	79	0	0.86128072	0.000563266404	0.000585745753	0.000532115539	0.000664836591	0.000132721052	0	0	0	0	0	3
97	80	0	0.870252394	0.000604364948	0.000584665902	0.000532115539	0.000655910066	0.000123794527	0	0	0	0	0	3
98	81	0	0.879224068	0.000571549365	0.000583189758	0.000532115539	0.000655910066	0.000123794527	0	0	0	0	0	3
99	82	0	0.888195742	0.000594751095	0.000582097634	0.000532115539	0.000642573031	0.000110457492	0	0	0	0	0	3
100	82	0	0.897167416	0.000566443076	0.000580937184	0.000532115539	0.000642573031	0.000110457492	0	0	0	0	0	3
101	87	0	0.906139091	0.000587646136	0.000580039385	0.000532115539	0.000642573031	0.000110457492	0	0	0	0	0	3
102	88	0	0.915110765	0.000557959548	0.000579150671	0.000532115539	0.000642573031	0.000110457492	0	0	0	0	0	3
103	89	0	0.924082439	0.00057619911	0.000577976892	0.000532115539	0.000642573031	0.000110457492	0	0	0	0	0	3
104	90	0	0.933054113	0.000551922019	0.000577511809	0.000532115539	0.000642573031	0.000110457492	0	0	0	0	0	3
105	90	0	0.942025787	0.000572600306	0.000576262297	0.000532115539	0.000626614396	9.44988566e-05	0	0	0	0	0	3
106	91	0	0.950997461	0.000552377804	0.000576005167	0.000532115539	0.000626614396	9.44988566e-05	0	0	0	0	0	3
107	92	0	0.959969136	0.000570746246	0.000575007521	0.000532115539	0.000610591974	7.84764348e-05	0	0	0	0	0	3
108	93	0	0.96894081	0.000552660725	0.000574687032	0.000532115539	0.000610591974	7.84764348e-05	0	0	0	0	0	3
109	94	0	0.977912484	0.000569473217	0.000574086413	0.000532115539	0.000610591974	7.84764348e-05	0	0	0	0	0	3
110	94	0	0.986884158	0.000553847831	0.000573957731	0.000532115539	0.000610591974	7.84764348e-05	0	0	0	0	0	3
111	95	0	0.995855832	0.000563904366	0.000573471583	0.000532115539	0.000610591974	7.84764348e-05	0	0	0	0	0	3
112	96	0	1.00482751	0.000550260106	0.0005731113	0.000532115539	0.000610591974	7.84764348e-05	2.16093888e-05	0	27.5	0	0	3
113	97	0	1.01379918	0.000565505641	0.000572938549	0.000532115539	0.000610591974	7.84764348e-05	2.16093888e-05	0	27.5	0	0	3
114	98	0	1.02277085	0.000552038247	0.000572570106	0.000532115539	0.000610591974	7.84764348e-05	2.16093888e-05	0	27.5	0	0	3
115	98	0	1.03174253	0.000571448746	0.000572976572	0.000532115539	0.000610591974	7.84764348e-05	2.16093888e-05	0	27.5	0	0	3
116	99	0	1.0407142	0.00056006334	0.000572415227	0.000532115539	0.000610591974	7.84764348e-05	2.16093888e-05	0	27.5	0	0	3
117	100	0	1.04968588	0.000572640318	0.000573138883	0.00053886059	0.000610591974	7.17313843e-05	2.16093888e-05	0	30.1	0	0	3
118	101	0	1.05865755	0.000561482247	0.000572721207	0.00053886059	0.000610591974	7.17313843e-05	2.16093888e-05	0	30.1	0	0	3
119	102	0	1.06762923	0.000578792438	0.000573434276	0.000547422543	0.000610591974	6.31694312e-05	2.16093888e-05	0	34.2	0	0	3
120	102	0	1.0766009	0.000561240998	0.000573044336	0.000547422543	0.000610591974	6.31694312e-05	2.16093888e-05	0	34.2	0	0	3
121	103	0	1.08557257	0.000577637141	0.000573583883	0.000548778347	0.000610591974	6.18136272e-05	2.16093888e-05	0	34.9	0	0	3
122	104	0	1.09454425	0.000565795526	0.000573299809	0.000548778347	0.000610591974	6.18136272e-05	2.16093888e-05	0	34.9	0	0	3
123	105	0	1.10351592	0.000578220466	0.000573731544	0.000548778347	0.000610591974	6.18136272e-05	2.16093888e-05	0	34.9	0	0	3
124	106	0	1.1124876	0.000561083618	0.000573264185	0.000548778347	0.000610591974	6.18136272e-05	2.16093888e-05	0	34.9	0	0	3
125	107	0	1.12145927	0.000587809955	0.000573834096	0.000548778347	0.000610591974	6.18136272e-05	2.16093888e-05	0	34.9	0	0	3
126	107	0	1.13043094	0.000563392419	0.000573647876	0.000548778347	0.000610591974	6.18136272e-05	2.16093888e-05	0	34.9	0	0	3
127	108	0	1.13940262	0.000585385403	0.000573883122	0.000548778347	0.000610591974	6.18136272e-05	2.16093888e-05	0	34.9	0	0	3
128	109	0	1.14837429	0.000578304038	0.000574208037	0.000548778347	0.000610591974	6.18136272e-05	2.16093888e-05	0	34.9	0	0	3
129	110	0	1.15734597	0.000585448544	0.000574483647	0.000548778347	0.000610591974	6.18136272e-05	2.16093888e-05	0	34.9	0	0	3
130	110	0	1.16631764	0.000585463117	0.000574960573	0.000548778347	0.000610591974	6.18136272e-05	2.16093888e-05	0	34.9	0	0	3
131	111	0	1.17528932	0.000593503359	0.00057497334	0.000548778347	0.000610591974	6.18136272e-05	2.16093888e-05	0	34.9	0	0	3
132	112	0	1.18426099	0.000579959103	0.000575530139	0.000550260106	0.000610591974	6.03318677e-05	2.16093888e-05	0	35.8	0	0	3
133	113	0	1.19323266	0.000598088677	0.000575731693	0.000550260106	0.000610591974	6.03318677e-05	2.16093888e-05	0	35.8	0	0	3
134	114	0	1.20220434	0.000584780245	0.000576221855	0.000550260106	0.000610591974	6.03318677e-05	2.16093888e-05	0	35.8	0	0	3
135	114	0	1.21117601	0.000606207928	0.000576408511	0.000550260106	0.000610591974	5.84443093e-05	2.16093888e-05	0	36.9	0	0	3
136	115	0	1.22014769	0.000584605007	0.000576931652	0.000550260106	0.000610591974	5.54376245e-05	2.16093888e-05	0	38.9	0	0	3
137	116	0	1.22911936	0.000599444516	0.000577122231	0.000550260106	0.000610591974	5.17441662e-05	2.16093888e-05	0	41.7	0	0	3
138	117	0	1.23809103	0.000585725167	0.000577549897	0.000550260106	0.000610591974	4.88203131e-05	2.16093888e-05	0	44.2	0	0	3
139	118	0	1.24706271	0.000607808764	0.000577789951	0.000550260106	0.000610591974	4.51275897e-05	2.16093888e-05	0	47.8	0	0	3
140	118	0	1.25603438	0.000583236344	0.000578167158	0.000550260106	0.000610591974	4.2351236e-05	2.16093888e-05	0	51	0	0	3
141	119	0	1.26500606	0.000599628552	0.000578197388	0.000550260106	0.000610591974	3.88026119e-05	2.16093888e-05	0	55.6	0	0	3
142	120	0	1.27397773	0.000585515577	0.000578499912	0.000550260106	0.000610591974	3.59952307e-05	2.16093888e-05	0	60	0	0	3
143	121	0	1.28294941	0.000602872054	0.00057853468	0.000550260106	0.000610591974	3.23452304e-05	2.16093888e-05	0	66.8	0	0	3
144	122	0	1.29192108	0.000576795598	0.000578655449	0.000550260106	0.000610591974	2.9658851e-05	2.16093888e-05	0	72.8	0	0	3
145	122	0	1.30089275	0.000599057154	0.000578543784	0.000550260106	0.000610591974	2.63070885e-05	2.16093888e-05	0	82.1	0	0	3
146	123	0	1.30986443	0.000580559847	0.000578623681	0.000550260106	0.000610591974	2.39705864e-05	2.16093888e-05	0	90.1	0	0	3
147	124	0	1.3188361	0.000595807915	0.000578369823	0.000550260106	0.000610591974	2.10325827e-05	2.16093888e-05	0	100	0	0	3
148	125	0	1.32780778	0.00057552816	0.000578323999	0.000550260106	0.000610591974	1.92660952e-05	2.16093888e-05	0	100	0	0	3
149	126	0	1.33677945	0.000591584393	0.000578000637	0.000550260106	0.000610591974	1.67761632e-05	2.16093888e-05	0	100	0	0	3
150	126	0	1.34575112	0.000575086869	0.000578001995	0.000550260106	0.000610591974	1.54498264e-05	2.16093888e-05	0	100	0	0	3
151	127	0	1.3547228	0.000585532728	0.000577554508	0.000550260106	0.000607808764	1.33305258e-05	2.16093888e-05	0	100	0	0	3
152	128	0	1.36369447	0.000567903139	0.000577637307	0.000550260106	0.000607808764	1.22506751e-05	2.16093888e-05	0	100	0	0	3
153	129	0	1.37266615	0.000580403139	0.000577209418	0.000550260106	0.000607808764	1.07745317e-05	2.16093888e-05	0	100	0	0	3
154	130	0	1.38163782	0.000561831394	0.000577035882	0.000550260106	0.000607808764	9.68240722e-06	2.16093888e-05	0	100	0	0	3
155	130	0	1.3906095	0.000574985252	0.000576682921	0.000550260106	0.000607808764	8.52195733e-06	2.16093888e-05	0	100	0	0	3
156	131	0	1.39958117	0.000559690147	0.000576562333	0.000550260106	0.000607808764	7.62415864e-06	2.16093888e-05	0	100	0	0	3
157	132	0	1.40855284	0.000569594884	0.000576239989	0.000550260106	0.000607808764	6.73544458e-06	2.16093888e-05	0	100	0	0	3
158	133	0	1.41752452	0.000553901249	0.00057616752	0.000550260106	0.000607808764	6.24022202e-06	2.16093888e-05	0	100	0	0	3
159	134	0	1.42649619	0.000566001928	0.000575985427	0.000550260106	0.000607808764	6.24022202e-06	2.16093888e-05	0	100	0	0	3
160	134	0	1.43546787	0.000547792182	0.00057591168	0.000547792182	0.000607808764	6.24022202e-06	2.16093888e-05	0	100	0	0	3
161	135	0	1.44443954	0.000561250103	0.000575708998	0.000547792182	0.000607808764	6.24022202e-06	2.16093888e-05	0	100	0	0	3
162	136	0	1.45341121	0.000556580744	0.00057578405	0.000547792182	0.000607808764	6.24022202e-06	2.16093888e-05	0	100	0	0	3
163	137	0	1.46238289	0.000542675666	0.00057528279	0.000542675666	0.000607808764	6.24022202e-06	2.16093888e-05	0	100	0	0	3
164	138	0	1.47135456	0.00057012285	0.000575594613	0.000542675666	0.000607808764	6.24022202e-06	2.16093888e-05	0	100	0	0	3
165	139	0	1.48032624	0.000542943073	0.000575120861	0.000542675666	0.000607808764	6.24022202e-06	2.16093888e-05	0	100	0	0	3
166	139	0	1.48929791	0.000574383589	0.000575487571	0.000542675666	0.000607808764	6.24022202e-06	2.16093888e-05	0	100	0	0	3
167	140	0	1.49826959	0.000544737117	0.000575145299	0.000542675666	0.000607808764	6.24022202e-06	2.16093888e-05	0	100	0	0	3
168	141	0	1.50724126	0.000571727085	0.000575528637	0.000542675666	0.000607808764	6.24022202e-06	2.16093888e-05	0	100	0	0	3
169	142	0	1.51621293	0.000546439041	0.000575188162	0.000542675666	0.000607808764	6.24022202e-06	2.16093888e-05	0	100	0	0	3
170	142	0	1.52518461	0.000570448806	0.000575516922	0.000542675666	0.000607808764	6.24022202e-06	2.16093888e-05	0	100	0	0	3
171	143	0	1.53415628	0.000549165205	0.000575119002	0.000542675666	0.000607808764	6.24022202e-06	2.16093888e-05	0	100	0	0	3
172	144	0	1.54312796	0.000573561992	0.000575360049	0.000542675666	0.000607808764	5.93424146e-06	2.16093888e-05	0	100	0	0	3
173	145	0	1.55209963	0.00055089968	0.000574971824	0.000542675666	0.000607808764	5.93424146e-06	2.16093888e-05	0	100	0	0	3
174	146	0	1.5610713	0.000575203566	0.000575216847	0.000542675666	0.000607808764	5.61111249e-06	2.16093888e-05	0	100	0	0	3
175	146	0	1.57004298	0.000551850539	0.000574735742	0.000542675666	0.000607808764	5.61111249e-06	2.16093888e-05	0	100	0	0	3
176	147	0	1.57901465	0.000570912475	0.000574908447	0.000542675666	0.000607808764	5.39126401e-06	2.16093888e-05	0	100	0	0	3
177	148	0	1.58798633	0.000546863158	0.000574358911	0.000542675666	0.000607808764	5.39126401e-06	2.16093888e-05	0	100	0	0	3
178	149	0	1.596958	0.000565805523	0.00057435909	0.000542675666	0.000607808764	5.39126401e-06	2.16093888e-05	0	100	0	0	3
179	150	0	1.60592968	0.000542242005	0.000573716617	0.000542242005	0.000607808764	5.39126401e-06	2.16093888e-05	0	100	0	0	3
180	150	0	1.61490135	0.000562628484	0.000573744204	0.000542242005	0.000607808764	5.00757238e-06	2.16093888e-05	0	100	0	0	3
181	151	0	1.62387302	0.000534376216	0.00057279003	0.000534376216	0.000607808764	5.86541826e-06	2.16093888e-05	0	100	0	0	3
182	152	0	1.6328447	0.000561448041	0.000572755309	0.000534376216	0.000607808764	5.90013929e-06	2.16093888e-05	0	100	0	0	3
183	153	0	1.64181637	0.00055334121	0.000572183092	0.000534376216	0.000607808764	6.47235701e-06	2.16093888e-05	0	100	0	0	3
184	154	0	1.65078805	0.000546038791	0.000571606927	0.000534376216	0.000607808764	7.04852215e-06	2.16093888e-05	0	100	0	0	3
185	154	0	1.65975972	0.000573946707	0.000571401537	0.000534376216	0.000607808764	7.25391209e-06	2.16093888e-05	0	100	0	0	3
186	155	0	1.66873139	0.000552013167	0.000570804216	0.000534376216	0.000607808764	7.85123263e-06	2.16093888e-05	0	100	0	0	3
187	156	0	1.67770307	0.00057659575	0.000570502294	0.000534376216	0.000607808764	8.15315422e-06	2.16093888e-05	0	100	0	0	3
188	157	0	1.68667474	0.000555588185	0.0005700671	0.000534376216	0.000607808764	8.58834918e-06	2.16093888e-05	0	100	0	0	3
189	158	0	1.69564642	0.000583567788	0.000569807798	0.000534376216	0.000607808764	8.84765077e-06	2.16093888e-05	0	100	0	0	3
190	158	0	1.70461809	0.00055942725	0.000569355066	0.000534376216	0.000607808764	9.30038283e-06	2.16093888e-05	0	100	0	0	3
191	159	0	1.71358977	0.000578646795	0.000568862903	0.000534376216	0.000607808764	9.79254591e-06	2.16093888e-05	0	100	0	0	3
192	160	0	1.72256144	0.000566514778	0.000568539863	0.000534376216	0.000607808764	1.01155857e-05	2.16093888e-05	0	100	0	0	3
193	161	0	1.73153311	0.000580480449	0.000568201219	0.000534376216	0.000607808764	1.04542298e-05	2.16093888e-05	0	100	0	0	3
194	162	0	1.74050479	0.000564381994	0.000567820091	0.000534376216	0.000607808764	1.08353579e-05	2.16093888e-05	0	100	0	0	3
195	162	0	1.74947646	0.000592657232	0.000567549528	0.000534376216	0.000602872054	1.11059209e-05	2.16093888e-05	0	100	0	0	3
196	163	0	1.75844814	0.000568087678	0.000567279016	0.000534376216	0.000602872054	1.13764328e-05	2.16093888e-05	0	100	0	0	3
197	164	0	1.76741981	0.000594981635	0.000567196035	0.000534376216	0.000602872054	1.14594135e-05	2.16093888e-05	0	100	0	0	3
198	165	0	1.77639148	0.000572886061	0.000566970508	0.000534376216	0.000602872054	1.16849406e-05	2.16093888e-05	0	100	0	0	3
199	166	0	1.78536316	0.000595085476	0.000566831462	0.000534376216	0.000599057154	1.18239866e-05	2.16093888e-05	0	100	0	0	3
200	166	0	1.79433483	0.000574809193	0.000566795991	0.000534376216	0.000599057154	1.182769e-05	2.16093888e-05	0	100	0	0	3
201	171	0	1.80330651	0.000604518915	0.000566893522	0.000534376216	0.000604518915	1.182769e-05	2.16093888e-05	0	100	0	0	3
202	172	0	1.81227818	0.000576470776	0.000566820503	0.000534376216	0.000604518915	1.1573832e-05	2.16093888e-05	0	100	0	0	3
203	172	0	1.82124986	0.00060334357	0.000566955068	0.000534376216	0.000604518915	1.15280088e-05	2.16093888e-05	0	100	0	0	3
204	173	0	1.83022153	0.000579656226	0.000567028784	0.000534376216	0.000604518915	1.12060042e-05	2.16093888e-05	0	100	0	0	3
205	174	0	1.8391932	0.000597979234	0.000567142977	0.000534376216	0.000604518915	1.12060042e-05	2.16093888e-05	0	100	0	0	3
206	175	0	1.84816488	0.000585233821	0.000567324173	0.000534376216	0.000604518915	1.08413165e-05	2.16093888e-05	0	100	0	0	3
207	176	0	1.85713655	0.000595981912	0.000567510765	0.000534376216	0.000604518915	1.08413165e-05	2.16093888e-05	0	100	0	0	3
208	176	0	1.86610823	0.000581370892	0.000567751261	0.000534376216	0.000604518915	1.0413427e-05	2.16093888e-05	0	100	0	0	3
209	177	0	1.8750799	0.000595084433	0.000568013427	0.000534376216	0.000604518915	1.02398918e-05	2.16093888e-05	0	100	0	0	3
210	178	0	1.88405157	0.000580216598	0.000568341734	0.000534376216	0.000604518915	9.88693035e-06	2.16093888e-05	0	100	0	0	3
211	179	0	1.89302325	0.000594813498	0.00056869581	0.000534376216	0.000604518915	9.76634234e-06	2.16093888e-05	0	100	0	0	3
212	180	0	1.90199492	0.000576204977	0.000568990718	0.000534376216	0.000604518915	9.44399855e-06	2.16093888e-05	0	100	0	0	3
213	180	0	1.9109666	0.000591672422	0.000569384959	0.000534376216	0.000604518915	9.37152893e-06	2.16093888e-05	0	100	0	0	3
214	181	0	1.91993827	0.000579777297	0.000569847032	0.000534376216	0.000604518915	9.18943638e-06	2.16093888e-05	0	100	0	0	3
215	182	0	1.92890995	0.000591551866	0.000570303281	0.000534376216	0.000604518915	9.11568929e-06	2.16093888e-05	0	100	0	0	3
216	183	0	1.93788162	0.00057790066	0.000570840932	0.000534376216	0.000604518915	8.98805959e-06	2.16093888e-05	0	100	0	0	3
217	183	0	1.94685329	0.000595080277	0.000571445042	0.000534376216	0.000604518915	8.98805959e-06	2.16093888e-05	0	100	0	0	3
218	184	0	1.95582497	0.000578587766	0.000571838025	0.000534376216	0.000604518915	8.79862289e-06	2.16093888e-05	0	100	0	0	3
219	185	0	1.96479664	0.000594127147	0.000572756801	0.000534376216	0.000604518915	8.79862289e-06	2.16093888e-05	0	100	0	0	3
220	186	0	1.97376832	0.000582183078	0.000572972162	0.000534376216	0.000604518915	8.73264687e-06	2.16093888e-05	0	100	0	0	3
221	187	0	1.98273999	0.000591125729	0.000573832567	0.000534376216	0.000604518915	8.73264687e-06	2.16093888e-05	0	100	0	0	3
222	187	0	1.99171166	0.000576014823	0.000573861696	0.000534376216	0.000604518915	8.73264687e-06	2.16093888e-05	0	100	0	0	3
223	188	0	2.00068334	0.000587357679	0.000574622778	0.000534376216	0.000604518915	8.73264687e-06	2.16093888e-05	0	100	0	0	3
224	189	0	2.00965501	0.000571696105	0.000574622224	0.000534376216	0.000604518915	8.72093184e-06	2.16093888e-05	0	100	0	0	3
225	190	0	2.01862669	0.000585082139	0.00057531228	0.000534376216	0.000604518915	8.72093184e-06	2.16093888e-05	0	100	0	0	3
226	191	0	2.02759836	0.000573695365	0.000575370254	0.000534376216	0.000604518915	8.57426345e-06	2.16093888e-05	0	100	0	0	3
227	192	0	2.03657004	0.000585494192	0.000576018986	0.000534376216	0.000604518915	9.22299536e-06	2.16093888e-05	0	100	0	0	3
228	192	0	2.04554171	0.000570833954	0.000575970271	0.000534376216	0.000604518915	9.22299536e-06	2.16093888e-05	0	100	0	0	3
229	193	0	2.05451338	0.000585142284	0.000576581746	0.000534376216	0.000604518915	9.78575546e-06	2.16093888e-05	0	100	0	0	3
230	194	0	2.06348506	0.000573435908	0.000576550181	0.000534376216	0.000604518915	9.78575546e-06	2.16093888e-05	0	100	0	0	3
231	195	0	2.07245673	0.000583958783	0.000577123542	0.000534376216	0.000604518915	1.03275517e-05	2.16093888e-05	0	100	0	0	3
232	196	0	2.08142841	0.00057086361	0.00057712267	0.000534376216	0.000604518915	1.03275517e-05	2.16093888e-05	0	100	0	0	3
233	196	0	2.09040008	0.00058402088	0.0005777862	0.000534376216	0.000604518915	1.09902098e-05	2.16093888e-05	0	100	0	0	3
234	197	0	2.09937175	0.000568392002	0.000577832388	0.000534376216	0.000604518915	1.10363969e-05	2.16093888e-05	0	100	0	0	3
235	198	0	2.10834343	0.000582396511	0.000578549432	0.000534376216	0.000604518915	1.17534417e-05	2.16093888e-05	0	100	0	0	3
236	199	0	2.1173151	0.000569401406	0.000578670377	0.000534376216	0.000604518915	1.18743867e-05	2.16093888e-05	0	100	0	0	3
237	200	0	2.12628678	0.00058011759	0.000579487188	0.000546038791	0.000604518915	1.2691197e-05	2.16093888e-05	0	100	0	0	3
238	200	0	2.13525845	0.000566603067	0.000579579242	0.000546038791	0.000604518915	1.2783251e-05	2.16093888e-05	0	100	0	0	3
239	201	0	2.14423013	0.000580652628	0.000580066945	0.000546038791	0.000604518915	1.32709549e-05	2.16093888e-05	0	100	0	0	3
240	202	0	2.1532018	0.000564941387	0.000580404492	0.000552013167	0.000604518915	1.36085013e-05	2.16093888e-05	0	100	0	0	3
241	203	0	2.16217347	0.000579267517	0.000580499506	0.000552013167	0.000604518915	1.37035157e-05	2.16093888e-05	0	100	0	0	3
242	204	0	2.17114515	0.000565140029	0.000580733915	0.000555588185	0.000604518915	1.3937924e-05	2.16093888e-05	0	100	0	0	3
243	204	0	2.18011682	0.000575943173	0.000580722261	0.000555588185	0.000604518915	1.3937924e-05	2.16093888e-05	0	100	0	0	3
244	205	0	2.1890885	0.00056218431	0.000580840049	0.00055942725	0.000604518915	1.40440588e-05	2.16093888e-05	0	100	0	0	3
245	206	0	2.19806017	0.000577696038	0.000580735197	0.00055942725	0.000604518915	1.40440588e-05	2.16093888e-05	0	100	0	0	3
246	207	0	2.20703184	0.000561920401	0.000580779717	0.000561920401	0.000604518915	1.40440588e-05	2.16093888e-05	0	100	0	0	3
247	208	0	2.21600352	0.000577662565	0.000580762142	0.000561920401	0.000604518915	1.40440588e-05	2.16093888e-05	0	100	0	0	3
248	208	0	2.22497519	0.000563553084	0.000580709254	0.000561920401	0.000604518915	1.40440588e-05	2.16093888e-05	0	100	0	0	3
249	209	0	2.23394687	0.000574574578	0.000580603792	0.000561920401	0.000604518915	1.40440588e-05	2.16093888e-05	0	100	0	0	3
250	210	0	2.24291854	0.000558751855	0.000580503254	0.000558751855	0.000604518915	1.40440588e-05	2.16093888e-05	0	100	0	0	3
251	211	0	2.25189022	0.000572729457	0.000580147401	0.000558751855	0.000604518915	1.40440588e-05	2.16093888e-05	0	100	0	0	3
252	211	0	2.26086189	0.000555116755	0.000579915777	0.000555116755	0.000604518915	1.40440588e-05	2.16093888e-05	0	100	0	0	3
253	212	0	2.26983356	0.000571277678	0.000579492492	0.000555116755	0.000604518915	1.40440588e-05	2.16093888e-05	0	100	0	0	3
254	213	0	2.27880524	0.00055816721	0.000579229656	0.000555116755	0.000604518915	1.40440588e-05	2.16093888e-05	0	100	0	0	3
255	214	0	2.28777691	0.000571577234	0.000578809866	0.000555116755	0.000604518915	1.40440588e-05	2.16093888e-05	0	100	0	0	3
256	215	0	2.29674859	0.000558453546	0.000578517801	0.000555116755	0.000604518915	1.40195464e-05	2.16093888e-05	0	100	0	0	3
257	215	0	2.30572026	0.000574622811	0.000577983942	0.000555116755	0.00060334357	1.40195464e-05	2.16093888e-05	0	100	0	0	3
258	216	0	2.31469193	0.000559119596	0.000577674099	0.000555116755	0.00060334357	1.38849812e-05	2.16093888e-05	0	100	0	0	3
259	217	0	2.32366361	0.000575618582	0.00057717901	0.000555116755	0.000597979234	1.38112657e-05	2.16093888e-05	0	100	0	0	3
260	218	0	2.33263528	0.000562640422	0.000576875156	0.000555116755	0.000597979234	1.36970721e-05	2.16093888e-05	0	100	0	0	3
261	219	0	2.34160696	0.000575699889	0.000576477311	0.000555116755	0.000595981912	1.35158765e-05	2.16093888e-05	0	100	0	0	3
262	219	0	2.35057863	0.000562361383	0.000576068875	0.000555116755	0.000595981912	1.3329284e-05	2.16093888e-05	0	100	0	0	3
263	220	0	2.35955031	0.000579913725	0.000575781943	0.000555116755	0.000595084433	1.30887884e-05	2.16093888e-05	0	100	0	0	3
264	221	0	2.36852198	0.000564386805	0.000575478655	0.000555116755	0.000595084433	1.28266224e-05	2.16093888e-05	0	100	0	0	3
265	222	0	2.37749365	0.000582853178	0.00057526024	0.000555116755	0.000595080277	1.24983152e-05	2.16093888e-05	0	100	0	0	3
266	222	0	2.38646533	0.000570805211	0.00057509218	0.000555116755	0.000595080277	1.21442394e-05	2.16093888e-05	0	100	0	0	3
267	223	0	2.395437	0.000584962159	0.000574916263	0.000555116755	0.000595080277	1.18493317e-05	2.16093888e-05	0	100	0	0	3
268	224	0	2.40440868	0.000569855738	0.000574802884	0.000555116755	0.000595080277	1.14550899e-05	2.16093888e-05	0	100	0	0	3
269	225	0	2.41338035	0.000587773331	0.000574733257	0.000555116755	0.000595080277	1.09930177e-05	2.16093888e-05	0	100	0	0	3
270	226	0	2.42235202	0.000573359124	0.000574618647	0.000555116755	0.000595080277	1.05367688e-05	2.16093888e-05	0	100	0	0	3
271	226	0	2.4313237	0.000582378799	0.000574454842	0.000555116755	0.000595080277	9.99911738e-06	2.16093888e-05	0	100	0	0	3
272	227	0	2.44029537	0.000568145236	0.000574280638	0.000555116755	0.000595080277	9.39500713e-06	2.16093888e-05	0	100	0	0	3
273	228	0	2.44926705	0.000582655796	0.000574058772	0.000555116755	0.000594127147	9.00202459e-06	2.16093888e-05	0	100	0	0	3
274	229	0	2.45823872	0.000564701517	0.000573810804	0.000555116755	0.000594127147	8.08324815e-06	2.16093888e-05	0	100	0	0	3
275	230	0	2.4672104	0.000580517361	0.000573567772	0.000555116755	0.000591125729	7.86788692e-06	2.16093888e-05	0	100	0	0	3
276	230	0	2.47618207	0.00056547669	0.000573269443	0.000555116755	0.000591125729	7.57060606e-06	2.16093888e-05	0	100	0	0	3
277	231	0	2.48515374	0.000577078518	0.0005730186	0.000555116755	0.000587773331	7.82144911e-06	2.16093888e-05	0	100	0	0	3
278	232	0	2.49412542	0.000560845287	0.000572747716	0.000555116755	0.000587773331	8.09233368e-06	2.16093888e-05	0	100	0	0	3
279	233	0	2.50309709	0.000579864827	0.000572613915	0.000555116755	0.000587773331	8.22613462e-06	2.16093888e-05	0	100	0	0	3
280	233	0	2.51206877	0.000565846866	0.000572509464	0.000555116755	0.000587773331	8.33058531e-06	2.16093888e-05	0	100	0	0	3
281	234	0	2.52104044	0.000578030024	0.000572383533	0.000555116755	0.000587773331	8.45651594e-06	2.16093888e-05	0	100	0	0	3
282	235	0	2.53001211	0.000563807424	0.000572206963	0.000555116755	0.000587773331	8.63308632e-06	2.16093888e-05	0	100	0	0	3
283	236	0	2.53898379	0.000580126181	0.000572111106	0.000555116755	0.000587773331	8.72894366e-06	2.16093888e-05	0	100	0	0	3
284	237	0	2.54795546	0.000560318898	0.000571923337	0.000555116755	0.000587773331	8.9167125e-06	2.16093888e-05	0	100	0	0	3
285	237	0	2.55692714	0.000576079789	0.000571761507	0.000555116755	0.000587773331	9.07854278e-06	2.16093888e-05	0	100	0	0	3
286	238	0	2.56589881	0.000560921768	0.00057153804	0.000555116755	0.000587773331	9.30200956e-06	2.16093888e-05	0	100	0	0	3
287	239	0	2.57487049	0.000574939351	0.000571376979	0.000555116755	0.000587773331	9.46307085e-06	2.16093888e-05	0	100	0	0	3
288	240	0	2.58384216	0.000557714349	0.00057114217	0.000555116755	0.000587773331	9.69787907e-06	2.16093888e-05	0	100	0	0	3
289	241	0	2.59281383	0.000573723823	0.000570958294	0.000555116755	0.000587773331	9.88175508e-06	2.16093888e-05	0	100	0	0	3
290	241	0	2.60178551	0.000558363443	0.000570779213	0.000555116755	0.000587773331	1.00608365e-05	2.16093888e-05	0	100	0	0	3
291	242	0	2.61075718	0.00056931479	0.000570545611	0.000555116755	0.000587773331	1.02944386e-05	2.16093888e-05	0	100	0	0	3
292	243	0	2.61972886	0.00055379357	0.000570266899	0.00055379357	0.000587773331	1.057315e-05	2.16093888e-05	0	100	0	0	3
293	244	0	2.62870053	0.000569987329	0.000570086002	0.00055379357	0.000587773331	1.07540475e-05	2.16093888e-05	0	100	0	0	3
294	245	0	2.6376722	0.000553084826	0.000569844605	0.000553084826	0.000587773331	1.09954447e-05	2.16093888e-05	0	100	0	0	3
295	245	0	2.64664388	0.000571034383	0.00056967285	0.000553084826	0.000587773331	1.11671991e-05	2.16093888e-05	0	100	0	0	3
296	246	0	2.65561555	0.000556826245	0.000569527937	0.000553084826	0.000587773331	1.13121123e-05	2.16093888e-05	0	100	0	0	3
297	247	0	2.66458723	0.000570978194	0.000569379913	0.000553084826	0.000587773331	1.14601359e-05	2.16093888e-05	0	100	0	0	3
298	248	0	2.6735589	0.00055355674	0.000569173069	0.000553084826	0.000587773331	1.16669804e-05	2.16093888e-05	0	100	0	0	3
299	248	0	2.68253058	0.000570721654	0.000569079828	0.000553084826	0.000587773331	1.17602218e-05	2.16093888e-05	0	100	0	0	3
300	249	0	2.69150225	0.000556434402	0.000568977151	0.000553084826	0.000587773331	1.18025666e-05	2.16093888e-05	0	100	0	0	3
301	254	0	2.70047392	0.000568482911	0.000568812631	0.000553084826	0.000587773331	1.19670867e-05	2.16093888e-05	0	100	0	0	3
302	254	0	2.7094456	0.000551990333	0.000568635308	0.000551990333	0.000587773331	1.21268338e-05	2.16093888e-05	0	100	0	0	3
303	255	0	2.71841727	0.000567058861	0.000568445956	0.000551990333	0.000587773331	1.22632983e-05	2.16093888e-05	0	100	0	0	3
304	256	0	2.72738895	0.000549539965	0.000568195722	0.000549539965	0.000587773331	1.24080706e-05	2.16093888e-05	0	100	0	0	3
305	257	0	2.73636062	0.000566174539	0.000568045721	0.000549539965	0.000587773331	1.24575331e-05	2.16093888e-05	0	100	0	0	3
306	258	0	2.74533229	0.00055408902	0.000567962456	0.000549539965	0.000587773331	1.21849449e-05	2.16093888e-05	0	100	0	0	3
307	258	0	2.75430397	0.000565665752	0.000567836319	0.000549539965	0.000587773331	1.20794588e-05	2.16093888e-05	0	100	0	0	3
308	259	0	2.76327564	0.000551500982	0.000567771751	0.000549539965	0.000587773331	1.17207412e-05	2.16093888e-05	0	100	0	0	3
309	260	0	2.77224732	0.000565879754	0.00056767536	0.000549539965	0.000587773331	1.15542961e-05	2.16093888e-05	0	100	0	0	3
310	261	0	2.78121899	0.000549112352	0.000567513666	0.000549112352	0.000587773331	1.12962e-05	2.16093888e-05	0	100	0	0	3
311	261	0	2.79019067	0.000565206142	0.000567399896	0.000549112352	0.000587773331	1.11179044e-05	2.16093888e-05	0	100	0	0	3
312	262	0	2.79916234	0.000553588379	0.000567313018	0.000549112352	0.000587773331	1.06709233e-05	2.16093888e-05	0	100	0	0	3
313	263	0	2.80813401	0.000566854043	0.00056717429	0.000549112352	0.000587773331	1.04998088e-05	2.16093888e-05	0	100	0	0	3
314	264	0	2.81710569	0.000554677308	0.000567094964	0.000549112352	0.000587773331	1.00840463e-05	2.16093888e-05	0	100	0	0	3
315	265	0	2.82607736	0.000574286215	0.000567071171	0.000549112352	0.000587773331	9.80398496e-06	2.16093888e-05	0	100	0	0	3
316	265	0	2.83504904	0.000560091387	0.000567025653	0.000549112352	0.000587773331	9.451658e-06	2.16093888e-05	0	100	0	0	3
317	266	0	2.84402071	0.000581076331	0.000567121661	0.000549112352	0.000587773331	9.0432216e-06	2.16093888e-05	0	100	0	0	3
318	267	0	2.85299238	0.000568396873	0.000567229438	0.000549112352	0.000587773331	8.7562897e-06	2.16093888e-05	0	100	0	0	3
319	268	0	2.86196406	0.000583883028	0.000567300318	0.000549112352	0.000587773331	8.45300242e-06	2.16093888e-05	0	100	0	0	3
320	269	0	2.87093573	0.000566302346	0.000567334524	0.000549112352	0.000587773331	8.23458715e-06	2.16093888e-05	0	100	0	0	3
321	269	0	2.87990741	0.000580903941	0.000567299716	0.000549112352	0.000587773331	8.06652666e-06	2.16093888e-05	0	100	0	0	3
322	270	0	2.88887908	0.000566579291	0.000567224253	0.000549112352	0.000587773331	7.8906099e-06	2.16093888e-05	0	100	0	0	3
323	271	0	2.89785076	0.000579208339	0.000567121507	0.000549112352	0.000587773331	7.77723062e-06	2.16093888e-05	0	100	0	0	3
324	272	0	2.90682243	0.000564034453	0.000567017555	0.000549112352	0.000587773331	7.71570193e-06	2.16093888e-05	0	100	0	0	3
325	272	0	2.9157941	0.000582092348	0.000566916109	0.000549112352	0.000583883028	7.70253783e-06	2.16093888e-05	0	100	0	0	3
326	273	0	2.92476578	0.000569719295	0.000566851112	0.000549112352	0.000583883028	7.60373001e-06	2.16093888e-05	0	100	0	0	3
327	274	0	2.93373745	0.000584300094	0.000566885421	0.000549112352	0.000584300094	7.42952602e-06	2.16093888e-05	0	100	0	0	3
328	275	0	2.94270913	0.000565800532	0.000566843551	0.000549112352	0.000584300094	7.21522118e-06	2.16093888e-05	0	100	0	0	3
329	276	0	2.9516808	0.00058015174	0.000566798836	0.000549112352	0.000584300094	7.01196773e-06	2.16093888e-05	0	100	0	0	3
330	276	0	2.96065247	0.000563914956	0.00056678479	0.000549112352	0.000584300094	6.78298156e-06	2.16093888e-05	0	100	0	0	3
331	277	0	2.96962415	0.000574170291	0.00056667145	0.000549112352	0.000584300094	6.59799373e-06	2.16093888e-05	0	100	0	0	3
332	278	0	2.97859582	0.000559118657	0.000566557913	0.000549112352	0.000584300094	6.46068698e-06	2.16093888e-05	0	100	0	0	3
333	279	0	2.9875675	0.000574993733	0.000566520685	0.000549112352	0.000584300094	6.22703071e-06	2.16093888e-05	0	100	0	0	3
334	280	0	2.99653917	0.000557312397	0.000566457598	0.000549112352	0.000584300094	6.1563171e-06	2.16093888e-05	0	100	0	0	3
335	280	0	3.00551085	0.000568352864	0.000566252027	0.000549112352	0.000584300094	6.25743717e-06	2.16093888e-05	0	100	0	0	3
336	281	0	3.01448252	0.000558515084	0.000566121102	0.000549112352	0.000584300094	6.26243122e-06	2.16093888e-05	0	100	0	0	3
337	282	0	3.02345419	0.000573445257	0.000566039231	0.000549112352	0.000584300094	6.16773168e-06	2.16093888e-05	0	100	0	0	3
338	283	0	3.03242587	0.000551792942	0.000565824687	0.000549112352	0.000584300094	6.28641865e-06	2.16093888e-05	0	100	0	0	3
339	284	0	3.04139754	0.000571514687	0.00056567091	0.000549112352	0.000584300094	6.25242649e-06	2.16093888e-05	0	100	0	0	3
340	285	0	3.05036922	0.000556700696	0.0005656063	0.000549112352	0.000584300094	6.15520698e-06	2.16093888e-05	0	100	0	0	3
341	285	0	3.05934089	0.000574734587	0.000565582278	0.000549112352	0.000584300094	5.95576164e-06	2.16093888e-05	0	100	0	0	3
342	286	0	3.06831256	0.000560182851	0.000565569083	0.000549112352	0.000584300094	5.80789531e-06	2.16093888e-05	0	100	0	0	3
343	287	0	3.07728424	0.000575242496	0.000565574497	0.000549112352	0.000584300094	5.57308709e-06	2.16093888e-05	0	100	0	0	3
344	288	0	3.08625591	0.000567133335	0.000565742693	0.000549112352	0.000584300094	5.38921107e-06	2.16093888e-05	0	100	0	0	3
345	288	0	3.09522759	0.000581677769	0.000565884727	0.000549112352	0.000584300094	5.21012968e-06	2.16093888e-05	0	100	0	0	3
346	289	0	3.10419926	0.000558489968	0.000565886987	0.000549112352	0.000584300094	4.97652751e-06	2.16093888e-05	0	100	0	0	3
347	290	0	3.11317094	0.000575702327	0.00056600105	0.000549112352	0.000584300094	4.69781615e-06	2.16093888e-05	0	100	0	0	3
348	291	0	3.12214261	0.00055927747	0.000566098977	0.000549112352	0.000584300094	4.51691863e-06	2.16093888e-05	0	100	0	0	3
349	292	0	3.13111428	0.000572080331	0.000566136352	0.000549112352	0.000584300094	4.27552147e-06	2.16093888e-05	0	100	0	0	3
350	292	0	3.14008596	0.000557283822	0.000566211334	0.000549112352	0.000584300094	4.1037671e-06	2.16093888e-05	0	100	0	0	3
351	293	0	3.14905763	0.000575799345	0.000566296422	0.000549112352	0.000584300094	3.95885386e-06	2.16093888e-05	0	100	0	0	3
352	294	0	3.15802931	0.00055878946	0.00056633148	0.000549112352	0.000584300094	3.81083024e-06	2.16093888e-05	0	100	0	0	3
353	295	0	3.16700098	0.000576203251	0.000566424784	0.000549112352	0.000584300094	3.60398578e-06	2.16093888e-05	0	100	0	0	3
354	296	0	3.17597265	0.000561610308	0.000566568598	0.000549112352	0.000584300094	3.51074437e-06	2.16093888e-05	0	100	0	0	3
355	297	0	3.18494433	0.000574398104	0.000566634249	0.000549112352	0.000584300094	3.40806745e-06	2.16093888e-05	0	100	0	0	3
356	297	0	3.193916	0.00055728509	0.00056664944	0.000549112352	0.000584300094	3.24354733e-06	2.16093888e-05	0	100	0	0	3
357	298	0	3.20288768	0.000574856879	0.000566763261	0.000549112352	0.000584300094	3.06622469e-06	2.16093888e-05	0	100	0	0	3
358	299	0	3.21185935	0.000563181334	0.0005669631	0.000549112352	0.000584300094	2.87687283e-06	2.16093888e-05	0	100	0	0	3
359	300	0	3.22083103	0.000578257458	0.000567163075	0.000549112352	0.000584300094	2.62663857e-06	2.16093888e-05	0	100	0	0	3
360	301	0	3.2298027	0.000561051048	0.00056736863	0.000549112352	0.000584300094	2.47663787e-06	2.16093888e-05	0	100	0	0	3
361	301	0	3.23877437	0.000575349247	0.000567532464	0.000549112352	0.000584300094	2.39337296e-06	2.16093888e-05	0	100	0	0	3
362	302	0	3.24774605	0.000560216236	0.000567641879	0.000549112352	0.000584300094	2.26723537e-06	2.16093888e-05	0	100	0	0	3
363	303	0	3.25671772	0.000570490643	0.000567728037	0.000549112352	0.000584300094	2.202668e-06	2.16093888e-05	0	100	0	0	3
364	304	0	3.2656894	0.000555156558	0.000567793316	0.000549112352	0.000584300094	2.22423237e-06	2.16093888e-05	0	100	0	0	3
365	305	0	3.27466107	0.000571077246	0.000567886128	0.000549112352	0.000584300094	2.31704472e-06	2.16093888e-05	0	100	0	0	3
366	306	0	3.28363274	0.000560445272	0.000568088502	0.000551792942	0.000584300094	2.5194183e-06	2.16093888e-05	0	100	0	0	3
367	306	0	3.29260442	0.000575274618	0.000568268296	0.000551792942	0.000584300094	2.69921252e-06	2.16093888e-05	0	100	0	0	3
368	307	0	3.30157609	0.000558664482	0.00056835894	0.000551792942	0.000584300094	2.78985722e-06	2.16093888e-05	0	100	0	0	3
369	308	0	3.31054777	0.000572885818	0.000568466651	0.000551792942	0.000584300094	2.8975675e-06	2.16093888e-05	0	100	0	0	3
370	309	0	3.31951944	0.000556619462	0.000568501332	0.000551792942	0.000584300094	2.93224882e-06	2.16093888e-05	0	100	0	0	3
371	310	0	3.32849112	0.000565111999	0.000568337507	0.000551792942	0.000584300094	2.93224882e-06	2.16093888e-05	0	100	0	0	3
372	312	0	3.33746279	0.000549748238	0.000568152808	0.000549748238	0.000584300094	2.93224882e-06	2.16093888e-05	0	100	0	0	3
373	313	0	3.34643446	0.000564772807	0.000567861673	0.000549748238	0.000584300094	2.93224882e-06	2.16093888e-05	0	100	0	0	3
374	314	0	3.35540614	0.000550399157	0.000567540286	0.000549748238	0.000584300094	2.93224882e-06	2.16093888e-05	0	100	0	0	3
375	315	0	3.36437781	0.000567718302	0.00056725163	0.000549748238	0.000584300094	2.93224882e-06	2.16093888e-05	0	100	0	0	3
376	316	0	3.37334949	0.000555457174	0.000567057966	0.000549748238	0.000584300094	2.93224882e-06	2.16093888e-05	0	100	0	0	3
377	317	0	3.38232116	0.000564608954	0.000566766984	0.000549748238	0.000584300094	2.93224882e-06	2.16093888e-05	0	100	0	0	3
378	318	0	3.39129283	0.000548560446	0.000566445219	0.000548560446	0.000584300094	2.93224882e-06	2.16093888e-05	0	100	0	0	3
379	318	0	3.40026451	0.000559149996	0.000566087034	0.000548560446	0.000584300094	2.93224882e-06	2.16093888e-05	0	100	0	0	3
380	319	0	3.40923618	0.000541690962	0.000565688043	0.000541690962	0.000584300094	2.93224882e-06	2.16093888e-05	0	100	0	0	3
381	320	0	3.41820786	0.000554523005	0.000565195734	0.000541690962	0.000584300094	3.30559846e-06	2.16093888e-05	0	100	0	0	3
382	321	0	3.42717953	0.000545690192	0.000564766642	0.000541690962	0.000584300094	3.73468958e-06	2.16093888e-05	0	100	0	0	3
383	322	0	3.43615121	0.000561361346	0.000564357022	0.000541690962	0.000581677769	4.14431007e-06	2.16093888e-05	0	100	0	0	3
384	323	0	3.44512288	0.00055012901	0.000564077173	0.000541690962	0.000581677769	4.42415869e-06	2.16093888e-05	0	100	0	0	3
385	323	0	3.45409455	0.000566242833	0.0005638288	0.000541690962	0.000581677769	4.67253204e-06	2.16093888e-05	0	100	0	0	3
386	324	0	3.46306623	0.000550210741	0.000563584082	0.000541690962	0.000581677769	4.91725017e-06	2.16093888e-05	0	100	0	0	3
387	325	0	3.4720379	0.000566870138	0.000563453722	0.000541690962	0.000581677769	5.04761005e-06	2.16093888e-05	0	100	0	0	3
388	326	0	3.48100958	0.000553766931	0.000563358155	0.000541690962	0.000581677769	5.14317658e-06	2.16093888e-05	0	100	0	0	3
389	327	0	3.48998125	0.000566819696	0.000563212191	0.000541690962	0.000581677769	5.28914152e-06	2.16093888e-05	0	100	0	0	3
390	328	0	3.49895292	0.000554731647	0.000563166106	0.000541690962	0.000581677769	5.33522634e-06	2.16093888e-05	0	100	0	0	3
391	329	0	3.5079246	0.00056805692	0.000563160821	0.000541690962	0.000581677769	5.34051106e-06	2.16093888e-05	0	100	0	0	3
392	329	0	3.51689627	0.000556038491	0.000563116596	0.000541690962	0.000581677769	5.38473593e-06	2.16093888e-05	0	100	0	0	3
393	330	0	3.52586795	0.000574440059	0.00056313436	0.000541690962	0.000581677769	5.38473593e-06	2.16093888e-05	0	100	0	0	3
394	331	0	3.53483962	0.000556318262	0.00056321517	0.000541690962	0.000581677769	5.38473593e-06	2.16093888e-05	0	100	0	0	3
395	332	0	3.5438113	0.000563841257	0.000563078144	0.000541690962	0.000581677769	5.42318786e-06	2.16093888e-05	0	100	0	0	3
396	333	0	3.55278297	0.000554947107	0.00056304683	0.000541690962	0.000581677769	5.45450196e-06	2.16093888e-05	0	100	0	0	3
397	334	0	3.56175464	0.000575799334	0.000563065843	0.000541690962	0.000581677769	5.45450196e-06	2.16093888e-05	0	100	0	0	3
398	334	0	3.57072632	0.000547869508	0.000562845962	0.000541690962	0.000581677769	5.65536975e-06	2.16093888e-05	0	100	0	0	3
399	335	0	3.57969799	0.000581293474	0.000562954015	0.000541690962	0.000581677769	5.65536975e-06	2.16093888e-05	0	100	0	0	3
400	336	0	3.58866967	0.000555486438	0.000562746035	0.000541690962	0.000581677769	5.75529686e-06	2.16093888e-05	0	100	0	0	3
401	340	0	3.59764134	0.00057551506	0.000562635987	0.000541690962	0.000581293474	5.86534525e-06	2.16093888e-05	0	100	0	0	3
402	341	0	3.60661301	0.000562485244	0.000562707331	0.000541690962	0.000581293474	5.86534525e-06	2.16093888e-05	0	100	0	0	3
403	342	0	3.61558469	0.000574223248	0.000562680919	0.000541690962	0.000581293474	5.86534525e-06	2.16093888e-05	0	100	0	0	3
404	343	0	3.62455636	0.000572092032	0.00056290975	0.000541690962	0.000581293474	5.86534525e-06	2.16093888e-05	0	100	0	0	3
405	344	0	3.63352804	0.000577627441	0.000563008806	0.000541690962	0.000581293474	5.86534525e-06	2.16093888e-05	0	100	0	0	3
406	345	0	3.64249971	0.000566654796	0.000563176145	0.000541690962	0.000581293474	5.86534525e-06	2.16093888e-05	0	100	0	0	3
407	345	0	3.65147139	0.000583618902	0.00056331578	0.000541690962	0.000583618902	5.86534525e-06	2.16093888e-05	0	100	0	0	3
408	346	0	3.66044306	0.000567021389	0.000563462778	0.000541690962	0.000583618902	5.86534525e-06	2.16093888e-05	0	100	0	0	3
409	347	0	3.66941473	0.000581248028	0.000563552864	0.000541690962	0.000583618902	5.86534525e-06	2.16093888e-05	0	100	0	0	3
410	348	0	3.67838641	0.000560524505	0.000563533474	0.000541690962	0.000583618902	5.86534525e-06	2.16093888e-05	0	100	0	0	3
411	349	0	3.68735808	0.000576803748	0.000563576432	0.000541690962	0.000583618902	5.86534525e-06	2.16093888e-05	0	100	0	0	3
412	349	0	3.69632976	0.00054863338	0.000563421937	0.000541690962	0.000583618902	5.86534525e-06	2.16093888e-05	0	100	0	0	3
413	350	0	3.70530143	0.000579259209	0.00056350055	0.000541690962	0.000583618902	5.86534525e-06	2.16093888e-05	0	100	0	0	3
414	351	0	3.7142731	0.00055214655	0.000563303501	0.000541690962	0.000583618902	5.86534525e-06	2.16093888e-05	0	100	0	0	3
415	352	0	3.72324478	0.000573372372	0.000563216267	0.000541690962	0.000583618902	5.86534525e-06	2.16093888e-05	0	100	0	0	3
416	353	0	3.73221645	0.000555536892	0.0005631178	0.000541690962	0.000583618902	5.86534525e-06	2.16093888e-05	0	100	0	0	3
