Iteration	CPUTime	PhysTime	Travels	Value	AvValue	MinValue	MaxValue	Delta	Criteria	PrevAvRefValue	Progress	CriteriaType	CriteriaVarType	CriteriaPercentage
1	6	0	0.00897167416	293.200084	293.200084	293.200084	293.200084	0	0	0	0	0	0	3
2	7	0	0.0179433483	293.200095	293.20009	293.200084	293.200095	5.77445036e-06	0	0	0	0	0	3
3	8	0	0.0269150225	293.200146	293.200108	293.200084	293.200146	2.46554573e-05	0	0	0	0	0	3
4	9	0	0.0358866967	293.200157	293.200121	293.200084	293.200157	3.68212718e-05	0	0	0	0	0	3
5	10	0	0.0448583708	293.200168	293.20013	293.200084	293.200168	4.62518233e-05	0	0	0	0	0	3
6	11	0	0.053830045	293.200185	293.200139	293.200084	293.200185	5.54802273e-05	0	0	0	0	0	3
7	11	0	0.0628017192	293.200213	293.20015	293.200084	293.200213	6.60514717e-05	0	0	0	0	0	3
8	12	0	0.0717733933	293.200236	293.200161	293.200084	293.200236	7.6776248e-05	0	0	0	0	0	3
9	13	0	0.0807450675	293.200263	293.200172	293.200084	293.200263	8.81173483e-05	0	0	0	0	0	3
10	14	0	0.0897167416	293.200284	293.200183	293.200084	293.200284	9.92944318e-05	0	0	0	0	0	3
11	15	0	0.0986884158	293.200321	293.200196	293.200084	293.200321	0.000111837121	0	0	0	0	0	3
12	15	0	0.10766009	293.200353	293.200209	293.200084	293.200353	0.000124914451	0	0	0	0	0	3
13	16	0	0.116631764	293.200387	293.200222	293.200084	293.200387	0.000138661649	0	0	0	0	0	3
14	17	0	0.125603438	293.200419	293.200237	293.200084	293.200419	0.000152690593	0	0	0	0	0	3
15	18	0	0.134575112	293.200453	293.200251	293.200084	293.200453	0.000167098908	0	0	0	0	0	3
16	18	0	0.143546787	293.2005	293.200266	293.200084	293.2005	0.000182644496	0	0	0	0	0	3
17	19	0	0.152518461	293.200548	293.200283	293.200084	293.200548	0.000199193517	0	0	0	0	0	3
18	20	0	0.161490135	293.200594	293.2003	293.200084	293.200594	0.00021646341	0	0	0	0	0	3
19	21	0	0.170461809	293.20064	293.200318	293.200084	293.20064	0.000234353699	0	0	0	0	0	3
20	21	0	0.179433483	293.200685	293.200337	293.200084	293.200685	0.000252692353	0	0	0	0	0	3
21	22	0	0.188405157	293.200751	293.200356	293.200084	293.200751	0.000272444643	0	0	0	0	0	3
22	23	0	0.197376832	293.200815	293.200377	293.200084	293.200815	0.000293312841	0	0	0	0	0	3
23	24	0	0.206348506	293.200877	293.200399	293.200084	293.200877	0.000315034509	0	0	0	0	0	3
24	24	0	0.21532018	293.200936	293.200421	293.200084	293.200936	0.000337404737	0	0	0	0	0	3
25	25	0	0.224291854	293.200992	293.200444	293.200084	293.200992	0.000360226994	0	0	0	0	0	3
26	26	0	0.233263528	293.201069	293.200468	293.200084	293.201069	0.000384245984	0	0	0	0	0	3
27	27	0	0.242235202	293.201137	293.200493	293.200084	293.201137	0.000409031933	0	0	0	0	0	3
28	28	0	0.251206877	293.201197	293.200518	293.200084	293.201197	0.000434194561	0	0	0	0	0	3
29	29	0	0.260178551	293.201249	293.200543	293.200084	293.201249	0.000459398639	0	0	0	0	0	3
30	29	0	0.269150225	293.201292	293.200568	293.200084	293.201292	0.000484357063	0	0	0	0	0	3
31	30	0	0.278121899	293.201339	293.200593	293.200084	293.201339	0.000509211264	0	0	0	0	0	3
32	31	0	0.287093573	293.201372	293.200617	293.200084	293.201372	0.000533554622	0	0	0	0	0	3
33	32	0	0.296065247	293.201392	293.200641	293.200084	293.201392	0.000557036552	0	0	0	0	0	3
34	32	0	0.305036922	293.201404	293.200663	293.200084	293.201404	0.000579488419	0	0	0	0	0	3
35	33	0	0.314008596	293.201411	293.200685	293.200084	293.201411	0.000600857702	0	0	0	0	0	3
36	34	0	0.32298027	293.201419	293.200705	293.200084	293.201419	0.000621259192	0	0	0	0	0	3
37	35	0	0.331951944	293.201431	293.200725	293.200084	293.201431	0.000640876873	0	0	0	0	0	3
38	36	0	0.340923618	293.201447	293.200744	293.200084	293.201447	0.000659893195	0	0	0	0	0	3
39	37	0	0.349895292	293.201469	293.200762	293.200084	293.201469	0.000678482839	0	0	0	0	0	3
40	38	0	0.358866967	293.201494	293.200781	293.200084	293.201494	0.00069677921	0	0	0	0	0	3
41	38	0	0.367838641	293.201536	293.200799	293.200084	293.201536	0.000715197683	0	0	0	0	0	3
42	39	0	0.376810315	293.20158	293.200818	293.200084	293.20158	0.000733784703	0	0	0	0	0	3
43	40	0	0.385781989	293.201619	293.200836	293.200084	293.201619	0.000752412829	0	0	0	0	0	3
44	41	0	0.394753663	293.201652	293.200855	293.200084	293.201652	0.00077094899	0	0	0	0	0	3
45	42	0	0.403725337	293.201679	293.200873	293.200084	293.201679	0.000789256334	0	0	0	0	0	3
46	42	0	0.412697012	293.201703	293.200891	293.200084	293.201703	0.000807298258	0	0	0	0	0	3
47	43	0	0.421668686	293.201724	293.200909	293.200084	293.201724	0.00082501542	0	0	0	0	0	3
48	44	0	0.43064036	293.201743	293.200926	293.200084	293.201743	0.000842392062	0	0	0	0	0	3
49	45	0	0.439612034	293.201758	293.200943	293.200084	293.201758	0.000859361803	0	0	0	0	0	3
50	46	0	0.448583708	293.20177	293.20096	293.200084	293.20177	0.000875889204	0	0	0	0	0	3
51	47	0	0.457555382	293.201779	293.200976	293.200084	293.201779	0.000891954961	0	0	0	0	0	3
52	47	0	0.466527057	293.201787	293.200991	293.200084	293.201787	0.000907562442	0	0	0	0	0	3
53	48	0	0.475498731	293.201796	293.201007	293.200084	293.201796	0.000922734963	0	0	0	0	0	3
54	49	0	0.484470405	293.201805	293.201021	293.200084	293.201805	0.000937526289	0	0	0	0	0	3
55	50	0	0.493442079	293.201812	293.201036	293.200084	293.201812	0.000951909955	0	0	0	0	0	3
56	51	0	0.502413753	293.201822	293.20105	293.200084	293.201822	0.000965949291	0	0	0	0	0	3
57	51	0	0.511385427	293.201828	293.201081	293.200095	293.201828	0.000991324022	0	0	0	0	0	3
58	52	0	0.520357102	293.201833	293.201112	293.200146	293.201833	0.00100347523	0	0	0	0	0	3
59	53	0	0.529328776	293.201836	293.201142	293.200157	293.201836	0.00102147994	0	0	0	0	0	3
60	54	0	0.53830045	293.201837	293.201172	293.200168	293.201837	0.00104205567	0	0	0	0	0	3
61	54	0	0.547272124	293.201837	293.201202	293.200185	293.201837	0.00106263433	0	0	0	0	0	3
62	55	0	0.556243798	293.201838	293.201231	293.200213	293.201838	0.00108157527	0	0	0	0	0	3
63	56	0	0.565215472	293.201839	293.20126	293.200236	293.201839	0.00109987803	0	0	0	0	0	3
64	57	0	0.574187147	293.201839	293.201289	293.200263	293.201839	0.0011171678	0	0	0	0	0	3
65	58	0	0.583158821	293.201838	293.201317	293.200284	293.201839	0.00113411762	0	0	0	0	0	3
66	58	0	0.592130495	293.201837	293.201345	293.200321	293.201839	0.00114930765	0	0	0	0	0	3
67	59	0	0.601102169	293.201835	293.201372	293.200353	293.201839	0.00116325662	0	0	0	0	0	3
68	60	0	0.610073843	293.201833	293.201398	293.200387	293.201839	0.0011759445	0	0	0	0	0	3
69	61	0	0.619045517	293.201831	293.201424	293.200419	293.201839	0.00118768656	0	0	0	0	0	3
70	62	0	0.628017192	293.201829	293.201449	293.200453	293.201839	0.00119845253	0	0	0	0	0	3
71	62	0	0.636988866	293.201827	293.201474	293.2005	293.201839	0.00120744297	0	0	0	0	0	3
72	63	0	0.64596054	293.201824	293.201498	293.200548	293.201839	0.00121455119	0	0	0	0	0	3
73	64	0	0.654932214	293.201822	293.20152	293.200594	293.201839	0.00122004226	0	0	0	0	0	3
74	65	0	0.663903888	293.201822	293.201542	293.20064	293.201839	0.0011987997	0	0	0	0	0	3
75	66	0	0.672875562	293.201823	293.201563	293.200685	293.201839	0.0011540518	0	0	0	0	0	3
76	66	0	0.681847237	293.201823	293.201584	293.200751	293.201839	0.00108768816	0	0	0	0	0	3
77	67	0	0.690818911	293.201821	293.201603	293.200815	293.201839	0.0010236336	0	0	0	0	0	3
78	68	0	0.699790585	293.201819	293.201621	293.200877	293.201839	0.000962267392	0	0	0	0	0	3
79	69	0	0.708762259	293.201816	293.201637	293.200936	293.201839	0.000903258613	0	0	0	0	0	3
80	70	0	0.717733933	293.201813	293.201653	293.200992	293.201839	0.000847217433	0	0	0	0	0	3
81	70	0	0.726705607	293.20181	293.201668	293.201069	293.201839	0.000770457858	0	0	0	0	0	3
82	71	0	0.735677282	293.201811	293.201681	293.201137	293.201839	0.00070171198	0	0	0	0	0	3
83	72	0	0.744648956	293.20181	293.201693	293.201197	293.201839	0.000641593072	0	0	0	0	0	3
84	73	0	0.75362063	293.201809	293.201704	293.201249	293.201839	0.000590065779	0	0	0	0	0	3
85	74	0	0.762592304	293.201806	293.201714	293.201292	293.201839	0.000547027243	0	0	0	0	0	3
86	74	0	0.771563978	293.201802	293.201723	293.201339	293.201839	0.000500341293	0	0	0	0	0	3
87	75	0	0.780535652	293.201797	293.201731	293.201372	293.201839	0.000466979878	0	0	0	0	0	3
88	76	0	0.789507327	293.201794	293.201739	293.201392	293.201839	0.00044672029	0	0	0	0	0	3
89	77	0	0.798479001	293.201794	293.201746	293.201404	293.201839	0.000434778538	0	0	0	0	0	3
90	78	0	0.807450675	293.201795	293.201753	293.201411	293.201839	0.000427765291	0	0	0	0	0	3
91	78	0	0.816422349	293.201795	293.20176	293.201419	293.201839	0.000419867262	0	0	0	0	0	3
92	79	0	0.825394023	293.201794	293.201766	293.201431	293.201839	0.000408065171	0	0	0	0	0	3
93	80	0	0.834365697	293.201791	293.201773	293.201447	293.201839	0.000391681519	0	0	0	0	0	3
94	81	0	0.843337372	293.201785	293.201779	293.201469	293.201839	0.000370289269	0	0	0	0	0	3
95	82	0	0.852309046	293.201777	293.201784	293.201494	293.201839	0.000344840911	0	0	0	0	0	3
96	82	0	0.86128072	293.201775	293.201789	293.201536	293.201839	0.000303241975	0	0	0	0	0	3
97	83	0	0.870252394	293.201776	293.201794	293.20158	293.201839	0.00025932608	0	0	0	0	0	3
98	84	0	0.879224068	293.201782	293.201797	293.201619	293.201839	0.000220384472	0	0	0	0	0	3
99	85	0	0.888195742	293.201787	293.2018	293.201652	293.201839	0.000187174703	0	0	0	0	0	3
100	86	0	0.897167416	293.201791	293.201803	293.201679	293.201839	0.000160399122	0	0	0	0	0	3
101	90	0	0.906139091	293.201793	293.201805	293.201703	293.201839	0.000135993759	0	0	0	0	0	3
102	91	0	0.915110765	293.201791	293.201806	293.201724	293.201839	0.000115173722	0	0	0	0	0	3
103	92	0	0.924082439	293.201789	293.201808	293.201743	293.201839	9.60843306e-05	0	0	0	0	0	3
104	93	0	0.933054113	293.201787	293.201808	293.201758	293.201839	8.12692584e-05	0	0	0	0	0	3
105	93	0	0.942025787	293.201786	293.201809	293.20177	293.201839	6.94467385e-05	0	0	0	0	0	3
106	94	0	0.950997461	293.201788	293.201809	293.201775	293.201839	6.39820202e-05	0	0	0	0	0	3
107	95	0	0.959969136	293.201789	293.201809	293.201775	293.201839	6.39820202e-05	0	0	0	0	0	3
108	96	0	0.96894081	293.201792	293.201809	293.201775	293.201839	6.39820202e-05	0	0	0	0	0	3
109	97	0	0.977912484	293.201792	293.201809	293.201775	293.201839	6.39820202e-05	0	0	0	0	0	3
110	97	0	0.986884158	293.201792	293.201809	293.201775	293.201839	6.39820202e-05	0	0	0	0	0	3
111	98	0	0.995855832	293.201791	293.201809	293.201775	293.201839	6.39820202e-05	0	0	0	0	0	3
112	99	0	1.00482751	293.201792	293.201808	293.201775	293.201839	6.39820202e-05	5.07828337e-05	0	0	0	0	3
113	100	0	1.01379918	293.201792	293.201808	293.201775	293.201839	6.39820202e-05	5.07828337e-05	0	0	0	0	3
114	101	0	1.02277085	293.201792	293.201807	293.201775	293.201839	6.39820202e-05	5.07828337e-05	0	0	0	0	3
115	101	0	1.03174253	293.201791	293.201806	293.201775	293.201839	6.39820202e-05	5.07828337e-05	0	0	0	0	3
116	102	0	1.0407142	293.201789	293.201805	293.201775	293.201839	6.39820202e-05	5.07828337e-05	0	0	0	0	3
117	103	0	1.04968588	293.201783	293.201804	293.201775	293.201839	6.39820202e-05	5.07828337e-05	0	0	0	0	3
118	104	0	1.05865755	293.201779	293.201803	293.201775	293.201839	6.39820202e-05	5.07828337e-05	0	0	0	0	3
119	105	0	1.06762923	293.201775	293.201802	293.201775	293.201839	6.39820202e-05	5.07828337e-05	0	0	0	0	3
120	105	0	1.0766009	293.201775	293.201801	293.201775	293.201838	6.28598925e-05	5.07828337e-05	0	0	0	0	3
121	106	0	1.08557257	293.201777	293.2018	293.201775	293.201837	6.18272529e-05	5.07828337e-05	0	0	0	0	3
122	107	0	1.09454425	293.201781	293.201799	293.201775	293.201835	5.96443629e-05	5.07828337e-05	0	0	0	0	3
123	108	0	1.10351592	293.201784	293.201798	293.201775	293.201833	5.80362132e-05	5.07828337e-05	0	0	0	0	3
124	109	0	1.1124876	293.201785	293.201797	293.201775	293.201831	5.57114884e-05	5.07828337e-05	0	0	0	0	3
125	110	0	1.12145927	293.201782	293.201796	293.201775	293.201829	5.37338145e-05	5.07828337e-05	0	0	0	0	3
126	110	0	1.13043094	293.201777	293.201795	293.201775	293.201827	5.17403297e-05	5.07828337e-05	0	0	0	0	3
127	111	0	1.13940262	293.201773	293.201794	293.201773	293.201824	5.15749518e-05	5.07828337e-05	0	0	0	0	3
128	112	0	1.14837429	293.201772	293.201793	293.201772	293.201823	5.15292144e-05	5.07828337e-05	0	0	0	0	3
129	113	0	1.15734597	293.201773	293.201792	293.201772	293.201823	5.15292144e-05	5.07828337e-05	0	0	0	0	3
130	114	0	1.16631764	293.201776	293.201792	293.201772	293.201823	5.15292144e-05	5.07828337e-05	0	0	0	0	3
131	114	0	1.17528932	293.201779	293.201791	293.201772	293.201823	5.15292144e-05	5.07828337e-05	0	0	0	0	3
132	115	0	1.18426099	293.201782	293.20179	293.201772	293.201821	4.88640621e-05	5.07828337e-05	0	0	0	0	3
133	116	0	1.19323266	293.201784	293.201789	293.201772	293.201819	4.73831607e-05	5.07828337e-05	0	0	0	0	3
134	117	0	1.20220434	293.201784	293.201789	293.201772	293.201816	4.37751734e-05	5.07828337e-05	0	0	0	0	3
135	118	0	1.21117601	293.201783	293.201788	293.201772	293.201813	4.08570733e-05	5.07828337e-05	0	0	0	0	3
136	118	0	1.22014769	293.201782	293.201788	293.201772	293.201811	3.91901574e-05	5.07828337e-05	0	0	0	0	3
137	119	0	1.22911936	293.20178	293.201787	293.201772	293.201811	3.91901574e-05	5.07828337e-05	0	0	0	0	3
138	120	0	1.23809103	293.201782	293.201787	293.201772	293.20181	3.80298387e-05	5.07828337e-05	0	0	0	0	3
139	121	0	1.24706271	293.201783	293.201786	293.201772	293.201809	3.67193363e-05	5.07828337e-05	0	0	0	0	3
140	122	0	1.25603438	293.201784	293.201786	293.201772	293.201806	3.44439297e-05	5.07828337e-05	0	0	0	0	3
141	122	0	1.26500606	293.201785	293.201785	293.201772	293.201802	2.99592617e-05	5.07828337e-05	0	0	0	0	3
142	123	0	1.27397773	293.201785	293.201785	293.201772	293.201797	2.48486817e-05	5.07828337e-05	0	0	0	0	3
143	124	0	1.28294941	293.201785	293.201785	293.201772	293.201795	2.32272036e-05	5.07828337e-05	0	0	0	0	3
144	125	0	1.29192108	293.201786	293.201785	293.201772	293.201795	2.32272036e-05	5.07828337e-05	0	0	0	0	3
145	126	0	1.30089275	293.201786	293.201785	293.201772	293.201795	2.32272036e-05	5.07828337e-05	0	0	0	0	3
146	126	0	1.30986443	293.201787	293.201784	293.201772	293.201795	2.32272036e-05	5.07828337e-05	0	0	0	0	3
147	127	0	1.3188361	293.201787	293.201784	293.201772	293.201794	2.21793884e-05	5.07828337e-05	0	0	0	0	3
148	128	0	1.32780778	293.201787	293.201784	293.201772	293.201793	2.12316023e-05	5.07828337e-05	0	0	0	0	3
149	129	0	1.33677945	293.201785	293.201784	293.201772	293.201793	2.12316023e-05	5.07828337e-05	0	0	0	0	3
150	130	0	1.34575112	293.201785	293.201784	293.201772	293.201793	2.12316023e-05	5.07828337e-05	0	0	0	0	3
151	130	0	1.3547228	293.201784	293.201784	293.201772	293.201793	2.12316023e-05	5.07828337e-05	0	0	0	0	3
152	131	0	1.36369447	293.201785	293.201784	293.201772	293.201793	2.12316023e-05	5.07828337e-05	0	0	0	0	3
153	132	0	1.37266615	293.201786	293.201785	293.201772	293.201793	2.12316023e-05	5.07828337e-05	0	0	0	0	3
154	133	0	1.38163782	293.201788	293.201785	293.201772	293.201793	2.12316023e-05	5.07828337e-05	0	0	0	0	3
155	134	0	1.3906095	293.201788	293.201785	293.201772	293.201793	2.12316023e-05	5.07828337e-05	0	0	0	0	3
156	134	0	1.39958117	293.201788	293.201785	293.201772	293.201793	2.12316023e-05	5.07828337e-05	0	0	0	0	3
157	135	0	1.40855284	293.201786	293.201784	293.201772	293.201792	2.05939197e-05	5.07828337e-05	0	0	0	0	3
158	136	0	1.41752452	293.201785	293.201784	293.201772	293.201792	2.05939197e-05	5.07828337e-05	0	0	0	0	3
159	137	0	1.42649619	293.201784	293.201784	293.201772	293.201792	2.05939197e-05	5.07828337e-05	0	0	0	0	3
160	138	0	1.43546787	293.201783	293.201784	293.201772	293.201792	2.05939197e-05	5.07828337e-05	0	0	0	0	3
161	138	0	1.44443954	293.201784	293.201784	293.201772	293.201792	2.05939197e-05	5.07828337e-05	0	0	0	0	3
162	139	0	1.45341121	293.201787	293.201784	293.201772	293.201792	2.05939197e-05	5.07828337e-05	0	0	0	0	3
163	140	0	1.46238289	293.201788	293.201784	293.201772	293.201792	2.05939197e-05	5.07828337e-05	0	0	0	0	3
164	141	0	1.47135456	293.201792	293.201784	293.201772	293.201792	2.05939197e-05	5.07828337e-05	0	0	0	0	3
165	142	0	1.48032624	293.201795	293.201784	293.201772	293.201795	2.31284347e-05	5.07828337e-05	0	0	0	0	3
166	142	0	1.48929791	293.201799	293.201784	293.201772	293.201799	2.47008147e-05	5.07828337e-05	0	0	0	0	3
167	143	0	1.49826959	293.201802	293.201785	293.201772	293.201802	2.41648135e-05	5.07828337e-05	0	0	0	0	3
168	144	0	1.50724126	293.201805	293.201785	293.201772	293.201805	2.35165709e-05	5.07828337e-05	0	0	0	0	3
169	145	0	1.51621293	293.201806	293.201785	293.201772	293.201806	2.27888781e-05	5.07828337e-05	0	0	0	0	3
170	146	0	1.52518461	293.201807	293.201785	293.201772	293.201807	2.19935079e-05	5.07828337e-05	0	0	0	0	3
171	147	0	1.53415628	293.201808	293.201786	293.201772	293.201808	2.11286774e-05	5.07828337e-05	0	0	0	0	3
172	147	0	1.54312796	293.20181	293.201786	293.201772	293.20181	2.01668364e-05	5.07828337e-05	0	0	0	0	3
173	148	0	1.55209963	293.201812	293.201786	293.201772	293.201812	1.91062685e-05	5.07828337e-05	0	0	0	0	3
174	149	0	1.5610713	293.201815	293.201787	293.201772	293.201815	1.79700327e-05	5.07828337e-05	0	0	0	0	3
175	150	0	1.57004298	293.201817	293.201788	293.201772	293.201817	1.68256452e-05	5.07828337e-05	0	0	0	0	3
176	151	0	1.57901465	293.20182	293.201789	293.201772	293.20182	1.5741886e-05	5.07828337e-05	0	0	0	0	3
177	152	0	1.58798633	293.201821	293.201789	293.201772	293.201821	1.47497304e-05	5.07828337e-05	0	0	0	0	3
178	153	0	1.596958	293.201824	293.20179	293.201772	293.201824	1.38428053e-05	5.07828337e-05	0	0	0	0	3
179	154	0	1.60592968	293.201824	293.201791	293.201772	293.201824	1.29858377e-05	5.07828337e-05	0	0	0	0	3
180	155	0	1.61490135	293.201824	293.201792	293.201772	293.201824	1.21135079e-05	5.07828337e-05	0	0	0	0	3
181	155	0	1.62387302	293.201821	293.201792	293.201772	293.201824	1.11995524e-05	5.07828337e-05	0	0	0	0	3
182	156	0	1.6328447	293.201817	293.201793	293.201772	293.201824	1.02392885e-05	5.07828337e-05	0	0	0	0	3
183	157	0	1.64181637	293.20181	293.201794	293.201772	293.201824	9.67476899e-06	5.07828337e-05	0	0	0	0	3
184	158	0	1.65078805	293.201805	293.201794	293.201773	293.201824	1.02748949e-05	5.07828337e-05	0	0	0	0	3
185	159	0	1.65975972	293.201801	293.201795	293.201776	293.201824	1.07679604e-05	5.07828337e-05	0	0	0	0	3
186	161	0	1.66873139	293.2018	293.201795	293.201779	293.201824	1.11918457e-05	5.07828337e-05	0	0	0	0	3
187	162	0	1.67770307	293.201799	293.201796	293.20178	293.201824	1.1547417e-05	5.07828337e-05	0	0	0	0	3
188	163	0	1.68667474	293.2018	293.201796	293.20178	293.201824	1.18684829e-05	5.07828337e-05	0	0	0	0	3
189	164	0	1.69564642	293.2018	293.201796	293.20178	293.201824	1.21651267e-05	5.07828337e-05	0	0	0	0	3
190	165	0	1.70461809	293.2018	293.201796	293.20178	293.201824	1.24424958e-05	5.07828337e-05	0	0	0	0	3
191	166	0	1.71358977	293.201797	293.201797	293.20178	293.201824	1.26918956e-05	5.07828337e-05	0	0	0	0	3
192	166	0	1.72256144	293.201795	293.201797	293.20178	293.201824	1.29393816e-05	5.07828337e-05	0	0	0	0	3
193	167	0	1.73153311	293.201793	293.201797	293.201782	293.201824	1.31683988e-05	5.07828337e-05	0	0	0	0	3
194	168	0	1.74050479	293.201793	293.201797	293.201783	293.201824	1.33745727e-05	5.07828337e-05	0	0	0	0	3
195	169	0	1.74947646	293.201792	293.201798	293.201783	293.201824	1.35475028e-05	5.07828337e-05	0	0	0	0	3
196	170	0	1.75844814	293.201792	293.201798	293.201783	293.201824	1.36863287e-05	5.07828337e-05	0	0	0	0	3
197	170	0	1.76741981	293.201791	293.201798	293.201783	293.201824	1.37929671e-05	5.07828337e-05	0	0	0	0	3
198	171	0	1.77639148	293.201789	293.201798	293.201783	293.201824	1.38553706e-05	5.07828337e-05	0	0	0	0	3
199	172	0	1.78536316	293.201787	293.201798	293.201783	293.201824	1.38801539e-05	5.07828337e-05	0	0	0	0	3
200	173	0	1.79433483	293.201786	293.201798	293.201783	293.201824	1.38820542e-05	5.07828337e-05	0	0	0	0	3
201	177	0	1.80330651	293.201787	293.201798	293.201783	293.201824	1.38850368e-05	5.07828337e-05	0	0	0	0	3
202	178	0	1.81227818	293.201788	293.201798	293.201783	293.201824	1.38967588e-05	5.07828337e-05	0	0	0	0	3
203	179	0	1.82124986	293.201788	293.201798	293.201783	293.201824	1.3922494e-05	5.07828337e-05	0	0	0	0	3
204	180	0	1.83022153	293.201788	293.201798	293.201783	293.201824	1.39400427e-05	5.07828337e-05	0	0	0	0	3
205	181	0	1.8391932	293.201786	293.201798	293.201783	293.201824	1.3964354e-05	5.07828337e-05	0	0	0	0	3
206	182	0	1.84816488	293.201785	293.201798	293.201783	293.201824	1.38545734e-05	5.07828337e-05	0	0	0	0	3
207	182	0	1.85713655	293.201783	293.201798	293.201783	293.201824	1.38545734e-05	5.07828337e-05	0	0	0	0	3
208	183	0	1.86610823	293.201782	293.201798	293.201782	293.201824	1.38545734e-05	5.07828337e-05	0	0	0	0	3
209	184	0	1.8750799	293.201782	293.201798	293.201782	293.201824	1.38545734e-05	5.07828337e-05	0	0	0	0	3
210	185	0	1.88405157	293.201783	293.201798	293.201782	293.201824	1.38545734e-05	5.07828337e-05	0	0	0	0	3
211	186	0	1.89302325	293.201783	293.201798	293.201782	293.201824	1.38545734e-05	5.07828337e-05	0	0	0	0	3
212	187	0	1.90199492	293.201782	293.201798	293.201782	293.201824	1.38545734e-05	5.07828337e-05	0	0	0	0	3
213	187	0	1.9109666	293.20178	293.201797	293.20178	293.201824	1.38545734e-05	5.07828337e-05	0	0	0	0	3
214	188	0	1.91993827	293.201778	293.201797	293.201778	293.201824	1.38545734e-05	5.07828337e-05	0	0	0	0	3
215	189	0	1.92890995	293.201777	293.201797	293.201777	293.201824	1.38545734e-05	5.07828337e-05	0	0	0	0	3
216	190	0	1.93788162	293.201777	293.201797	293.201777	293.201824	1.38545734e-05	5.07828337e-05	0	0	0	0	3
217	190	0	1.94685329	293.201778	293.201797	293.201777	293.201824	1.38545734e-05	5.07828337e-05	0	0	0	0	3
218	191	0	1.95582497	293.201779	293.201797	293.201777	293.201824	1.38545734e-05	5.07828337e-05	0	0	0	0	3
219	192	0	1.96479664	293.201779	293.201797	293.201777	293.201824	1.38500404e-05	5.07828337e-05	0	0	0	0	3
220	193	0	1.97376832	293.201779	293.201796	293.201777	293.201824	1.37903314e-05	5.07828337e-05	0	0	0	0	3
221	194	0	1.98273999	293.201777	293.201796	293.201777	293.201824	1.36628366e-05	5.07828337e-05	0	0	0	0	3
222	195	0	1.99171166	293.201776	293.201796	293.201776	293.201824	1.34661764e-05	5.07828337e-05	0	0	0	0	3
223	195	0	2.00068334	293.201773	293.201795	293.201773	293.201824	1.32387112e-05	5.07828337e-05	0	0	0	0	3
224	196	0	2.00965501	293.201772	293.201795	293.201772	293.201824	1.29876066e-05	5.07828337e-05	0	0	0	0	3
225	197	0	2.01862669	293.201772	293.201794	293.201772	293.201824	1.2719485e-05	5.07828337e-05	0	0	0	0	3
226	198	0	2.02759836	293.201774	293.201793	293.201772	293.201824	1.24158652e-05	5.07828337e-05	0	0	0	0	3
227	199	0	2.03657004	293.201775	293.201793	293.201772	293.201824	1.20330396e-05	5.07828337e-05	0	0	0	0	3
228	200	0	2.04554171	293.201778	293.201792	293.201772	293.201824	1.15158988e-05	5.07828337e-05	0	0	0	0	3
229	200	0	2.05451338	293.20178	293.201792	293.201772	293.201824	1.08740922e-05	5.07828337e-05	0	0	0	0	3
230	201	0	2.06348506	293.201782	293.201791	293.201772	293.201824	1.01299875e-05	5.07828337e-05	0	0	0	0	3
231	202	0	2.07245673	293.201783	293.20179	293.201772	293.201824	9.32463968e-06	5.07828337e-05	0	0	0	0	3
232	203	0	2.08142841	293.201784	293.20179	293.201772	293.201824	8.53410108e-06	5.07828337e-05	0	0	0	0	3
233	204	0	2.09040008	293.201784	293.201789	293.201772	293.201824	8.82968283e-06	5.07828337e-05	0	0	0	0	3
234	205	0	2.09937175	293.201784	293.201788	293.201772	293.201824	9.5309025e-06	5.07828337e-05	0	0	0	0	3
235	206	0	2.10834343	293.201783	293.201788	293.201772	293.201824	1.02627681e-05	5.07828337e-05	0	0	0	0	3
236	207	0	2.1173151	293.201783	293.201787	293.201772	293.201821	1.09869065e-05	5.07828337e-05	0	0	0	0	3
237	208	0	2.12628678	293.201782	293.201786	293.201772	293.201817	1.16757551e-05	5.07828337e-05	0	0	0	0	3
238	209	0	2.13525845	293.201783	293.201786	293.201772	293.20181	1.22691175e-05	5.07828337e-05	0	0	0	0	3
239	210	0	2.14423013	293.201783	293.201785	293.201772	293.201805	1.27554621e-05	5.07828337e-05	0	0	0	0	3
240	211	0	2.1532018	293.201784	293.201785	293.201772	293.201801	1.31355681e-05	5.07828337e-05	0	0	0	0	3
241	212	0	2.16217347	293.201785	293.201785	293.201772	293.2018	1.34093868e-05	5.07828337e-05	0	0	0	0	3
242	213	0	2.17114515	293.201787	293.201784	293.201772	293.2018	1.36328105e-05	5.07828337e-05	0	0	0	0	3
243	214	0	2.18011682	293.201787	293.201784	293.201772	293.2018	1.38446964e-05	5.07828337e-05	0	0	0	0	3
244	215	0	2.1890885	293.201787	293.201784	293.201772	293.2018	1.40920365e-05	5.07828337e-05	0	0	0	0	3
245	216	0	2.19806017	293.201783	293.201784	293.201772	293.2018	1.43922663e-05	5.07828337e-05	0	0	0	0	3
246	216	0	2.20703184	293.201781	293.201783	293.201772	293.201797	1.47276317e-05	5.07828337e-05	0	0	0	0	3
247	217	0	2.21600352	293.201776	293.201783	293.201772	293.201795	1.50939101e-05	5.07828337e-05	0	0	0	0	3
248	218	0	2.22497519	293.201773	293.201782	293.201772	293.201793	1.54914794e-05	5.07828337e-05	0	0	0	0	3
249	219	0	2.23394687	293.20177	293.201782	293.20177	293.201793	1.59053442e-05	5.07828337e-05	0	0	0	0	3
250	220	0	2.24291854	293.201769	293.201782	293.201769	293.201792	1.63367866e-05	5.07828337e-05	0	0	0	0	3
251	221	0	2.25189022	293.201769	293.201781	293.201769	293.201792	1.67484851e-05	5.07828337e-05	0	0	0	0	3
252	221	0	2.26086189	293.201772	293.201781	293.201769	293.201791	1.71074386e-05	5.07828337e-05	0	0	0	0	3
253	222	0	2.26983356	293.201775	293.201781	293.201769	293.201789	1.73906681e-05	5.07828337e-05	0	0	0	0	3
254	223	0	2.27880524	293.201778	293.20178	293.201769	293.201788	1.75796628e-05	5.07828337e-05	0	0	0	0	3
255	224	0	2.28777691	293.20178	293.20178	293.201769	293.201788	1.76976409e-05	5.07828337e-05	0	0	0	0	3
256	225	0	2.29674859	293.201781	293.20178	293.201769	293.201788	1.77953977e-05	5.07828337e-05	0	0	0	0	3
257	226	0	2.30572026	293.201781	293.20178	293.201769	293.201788	1.78965834e-05	5.07828337e-05	0	0	0	0	3
258	226	0	2.31469193	293.201781	293.20178	293.201769	293.201788	1.80116604e-05	5.07828337e-05	0	0	0	0	3
259	227	0	2.32366361	293.201782	293.20178	293.201769	293.201788	1.81225703e-05	5.07828337e-05	0	0	0	0	3
260	228	0	2.33263528	293.201783	293.20178	293.201769	293.201787	1.81234295e-05	5.07828337e-05	0	0	0	0	3
261	229	0	2.34160696	293.201783	293.20178	293.201769	293.201787	1.81234295e-05	5.07828337e-05	0	0	0	0	3
262	230	0	2.35057863	293.201783	293.20178	293.201769	293.201787	1.81234295e-05	5.07828337e-05	0	0	0	0	3
263	231	0	2.35955031	293.201781	293.20178	293.201769	293.201787	1.81234295e-05	5.07828337e-05	0	0	0	0	3
264	231	0	2.36852198	293.201779	293.20178	293.201769	293.201787	1.81234295e-05	5.07828337e-05	0	0	0	0	3
265	232	0	2.37749365	293.201777	293.20178	293.201769	293.201787	1.81234295e-05	5.07828337e-05	0	0	0	0	3
266	233	0	2.38646533	293.201777	293.201779	293.201769	293.201787	1.81234295e-05	5.07828337e-05	0	0	0	0	3
267	234	0	2.395437	293.201778	293.201779	293.201769	293.201787	1.81234295e-05	5.07828337e-05	0	0	0	0	3
268	235	0	2.40440868	293.201781	293.201779	293.201769	293.201787	1.8094715e-05	5.07828337e-05	0	0	0	0	3
269	235	0	2.41338035	293.201785	293.201779	293.201769	293.201787	1.79752549e-05	5.07828337e-05	0	0	0	0	3
270	236	0	2.42235202	293.201788	293.20178	293.201769	293.201788	1.78514931e-05	5.07828337e-05	0	0	0	0	3
271	237	0	2.4313237	293.201787	293.20178	293.201769	293.201788	1.77432241e-05	5.07828337e-05	0	0	0	0	3
272	238	0	2.44029537	293.201785	293.20178	293.201769	293.201788	1.76260747e-05	5.07828337e-05	0	0	0	0	3
273	239	0	2.44926705	293.20178	293.20178	293.201769	293.201788	1.7488907e-05	5.07828337e-05	0	0	0	0	3
274	240	0	2.45823872	293.201777	293.20178	293.201769	293.201788	1.73240261e-05	5.07828337e-05	0	0	0	0	3
275	240	0	2.4672104	293.201775	293.20178	293.201769	293.201788	1.70941621e-05	5.07828337e-05	0	0	0	0	3
276	241	0	2.47618207	293.201777	293.20178	293.201769	293.201788	1.67735856e-05	5.07828337e-05	0	0	0	0	3
277	242	0	2.48515374	293.201778	293.20178	293.201769	293.201788	1.63576807e-05	5.07828337e-05	0	0	0	0	3
278	243	0	2.49412542	293.20178	293.20178	293.201769	293.201788	1.58426365e-05	5.07828337e-05	0	0	0	0	3
279	244	0	2.50309709	293.201779	293.20178	293.201769	293.201788	1.52616493e-05	5.07828337e-05	0	0	0	0	3
280	245	0	2.51206877	293.201776	293.20178	293.201769	293.201788	1.4662121e-05	5.07828337e-05	0	0	0	0	3
281	246	0	2.52104044	293.201772	293.20178	293.201769	293.201788	1.40690363e-05	5.07828337e-05	0	0	0	0	3
282	246	0	2.53001211	293.201767	293.20178	293.201767	293.201788	1.34812789e-05	5.07828337e-05	0	0	0	0	3
283	247	0	2.53898379	293.201762	293.20178	293.201762	293.201788	1.28967971e-05	5.07828337e-05	0	0	0	0	3
284	248	0	2.54795546	293.20176	293.201779	293.20176	293.201788	1.23173468e-05	5.07828337e-05	0	0	0	0	3
285	249	0	2.55692714	293.201759	293.201779	293.201759	293.201788	1.20283633e-05	5.07828337e-05	0	0	0	0	3
286	250	0	2.56589881	293.201759	293.201779	293.201759	293.201788	1.18212093e-05	5.07828337e-05	0	0	0	0	3
287	250	0	2.57487049	293.201759	293.201778	293.201759	293.201788	1.15987064e-05	5.07828337e-05	0	0	0	0	3
288	251	0	2.58384216	293.20176	293.201778	293.201759	293.201788	1.13776689e-05	5.07828337e-05	0	0	0	0	3
289	252	0	2.59281383	293.201757	293.201777	293.201757	293.201788	1.1155843e-05	5.07828337e-05	0	0	0	0	3
290	253	0	2.60178551	293.201755	293.201777	293.201755	293.201788	1.09457541e-05	5.07828337e-05	0	0	0	0	3
291	254	0	2.61075718	293.201753	293.201776	293.201753	293.201788	1.07624581e-05	5.07828337e-05	0	0	0	0	3
292	255	0	2.61972886	293.201753	293.201776	293.201753	293.201788	1.06207392e-05	5.07828337e-05	0	0	0	0	3
293	255	0	2.62870053	293.201752	293.201775	293.201752	293.201788	1.05596714e-05	5.07828337e-05	0	0	0	0	3
294	256	0	2.6376722	293.201753	293.201775	293.201752	293.201788	1.0622823e-05	5.07828337e-05	0	0	0	0	3
295	257	0	2.64664388	293.201752	293.201774	293.201752	293.201788	1.07966196e-05	5.07828337e-05	0	0	0	0	3
296	258	0	2.65561555	293.201752	293.201773	293.201752	293.201788	1.11048564e-05	5.07828337e-05	0	0	0	0	3
297	259	0	2.66458723	293.20175	293.201773	293.20175	293.201788	1.15065886e-05	5.07828337e-05	0	0	0	0	3
298	259	0	2.6735589	293.201749	293.201772	293.201749	293.201788	1.19773261e-05	5.07828337e-05	0	0	0	0	3
299	260	0	2.68253058	293.201747	293.201771	293.201747	293.201788	1.24399998e-05	5.07828337e-05	0	0	0	0	3
300	261	0	2.69150225	293.201747	293.201771	293.201747	293.201788	1.28460502e-05	5.07828337e-05	0	0	0	0	3
301	266	0	2.70047392	293.201747	293.20177	293.201747	293.201788	1.31576571e-05	5.07828337e-05	0	0	0	0	3
302	266	0	2.7094456	293.20175	293.20177	293.201747	293.201788	1.33461564e-05	5.07828337e-05	0	0	0	0	3
303	267	0	2.71841727	293.201752	293.201769	293.201747	293.201788	1.33783743e-05	5.07828337e-05	0	0	0	0	3
304	268	0	2.72738895	293.201757	293.201769	293.201747	293.201788	1.3256914e-05	5.07828337e-05	0	0	0	0	3
305	269	0	2.73636062	293.201761	293.201769	293.201747	293.201788	1.29963166e-05	5.07828337e-05	0	0	0	0	3
306	270	0	2.74533229	293.201765	293.201769	293.201747	293.201788	1.2666168e-05	5.07828337e-05	0	0	0	0	3
307	271	0	2.75430397	293.201766	293.201769	293.201747	293.201788	1.23615215e-05	5.07828337e-05	0	0	0	0	3
308	271	0	2.76327564	293.201768	293.201768	293.201747	293.201788	1.21389552e-05	5.07828337e-05	0	0	0	0	3
309	272	0	2.77224732	293.201771	293.201768	293.201747	293.201788	1.20103127e-05	5.07828337e-05	0	0	0	0	3
310	273	0	2.78121899	293.201775	293.201768	293.201747	293.201788	1.19448314e-05	5.07828337e-05	0	0	0	0	3
311	274	0	2.79019067	293.201778	293.201768	293.201747	293.201788	1.18745393e-05	5.07828337e-05	0	0	0	0	3
312	275	0	2.79916234	293.201781	293.201768	293.201747	293.201788	1.17814709e-05	5.07828337e-05	0	0	0	0	3
313	275	0	2.80813401	293.201783	293.201768	293.201747	293.201788	1.17814709e-05	5.07828337e-05	0	0	0	0	3
314	276	0	2.81710569	293.201784	293.201768	293.201747	293.201788	1.17814709e-05	5.07828337e-05	0	0	0	0	3
315	277	0	2.82607736	293.201785	293.201768	293.201747	293.201788	1.17814709e-05	5.07828337e-05	0	0	0	0	3
316	278	0	2.83504904	293.201788	293.201769	293.201747	293.201788	1.17814709e-05	5.07828337e-05	0	0	0	0	3
317	279	0	2.84402071	293.201791	293.201769	293.201747	293.201791	1.17814709e-05	5.07828337e-05	0	0	0	0	3
318	280	0	2.85299238	293.201794	293.201769	293.201747	293.201794	1.17814709e-05	5.07828337e-05	0	0	0	0	3
319	280	0	2.86196406	293.201797	293.201769	293.201747	293.201797	1.17814709e-05	5.07828337e-05	0	0	0	0	3
320	281	0	2.87093573	293.201799	293.20177	293.201747	293.201799	1.17814709e-05	5.07828337e-05	0	0	0	0	3
321	282	0	2.87990741	293.2018	293.20177	293.201747	293.2018	1.17814709e-05	5.07828337e-05	0	0	0	0	3
322	283	0	2.88887908	293.2018	293.20177	293.201747	293.2018	1.17814709e-05	5.07828337e-05	0	0	0	0	3
323	284	0	2.89785076	293.201798	293.201771	293.201747	293.2018	1.17814709e-05	5.07828337e-05	0	0	0	0	3
324	284	0	2.90682243	293.201797	293.201771	293.201747	293.2018	1.17814709e-05	5.07828337e-05	0	0	0	0	3
325	285	0	2.9157941	293.201793	293.201771	293.201747	293.2018	1.17814709e-05	5.07828337e-05	0	0	0	0	3
326	286	0	2.92476578	293.201791	293.201771	293.201747	293.2018	1.17814709e-05	5.07828337e-05	0	0	0	0	3
327	287	0	2.93373745	293.201787	293.201771	293.201747	293.2018	1.17814709e-05	5.07828337e-05	0	0	0	0	3
328	288	0	2.94270913	293.201783	293.201771	293.201747	293.2018	1.17814709e-05	5.07828337e-05	0	0	0	0	3
329	289	0	2.9516808	293.201779	293.201771	293.201747	293.2018	1.17814709e-05	5.07828337e-05	0	0	0	0	3
330	290	0	2.96065247	293.201777	293.201771	293.201747	293.2018	1.17814709e-05	5.07828337e-05	0	0	0	0	3
331	290	0	2.96962415	293.201778	293.201771	293.201747	293.2018	1.17814709e-05	5.07828337e-05	0	0	0	0	3
332	291	0	2.97859582	293.201784	293.201771	293.201747	293.2018	1.17814709e-05	5.07828337e-05	0	0	0	0	3
333	292	0	2.9875675	293.201791	293.201772	293.201747	293.2018	1.17814709e-05	5.07828337e-05	0	0	0	0	3
334	293	0	2.99653917	293.201798	293.201772	293.201747	293.2018	1.17814709e-05	5.07828337e-05	0	0	0	0	3
335	294	0	3.00551085	293.201803	293.201772	293.201747	293.201803	1.17814709e-05	5.07828337e-05	0	0	0	0	3
336	294	0	3.01448252	293.201806	293.201773	293.201747	293.201806	1.17685448e-05	5.07828337e-05	0	0	0	0	3
337	295	0	3.02345419	293.201805	293.201773	293.201747	293.201806	1.16312026e-05	5.07828337e-05	0	0	0	0	3
338	296	0	3.03242587	293.201804	293.201774	293.201747	293.201806	1.13975973e-05	5.07828337e-05	0	0	0	0	3
339	297	0	3.04139754	293.201801	293.201775	293.201747	293.201806	1.10830664e-05	5.07828337e-05	0	0	0	0	3
340	298	0	3.05036922	293.2018	293.201775	293.201747	293.201806	1.07221949e-05	5.07828337e-05	0	0	0	0	3
341	298	0	3.05934089	293.201799	293.201776	293.201747	293.201806	1.03202646e-05	5.07828337e-05	0	0	0	0	3
342	299	0	3.06831256	293.2018	293.201777	293.201747	293.201806	9.90318392e-06	5.07828337e-05	0	0	0	0	3
343	300	0	3.07728424	293.201801	293.201778	293.201747	293.201806	9.46258524e-06	5.07828337e-05	0	0	0	0	3
344	301	0	3.08625591	293.201803	293.201778	293.201747	293.201806	1.00865528e-05	5.07828337e-05	0	0	0	0	3
345	302	0	3.09522759	293.201805	293.201779	293.201747	293.201806	1.09354914e-05	5.07828337e-05	0	0	0	0	3
346	303	0	3.10419926	293.201804	293.20178	293.201747	293.201806	1.18108247e-05	5.07828337e-05	0	0	0	0	3
347	303	0	3.11317094	293.201799	293.201781	293.201747	293.201806	1.26430556e-05	5.07828337e-05	0	0	0	0	3
348	304	0	3.12214261	293.201795	293.201782	293.201747	293.201806	1.34041884e-05	5.07828337e-05	0	0	0	0	3
349	305	0	3.13111428	293.201791	293.201782	293.201747	293.201806	1.41024801e-05	5.07828337e-05	0	0	0	0	3
350	306	0	3.14008596	293.201793	293.201783	293.201747	293.201806	1.48198004e-05	5.07828337e-05	0	0	0	0	3
351	307	0	3.14905763	293.201796	293.201784	293.201747	293.201806	1.56004352e-05	5.07828337e-05	0	0	0	0	3
352	307	0	3.15802931	293.2018	293.201785	293.201747	293.201806	1.64664971e-05	5.07828337e-05	0	0	0	0	3
353	308	0	3.16700098	293.201803	293.201786	293.201747	293.201806	1.74011152e-05	5.07828337e-05	0	0	0	0	3
354	309	0	3.17597265	293.201804	293.201787	293.201747	293.201806	1.83809187e-05	5.07828337e-05	0	0	0	0	3
355	310	0	3.18494433	293.201804	293.201788	293.201747	293.201806	1.93829862e-05	5.07828337e-05	0	0	0	0	3
356	311	0	3.193916	293.201802	293.201789	293.201747	293.201806	2.0373618e-05	5.07828337e-05	0	0	0	0	3
357	312	0	3.20288768	293.2018	293.20179	293.20175	293.201806	2.1323506e-05	5.07828337e-05	0	0	0	0	3
358	312	0	3.21185935	293.201798	293.201791	293.201752	293.201806	2.21929058e-05	5.07828337e-05	0	0	0	0	3
359	313	0	3.22083103	293.201796	293.201791	293.201757	293.201806	2.29716113e-05	5.07828337e-05	0	0	0	0	3
360	314	0	3.2298027	293.201795	293.201792	293.201761	293.201806	2.36468024e-05	5.07828337e-05	0	0	0	0	3
361	315	0	3.23877437	293.201793	293.201793	293.201765	293.201806	2.42246916e-05	5.07828337e-05	0	0	0	0	3
362	316	0	3.24774605	293.201793	293.201793	293.201766	293.201806	2.47386674e-05	5.07828337e-05	0	0	0	0	3
363	316	0	3.25671772	293.201794	293.201794	293.201768	293.201806	2.52285294e-05	5.07828337e-05	0	0	0	0	3
364	317	0	3.2656894	293.201794	293.201794	293.201771	293.201806	2.56856587e-05	5.07828337e-05	0	0	0	0	3
365	318	0	3.27466107	293.201793	293.201794	293.201775	293.201806	2.60696252e-05	5.07828337e-05	0	0	0	0	3
366	319	0	3.28363274	293.201791	293.201795	293.201777	293.201806	2.63465726e-05	5.07828337e-05	0	0	0	0	3
367	320	0	3.29260442	293.201788	293.201795	293.201777	293.201806	2.65172748e-05	5.07828337e-05	0	0	0	0	3
368	321	0	3.30157609	293.201787	293.201795	293.201777	293.201806	2.65953889e-05	5.07828337e-05	0	0	0	0	3
369	321	0	3.31054777	293.201787	293.201795	293.201777	293.201806	2.66156598e-05	5.07828337e-05	0	0	0	0	3
370	322	0	3.31951944	293.201789	293.201795	293.201777	293.201806	2.66443701e-05	5.07828337e-05	0	0	0	0	3
371	323	0	3.32849112	293.201791	293.201795	293.201777	293.201806	2.66681111e-05	5.07828337e-05	0	0	0	0	3
372	324	0	3.33746279	293.201793	293.201795	293.201777	293.201806	2.66282461e-05	5.07828337e-05	0	0	0	0	3
373	325	0	3.34643446	293.201793	293.201795	293.201777	293.201806	2.647388e-05	5.07828337e-05	0	0	0	0	3
374	326	0	3.35540614	293.201792	293.201795	293.201777	293.201806	2.61954208e-05	5.07828337e-05	0	0	0	0	3
375	326	0	3.36437781	293.201788	293.201795	293.201777	293.201806	2.58379062e-05	5.07828337e-05	0	0	0	0	3
376	327	0	3.37334949	293.201785	293.201795	293.201777	293.201806	2.54442367e-05	5.07828337e-05	0	0	0	0	3
377	328	0	3.38232116	293.201784	293.201795	293.201777	293.201806	2.50376604e-05	5.07828337e-05	0	0	0	0	3
378	329	0	3.39129283	293.201784	293.201794	293.201777	293.201806	2.46663739e-05	5.07828337e-05	0	0	0	0	3
379	330	0	3.40026451	293.201784	293.201794	293.201777	293.201806	2.43884274e-05	5.07828337e-05	0	0	0	0	3
380	330	0	3.40923618	293.201785	293.201794	293.201777	293.201806	2.42430988e-05	5.07828337e-05	0	0	0	0	3
381	331	0	3.41820786	293.201783	293.201794	293.201777	293.201806	2.42430988e-05	5.07828337e-05	0	0	0	0	3
382	332	0	3.42717953	293.201781	293.201793	293.201777	293.201806	2.42430988e-05	5.07828337e-05	0	0	0	0	3
383	333	0	3.43615121	293.201778	293.201793	293.201777	293.201806	2.42430988e-05	5.07828337e-05	0	0	0	0	3
384	334	0	3.44512288	293.201777	293.201793	293.201777	293.201806	2.42430988e-05	5.07828337e-05	0	0	0	0	3
385	335	0	3.45409455	293.201778	293.201793	293.201777	293.201806	2.42401587e-05	5.07828337e-05	0	0	0	0	3
386	335	0	3.46306623	293.201781	293.201793	293.201777	293.201806	2.41910919e-05	5.07828337e-05	0	0	0	0	3
387	336	0	3.4720379	293.201785	293.201793	293.201777	293.201806	2.40558363e-05	5.07828337e-05	0	0	0	0	3
388	337	0	3.48100958	293.20179	293.201794	293.201777	293.201806	2.38268616e-05	5.07828337e-05	0	0	0	0	3
389	338	0	3.48998125	293.201791	293.201794	293.201777	293.201806	2.35057354e-05	5.07828337e-05	0	0	0	0	3
390	339	0	3.49895292	293.201791	293.201793	293.201777	293.201806	2.30823601e-05	5.07828337e-05	0	0	0	0	3
391	340	0	3.5079246	293.201789	293.201793	293.201777	293.201806	2.25590982e-05	5.07828337e-05	0	0	0	0	3
392	340	0	3.51689627	293.201788	293.201793	293.201777	293.201805	2.19576028e-05	5.07828337e-05	0	0	0	0	3
393	341	0	3.52586795	293.201786	293.201792	293.201777	293.201805	2.12898303e-05	5.07828337e-05	0	0	0	0	3
394	342	0	3.53483962	293.201787	293.201792	293.201777	293.201805	2.05936331e-05	5.07828337e-05	0	0	0	0	3
395	343	0	3.5438113	293.201788	293.201792	293.201777	293.201805	1.98843065e-05	5.07828337e-05	0	0	0	0	3
396	344	0	3.55278297	293.201789	293.201792	293.201777	293.201805	1.91848495e-05	5.07828337e-05	0	0	0	0	3
397	345	0	3.56175464	293.201789	293.201792	293.201777	293.201805	1.84691787e-05	5.07828337e-05	0	0	0	0	3
398	345	0	3.57072632	293.20179	293.201791	293.201777	293.201805	1.77288054e-05	5.07828337e-05	0	0	0	0	3
399	346	0	3.57969799	293.201791	293.201791	293.201777	293.201805	1.69452555e-05	5.07828337e-05	0	0	0	0	3
400	347	0	3.58866967	293.201793	293.201791	293.201777	293.201805	1.60963169e-05	5.07828337e-05	0	0	0	0	3
401	352	0	3.59764134	293.201794	293.201791	293.201777	293.201804	1.52209836e-05	5.07828337e-05	0	0	0	0	3
402	352	0	3.60661301	293.201797	293.201791	293.201777	293.201804	1.43887527e-05	5.07828337e-05	0	0	0	0	3
403	353	0	3.61558469	293.201797	293.201791	293.201777	293.201804	1.36276199e-05	5.07828337e-05	0	0	0	0	3
404	354	0	3.62455636	293.201797	293.201791	293.201777	293.201804	1.29293282e-05	5.07828337e-05	0	0	0	0	3
405	355	0	3.63352804	293.201795	293.201791	293.201777	293.201804	1.2212008e-05	5.07828337e-05	0	0	0	0	3
406	356	0	3.64249971	293.201793	293.201791	293.201777	293.201804	1.14313731e-05	5.07828337e-05	0	0	0	0	3
407	357	0	3.65147139	293.201791	293.201791	293.201777	293.201804	1.05653112e-05	5.07828337e-05	0	0	0	0	3
408	358	0	3.66044306	293.201791	293.20179	293.201777	293.201804	9.63069311e-06	5.07828337e-05	0	0	0	0	3
409	358	0	3.66941473	293.201792	293.20179	293.201777	293.201804	8.65088958e-06	5.07828337e-05	0	0	0	0	3
410	359	0	3.67838641	293.201793	293.20179	293.201777	293.201804	7.64882213e-06	5.07828337e-05	0	0	0	0	3
411	360	0	3.68735808	293.201792	293.20179	293.201777	293.201802	6.65819033e-06	5.07828337e-05	0	0	0	0	3
412	361	0	3.69632976	293.201791	293.20179	293.201777	293.2018	5.7083023e-06	5.07828337e-05	0	0	0	0	3
413	362	0	3.70530143	293.201789	293.201789	293.201777	293.201798	5.89595857e-06	5.07828337e-05	0	0	0	0	3
414	362	0	3.7142731	293.201789	293.201789	293.201777	293.201797	6.0680519e-06	5.07828337e-05	0	0	0	0	3
415	363	0	3.72324478	293.201789	293.201789	293.201777	293.201797	6.19223084e-06	5.07828337e-05	0	0	0	0	3
416	364	0	3.73221645	293.201791	293.201789	293.201777	293.201797	6.25569265e-06	5.07828337e-05	0	0	0	0	3
417	365	0	3.74118813	293.201793	293.201789	293.201777	293.201797	6.26268161e-06	5.07828337e-05	0	0	0	0	3
418	366	0	3.7501598	293.201794	293.201789	293.201777	293.201797	6.26268161e-06	5.07828337e-05	0	0	0	0	3
419	367	0	3.75913148	293.201793	293.201789	293.201777	293.201797	6.26268161e-06	5.07828337e-05	0	0	0	0	3
420	367	0	3.76810315	293.201793	293.201789	293.201777	293.201797	6.27230122e-06	5.07828337e-05	0	0	0	0	3
421	368	0	3.77707482	293.201792	293.201789	293.201777	293.201797	6.288137e-06	5.07828337e-05	0	0	0	0	3
422	369	0	3.7860465	293.201794	293.201789	293.201777	293.201797	6.288137e-06	5.07828337e-05	0	0	0	0	3
423	370	0	3.79501817	293.201794	293.201789	293.201777	293.201797	6.288137e-06	5.07828337e-05	0	0	0	0	3
424	371	0	3.80398985	293.201797	293.201789	293.201777	293.201797	6.288137e-06	5.07828337e-05	0	0	0	0	3
425	372	0	3.81296152	293.201797	293.20179	293.201777	293.201797	6.288137e-06	5.07828337e-05	0	0	0	0	3
426	372	0	3.82193319	293.201798	293.20179	293.201777	293.201798	6.288137e-06	5.07828337e-05	0	0	0	0	3
427	373	0	3.83090487	293.201798	293.20179	293.201777	293.201798	6.288137e-06	5.07828337e-05	0	0	0	0	3
428	374	0	3.83987654	293.201799	293.20179	293.201777	293.201799	6.288137e-06	5.07828337e-05	0	0	0	0	3
429	375	0	3.84884822	293.201798	293.20179	293.201777	293.201799	6.24054536e-06	5.07828337e-05	0	0	0	0	3
430	376	0	3.85781989	293.201799	293.20179	293.201777	293.201799	6.08346869e-06	5.07828337e-05	0	0	0	0	3
431	376	0	3.86679157	293.201799	293.20179	293.201777	293.201799	5.83483478e-06	5.07828337e-05	0	0	0	0	3
432	377	0	3.87576324	293.201799	293.201791	293.201777	293.201799	5.54914038e-06	5.07828337e-05	0	0	0	0	3
433	378	0	3.88473491	293.201797	293.201791	293.201777	293.201799	5.26966244e-06	5.07828337e-05	0	0	0	0	3
434	379	0	3.89370659	293.201795	293.201791	293.201777	293.201799	5.01986256e-06	5.07828337e-05	0	0	0	0	3
435	380	0	3.90267826	293.20179	293.201791	293.201777	293.201799	4.80931874e-06	5.07828337e-05	0	0	0	0	3
436	381	0	3.91164994	293.201788	293.201791	293.201777	293.201799	4.62236e-06	5.07828337e-05	0	0	0	0	3
437	382	0	3.92062161	293.201788	293.201791	293.201777	293.201799	4.44630581e-06	5.07828337e-05	0	0	0	0	3
438	382	0	3.92959328	293.201791	293.201791	293.201777	293.201799	4.44630581e-06	5.07828337e-05	0	0	0	0	3
439	383	0	3.93856496	293.201794	293.201792	293.201777	293.201799	4.44630581e-06	5.07828337e-05	0	0	0	0	3
440	384	0	3.94753663	293.201798	293.201792	293.201778	293.201799	4.44630581e-06	5.07828337e-05	0	0	0	0	3
441	385	0	3.95650831	293.201797	293.201792	293.201781	293.201799	4.44630581e-06	5.07828337e-05	0	0	0	0	3
442	386	0	3.96547998	293.201794	293.201793	293.201785	293.201799	4.44630581e-06	5.07828337e-05	0	0	0	0	3
443	386	0	3.97445166	293.201789	293.201793	293.201786	293.201799	4.44630581e-06	5.07828337e-05	0	0	0	0	3
444	387	0	3.98342333	293.201786	293.201793	293.201786	293.201799	4.44630581e-06	5.07828337e-05	0	0	0	0	3
445	388	0	3.992395	293.201786	293.201793	293.201786	293.201799	4.31056117e-06	5.07828337e-05	0	0	0	0	3
446	389	0	4.00136668	293.201789	293.201793	293.201786	293.201799	4.05812386e-06	5.07828337e-05	0	0	0	0	3
