Iteration	CPUTime	PhysTime	Travels	Value	AvValue	MinValue	MaxValue	Delta	Criteria	PrevAvRefValue	Progress	CriteriaType	CriteriaVarType	CriteriaPercentage
1	6	0	0.00897167416	0	0	0	0	0	0	0	0	0	0	3
2	6	0	0.0179433483	0	0	0	0	0	0	0	0	0	0	3
3	7	0	0.0269150225	0	0	0	0	0	0	0	0	0	0	3
4	8	0	0.0358866967	0	0	0	0	0	0	0	0	0	0	3
5	9	0	0.0448583708	0	0	0	0	0	0	0	0	0	0	3
6	10	0	0.053830045	0	0	0	0	0	0	0	0	0	0	3
7	10	0	0.0628017192	0	0	0	0	0	0	0	0	0	0	3
8	11	0	0.0717733933	0	0	0	0	0	0	0	0	0	0	3
9	12	0	0.0807450675	0	0	0	0	0	0	0	0	0	0	3
10	13	0	0.0897167416	0	0	0	0	0	0	0	0	0	0	3
11	13	0	0.0986884158	0	0	0	0	0	0	0	0	0	0	3
12	14	0	0.10766009	0	0	0	0	0	0	0	0	0	0	3
13	15	0	0.116631764	0	0	0	0	0	0	0	0	0	0	3
14	16	0	0.125603438	0	0	0	0	0	0	0	0	0	0	3
15	16	0	0.134575112	0	0	0	0	0	0	0	0	0	0	3
16	17	0	0.143546787	0	0	0	0	0	0	0	0	0	0	3
17	18	0	0.152518461	0	0	0	0	0	0	0	0	0	0	3
18	19	0	0.161490135	0	0	0	0	0	0	0	0	0	0	3
19	20	0	0.170461809	0	0	0	0	0	0	0	0	0	0	3
20	20	0	0.179433483	0	0	0	0	0	0	0	0	0	0	3
21	21	0	0.188405157	0	0	0	0	0	0	0	0	0	0	3
22	22	0	0.197376832	0	0	0	0	0	0	0	0	0	0	3
23	22	0	0.206348506	0	0	0	0	0	0	0	0	0	0	3
24	23	0	0.21532018	0	0	0	0	0	0	0	0	0	0	3
25	24	0	0.224291854	0	0	0	0	0	0	0	0	0	0	3
26	25	0	0.233263528	0	0	0	0	0	0	0	0	0	0	3
27	26	0	0.242235202	0	0	0	0	0	0	0	0	0	0	3
28	26	0	0.251206877	0	0	0	0	0	0	0	0	0	0	3
29	27	0	0.260178551	0	0	0	0	0	0	0	0	0	0	3
30	28	0	0.269150225	0	0	0	0	0	0	0	0	0	0	3
31	29	0	0.278121899	0	0	0	0	0	0	0	0	0	0	3
32	30	0	0.287093573	0	0	0	0	0	0	0	0	0	0	3
33	30	0	0.296065247	0	0	0	0	0	0	0	0	0	0	3
34	31	0	0.305036922	0	0	0	0	0	0	0	0	0	0	3
35	32	0	0.314008596	0	0	0	0	0	0	0	0	0	0	3
36	33	0	0.32298027	0	0	0	0	0	0	0	0	0	0	3
37	34	0	0.331951944	0	0	0	0	0	0	0	0	0	0	3
38	34	0	0.340923618	0	0	0	0	0	0	0	0	0	0	3
39	35	0	0.349895292	0	0	0	0	0	0	0	0	0	0	3
40	36	0	0.358866967	0	0	0	0	0	0	0	0	0	0	3
41	42	0	0.367838641	0	0	0	0	0	0	0	0	0	0	3
42	43	0	0.376810315	0	0	0	0	0	0	0	0	0	0	3
43	43	0	0.385781989	0	0	0	0	0	0	0	0	0	0	3
44	44	0	0.394753663	0	0	0	0	0	0	0	0	0	0	3
45	45	0	0.403725337	0	0	0	0	0	0	0	0	0	0	3
46	46	0	0.412697012	0	0	0	0	0	0	0	0	0	0	3
47	51	0	0.421668686	0	0	0	0	0	0	0	0	0	0	3
48	51	0	0.43064036	0	0	0	0	0	0	0	0	0	0	3
49	52	0	0.439612034	0	0	0	0	0	0	0	0	0	0	3
50	53	0	0.448583708	0	0	0	0	0	0	0	0	0	0	3
51	54	0	0.457555382	0	0	0	0	0	0	0	0	0	0	3
52	55	0	0.466527057	0	0	0	0	0	0	0	0	0	0	3
53	55	0	0.475498731	0	0	0	0	0	0	0	0	0	0	3
54	56	0	0.484470405	0	0	0	0	0	0	0	0	0	0	3
55	57	0	0.493442079	0	0	0	0	0	0	0	0	0	0	3
56	58	0	0.502413753	0	0	0	0	0	0	0	0	0	0	3
57	59	0	0.511385427	0	0	0	0	0	0	0	0	0	0	3
58	59	0	0.520357102	0	0	0	0	0	0	0	0	0	0	3
59	60	0	0.529328776	0	0	0	0	0	0	0	0	0	0	3
60	61	0	0.53830045	0	0	0	0	0	0	0	0	0	0	3
61	62	0	0.547272124	0	0	0	0	0	0	0	0	0	0	3
62	63	0	0.556243798	0	0	0	0	0	0	0	0	0	0	3
63	63	0	0.565215472	0	0	0	0	0	0	0	0	0	0	3
64	64	0	0.574187147	0	0	0	0	0	0	0	0	0	0	3
65	65	0	0.583158821	0	0	0	0	0	0	0	0	0	0	3
66	66	0	0.592130495	0	0	0	0	0	0	0	0	0	0	3
67	67	0	0.601102169	0	0	0	0	0	0	0	0	0	0	3
68	68	0	0.610073843	0	0	0	0	0	0	0	0	0	0	3
69	69	0	0.619045517	0	0	0	0	0	0	0	0	0	0	3
70	69	0	0.628017192	0	0	0	0	0	0	0	0	0	0	3
71	70	0	0.636988866	0	0	0	0	0	0	0	0	0	0	3
72	71	0	0.64596054	0	0	0	0	0	0	0	0	0	0	3
73	72	0	0.654932214	0	0	0	0	0	0	0	0	0	0	3
74	73	0	0.663903888	0	0	0	0	0	0	0	0	0	0	3
75	74	0	0.672875562	0	0	0	0	0	0	0	0	0	0	3
76	74	0	0.681847237	0	0	0	0	0	0	0	0	0	0	3
77	75	0	0.690818911	0	0	0	0	0	0	0	0	0	0	3
78	76	0	0.699790585	0	0	0	0	0	0	0	0	0	0	3
79	77	0	0.708762259	0	0	0	0	0	0	0	0	0	0	3
80	78	0	0.717733933	0	0	0	0	0	0	0	0	0	0	3
81	79	0	0.726705607	0	0	0	0	0	0	0	0	0	0	3
82	79	0	0.735677282	0	0	0	0	0	0	0	0	0	0	3
83	80	0	0.744648956	0	0	0	0	0	0	0	0	0	0	3
84	81	0	0.75362063	0	0	0	0	0	0	0	0	0	0	3
85	82	0	0.762592304	0	0	0	0	0	0	0	0	0	0	3
86	83	0	0.771563978	0	0	0	0	0	0	0	0	0	0	3
87	83	0	0.780535652	0	0	0	0	0	0	0	0	0	0	3
88	84	0	0.789507327	0	0	0	0	0	0	0	0	0	0	3
89	85	0	0.798479001	0	0	0	0	0	0	0	0	0	0	3
90	86	0	0.807450675	0	0	0	0	0	0	0	0	0	0	3
91	87	0	0.816422349	0	0	0	0	0	0	0	0	0	0	3
92	87	0	0.825394023	0	0	0	0	0	0	0	0	0	0	3
93	88	0	0.834365697	0	0	0	0	0	0	0	0	0	0	3
94	89	0	0.843337372	0	0	0	0	0	0	0	0	0	0	3
95	90	0	0.852309046	0	0	0	0	0	0	0	0	0	0	3
96	91	0	0.86128072	0	0	0	0	0	0	0	0	0	0	3
97	92	0	0.870252394	0	0	0	0	0	0	0	0	0	0	3
98	93	0	0.879224068	0	0	0	0	0	0	0	0	0	0	3
99	93	0	0.888195742	0	0	0	0	0	0	0	0	0	0	3
100	94	0	0.897167416	0	0	0	0	0	0	0	0	0	0	3
101	99	0	0.906139091	0	0	0	0	0	0	0	0	0	0	3
102	100	0	0.915110765	0	0	0	0	0	0	0	0	0	0	3
103	101	0	0.924082439	0	0	0	0	0	0	0	0	0	0	3
104	101	0	0.933054113	0	0	0	0	0	0	0	0	0	0	3
105	102	0	0.942025787	0	0	0	0	0	0	0	0	0	0	3
106	103	0	0.950997461	0	0	0	0	0	0	0	0	0	0	3
107	104	0	0.959969136	0	0	0	0	0	0	0	0	0	0	3
108	105	0	0.96894081	0	0	0	0	0	0	0	0	0	0	3
109	105	0	0.977912484	0	0	0	0	0	0	0	0	0	0	3
110	106	0	0.986884158	0	0	0	0	0	0	0	0	0	0	3
111	107	0	0.995855832	0	0	0	0	0	0	0	0	0	0	3
112	108	0	1.00482751	0	0	0	0	0	0.001	0	0	0	0	3
113	109	0	1.01379918	0	0	0	0	0	0.001	0	0	0	0	3
114	110	0	1.02277085	0	0	0	0	0	0.001	0	0	0	0	3
115	111	0	1.03174253	0	0	0	0	0	0.001	0	0	0	0	3
116	111	0	1.0407142	0	0	0	0	0	0.001	0	0	0	0	3
117	112	0	1.04968588	0	0	0	0	0	0.001	0	0	0	0	3
118	113	0	1.05865755	0	0	0	0	0	0.001	0	0	0	0	3
119	114	0	1.06762923	0	0	0	0	0	0.001	0	0	0	0	3
120	115	0	1.0766009	0	0	0	0	0	0.001	0	0	0	0	3
121	115	0	1.08557257	0	0	0	0	0	0.001	0	0	0	0	3
122	116	0	1.09454425	0	0	0	0	0	0.001	0	0	0	0	3
123	117	0	1.10351592	0	0	0	0	0	0.001	0	0	0	0	3
124	118	0	1.1124876	0	0	0	0	0	0.001	0	0	0	0	3
125	119	0	1.12145927	0	0	0	0	0	0.001	0	0	0	0	3
126	120	0	1.13043094	0	0	0	0	0	0.001	0	0	0	0	3
127	121	0	1.13940262	0	0	0	0	0	0.001	0	0	0	0	3
128	121	0	1.14837429	0	0	0	0	0	0.001	0	0	0	0	3
129	122	0	1.15734597	0	0	0	0	0	0.001	0	0	0	0	3
130	123	0	1.16631764	0	0	0	0	0	0.001	0	0	0	0	3
131	124	0	1.17528932	0	0	0	0	0	0.001	0	0	0	0	3
132	125	0	1.18426099	0	0	0	0	0	0.001	0	0	0	0	3
133	125	0	1.19323266	0	0	0	0	0	0.001	0	0	0	0	3
134	126	0	1.20220434	0	0	0	0	0	0.001	0	0	0	0	3
135	127	0	1.21117601	0	0	0	0	0	0.001	0	0	0	0	3
136	128	0	1.22014769	0	0	0	0	0	0.001	0	0	0	0	3
137	129	0	1.22911936	0	0	0	0	0	0.001	0	0	0	0	3
138	130	0	1.23809103	0	0	0	0	0	0.001	0	0	0	0	3
139	131	0	1.24706271	0	0	0	0	0	0.001	0	0	0	0	3
140	132	0	1.25603438	0	0	0	0	0	0.001	0	0	0	0	3
141	132	0	1.26500606	0	0	0	0	0	0.001	0	0	0	0	3
142	134	0	1.27397773	0	0	0	0	0	0.001	0	0	0	0	3
143	135	0	1.28294941	0	0	0	0	0	0.001	0	0	0	0	3
144	135	0	1.29192108	0	0	0	0	0	0.001	0	0	0	0	3
145	136	0	1.30089275	0	0	0	0	0	0.001	0	0	0	0	3
146	137	0	1.30986443	0	0	0	0	0	0.001	0	0	0	0	3
147	138	0	1.3188361	0	0	0	0	0	0.001	0	0	0	0	3
148	140	0	1.32780778	0	0	0	0	0	0.001	0	0	0	0	3
149	140	0	1.33677945	0	0	0	0	0	0.001	0	0	0	0	3
150	142	0	1.34575112	0	0	0	0	0	0.001	0	0	0	0	3
151	143	0	1.3547228	0	0	0	0	0	0.001	0	0	0	0	3
152	144	0	1.36369447	0	0	0	0	0	0.001	0	0	0	0	3
153	144	0	1.37266615	0	0	0	0	0	0.001	0	0	0	0	3
154	145	0	1.38163782	0	0	0	0	0	0.001	0	0	0	0	3
155	146	0	1.3906095	0	0	0	0	0	0.001	0	0	0	0	3
156	147	0	1.39958117	0	0	0	0	0	0.001	0	0	0	0	3
157	148	0	1.40855284	0	0	0	0	0	0.001	0	0	0	0	3
158	149	0	1.41752452	0	0	0	0	0	0.001	0	0	0	0	3
159	149	0	1.42649619	0	0	0	0	0	0.001	0	0	0	0	3
160	150	0	1.43546787	0	0	0	0	0	0.001	0	0	0	0	3
161	151	0	1.44443954	0	0	0	0	0	0.001	0	0	0	0	3
162	152	0	1.45341121	0	0	0	0	0	0.001	0	0	0	0	3
163	153	0	1.46238289	0	0	0	0	0	0.001	0	0	0	0	3
164	154	0	1.47135456	0	0	0	0	0	0.001	0	0	0	0	3
165	154	0	1.48032624	0	0	0	0	0	0.001	0	0	0	0	3
166	155	0	1.48929791	0	0	0	0	0	0.001	0	0	0	0	3
167	156	0	1.49826959	0	0	0	0	0	0.001	0	0	0	0	3
168	157	0	1.50724126	0	0	0	0	0	0.001	0	0	0	0	3
169	158	0	1.51621293	0	0	0	0	0	0.001	0	0	0	0	3
170	159	0	1.52518461	0	0	0	0	0	0.001	0	0	0	0	3
171	160	0	1.53415628	0	0	0	0	0	0.001	0	0	0	0	3
172	160	0	1.54312796	0	0	0	0	0	0.001	0	0	0	0	3
173	161	0	1.55209963	0	0	0	0	0	0.001	0	0	0	0	3
174	162	0	1.5610713	0	0	0	0	0	0.001	0	0	0	0	3
175	163	0	1.57004298	0	0	0	0	0	0.001	0	0	0	0	3
176	164	0	1.57901465	0	0	0	0	0	0.001	0	0	0	0	3
177	165	0	1.58798633	0	0	0	0	0	0.001	0	0	0	0	3
178	165	0	1.596958	0	0	0	0	0	0.001	0	0	0	0	3
179	166	0	1.60592968	0	0	0	0	0	0.001	0	0	0	0	3
180	167	0	1.61490135	0	0	0	0	0	0.001	0	0	0	0	3
181	168	0	1.62387302	0	0	0	0	0	0.001	0	0	0	0	3
182	169	0	1.6328447	0	0	0	0	0	0.001	0	0	0	0	3
183	169	0	1.64181637	0	0	0	0	0	0.001	0	0	0	0	3
184	170	0	1.65078805	0	0	0	0	0	0.001	0	0	0	0	3
185	171	0	1.65975972	0	0	0	0	0	0.001	0	0	0	0	3
186	172	0	1.66873139	0	0	0	0	0	0.001	0	0	0	0	3
187	173	0	1.67770307	0	0	0	0	0	0.001	0	0	0	0	3
188	174	0	1.68667474	0	0	0	0	0	0.001	0	0	0	0	3
189	174	0	1.69564642	0	0	0	0	0	0.001	0	0	0	0	3
190	175	0	1.70461809	0	0	0	0	0	0.001	0	0	0	0	3
191	176	0	1.71358977	0	0	0	0	0	0.001	0	0	0	0	3
192	177	0	1.72256144	0	0	0	0	0	0.001	0	0	0	0	3
193	178	0	1.73153311	0	0	0	0	0	0.001	0	0	0	0	3
194	178	0	1.74050479	0	0	0	0	0	0.001	0	0	0	0	3
195	179	0	1.74947646	0	0	0	0	0	0.001	0	0	0	0	3
196	180	0	1.75844814	0	0	0	0	0	0.001	0	0	0	0	3
197	181	0	1.76741981	0	0	0	0	0	0.001	0	0	0	0	3
198	182	0	1.77639148	0	0	0	0	0	0.001	0	0	0	0	3
199	182	0	1.78536316	0	0	0	0	0	0.001	0	0	0	0	3
200	183	0	1.79433483	0	0	0	0	0	0.001	0	0	0	0	3
201	188	0	1.80330651	0	0	0	0	0	0.001	0	0	0	0	3
202	189	0	1.81227818	0	0	0	0	0	0.001	0	0	0	0	3
203	190	0	1.82124986	0	0	0	0	0	0.001	0	0	0	0	3
204	190	0	1.83022153	0	0	0	0	0	0.001	0	0	0	0	3
205	191	0	1.8391932	0	0	0	0	0	0.001	0	0	0	0	3
206	192	0	1.84816488	0	0	0	0	0	0.001	0	0	0	0	3
207	193	0	1.85713655	0	0	0	0	0	0.001	0	0	0	0	3
208	194	0	1.86610823	0	0	0	0	0	0.001	0	0	0	0	3
209	194	0	1.8750799	0	0	0	0	0	0.001	0	0	0	0	3
210	195	0	1.88405157	0	0	0	0	0	0.001	0	0	0	0	3
211	196	0	1.89302325	0	0	0	0	0	0.001	0	0	0	0	3
212	197	0	1.90199492	0	0	0	0	0	0.001	0	0	0	0	3
213	198	0	1.9109666	0	0	0	0	0	0.001	0	0	0	0	3
