Iteration	CPUTime	PhysTime	Travels	Value	AvValue	MinValue	MaxValue	Delta	Criteria	PrevAvRefValue	Progress	CriteriaType	CriteriaVarType	CriteriaPercentage
1	8	0	0.00897271101	-0.0433200453	-0.0433200453	-0.0433200453	-0.0433200453	0	0	0	0	0	0	3
2	9	0	0.017945422	-0.0090168061	-0.0261684257	-0.0433200453	-0.0090168061	0.0171516196	0	0	0	0	0	3
3	11	0	0.026918133	-0.00625162713	-0.0195294929	-0.0433200453	-0.00625162713	0.0237905525	0	0	0	0	0	3
4	12	0	0.035890844	-0.0025338396	-0.0152805795	-0.0433200453	-0.0025338396	0.0280394658	0	0	0	0	0	3
5	13	0	0.0448635551	-0.00323838339	-0.0128721403	-0.0433200453	-0.0025338396	0.030447905	0	0	0	0	0	3
6	15	0	0.0538362661	-0.00296644655	-0.0112211914	-0.0433200453	-0.0025338396	0.032098854	0	0	0	0	0	3
7	16	0	0.0628089771	-0.0024553394	-0.00996892679	-0.0433200453	-0.0024553394	0.0333511186	0	0	0	0	0	3
8	17	0	0.0717816881	-0.00248093499	-0.00903292781	-0.0433200453	-0.0024553394	0.0342871175	0	0	0	0	0	3
9	18	0	0.0807543991	-0.0025993651	-0.00831808751	-0.0433200453	-0.0024553394	0.0350019578	0	0	0	0	0	3
10	20	0	0.0897271101	-0.00350363604	-0.00783664236	-0.0433200453	-0.0024553394	0.035483403	0	0	0	0	0	3
11	21	0	0.0986998211	-0.00309983936	-0.00740602391	-0.0433200453	-0.0024553394	0.0359140214	0	0	0	0	0	3
12	22	0	0.107672532	-0.00311789991	-0.00704868024	-0.0433200453	-0.0024553394	0.0362713651	0	0	0	0	0	3
13	24	0	0.116645243	-0.00279920799	-0.00672179776	-0.0433200453	-0.0024553394	0.0365982476	0	0	0	0	0	3
14	25	0	0.125617954	-0.00286535027	-0.00644633723	-0.0433200453	-0.0024553394	0.0368737081	0	0	0	0	0	3
15	26	0	0.134590665	-0.00250507003	-0.00618358608	-0.0433200453	-0.0024553394	0.0371364593	0	0	0	0	0	3
16	28	0	0.143563376	-0.00285129433	-0.00597531785	-0.0433200453	-0.0024553394	0.0373447275	0	0	0	0	0	3
17	29	0	0.152536087	-0.00247110532	-0.0057691877	-0.0433200453	-0.0024553394	0.0375508577	0	0	0	0	0	3
18	30	0	0.161508798	-0.00264888252	-0.00559583741	-0.0433200453	-0.0024553394	0.0377242079	0	0	0	0	0	3
19	31	0	0.170481509	-0.00245518614	-0.00543053997	-0.0433200453	-0.00245518614	0.0378895054	0	0	0	0	0	3
20	33	0	0.17945422	-0.00254840256	-0.0052864331	-0.0433200453	-0.00245518614	0.0380336122	0	0	0	0	0	3
21	34	0	0.188426931	-0.00247744828	-0.00515267192	-0.0433200453	-0.00245518614	0.0381673734	0	0	0	0	0	3
22	35	0	0.197399642	-0.00253485926	-0.00503368044	-0.0433200453	-0.00245518614	0.0382863649	0	0	0	0	0	3
23	36	0	0.206372353	-0.00249920021	-0.00492348564	-0.0433200453	-0.00245518614	0.0383965597	0	0	0	0	0	3
24	38	0	0.215345064	-0.00252315642	-0.00482347193	-0.0433200453	-0.00245518614	0.0384965734	0	0	0	0	0	3
25	39	0	0.224317775	-0.00246352744	-0.00472907415	-0.0433200453	-0.00245518614	0.0385909712	0	0	0	0	0	3
26	41	0	0.233290486	-0.00247689075	-0.00464245171	-0.0433200453	-0.00245518614	0.0386775936	0	0	0	0	0	3
27	42	0	0.242263197	-0.00249347272	-0.00456285989	-0.0433200453	-0.00245518614	0.0387571855	0	0	0	0	0	3
28	43	0	0.251235908	-0.00252483662	-0.00449007335	-0.0433200453	-0.00245518614	0.038829972	0	0	0	0	0	3
29	45	0	0.260208619	-0.00257971884	-0.00442419906	-0.0433200453	-0.00245518614	0.0388958463	0	0	0	0	0	3
30	46	0	0.26918133	-0.00263946723	-0.00436470799	-0.0433200453	-0.00245518614	0.0389553374	0	0	0	0	0	3
31	47	0	0.278154041	-0.0026546119	-0.0043095436	-0.0433200453	-0.00245518614	0.0390105017	0	0	0	0	0	3
32	49	0	0.287126752	-0.00269470607	-0.00425907993	-0.0433200453	-0.00245518614	0.0390609654	0	0	0	0	0	3
33	50	0	0.296099463	-0.00266927695	-0.00421090408	-0.0433200453	-0.00245518614	0.0391091413	0	0	0	0	0	3
34	51	0	0.305072174	-0.00268342683	-0.00416597828	-0.0433200453	-0.00245518614	0.0391540671	0	0	0	0	0	3
35	53	0	0.314044885	-0.00265775359	-0.00412288615	-0.0433200453	-0.00245518614	0.0391971592	0	0	0	0	0	3
36	54	0	0.323017596	-0.00267454769	-0.00408265452	-0.0433200453	-0.00245518614	0.0392373908	0	0	0	0	0	3
37	56	0	0.331990307	-0.00262292208	-0.0040432023	-0.0433200453	-0.00245518614	0.0392768431	0	0	0	0	0	3
38	57	0	0.340963018	-0.00260211421	-0.00400527892	-0.0433200453	-0.00245518614	0.0393147664	0	0	0	0	0	3
39	59	0	0.349935729	-0.00252619985	-0.00396735382	-0.0433200453	-0.00245518614	0.0393526915	0	0	0	0	0	3
40	60	0	0.35890844	-0.00253148204	-0.00393145703	-0.0433200453	-0.00245518614	0.0393885883	0	0	0	0	0	3
41	61	0	0.367881151	-0.00248356914	-0.00389614269	-0.0433200453	-0.00245518614	0.0394239027	0	0	0	0	0	3
42	63	0	0.376853862	-0.00247554271	-0.00386231888	-0.0433200453	-0.00245518614	0.0394577265	0	0	0	0	0	3
43	64	0	0.385826573	-0.00244681365	-0.00382940015	-0.0433200453	-0.00244681365	0.0394906452	0	0	0	0	0	3
44	65	0	0.394799284	-0.00242431716	-0.00379746645	-0.0433200453	-0.00242431716	0.0395225789	0	0	0	0	0	3
45	67	0	0.403771995	-0.00240938356	-0.00376662016	-0.0433200453	-0.00240938356	0.0395534252	0	0	0	0	0	3
46	68	0	0.412744707	-0.00235384798	-0.00373590772	-0.0433200453	-0.00235384798	0.0395841376	0	0	0	0	0	3
47	70	0	0.421717418	-0.00241056508	-0.00370770894	-0.0433200453	-0.00235384798	0.0396123364	0	0	0	0	0	3
48	71	0	0.430690129	-0.00238530798	-0.00368015892	-0.0433200453	-0.00235384798	0.0396398864	0	0	0	0	0	3
49	73	0	0.43966284	-0.00236879021	-0.0036533963	-0.0433200453	-0.00235384798	0.0396666491	0	0	0	0	0	3
50	74	0	0.448635551	-0.00233871055	-0.00362710258	-0.0433200453	-0.00233871055	0.0396929428	0	0	0	0	0	3
51	75	0	0.457608262	-0.00236653044	-0.00360238548	-0.0433200453	-0.00233871055	0.0397176599	0	0	0	0	0	3
52	77	0	0.466580973	-0.00228232056	-0.00357699962	-0.0433200453	-0.00228232056	0.0397430457	0	0	0	0	0	3
53	78	0	0.475553684	-0.00232820656	-0.00355343748	-0.0433200453	-0.00228232056	0.0397666079	0	0	0	0	0	3
54	80	0	0.484526395	-0.00229863991	-0.00353020049	-0.0433200453	-0.00228232056	0.0397898449	0	0	0	0	0	3
55	81	0	0.493499106	-0.00227749687	-0.00350742406	-0.0433200453	-0.00227749687	0.0398126213	0	0	0	0	0	3
56	83	0	0.502471817	-0.00222236317	-0.00348447655	-0.0433200453	-0.00222236317	0.0398355688	0	0	0	0	0	3
57	84	0	0.511444528	-0.00223093013	-0.00275074235	-0.0090168061	-0.00222236317	0.00679444293	0	0	0	0	0	3
58	86	0	0.520417239	-0.0021901813	-0.00262883833	-0.00625162713	-0.0021901813	0.00406144583	0	0	0	0	0	3
59	87	0	0.52938995	-0.00224484163	-0.00255728859	-0.00350363604	-0.0021901813	0.00131345474	0	0	0	0	0	3
60	88	0	0.538362661	-0.0021969807	-0.00255127325	-0.00350363604	-0.0021901813	0.00131345474	0	0	0	0	0	3
61	90	0	0.547335372	-0.00221054941	-0.00253291907	-0.00350363604	-0.0021901813	0.00131345474	0	0	0	0	0	3
62	91	0	0.556308083	-0.00221927815	-0.00251957678	-0.00350363604	-0.0021901813	0.00131345474	0	0	0	0	0	3
63	93	0	0.565280794	-0.00221149171	-0.00251522236	-0.00350363604	-0.0021901813	0.00131345474	0	0	0	0	0	3
64	94	0	0.574253505	-0.00216437239	-0.00250956946	-0.00350363604	-0.00216437239	0.00133926364	0	0	0	0	0	3
65	95	0	0.583226216	-0.00222691927	-0.00250291864	-0.00350363604	-0.00216437239	0.00133926364	0	0	0	0	0	3
66	97	0	0.592198927	-0.00214702056	-0.00247869336	-0.00311789991	-0.00214702056	0.000970879347	0	0	0	0	0	3
67	98	0	0.601171638	-0.00220366155	-0.00246269019	-0.00311789991	-0.00214702056	0.000970879347	0	0	0	0	0	3
68	100	0	0.610144349	-0.00217031233	-0.00244576898	-0.00286535027	-0.00214702056	0.000718329716	0	0	0	0	0	3
69	101	0	0.61911706	-0.00219853023	-0.00243504259	-0.00286535027	-0.00214702056	0.000718329716	0	0	0	0	0	3
70	102	0	0.628089771	-0.00214148365	-0.0024221164	-0.00285129433	-0.00214148365	0.000709810675	0	0	0	0	0	3
71	104	0	0.637062482	-0.00220637872	-0.00241678263	-0.00285129433	-0.00214148365	0.000709810675	0	0	0	0	0	3
72	105	0	0.646035193	-0.00212192666	-0.0024037582	-0.00269470607	-0.00212192666	0.000572779409	0	0	0	0	0	3
73	106	0	0.655007904	-0.00217031517	-0.00239838695	-0.00269470607	-0.00212192666	0.000572779409	0	0	0	0	0	3
74	108	0	0.663980615	-0.00213402776	-0.00238919312	-0.00269470607	-0.00212192666	0.000572779409	0	0	0	0	0	3
75	109	0	0.672953326	-0.00216193047	-0.00238395641	-0.00269470607	-0.00212192666	0.000572779409	0	0	0	0	0	3
76	111	0	0.681926037	-0.0021136737	-0.00237619339	-0.00269470607	-0.0021136737	0.000581032368	0	0	0	0	0	3
77	112	0	0.690898748	-0.00218079052	-0.00237089593	-0.00269470607	-0.0021136737	0.000581032368	0	0	0	0	0	3
78	113	0	0.699871459	-0.00210513611	-0.00236322231	-0.00269470607	-0.00210513611	0.000589569951	0	0	0	0	0	3
79	115	0	0.70884417	-0.00215397696	-0.0023570576	-0.00269470607	-0.00210513611	0.000589569951	0	0	0	0	0	3
80	116	0	0.717816881	-0.00212151699	-0.00234988547	-0.00269470607	-0.00210513611	0.000589569951	0	0	0	0	0	3
81	117	0	0.726789592	-0.00217265337	-0.00234469129	-0.00269470607	-0.00210513611	0.000589569951	0	0	0	0	0	3
82	119	0	0.735762303	-0.00212730194	-0.00233844863	-0.00269470607	-0.00210513611	0.000589569951	0	0	0	0	0	3
83	120	0	0.744735014	-0.00216256998	-0.00233253966	-0.00269470607	-0.00210513611	0.000589569951	0	0	0	0	0	3
84	121	0	0.753707725	-0.00212337619	-0.00232537072	-0.00269470607	-0.00210513611	0.000589569951	0	0	0	0	0	3
85	123	0	0.762680436	-0.00219979995	-0.00231858645	-0.00269470607	-0.00210513611	0.000589569951	0	0	0	0	0	3
86	124	0	0.771653147	-0.00215789469	-0.00230998695	-0.00269470607	-0.00210513611	0.000589569951	0	0	0	0	0	3
87	125	0	0.780625858	-0.00221825038	-0.00230219478	-0.00269470607	-0.00210513611	0.000589569951	0	0	0	0	0	3
88	127	0	0.789598569	-0.00215524648	-0.00229256157	-0.00268342683	-0.00210513611	0.000578290717	0	0	0	0	0	3
89	128	0	0.79857128	-0.0022111677	-0.00228438105	-0.00268342683	-0.00210513611	0.000578290717	0	0	0	0	0	3
90	129	0	0.807543991	-0.00218130656	-0.00227541461	-0.00267454769	-0.00210513611	0.000569411572	0	0	0	0	0	3
91	131	0	0.816516702	-0.00223633861	-0.00226788934	-0.00267454769	-0.00210513611	0.000569411572	0	0	0	0	0	3
92	132	0	0.825489413	-0.00219135068	-0.00225926083	-0.00262292208	-0.00210513611	0.000517785965	0	0	0	0	0	3
93	133	0	0.834462124	-0.00222515925	-0.00225215792	-0.00260211421	-0.00210513611	0.000496978091	0	0	0	0	0	3
94	135	0	0.843434835	-0.00218013012	-0.00224462249	-0.00253148204	-0.00210513611	0.000426345921	0	0	0	0	0	3
95	136	0	0.852407546	-0.0022477414	-0.00223965002	-0.00253148204	-0.00210513611	0.000426345921	0	0	0	0	0	3
96	137	0	0.861380257	-0.00220114266	-0.0022337511	-0.00248356914	-0.00210513611	0.00037843303	0	0	0	0	0	3
97	139	0	0.870352968	-0.00225558776	-0.00222968	-0.00247554271	-0.00210513611	0.000370406597	0	0	0	0	0	3
98	140	0	0.879325679	-0.00218718595	-0.00222453078	-0.00244681365	-0.00210513611	0.000341677532	0	0	0	0	0	3
99	141	0	0.88829839	-0.00223649901	-0.00222077516	-0.00242431716	-0.00210513611	0.000319181041	0	0	0	0	0	3
100	143	0	0.897271101	-0.00220450214	-0.00221684989	-0.00241056508	-0.00210513611	0.000305428969	0	0	0	0	0	3
101	148	0	0.906243812	-0.00225441118	-0.00221408252	-0.00241056508	-0.00210513611	0.000305428969	0	0	0	0	0	3
102	149	0	0.915216523	-0.00221004668	-0.00221151464	-0.00241056508	-0.00210513611	0.000305428969	0	0	0	0	0	3
103	150	0	0.924189234	-0.0022459949	-0.00220857589	-0.00238530798	-0.00210513611	0.000280171869	0	0	0	0	0	3
104	152	0	0.933161945	-0.00220547948	-0.00220536467	-0.00236879021	-0.00210513611	0.000263654096	0	0	0	0	0	3
105	153	0	0.942134656	-0.0022795109	-0.00220377039	-0.00236653044	-0.00210513611	0.000261394321	0	0	0	0	0	3
106	154	0	0.951107367	-0.00224460852	-0.00220209	-0.00236653044	-0.00210513611	0.000261394321	0	0	0	0	0	3
107	156	0	0.960080078	-0.00229096386	-0.0022007406	-0.00232820656	-0.00210513611	0.000223070446	0	0	0	0	0	3
108	157	0	0.969052789	-0.00223854124	-0.00219995882	-0.00232820656	-0.00210513611	0.000223070446	0	0	0	0	0	3
109	158	0	0.9780255	-0.00227860737	-0.00219907312	-0.00229863991	-0.00210513611	0.000193503797	0	0	0	0	0	3
110	160	0	0.986998211	-0.00224509415	-0.00219811695	-0.00229096386	-0.00210513611	0.000185827741	0	0	0	0	0	3
111	161	0	0.995970922	-0.00228644823	-0.0021982768	-0.00229096386	-0.00210513611	0.000185827741	0	0	0	0	0	3
112	162	0	1.00494363	-0.0022581039	-0.00219891502	-0.00229096386	-0.00210513611	0.000185827741	0.00012439473	0	66.9	0	0	3
113	164	0	1.01391634	-0.00227739542	-0.00219974476	-0.00229096386	-0.00210513611	0.000185827741	0.00012439473	0	66.9	0	0	3
114	165	0	1.02288906	-0.00223647479	-0.00220057143	-0.00229096386	-0.00210513611	0.000185827741	0.00012439473	0	66.9	0	0	3
115	166	0	1.03186177	-0.00229662772	-0.00220149618	-0.00229662772	-0.00210513611	0.000191491607	0.00012439473	0	64.9	0	0	3
116	168	0	1.04083448	-0.00226226297	-0.00220266194	-0.00229662772	-0.00210513611	0.000191491607	0.00012439473	0	64.9	0	0	3
117	169	0	1.04980719	-0.00230008872	-0.00220426085	-0.00230008872	-0.00210513611	0.000194952603	0.00012439473	0	63.8	0	0	3
118	170	0	1.0587799	-0.00225430639	-0.00220488636	-0.00230008872	-0.00210513611	0.000194952603	0.00012439473	0	63.8	0	0	3
119	171	0	1.06775261	-0.00227850293	-0.00220608299	-0.00230008872	-0.00210513611	0.000194952603	0.00012439473	0	63.8	0	0	3
120	173	0	1.07672532	-0.00224887977	-0.00220759205	-0.00230008872	-0.00210513611	0.000194952603	0.00012439473	0	63.8	0	0	3
121	174	0	1.08569803	-0.00229828109	-0.00220886636	-0.00230008872	-0.00210513611	0.000194952603	0.00012439473	0	63.8	0	0	3
122	176	0	1.09467074	-0.00224587657	-0.00221063165	-0.00230008872	-0.00210513611	0.000194952603	0.00012439473	0	63.8	0	0	3
123	177	0	1.10364345	-0.00228858761	-0.00221214819	-0.00230008872	-0.00210513611	0.000194952603	0.00012439473	0	63.8	0	0	3
124	178	0	1.11261617	-0.00223142546	-0.00221323949	-0.00230008872	-0.00210513611	0.000194952603	0.00012439473	0	63.8	0	0	3
125	180	0	1.12158888	-0.0022672674	-0.00221446694	-0.00230008872	-0.00210513611	0.000194952603	0.00012439473	0	63.8	0	0	3
126	181	0	1.13056159	-0.00223669268	-0.0022161671	-0.00230008872	-0.00210513611	0.000194952603	0.00012439473	0	63.8	0	0	3
127	182	0	1.1395343	-0.00227997516	-0.00221748133	-0.00230008872	-0.00210513611	0.000194952603	0.00012439473	0	63.8	0	0	3
128	183	0	1.14850701	-0.00224822775	-0.0022197367	-0.00230008872	-0.00210513611	0.000194952603	0.00012439473	0	63.8	0	0	3
129	185	0	1.15747972	-0.0022637391	-0.00222140499	-0.00230008872	-0.00210513611	0.000191076167	0.00012439473	0	65.1	0	0	3
130	186	0	1.16645243	-0.0022177194	-0.00222289948	-0.00230008872	-0.00210513611	0.000185839458	0.00012439473	0	66.9	0	0	3
131	187	0	1.17542514	-0.00227901456	-0.00222499027	-0.00230008872	-0.00210513611	0.000178076443	0.00012439473	0	69.8	0	0	3
132	189	0	1.18439785	-0.00224643345	-0.00222736098	-0.00230008872	-0.00210513611	0.000172778983	0.00012439473	0	71.9	0	0	3
133	190	0	1.19337056	-0.002286134	-0.00222924211	-0.00230008872	-0.00210513611	0.000165105355	0.00012439473	0	75.3	0	0	3
134	191	0	1.20234328	-0.00222024341	-0.0022312976	-0.00230008872	-0.00212151699	0.000158940654	0.00012439473	0	78.2	0	0	3
135	193	0	1.21131599	-0.00226899926	-0.00223335157	-0.00230008872	-0.00212151699	0.000151768522	0.00012439473	0	81.9	0	0	3
136	194	0	1.2202887	-0.00225235595	-0.00223568798	-0.00230008872	-0.00212337619	0.000146574342	0.00012439473	0	84.8	0	0	3
137	195	0	1.22926141	-0.00228416665	-0.00223767929	-0.00230008872	-0.00212337619	0.000140331684	0.00012439473	0	88.6	0	0	3
138	197	0	1.23823412	-0.00223593433	-0.00223961915	-0.00230008872	-0.00212337619	0.000134422707	0.00012439473	0	92.5	0	0	3
139	198	0	1.24720683	-0.00226205705	-0.00224139571	-0.00230008872	-0.00212337619	0.000127253771	0.00012439473	0	97.7	0	0	3
140	199	0	1.25617954	-0.00223366774	-0.0022433652	-0.00230008872	-0.00215524648	0.000120469505	0.00012439473	0	100	0	0	3
141	200	0	1.26515225	-0.00228816284	-0.00224494311	-0.00230008872	-0.00215524648	0.000111869995	0.00012439473	0	100	0	0	3
142	202	0	1.27412496	-0.00223978874	-0.0022464055	-0.00230008872	-0.00215524648	0.000104077825	0.00012439473	0	100	0	0	3
143	203	0	1.28309767	-0.00228423451	-0.00224758379	-0.00230008872	-0.00215524648	9.44446181e-05	0.00012439473	0	100	0	0	3
144	204	0	1.29207039	-0.00223066979	-0.00224893063	-0.00230008872	-0.00218013012	8.62640958e-05	0.00012439473	0	100	0	0	3
145	206	0	1.3010431	-0.00226777808	-0.00224994153	-0.00230008872	-0.00218013012	7.72976624e-05	0.00012439473	0	100	0	0	3
146	207	0	1.31001581	-0.0022367361	-0.00225093135	-0.00230008872	-0.00218013012	6.97723949e-05	0.00012439473	0	100	0	0	3
147	208	0	1.31898852	-0.00227701884	-0.00225165778	-0.00230008872	-0.00218013012	6.11438769e-05	0.00012439473	0	100	0	0	3
148	210	0	1.32796123	-0.00223781209	-0.00225248745	-0.00230008872	-0.00218013012	5.43704963e-05	0.00012439473	0	100	0	0	3
149	211	0	1.33693394	-0.00224270321	-0.00225280073	-0.00230008872	-0.00218013012	5.46837812e-05	0.00012439473	0	100	0	0	3
150	212	0	1.34590665	-0.0021900415	-0.00225297772	-0.00230008872	-0.00218718595	5.48607701e-05	0.00012439473	0	100	0	0	3
151	213	0	1.35487936	-0.00225048591	-0.00225302673	-0.00230008872	-0.00218718595	5.49097792e-05	0.00012439473	0	100	0	0	3
152	215	0	1.36385207	-0.00221766336	-0.00225332174	-0.00230008872	-0.00218718595	5.52047917e-05	0.00012439473	0	100	0	0	3
153	216	0	1.37282478	-0.00225591426	-0.00225332757	-0.00230008872	-0.00218718595	5.52106222e-05	0.00012439473	0	100	0	0	3
154	217	0	1.3817975	-0.00218932239	-0.00225336572	-0.00230008872	-0.00218932239	5.5248773e-05	0.00012439473	0	100	0	0	3
155	219	0	1.39077021	-0.00223839637	-0.0022533996	-0.00230008872	-0.00218932239	5.52826543e-05	0.00012439473	0	100	0	0	3
156	220	0	1.39974292	-0.00222266879	-0.00225372401	-0.00230008872	-0.00218932239	5.56070588e-05	0.00012439473	0	100	0	0	3
157	221	0	1.40871563	-0.00225680316	-0.00225376672	-0.00230008872	-0.00218932239	5.56497726e-05	0.00012439473	0	100	0	0	3
158	223	0	1.41768834	-0.00220830995	-0.00225373571	-0.00230008872	-0.00218932239	5.56497726e-05	0.00012439473	0	100	0	0	3
159	224	0	1.42666105	-0.00223272966	-0.00225349883	-0.00230008872	-0.00218932239	5.56497726e-05	0.00012439473	0	100	0	0	3
160	225	0	1.43563376	-0.00220069553	-0.0022534134	-0.00230008872	-0.00218932239	5.56497726e-05	0.00012439473	0	100	0	0	3
161	226	0	1.44460647	-0.00224949613	-0.00225287742	-0.00230008872	-0.00218932239	5.56497726e-05	0.00012439473	0	100	0	0	3
162	228	0	1.45357918	-0.00220682828	-0.00225220278	-0.00230008872	-0.00218932239	5.56497726e-05	0.00012439473	0	100	0	0	3
163	229	0	1.46255189	-0.00224148742	-0.00225131927	-0.00230008872	-0.00218932239	5.56497726e-05	0.00012439473	0	100	0	0	3
164	230	0	1.47152461	-0.00217673847	-0.00225021565	-0.00230008872	-0.00217673847	5.56497726e-05	0.00012439473	0	100	0	0	3
165	232	0	1.48049732	-0.00223000418	-0.00224934773	-0.00230008872	-0.00217673847	5.56497726e-05	0.00012439473	0	100	0	0	3
166	233	0	1.48947003	-0.00221399017	-0.00224879231	-0.00230008872	-0.00217673847	5.5489927e-05	0.00012439473	0	100	0	0	3
167	234	0	1.49844274	-0.00226073548	-0.00224833315	-0.00230008872	-0.00217673847	5.48516997e-05	0.00012439473	0	100	0	0	3
168	235	0	1.50741545	-0.00223347853	-0.00224789341	-0.00230008872	-0.00217673847	5.40219625e-05	0.00012439473	0	100	0	0	3
169	237	0	1.51638816	-0.00226594648	-0.00224768897	-0.00230008872	-0.00217673847	5.31952931e-05	0.00012439473	0	100	0	0	3
170	238	0	1.52536087	-0.00222939923	-0.00224756262	-0.00230008872	-0.00217673847	5.22705415e-05	0.00012439473	0	100	0	0	3
171	239	0	1.53433358	-0.00228253366	-0.00224731094	-0.00230008872	-0.00217673847	5.11047866e-05	0.00012439473	0	100	0	0	3
172	240	0	1.54330629	-0.00224157396	-0.00224694149	-0.00230008872	-0.00217673847	4.95058705e-05	0.00012439473	0	100	0	0	3
173	242	0	1.552279	-0.00228982514	-0.00224675821	-0.00229828109	-0.00217673847	4.88803662e-05	0.00012439473	0	100	0	0	3
174	243	0	1.56125172	-0.00222983077	-0.00224632115	-0.00229828109	-0.00217673847	4.76837372e-05	0.00012439473	0	100	0	0	3
175	244	0	1.57022443	-0.00227143819	-0.00224619499	-0.00229828109	-0.00217673847	4.61746769e-05	0.00012439473	0	100	0	0	3
176	246	0	1.57919714	-0.00225375636	-0.00224628207	-0.00229828109	-0.00217673847	4.49003588e-05	0.00012439473	0	100	0	0	3
177	247	0	1.58816985	-0.00229896485	-0.00224629428	-0.00229896485	-0.00217673847	4.3135073e-05	0.00012439473	0	100	0	0	3
178	248	0	1.59714256	-0.00225505728	-0.00224645823	-0.00229896485	-0.00217673847	4.16185361e-05	0.00012439473	0	100	0	0	3
179	249	0	1.60611527	-0.00226797564	-0.00224609015	-0.00229896485	-0.00217673847	4.05272303e-05	0.00012439473	0	100	0	0	3
180	251	0	1.61508798	-0.00222600571	-0.00224599337	-0.00229896485	-0.00217673847	3.92997808e-05	0.00012439473	0	100	0	0	3
181	252	0	1.62406069	-0.00228830617	-0.00224636907	-0.00229896485	-0.00217673847	3.75996195e-05	0.00012439473	0	100	0	0	3
182	253	0	1.6330334	-0.00224655373	-0.00224654516	-0.00229896485	-0.00217673847	3.62853974e-05	0.00012439473	0	100	0	0	3
183	254	0	1.64200612	-0.00228564134	-0.00224664634	-0.00229896485	-0.00217673847	3.40300206e-05	0.00012439473	0	100	0	0	3
184	256	0	1.65097883	-0.002221654	-0.00224617181	-0.00229896485	-0.00217673847	3.23617362e-05	0.00012439473	0	100	0	0	3
185	257	0	1.65995154	-0.00226552018	-0.00224620361	-0.00229896485	-0.00217673847	3.08672427e-05	0.00012439473	0	100	0	0	3
186	258	0	1.66892425	-0.00223840682	-0.00224657303	-0.00229896485	-0.00217673847	2.87764554e-05	0.00012439473	0	100	0	0	3
187	259	0	1.67789696	-0.00227608877	-0.00224652078	-0.00229896485	-0.00217673847	2.64057456e-05	0.00012439473	0	100	0	0	3
188	261	0	1.68686967	-0.00223915885	-0.00224639088	-0.00229896485	-0.00217673847	2.4524612e-05	0.00012439473	0	100	0	0	3
189	262	0	1.69584238	-0.00226766727	-0.00224606112	-0.00229896485	-0.00217673847	2.24691246e-05	0.00012439473	0	100	0	0	3
190	263	0	1.70481509	-0.00222962886	-0.00224622871	-0.00229896485	-0.00217673847	2.0415155e-05	0.00012439473	0	100	0	0	3
191	265	0	1.7137878	-0.0022849213	-0.00224651304	-0.00229896485	-0.00217673847	1.80787449e-05	0.00012439473	0	100	0	0	3
192	266	0	1.72276051	-0.00224292908	-0.0022463447	-0.00229896485	-0.00217673847	1.60874363e-05	0.00012439473	0	100	0	0	3
193	267	0	1.73173323	-0.00228870731	-0.00224642578	-0.00229896485	-0.00217673847	1.41475722e-05	0.00012439473	0	100	0	0	3
194	268	0	1.74070594	-0.00222431275	-0.00224621825	-0.00229896485	-0.00217673847	1.23710174e-05	0.00012439473	0	100	0	0	3
195	270	0	1.74967865	-0.00226262414	-0.00224622838	-0.00229896485	-0.00217673847	1.04015256e-05	0.00012439473	0	100	0	0	3
196	271	0	1.75865136	-0.00224495517	-0.00224642994	-0.00229896485	-0.00217673847	8.82361666e-06	0.00012439473	0	100	0	0	3
197	272	0	1.76762407	-0.00229099978	-0.0022464806	-0.00229896485	-0.00217673847	7.77334923e-06	0.00012439473	0	100	0	0	3
198	273	0	1.77659678	-0.00225039177	-0.00224666994	-0.00229896485	-0.00217673847	7.77334923e-06	0.00012439473	0	100	0	0	3
199	275	0	1.78556949	-0.00226610677	-0.00224634623	-0.00229896485	-0.00217673847	7.77334923e-06	0.00012439473	0	100	0	0	3
200	276	0	1.7945422	-0.00223107159	-0.00224635341	-0.00229896485	-0.00217673847	7.77334923e-06	0.00012439473	0	100	0	0	3
201	281	0	1.80351491	-0.00229509241	-0.00224684116	-0.00229896485	-0.00217673847	7.77334923e-06	0.00012439473	0	100	0	0	3
202	282	0	1.81248762	-0.00225184016	-0.00224711088	-0.00229896485	-0.00217673847	7.77334923e-06	0.00012439473	0	100	0	0	3
203	283	0	1.82146034	-0.00228583951	-0.00224726839	-0.00229896485	-0.00217673847	7.77334923e-06	0.00012439473	0	100	0	0	3
204	284	0	1.83043305	-0.0022201951	-0.0022469538	-0.00229896485	-0.00217673847	7.77334923e-06	0.00012439473	0	100	0	0	3
205	286	0	1.83940576	-0.00226372581	-0.0022473292	-0.00229896485	-0.00217673847	7.77334923e-06	0.00012439473	0	100	0	0	3
206	287	0	1.84837847	-0.00223691993	-0.00224816632	-0.00229896485	-0.00217673847	7.77334923e-06	0.00012439473	0	100	0	0	3
207	288	0	1.85735118	-0.00227351281	-0.00224857751	-0.00229896485	-0.00217673847	7.77334923e-06	0.00012439473	0	100	0	0	3
208	289	0	1.86632389	-0.00223614564	-0.00224890756	-0.00229896485	-0.00217673847	7.77334923e-06	0.00012439473	0	100	0	0	3
209	291	0	1.8752966	-0.00226405288	-0.00224905289	-0.00229896485	-0.00217673847	7.77334923e-06	0.00012439473	0	100	0	0	3
210	292	0	1.88426931	-0.00222718477	-0.002249729	-0.00229896485	-0.00217673847	7.77334923e-06	0.00012439473	0	100	0	0	3
211	293	0	1.89324202	-0.00228144771	-0.00225049778	-0.00229896485	-0.00217673847	7.77334923e-06	0.00012439473	0	100	0	0	3
212	294	0	1.90221473	-0.0022415133	-0.00225083428	-0.00229896485	-0.00217673847	7.77334923e-06	0.00012439473	0	100	0	0	3
213	296	0	1.91118745	-0.00228866965	-0.00225140333	-0.00229896485	-0.00217673847	7.74233623e-06	0.00012439473	0	100	0	0	3
214	297	0	1.92016016	-0.00222277326	-0.0022516616	-0.00229896485	-0.00217673847	7.50545694e-06	0.00012439473	0	100	0	0	3
215	298	0	1.92913287	-0.00225344669	-0.00225203155	-0.00229896485	-0.00217673847	7.42002917e-06	0.00012439473	0	100	0	0	3
216	300	0	1.93810558	-0.00222951151	-0.00225254612	-0.00229896485	-0.00217673847	6.88405112e-06	0.00012439473	0	100	0	0	3
217	301	0	1.94707829	-0.00226764408	-0.00225287019	-0.00229896485	-0.00217673847	6.87681773e-06	0.00012439473	0	100	0	0	3
218	303	0	1.956051	-0.00222644565	-0.0022532205	-0.00229896485	-0.00217673847	7.22712792e-06	0.00012439473	0	100	0	0	3
219	304	0	1.96502371	-0.00224224668	-0.00225323406	-0.00229896485	-0.00217673847	7.24068612e-06	0.00012439473	0	100	0	0	3
220	305	0	1.97399642	-0.00220687442	-0.0022537722	-0.00229896485	-0.00220687442	7.77882808e-06	0.00012439473	0	100	0	0	3
221	307	0	1.98296913	-0.00227554097	-0.00225458536	-0.00229896485	-0.00220687442	8.59198507e-06	0.00012439473	0	100	0	0	3
222	308	0	1.99194184	-0.00224442473	-0.00225512883	-0.00229896485	-0.00220687442	9.13545929e-06	0.00012439473	0	100	0	0	3
223	309	0	2.00091456	-0.00228383351	-0.0022555413	-0.00229896485	-0.00220687442	9.54792405e-06	0.00012439473	0	100	0	0	3
224	311	0	2.00988727	-0.00222253935	-0.00225534595	-0.00229896485	-0.00220687442	9.54792405e-06	0.00012439473	0	100	0	0	3
225	312	0	2.01885998	-0.00225915041	-0.0022552246	-0.00229896485	-0.00220687442	9.54792405e-06	0.00012439473	0	100	0	0	3
226	314	0	2.02783269	-0.00223834565	-0.00225538435	-0.00229896485	-0.00220687442	9.54792405e-06	0.00012439473	0	100	0	0	3
227	315	0	2.0368054	-0.00228405925	-0.0022554116	-0.00229896485	-0.00220687442	9.54792405e-06	0.00012439473	0	100	0	0	3
228	316	0	2.04577811	-0.00224065493	-0.00225539519	-0.00229896485	-0.00220687442	9.54792405e-06	0.00012439473	0	100	0	0	3
229	318	0	2.05475082	-0.00225567104	-0.00225478529	-0.00229896485	-0.00220687442	9.54792405e-06	0.00012439473	0	100	0	0	3
230	319	0	2.06372353	-0.00221740046	-0.00225456332	-0.00229896485	-0.00220687442	9.54792405e-06	0.00012439473	0	100	0	0	3
231	320	0	2.07269624	-0.0022838434	-0.00225478484	-0.00229896485	-0.00220687442	9.54792405e-06	0.00012439473	0	100	0	0	3
232	322	0	2.08166895	-0.00224885529	-0.00225469732	-0.00229896485	-0.00220687442	9.54792405e-06	0.00012439473	0	100	0	0	3
233	323	0	2.09064167	-0.00228460731	-0.00225444094	-0.00229509241	-0.00220687442	9.54792405e-06	0.00012439473	0	100	0	0	3
234	324	0	2.09961438	-0.00221832873	-0.00225378507	-0.00229509241	-0.00220687442	9.54792405e-06	0.00012439473	0	100	0	0	3
235	326	0	2.10858709	-0.00225259142	-0.00225351035	-0.00229509241	-0.00220687442	9.54792405e-06	0.00012439473	0	100	0	0	3
236	327	0	2.1175598	-0.00222361625	-0.00225346768	-0.00229509241	-0.00220687442	9.4801806e-06	0.00012439473	0	100	0	0	3
237	329	0	2.12653251	-0.00221652013	-0.00225218579	-0.00229509241	-0.00220687442	9.4801806e-06	0.00012439473	0	100	0	0	3
238	330	0	2.13550522	-0.00218776911	-0.00225113607	-0.00229509241	-0.00218776911	9.4801806e-06	0.00012439473	0	100	0	0	3
239	331	0	2.14447793	-0.00222008674	-0.00224996545	-0.00229509241	-0.00218776911	9.4801806e-06	0.00012439473	0	100	0	0	3
240	333	0	2.15345064	-0.00221008214	-0.00224975881	-0.00229509241	-0.00218776911	9.4801806e-06	0.00012439473	0	100	0	0	3
241	335	0	2.16242335	-0.00223585228	-0.00224922902	-0.00229509241	-0.00218776911	9.4801806e-06	0.00012439473	0	100	0	0	3
242	336	0	2.17139606	-0.00219964369	-0.00224853682	-0.00229509241	-0.00218776911	9.4801806e-06	0.00012439473	0	100	0	0	3
243	338	0	2.18036878	-0.00224609526	-0.00224800123	-0.00229509241	-0.00218776911	9.4801806e-06	0.00012439473	0	100	0	0	3
244	340	0	2.18934149	-0.00222092582	-0.00224767564	-0.00229509241	-0.00218776911	9.4801806e-06	0.00012439473	0	100	0	0	3
245	341	0	2.1983142	-0.00220958087	-0.00224663838	-0.00229509241	-0.00218776911	9.32304298e-06	0.00012439473	0	100	0	0	3
246	344	0	2.20728691	-0.0021940314	-0.00224600271	-0.00229509241	-0.00218776911	9.53858707e-06	0.00012439473	0	100	0	0	3
247	345	0	2.21625962	-0.00227025888	-0.00224574088	-0.00229509241	-0.00218776911	9.80041602e-06	0.00012439473	0	100	0	0	3
248	347	0	2.22523233	-0.00221990893	-0.00224532981	-0.00229509241	-0.00218776911	1.02114902e-05	0.00012439473	0	100	0	0	3
249	349	0	2.23420504	-0.00225166273	-0.0022446683	-0.00229509241	-0.00218776911	1.08730006e-05	0.00012439473	0	100	0	0	3
250	350	0	2.24317775	-0.00224413806	-0.00224502232	-0.00229509241	-0.00218776911	1.08730006e-05	0.00012439473	0	100	0	0	3
251	351	0	2.25215046	-0.00223738227	-0.00224457157	-0.00229509241	-0.00218776911	1.09697249e-05	0.00012439473	0	100	0	0	3
252	352	0	2.26112317	-0.00222421057	-0.00224420113	-0.00229509241	-0.00218776911	1.13401643e-05	0.00012439473	0	100	0	0	3
253	354	0	2.27009589	-0.00228207395	-0.00224404174	-0.00229509241	-0.00218776911	1.14995541e-05	0.00012439473	0	100	0	0	3
254	355	0	2.2790686	-0.00222193618	-0.00224353361	-0.00229509241	-0.00218776911	1.20076894e-05	0.00012439473	0	100	0	0	3
255	357	0	2.28804131	-0.00225258225	-0.0022432921	-0.00229509241	-0.00218776911	1.22491988e-05	0.00012439473	0	100	0	0	3
256	358	0	2.29701402	-0.0022378869	-0.0022434138	-0.00229509241	-0.00218776911	1.22491988e-05	0.00012439473	0	100	0	0	3
257	360	0	2.30598673	-0.00223001489	-0.0022422517	-0.00228866965	-0.00218776911	1.32895955e-05	0.00012439473	0	100	0	0	3
258	361	0	2.31495944	-0.00221603305	-0.00224161229	-0.00228866965	-0.00218776911	1.39290081e-05	0.00012439473	0	100	0	0	3
259	362	0	2.32393215	-0.00227108553	-0.00224134883	-0.00228866965	-0.00218776911	1.41924721e-05	0.00012439473	0	100	0	0	3
260	364	0	2.33290486	-0.0022087739	-0.00224114488	-0.00228866965	-0.00218776911	1.43964222e-05	0.00012439473	0	100	0	0	3
261	365	0	2.34187757	-0.00223267511	-0.0022405904	-0.00228866965	-0.00218776911	1.4950899e-05	0.00012439473	0	100	0	0	3
262	367	0	2.35085028	-0.00222196729	-0.00224032339	-0.00228866965	-0.00218776911	1.52179105e-05	0.00012439473	0	100	0	0	3
263	368	0	2.359823	-0.00221656423	-0.00223930645	-0.00228866965	-0.00218776911	1.62348494e-05	0.00012439473	0	100	0	0	3
264	370	0	2.36879571	-0.00220284278	-0.00223871175	-0.00228866965	-0.00218776911	1.68295434e-05	0.00012439473	0	100	0	0	3
265	371	0	2.37776842	-0.00225263064	-0.00223850779	-0.00228866965	-0.00218776911	1.70335118e-05	0.00012439473	0	100	0	0	3
266	373	0	2.38674113	-0.00218934517	-0.00223783208	-0.00228866965	-0.00218776911	1.77092189e-05	0.00012439473	0	100	0	0	3
267	374	0	2.39571384	-0.00220553636	-0.00223647652	-0.00228866965	-0.00218776911	1.90647787e-05	0.00012439473	0	100	0	0	3
268	376	0	2.40468655	-0.0021862518	-0.00223548971	-0.00228866965	-0.0021862518	2.00515911e-05	0.00012439473	0	100	0	0	3
269	377	0	2.41365926	-0.00219731262	-0.00223385833	-0.00228460731	-0.0021862518	2.16829667e-05	0.00012439473	0	100	0	0	3
270	379	0	2.42263197	-0.00216679869	-0.00223285878	-0.00228460731	-0.00216679869	2.26825126e-05	0.00012439473	0	100	0	0	3
271	380	0	2.43160468	-0.00219751208	-0.00223185995	-0.00228460731	-0.00216679869	2.3681345e-05	0.00012439473	0	100	0	0	3
272	382	0	2.4405774	-0.00221256403	-0.00223155732	-0.00228460731	-0.00216679869	2.39839785e-05	0.00012439473	0	100	0	0	3
273	383	0	2.44955011	-0.00218083402	-0.00223000714	-0.00228460731	-0.00216679869	2.55341583e-05	0.00012439473	0	100	0	0	3
274	385	0	2.45852282	-0.00222881056	-0.00223004937	-0.00228460731	-0.00216679869	2.55341583e-05	0.00012439473	0	100	0	0	3
275	386	0	2.46749553	-0.00220285964	-0.00222934603	-0.00228460731	-0.00216679869	2.61952678e-05	0.00012439473	0	100	0	0	3
276	388	0	2.47646824	-0.00223682047	-0.00222988078	-0.00228460731	-0.00216679869	2.61952678e-05	0.00012439473	0	100	0	0	3
277	389	0	2.48544095	-0.00221098956	-0.00222872808	-0.00228460731	-0.00216679869	2.68132206e-05	0.00012439473	0	100	0	0	3
278	391	0	2.49441366	-0.00224199477	-0.00222868468	-0.00228460731	-0.00216679869	2.68566128e-05	0.00012439473	0	100	0	0	3
279	392	0	2.50338637	-0.00220682852	-0.0022273096	-0.00228460731	-0.00216679869	2.8102001e-05	0.00012439473	0	100	0	0	3
280	394	0	2.51235908	-0.00221558755	-0.00222718546	-0.00228460731	-0.00216679869	2.82261404e-05	0.00012439473	0	100	0	0	3
281	395	0	2.52133179	-0.00217628729	-0.00222570576	-0.00228460731	-0.00216679869	2.97058389e-05	0.00012439473	0	100	0	0	3
282	397	0	2.53030451	-0.00222435039	-0.00222545584	-0.00228460731	-0.00216679869	2.99557543e-05	0.00012439473	0	100	0	0	3
283	398	0	2.53927722	-0.00218919841	-0.0022237619	-0.00228460731	-0.00216679869	3.16332865e-05	0.00012439473	0	100	0	0	3
284	400	0	2.54824993	-0.00223220426	-0.00222361099	-0.00228460731	-0.00216679869	3.11742968e-05	0.00012439473	0	100	0	0	3
285	402	0	2.55722264	-0.00219630725	-0.00222255093	-0.00228460731	-0.00216679869	3.22339161e-05	0.00012439473	0	100	0	0	3
286	403	0	2.56619535	-0.0022355229	-0.00222287454	-0.00228460731	-0.00216679869	3.22339161e-05	0.00012439473	0	100	0	0	3
287	405	0	2.57516806	-0.00221930054	-0.00222172199	-0.00228460731	-0.00216679869	3.29753331e-05	0.00012439473	0	100	0	0	3
288	406	0	2.58414077	-0.00230325029	-0.00222269333	-0.00230325029	-0.00216679869	3.27189486e-05	0.00012439473	0	100	0	0	3
289	408	0	2.59311348	-0.00228560806	-0.0022227112	-0.00230325029	-0.00216679869	3.20630817e-05	0.00012439473	0	100	0	0	3
290	409	0	2.60208619	-0.00230571907	-0.00222427174	-0.00230571907	-0.00216679869	3.17883634e-05	0.00012439473	0	100	0	0	3
291	411	0	2.6110589	-0.00229336797	-0.00222499989	-0.00230571907	-0.00216679869	3.17456946e-05	0.00012439473	0	100	0	0	3
292	412	0	2.62003162	-0.00226830373	-0.00222579789	-0.00230571907	-0.00216679869	3.0463801e-05	0.00012439473	0	100	0	0	3
293	414	0	2.62900433	-0.00229768337	-0.00222724723	-0.00230571907	-0.00216679869	2.94140756e-05	0.00012439473	0	100	0	0	3
294	415	0	2.63797704	-0.00226300181	-0.00222859067	-0.00230571907	-0.00216679869	2.82434576e-05	0.00012439473	0	100	0	0	3
295	417	0	2.64694975	-0.00227662606	-0.0022296003	-0.00230571907	-0.00216679869	2.80368172e-05	0.00012439473	0	100	0	0	3
296	418	0	2.65592246	-0.00224294674	-0.00223018717	-0.00230571907	-0.00216679869	2.75070333e-05	0.00012439473	0	100	0	0	3
297	420	0	2.66489517	-0.00225678661	-0.002230561	-0.00230571907	-0.00216679869	2.68148345e-05	0.00012439473	0	100	0	0	3
298	421	0	2.67386788	-0.00228002506	-0.00223199638	-0.00230571907	-0.00216679869	2.6279236e-05	0.00012439473	0	100	0	0	3
299	423	0	2.68284059	-0.00225922866	-0.0022322309	-0.00230571907	-0.00216679869	2.59536463e-05	0.00012439473	0	100	0	0	3
300	424	0	2.6918133	-0.00220925877	-0.00223202256	-0.00230571907	-0.00216679869	2.49163892e-05	0.00012439473	0	100	0	0	3
301	430	0	2.70078601	-0.00221243607	-0.00223207355	-0.00230571907	-0.00216679869	2.42807203e-05	0.00012439473	0	100	0	0	3
302	431	0	2.70975873	-0.00219750901	-0.00223213565	-0.00230571907	-0.00216679869	2.40188914e-05	0.00012439473	0	100	0	0	3
303	432	0	2.71873144	-0.00221156913	-0.00223108762	-0.00230571907	-0.00216679869	2.36078172e-05	0.00012439473	0	100	0	0	3
304	434	0	2.72770415	-0.00216664054	-0.0022301364	-0.00230571907	-0.00216664054	2.33003302e-05	0.00012439473	0	100	0	0	3
305	435	0	2.73667686	-0.00221673872	-0.00222951275	-0.00230571907	-0.00216664054	2.33003302e-05	0.00012439473	0	100	0	0	3
306	437	0	2.74564957	-0.0022240096	-0.00222915332	-0.00230571907	-0.00216664054	2.28495825e-05	0.00012439473	0	100	0	0	3
307	438	0	2.75462228	-0.00224329985	-0.00222925899	-0.00230571907	-0.00216664054	2.24791431e-05	0.00012439473	0	100	0	0	3
308	440	0	2.76359499	-0.00223210909	-0.00222940003	-0.00230571907	-0.00216664054	2.23197533e-05	0.00012439473	0	100	0	0	3
309	441	0	2.7725677	-0.00222877994	-0.00222844835	-0.00230571907	-0.00216664054	2.1811618e-05	0.00012439473	0	100	0	0	3
310	443	0	2.78154041	-0.00222418475	-0.00222848851	-0.00230571907	-0.00216664054	2.16918105e-05	0.00012439473	0	100	0	0	3
311	444	0	2.79051312	-0.00224846008	-0.0022284149	-0.00230571907	-0.00216664054	2.16918105e-05	0.00012439473	0	100	0	0	3
312	446	0	2.79948584	-0.00223164961	-0.00222830352	-0.00230571907	-0.00216664054	2.05297119e-05	0.00012439473	0	100	0	0	3
313	448	0	2.80845855	-0.00222695153	-0.00222824881	-0.00230571907	-0.00216664054	1.98902993e-05	0.00012439473	0	100	0	0	3
314	449	0	2.81743126	-0.00222244053	-0.00222836323	-0.00230571907	-0.00216664054	1.96268353e-05	0.00012439473	0	100	0	0	3
315	451	0	2.82640397	-0.00225038866	-0.00222799364	-0.00230571907	-0.00216664054	1.94228852e-05	0.00012439473	0	100	0	0	3
316	452	0	2.83537668	-0.00223764479	-0.0022285092	-0.00230571907	-0.00216664054	1.88684085e-05	0.00012439473	0	100	0	0	3
317	454	0	2.84434939	-0.00224084546	-0.0022286551	-0.00230571907	-0.00216664054	1.86013969e-05	0.00012439473	0	100	0	0	3
318	455	0	2.8533221	-0.00224432082	-0.00222905427	-0.00230571907	-0.00216664054	1.7584458e-05	0.00012439473	0	100	0	0	3
319	457	0	2.86229481	-0.00227449928	-0.00223008882	-0.00230571907	-0.00216664054	1.69897641e-05	0.00012439473	0	100	0	0	3
320	458	0	2.87126752	-0.00225803052	-0.00223107432	-0.00230571907	-0.00216664054	1.67857956e-05	0.00012439473	0	100	0	0	3
321	460	0	2.88024023	-0.00224919157	-0.0022310129	-0.00230571907	-0.00216664054	1.61100885e-05	0.00012439473	0	100	0	0	3
322	461	0	2.88921295	-0.00223344019	-0.00223180031	-0.00230571907	-0.00216664054	1.47545287e-05	0.00012439473	0	100	0	0	3
323	463	0	2.89818566	-0.00224915933	-0.0022325793	-0.00230571907	-0.00216664054	1.37677164e-05	0.00012439473	0	100	0	0	3
324	464	0	2.90715837	-0.00222292897	-0.00223323425	-0.00230571907	-0.00216664054	1.21363407e-05	0.00012439473	0	100	0	0	3
325	465	0	2.91613108	-0.0022140848	-0.00223353375	-0.00230571907	-0.00216664054	1.18117586e-05	0.00012439473	0	100	0	0	3
326	467	0	2.92510379	-0.0022069826	-0.00223425132	-0.00230571907	-0.00216664054	1.25293285e-05	0.00012439473	0	100	0	0	3
327	468	0	2.9340765	-0.00223458105	-0.00223491326	-0.00230571907	-0.00216664054	1.31912742e-05	0.00012439473	0	100	0	0	3
328	470	0	2.94304921	-0.00222181111	-0.00223507839	-0.00230571907	-0.00216664054	1.33564006e-05	0.00012439473	0	100	0	0	3
329	471	0	2.95202192	-0.0022215972	-0.0022358063	-0.00230571907	-0.00216664054	1.40843145e-05	0.00012439473	0	100	0	0	3
330	473	0	2.96099463	-0.00221871385	-0.00223562601	-0.00230571907	-0.00216664054	1.40843145e-05	0.00012439473	0	100	0	0	3
331	474	0	2.96996734	-0.00224460094	-0.00223637139	-0.00230571907	-0.00216664054	1.46493965e-05	0.00012439473	0	100	0	0	3
332	476	0	2.97894006	-0.00222350973	-0.00223613369	-0.00230571907	-0.00216664054	1.46493965e-05	0.00012439473	0	100	0	0	3
333	477	0	2.98791277	-0.0022267145	-0.0022364145	-0.00230571907	-0.00216664054	1.46925072e-05	0.00012439473	0	100	0	0	3
334	478	0	2.99688548	-0.00223098016	-0.00223621781	-0.00230571907	-0.00216664054	1.46925072e-05	0.00012439473	0	100	0	0	3
335	480	0	3.00585819	-0.0022678393	-0.00223730729	-0.00230571907	-0.00216664054	1.55852959e-05	0.00012439473	0	100	0	0	3
336	481	0	3.0148309	-0.00225780911	-0.00223806124	-0.00230571907	-0.00216664054	1.63392523e-05	0.00012439473	0	100	0	0	3
337	483	0	3.02380361	-0.00228244297	-0.00223995688	-0.00230571907	-0.00216664054	1.82348895e-05	0.00012439473	0	100	0	0	3
338	484	0	3.03277632	-0.00227963262	-0.00224094406	-0.00230571907	-0.00216664054	1.92220721e-05	0.00012439473	0	100	0	0	3
339	486	0	3.04174903	-0.00226672354	-0.00224232844	-0.00230571907	-0.00216664054	2.06064495e-05	0.00012439473	0	100	0	0	3
340	487	0	3.05072174	-0.00224131733	-0.00224249117	-0.00230571907	-0.00216664054	2.0769183e-05	0.00012439473	0	100	0	0	3
341	489	0	3.05969445	-0.00226776739	-0.00224376725	-0.00230571907	-0.00216664054	2.20452569e-05	0.00012439473	0	100	0	0	3
342	490	0	3.06866717	-0.00225077697	-0.00224403964	-0.00230571907	-0.00216664054	2.23176511e-05	0.00012439473	0	100	0	0	3
343	491	0	3.07763988	-0.00223605502	-0.00224433883	-0.00230571907	-0.00216664054	2.16454991e-05	0.00012439473	0	100	0	0	3
344	493	0	3.08661259	-0.00221964898	-0.00224284595	-0.00230571907	-0.00216664054	2.16276286e-05	0.00012439473	0	100	0	0	3
345	494	0	3.0955853	-0.00225330151	-0.00224226905	-0.00230571907	-0.00216664054	2.00670867e-05	0.00012439473	0	100	0	0	3
346	496	0	3.10455801	-0.00224186375	-0.00224112877	-0.00229768337	-0.00216664054	1.93389339e-05	0.00012439473	0	100	0	0	3
347	497	0	3.11353072	-0.00225305329	-0.00224040887	-0.00229768337	-0.00216664054	1.85409433e-05	0.00012439473	0	100	0	0	3
348	499	0	3.12250343	-0.00223112509	-0.00223974496	-0.00229768337	-0.00216664054	1.70915998e-05	0.00012439473	0	100	0	0	3
349	500	0	3.13147614	-0.00222580892	-0.00223846149	-0.00228244297	-0.00216664054	1.63451836e-05	0.00012439473	0	100	0	0	3
350	502	0	3.14044885	-0.00221732077	-0.00223764576	-0.00228244297	-0.00216664054	1.63451836e-05	0.00012439473	0	100	0	0	3
351	503	0	3.14942156	-0.0022428484	-0.00223704258	-0.00228244297	-0.00216664054	1.63451836e-05	0.00012439473	0	100	0	0	3
352	504	0	3.15839428	-0.00222188662	-0.00223666651	-0.00228244297	-0.00216664054	1.63451836e-05	0.00012439473	0	100	0	0	3
353	506	0	3.16736699	-0.00223855754	-0.00223634099	-0.00228244297	-0.00216664054	1.63451836e-05	0.00012439473	0	100	0	0	3
354	507	0	3.1763397	-0.002206054	-0.00223502008	-0.00228244297	-0.00216664054	1.63451836e-05	0.00012439473	0	100	0	0	3
355	509	0	3.18531241	-0.00221944271	-0.00223430962	-0.00228244297	-0.00216664054	1.63451836e-05	0.00012439473	0	100	0	0	3
356	510	0	3.19428512	-0.00219161591	-0.00223399457	-0.00228244297	-0.00216664054	1.63451836e-05	0.00012439473	0	100	0	0	3
357	512	0	3.20325783	-0.00226678502	-0.00223496508	-0.00228244297	-0.00216664054	1.63451836e-05	0.00012439473	0	100	0	0	3
358	513	0	3.21223054	-0.00225542624	-0.00223599932	-0.00228244297	-0.00216664054	1.63451836e-05	0.00012439473	0	100	0	0	3
359	514	0	3.22120325	-0.00227395049	-0.00223711327	-0.00228244297	-0.00216664054	1.63451836e-05	0.00012439473	0	100	0	0	3
360	516	0	3.23017596	-0.0022256931	-0.00223816778	-0.00228244297	-0.00219161591	1.63451836e-05	0.00012439473	0	100	0	0	3
361	517	0	3.23914867	-0.00227593902	-0.00223922493	-0.00228244297	-0.00219161591	1.63451836e-05	0.00012439473	0	100	0	0	3
362	519	0	3.24812139	-0.00226892502	-0.00224002699	-0.00228244297	-0.00219161591	1.63451836e-05	0.00012439473	0	100	0	0	3
363	520	0	3.2570941	-0.00229045149	-0.00224086898	-0.00229045149	-0.00219161591	1.63451836e-05	0.00012439473	0	100	0	0	3
364	522	0	3.26606681	-0.00225397057	-0.00224125937	-0.00229045149	-0.00219161591	1.63451836e-05	0.00012439473	0	100	0	0	3
365	523	0	3.27503952	-0.00225373426	-0.00224170498	-0.00229045149	-0.00219161591	1.63451836e-05	0.00012439473	0	100	0	0	3
366	524	0	3.28401223	-0.00228169382	-0.00224273193	-0.00229045149	-0.00219161591	1.63451836e-05	0.00012439473	0	100	0	0	3
367	526	0	3.29298494	-0.0022763298	-0.0022432296	-0.00229045149	-0.00219161591	1.63451836e-05	0.00012439473	0	100	0	0	3
368	527	0	3.30195765	-0.00227642123	-0.0022440291	-0.00229045149	-0.00219161591	1.63451836e-05	0.00012439473	0	100	0	0	3
369	529	0	3.31093036	-0.00229148319	-0.00224518145	-0.00229148319	-0.00219161591	1.71878017e-05	0.00012439473	0	100	0	0	3
370	530	0	3.31990307	-0.00225453612	-0.00224575458	-0.00229148319	-0.00219161591	1.77609373e-05	0.00012439473	0	100	0	0	3
371	531	0	3.32887579	-0.00227892665	-0.00224626419	-0.00229148319	-0.00219161591	1.77549927e-05	0.00012439473	0	100	0	0	3
372	533	0	3.3378485	-0.00228071478	-0.0022470333	-0.00229148319	-0.00219161591	1.83782007e-05	0.00012439473	0	100	0	0	3
373	534	0	3.34682121	-0.00229972217	-0.00224808467	-0.00229972217	-0.00219161591	1.90304002e-05	0.00012439473	0	100	0	0	3
374	536	0	3.35579392	-0.00230073367	-0.00224909204	-0.00230073367	-0.00219161591	1.90032181e-05	0.00012439473	0	100	0	0	3
375	537	0	3.36476663	-0.00230358087	-0.00224961135	-0.00230358087	-0.00219161591	1.85984489e-05	0.00012439473	0	100	0	0	3
376	539	0	3.37373934	-0.00226188131	-0.00224968012	-0.00230358087	-0.00219161591	1.86672131e-05	0.00012439473	0	100	0	0	3
377	540	0	3.38271205	-0.00226754444	-0.00225000785	-0.00230358087	-0.00219161591	1.82075319e-05	0.00012439473	0	100	0	0	3
378	542	0	3.39168476	-0.00228342309	-0.0022509004	-0.00230358087	-0.00219161591	1.83211021e-05	0.00012439473	0	100	0	0	3
379	543	0	3.40065747	-0.00231419506	-0.00225206175	-0.00231419506	-0.00219161591	1.88275051e-05	0.00012439473	0	100	0	0	3
380	544	0	3.40963018	-0.0022814225	-0.00225310628	-0.00231419506	-0.00219161591	1.95725292e-05	0.00012439473	0	100	0	0	3
381	546	0	3.4186029	-0.00228976039	-0.00225445763	-0.00231419506	-0.00219161591	2.04630616e-05	0.00012439473	0	100	0	0	3
382	547	0	3.42757561	-0.002251031	-0.00225524421	-0.00231419506	-0.00219161591	2.12496402e-05	0.00012439473	0	100	0	0	3
383	548	0	3.43654832	-0.00230460456	-0.00225649463	-0.00231419506	-0.00219161591	2.25000601e-05	0.00012439473	0	100	0	0	3
384	550	0	3.44552103	-0.00225835843	-0.00225714726	-0.00231419506	-0.00219161591	2.31526909e-05	0.00012439473	0	100	0	0	3
385	551	0	3.45449374	-0.00230018877	-0.00225855068	-0.00231419506	-0.00219161591	2.45561119e-05	0.00012439473	0	100	0	0	3
386	553	0	3.46346645	-0.00224914654	-0.00225909412	-0.00231419506	-0.00219161591	2.50995527e-05	0.00012439473	0	100	0	0	3
387	554	0	3.47243916	-0.00227302473	-0.00225960169	-0.00231419506	-0.00219161591	2.56071205e-05	0.00012439473	0	100	0	0	3
388	555	0	3.48141187	-0.00221597103	-0.00225946707	-0.00231419506	-0.00219161591	2.56071205e-05	0.00012439473	0	100	0	0	3
389	557	0	3.49038458	-0.00228684391	-0.00226054081	-0.00231419506	-0.00219161591	2.65462403e-05	0.00012439473	0	100	0	0	3
390	558	0	3.49935729	-0.00224842444	-0.00226085231	-0.00231419506	-0.00219161591	2.68577454e-05	0.00012439473	0	100	0	0	3
391	559	0	3.50833001	-0.00228807864	-0.00226121373	-0.00231419506	-0.00219161591	2.72191622e-05	0.00012439473	0	100	0	0	3
392	561	0	3.51730272	-0.00221904018	-0.00226052143	-0.00231419506	-0.00219161591	2.72191622e-05	0.00012439473	0	100	0	0	3
393	562	0	3.52627543	-0.00226396829	-0.00226019152	-0.00231419506	-0.00219161591	2.72191622e-05	0.00012439473	0	100	0	0	3
394	564	0	3.53524814	-0.00224446742	-0.00225956357	-0.00231419506	-0.00219161591	2.72191622e-05	0.00012439473	0	100	0	0	3
395	565	0	3.54422085	-0.00227948072	-0.00225979138	-0.00231419506	-0.00219161591	2.72191622e-05	0.00012439473	0	100	0	0	3
396	566	0	3.55319356	-0.00223533285	-0.00225968451	-0.00231419506	-0.00219161591	2.72191622e-05	0.00012439473	0	100	0	0	3
397	568	0	3.56216627	-0.00226039077	-0.00225955279	-0.00231419506	-0.00219161591	2.72191622e-05	0.00012439473	0	100	0	0	3
398	569	0	3.57113898	-0.00223039843	-0.00225918888	-0.00231419506	-0.00219161591	2.72191622e-05	0.00012439473	0	100	0	0	3
399	570	0	3.58011169	-0.00228780707	-0.00226011303	-0.00231419506	-0.00219161591	2.72191622e-05	0.00012439473	0	100	0	0	3
400	572	0	3.5890844	-0.00224256147	-0.00226052218	-0.00231419506	-0.00219161591	2.72191622e-05	0.00012439473	0	100	0	0	3
401	577	0	3.59805712	-0.00228824562	-0.00226114618	-0.00231419506	-0.00219161591	2.72191622e-05	0.00012439473	0	100	0	0	3
402	578	0	3.60702983	-0.00223381945	-0.00226100253	-0.00231419506	-0.00219161591	2.72191622e-05	0.00012439473	0	100	0	0	3
403	579	0	3.61600254	-0.00227254362	-0.00226135057	-0.00231419506	-0.00219161591	2.73560086e-05	0.00012439473	0	100	0	0	3
404	581	0	3.62497525	-0.00224276892	-0.0022615585	-0.00231419506	-0.00219161591	2.75639342e-05	0.00012439473	0	100	0	0	3
405	582	0	3.63394796	-0.00228670422	-0.00226264592	-0.00231419506	-0.00219161591	2.86513503e-05	0.00012439473	0	100	0	0	3
406	584	0	3.64292067	-0.00225453984	-0.00226331054	-0.00231419506	-0.00219161591	2.93159766e-05	0.00012439473	0	100	0	0	3
407	585	0	3.65189338	-0.00227073007	-0.00226380843	-0.00231419506	-0.00219161591	2.98138635e-05	0.00012439473	0	100	0	0	3
408	586	0	3.66086609	-0.002223335	-0.00226383429	-0.00231419506	-0.00219161591	2.98397274e-05	0.00012439473	0	100	0	0	3
409	588	0	3.6698388	-0.00228271176	-0.00226462276	-0.00231419506	-0.00219161591	3.06281957e-05	0.00012439473	0	100	0	0	3
410	589	0	3.67881151	-0.00224743042	-0.00226536163	-0.00231419506	-0.00219161591	3.13670604e-05	0.00012439473	0	100	0	0	3
411	590	0	3.68778423	-0.00228263186	-0.00226649	-0.00231419506	-0.00219161591	3.24954381e-05	0.00012439473	0	100	0	0	3
412	592	0	3.69675694	-0.00220913942	-0.00226680292	-0.00231419506	-0.00220913942	3.18378409e-05	0.00012439473	0	100	0	0	3
413	593	0	3.70572965	-0.0022528195	-0.00226655354	-0.00231419506	-0.00220913942	3.08036046e-05	0.00012439473	0	100	0	0	3
414	594	0	3.71470236	-0.00223150681	-0.00226612641	-0.00231419506	-0.00220913942	2.96896519e-05	0.00012439473	0	100	0	0	3
415	596	0	3.72367507	-0.00226436401	-0.00226595522	-0.00231419506	-0.00220913942	2.86351419e-05	0.00012439473	0	100	0	0	3
416	597	0	3.73264778	-0.00221698095	-0.00226579965	-0.00231419506	-0.00220913942	2.75779938e-05	0.00012439473	0	100	0	0	3
417	598	0	3.74162049	-0.00224058904	-0.0022651684	-0.00231419506	-0.00220913942	2.67759327e-05	0.00012439473	0	100	0	0	3
418	600	0	3.7505932	-0.00221428593	-0.0022641927	-0.00231419506	-0.00220913942	2.59339392e-05	0.00012439473	0	100	0	0	3
419	601	0	3.75956591	-0.002272208	-0.00226386692	-0.00231419506	-0.00220913942	2.55435557e-05	0.00012439473	0	100	0	0	3
420	602	0	3.76853862	-0.00222762883	-0.00226339653	-0.00231419506	-0.00220913942	2.50979429e-05	0.00012439473	0	100	0	0	3
421	604	0	3.77751134	-0.00227604411	-0.00226379492	-0.00231419506	-0.00220913942	2.40709953e-05	0.00012439473	0	100	0	0	3
422	605	0	3.78648405	-0.00222674281	-0.00226281366	-0.00231419506	-0.00220913942	2.35733217e-05	0.00012439473	0	100	0	0	3
423	606	0	3.79545676	-0.00226957987	-0.00226269312	-0.00231419506	-0.00220913942	2.27738285e-05	0.00012439473	0	100	0	0	3
424	608	0	3.80442947	-0.00224444688	-0.00226212215	-0.00231419506	-0.00220913942	2.16214773e-05	0.00012439473	0	100	0	0	3
425	609	0	3.81340218	-0.00229167638	-0.0022621256	-0.00231419506	-0.00220913942	2.10483418e-05	0.00012439473	0	100	0	0	3
426	610	0	3.82237489	-0.00226315188	-0.00226227945	-0.00231419506	-0.00220913942	2.05387347e-05	0.00012439473	0	100	0	0	3
427	612	0	3.8313476	-0.00227466697	-0.00226220339	-0.00231419506	-0.00220913942	1.97696276e-05	0.00012439473	0	100	0	0	3
428	613	0	3.84032031	-0.00221911907	-0.00226110346	-0.00231419506	-0.00220913942	1.87182578e-05	0.00012439473	0	100	0	0	3
429	614	0	3.84929302	-0.00227263849	-0.00226061983	-0.00231419506	-0.00220913942	1.77108856e-05	0.00012439473	0	100	0	0	3
430	616	0	3.85826573	-0.00223709525	-0.00225948343	-0.00231419506	-0.00220913942	1.71915714e-05	0.00012439473	0	100	0	0	3
431	617	0	3.86723845	-0.00227440013	-0.00225896234	-0.00231419506	-0.00220913942	1.71228073e-05	0.00012439473	0	100	0	0	3
432	619	0	3.87621116	-0.00220632033	-0.00225797018	-0.00231419506	-0.00220632033	1.67950775e-05	0.00012439473	0	100	0	0	3
433	620	0	3.88518387	-0.00225275139	-0.00225770602	-0.00231419506	-0.00220632033	1.59025257e-05	0.00012439473	0	100	0	0	3
434	622	0	3.89415658	-0.00223325438	-0.00225681015	-0.00231419506	-0.00220632033	1.47411733e-05	0.00012439473	0	100	0	0	3
435	624	0	3.90312929	-0.00226239565	-0.00225588516	-0.00230460456	-0.00220632033	1.36966459e-05	0.00012439473	0	100	0	0	3
436	625	0	3.912102	-0.00220999023	-0.00225460958	-0.00230460456	-0.00220632033	1.23452961e-05	0.00012439473	0	100	0	0	3
