Iteration	CPUTime	PhysTime	Travels	Value	AvValue	MinValue	MaxValue	Delta	Criteria	PrevAvRefValue	Progress	CriteriaType	CriteriaVarType	CriteriaPercentage
1	7	0	0.00897215797	101324.615	101324.615	101324.615	101324.615	0	0	0	0	0	0	3
2	9	0	0.0179443159	101324.041	101324.328	101324.041	101324.615	0.286828946	0	0	0	0	0	3
3	11	0	0.0269164739	101325.187	101324.614	101324.041	101325.187	0.286828946	0	0	0	0	0	3
4	12	0	0.0358886319	101325.128	101324.743	101324.041	101325.187	0.414776171	0	0	0	0	0	3
5	15	0	0.0448607898	101325.068	101324.808	101324.041	101325.187	0.479776312	0	0	0	0	0	3
6	16	0	0.0538329478	101324.984	101324.837	101324.041	101325.187	0.509104804	0	0	0	0	0	3
7	17	0	0.0628051058	101325.076	101324.871	101324.041	101325.187	0.543244332	0	0	0	0	0	3
8	18	0	0.0717772637	101325.025	101324.891	101324.041	101325.187	0.562479686	0	0	0	0	0	3
9	19	0	0.0807494217	101325.096	101324.913	101324.041	101325.187	0.585271412	0	0	0	0	0	3
10	20	0	0.0897215797	101325.041	101324.926	101324.041	101325.187	0.598016807	0	0	0	0	0	3
11	22	0	0.0986937376	101325.098	101324.942	101324.041	101325.187	0.613604804	0	0	0	0	0	3
12	23	0	0.107665896	101325.063	101324.952	101324.041	101325.187	0.623720311	0	0	0	0	0	3
13	24	0	0.116638054	101325.113	101324.964	101324.041	101325.187	0.636118033	0	0	0	0	0	3
14	26	0	0.125610212	101325.088	101324.973	101324.041	101325.187	0.6449844	0	0	0	0	0	3
15	27	0	0.13458237	101325.122	101324.983	101324.041	101325.187	0.654884109	0	0	0	0	0	3
16	28	0	0.143554527	101325.112	101324.991	101324.041	101325.187	0.662934061	0	0	0	0	0	3
17	29	0	0.152526685	101325.131	101324.999	101324.041	101325.187	0.671151104	0	0	0	0	0	3
18	31	0	0.161498843	101325.124	101325.006	101324.041	101325.187	0.67808604	0	0	0	0	0	3
19	32	0	0.170471001	101325.135	101325.013	101324.041	101325.187	0.684844114	0	0	0	0	0	3
20	33	0	0.179443159	101325.131	101325.019	101324.041	101325.187	0.690752177	0	0	0	0	0	3
21	34	0	0.188415317	101325.138	101325.025	101324.041	101325.187	0.696435985	0	0	0	0	0	3
22	36	0	0.197387475	101325.138	101325.03	101324.041	101325.187	0.701577638	0	0	0	0	0	3
23	37	0	0.206359633	101325.137	101325.034	101324.041	101325.187	0.706234836	0	0	0	0	0	3
24	38	0	0.215331791	101325.135	101325.039	101324.041	101325.187	0.710444845	0	0	0	0	0	3
25	39	0	0.224303949	101325.133	101325.042	101324.041	101325.187	0.714211687	0	0	0	0	0	3
26	41	0	0.233276107	101325.129	101325.046	101324.041	101325.187	0.717532085	0	0	0	0	0	3
27	43	0	0.242248265	101325.109	101325.048	101324.041	101325.187	0.719888085	0	0	0	0	0	3
28	44	0	0.251220423	101325.086	101325.049	101324.041	101325.187	0.721228746	0	0	0	0	0	3
29	45	0	0.260192581	101325.058	101325.05	101324.041	101325.187	0.721526629	0	0	0	0	0	3
30	46	0	0.269164739	101325.031	101325.049	101324.041	101325.187	0.721526629	0	0	0	0	0	3
31	48	0	0.278136897	101325	101325.047	101324.041	101325.187	0.721526629	0	0	0	0	0	3
32	49	0	0.287109055	101324.955	101325.045	101324.041	101325.187	0.721526629	0	0	0	0	0	3
33	51	0	0.296081213	101324.915	101325.041	101324.041	101325.187	0.721526629	0	0	0	0	0	3
34	52	0	0.305053371	101324.885	101325.036	101324.041	101325.187	0.721526629	0	0	0	0	0	3
35	54	0	0.314025529	101324.863	101325.031	101324.041	101325.187	0.721526629	0	0	0	0	0	3
36	55	0	0.322997687	101324.846	101325.026	101324.041	101325.187	0.721526629	0	0	0	0	0	3
37	57	0	0.331969845	101324.83	101325.021	101324.041	101325.187	0.721526629	0	0	0	0	0	3
38	58	0	0.340942003	101324.817	101325.015	101324.041	101325.187	0.721526629	0	0	0	0	0	3
39	60	0	0.349914161	101324.808	101325.01	101324.041	101325.187	0.721526629	0	0	0	0	0	3
40	61	0	0.358886319	101324.804	101325.005	101324.041	101325.187	0.721526629	0	0	0	0	0	3
41	63	0	0.367858477	101324.803	101325	101324.041	101325.187	0.721526629	0	0	0	0	0	3
42	64	0	0.376830635	101324.798	101324.995	101324.041	101325.187	0.721526629	0	0	0	0	0	3
43	66	0	0.385802793	101324.787	101324.99	101324.041	101325.187	0.721526629	0	0	0	0	0	3
44	67	0	0.394774951	101324.777	101324.985	101324.041	101325.187	0.721526629	0	0	0	0	0	3
45	69	0	0.403747109	101324.765	101324.981	101324.041	101325.187	0.721526629	0	0	0	0	0	3
46	71	0	0.412719266	101324.758	101324.976	101324.041	101325.187	0.721526629	0	0	0	0	0	3
47	72	0	0.421691424	101324.752	101324.971	101324.041	101325.187	0.721526629	0	0	0	0	0	3
48	74	0	0.430663582	101324.745	101324.966	101324.041	101325.187	0.721526629	0	0	0	0	0	3
49	75	0	0.43963574	101324.737	101324.962	101324.041	101325.187	0.721526629	0	0	0	0	0	3
50	77	0	0.448607898	101324.729	101324.957	101324.041	101325.187	0.721526629	0	0	0	0	0	3
51	78	0	0.457580056	101324.726	101324.952	101324.041	101325.187	0.721526629	0	0	0	0	0	3
52	80	0	0.466552214	101324.726	101324.948	101324.041	101325.187	0.721526629	0	0	0	0	0	3
53	81	0	0.475524372	101324.728	101324.944	101324.041	101325.187	0.721526629	0	0	0	0	0	3
54	83	0	0.48449653	101324.729	101324.94	101324.041	101325.187	0.721526629	0	0	0	0	0	3
55	84	0	0.493468688	101324.729	101324.936	101324.041	101325.187	0.721526629	0	0	0	0	0	3
56	86	0	0.502440846	101324.728	101324.932	101324.041	101325.187	0.721526629	0	0	0	0	0	3
57	88	0	0.511413004	101324.726	101324.934	101324.041	101325.187	0.721526629	0	0	0	0	0	3
58	89	0	0.520385162	101324.723	101324.947	101324.723	101325.187	0.43517736	0	0	0	0	0	3
59	91	0	0.52935732	101324.716	101324.938	101324.716	101325.138	0.306750458	0	0	0	0	0	3
60	92	0	0.538329478	101324.709	101324.931	101324.709	101325.138	0.241750317	0	0	0	0	0	3
61	94	0	0.547301636	101324.702	101324.924	101324.702	101325.138	0.212421825	0	0	0	0	0	3
62	95	0	0.556273794	101324.699	101324.919	101324.699	101325.138	0.178282297	0	0	0	0	0	3
63	97	0	0.565245952	101324.699	101324.912	101324.699	101325.138	0.159046942	0	0	0	0	0	3
64	99	0	0.57421811	101324.701	101324.906	101324.699	101325.138	0.143167253	0	0	0	0	0	3
65	100	0	0.583190268	101324.703	101324.899	101324.699	101325.138	0.150179871	0	0	0	0	0	3
66	102	0	0.592162426	101324.704	101324.893	101324.699	101325.138	0.156188735	0	0	0	0	0	3
67	103	0	0.601134584	101324.703	101324.886	101324.699	101325.138	0.163238508	0	0	0	0	0	3
68	105	0	0.610106742	101324.697	101324.88	101324.697	101325.138	0.169772123	0	0	0	0	0	3
69	107	0	0.6190789	101324.691	101324.872	101324.691	101325.138	0.177309741	0	0	0	0	0	3
70	108	0	0.628051058	101324.688	101324.865	101324.688	101325.138	0.18446376	0	0	0	0	0	3
71	110	0	0.637023216	101324.686	101324.857	101324.686	101325.138	0.192235071	0	0	0	0	0	3
72	111	0	0.645995374	101324.691	101324.85	101324.686	101325.138	0.199757717	0	0	0	0	0	3
73	113	0	0.654967532	101324.693	101324.842	101324.686	101325.138	0.207580762	0	0	0	0	0	3
74	114	0	0.66393969	101324.693	101324.834	101324.686	101325.138	0.215273925	0	0	0	0	0	3
75	116	0	0.672911848	101324.691	101324.826	101324.686	101325.138	0.223201623	0	0	0	0	0	3
76	117	0	0.681884005	101324.685	101324.818	101324.685	101325.138	0.231162863	0	0	0	0	0	3
77	119	0	0.690856163	101324.677	101324.81	101324.677	101325.138	0.239390785	0	0	0	0	0	3
78	121	0	0.699828321	101324.674	101324.802	101324.674	101325.137	0.247673025	0	0	0	0	0	3
79	122	0	0.708800479	101324.674	101324.794	101324.674	101325.135	0.25592996	0	0	0	0	0	3
80	124	0	0.717772637	101324.677	101324.786	101324.674	101325.133	0.264122423	0	0	0	0	0	3
81	126	0	0.726744795	101324.679	101324.777	101324.674	101325.129	0.272226703	0	0	0	0	0	3
82	127	0	0.735716953	101324.678	101324.769	101324.674	101325.109	0.280276487	0	0	0	0	0	3
83	129	0	0.744689111	101324.674	101324.762	101324.674	101325.086	0.288046024	0	0	0	0	0	3
84	130	0	0.753661269	101324.671	101324.754	101324.671	101325.058	0.295445345	0	0	0	0	0	3
85	132	0	0.762633427	101324.669	101324.747	101324.669	101325.031	0.301769405	0	0	0	0	0	3
86	133	0	0.771605585	101324.672	101324.741	101324.669	101325	0.306596727	0	0	0	0	0	3
87	135	0	0.780577743	101324.677	101324.735	101324.669	101324.955	0.286120553	0	0	0	0	0	3
88	137	0	0.789549901	101324.68	101324.73	101324.669	101324.915	0.246490592	0	0	0	0	0	3
89	138	0	0.798522059	101324.68	101324.726	101324.669	101324.885	0.21641295	0	0	0	0	0	3
90	140	0	0.807494217	101324.681	101324.722	101324.669	101324.863	0.194094727	0	0	0	0	0	3
91	142	0	0.816466375	101324.681	101324.719	101324.669	101324.846	0.17714477	0	0	0	0	0	3
92	143	0	0.825438533	101324.682	101324.716	101324.669	101324.83	0.161192683	0	0	0	0	0	3
93	145	0	0.834410691	101324.682	101324.713	101324.669	101324.817	0.147871434	0	0	0	0	0	3
94	146	0	0.843382849	101324.681	101324.711	101324.669	101324.808	0.139376	0	0	0	0	0	3
95	148	0	0.852355007	101324.678	101324.709	101324.669	101324.804	0.13478302	0	0	0	0	0	3
96	149	0	0.861327165	101324.675	101324.706	101324.669	101324.803	0.133665484	0	0	0	0	0	3
97	151	0	0.870299323	101324.671	101324.704	101324.669	101324.798	0.128851928	0	0	0	0	0	3
98	152	0	0.879271481	101324.67	101324.702	101324.669	101324.787	0.118425539	0	0	0	0	0	3
99	154	0	0.888243639	101324.668	101324.7	101324.668	101324.777	0.108402423	0	0	0	0	0	3
100	155	0	0.897215797	101324.669	101324.698	101324.668	101324.765	0.0969673053	0	0	0	0	0	3
101	161	0	0.906187955	101324.669	101324.696	101324.668	101324.758	0.0899445524	0	0	0	0	0	3
102	162	0	0.915160113	101324.668	101324.694	101324.668	101324.752	0.0837865852	0	0	0	0	0	3
103	164	0	0.924132271	101324.666	101324.693	101324.666	101324.745	0.0790287292	0	0	0	0	0	3
104	165	0	0.933104429	101324.665	101324.691	101324.665	101324.737	0.0720628065	0	0	0	0	0	3
105	167	0	0.942076587	101324.663	101324.69	101324.663	101324.729	0.0666589783	0	0	0	0	0	3
106	168	0	0.951048744	101324.661	101324.689	101324.661	101324.729	0.0679528892	0	0	0	0	0	3
107	169	0	0.960020902	101324.659	101324.688	101324.659	101324.729	0.070867628	0	0	0	0	0	3
108	171	0	0.96899306	101324.655	101324.686	101324.655	101324.729	0.0742538349	0	0	0	0	0	3
109	172	0	0.977965218	101324.652	101324.685	101324.652	101324.729	0.0771306814	0	0	0	0	0	3
110	174	0	0.986937376	101324.648	101324.684	101324.648	101324.729	0.080506565	0	0	0	0	0	3
111	175	0	0.995909534	101324.643	101324.682	101324.643	101324.728	0.085487446	0	0	0	0	0	3
112	177	0	1.00488169	101324.638	101324.68	101324.638	101324.726	0.0876520546	0.0164629544	0	0	0	0	3
113	178	0	1.01385385	101324.636	101324.679	101324.636	101324.723	0.0876639856	0.0165467935	0	0	0	0	3
114	180	0	1.02282601	101324.638	101324.677	101324.636	101324.716	0.0805291409	0.0165467935	0	0	0	0	3
115	181	0	1.03179817	101324.64	101324.676	101324.636	101324.709	0.072954477	0.0164629544	0	0	0	0	3
116	183	0	1.04077032	101324.644	101324.675	101324.636	101324.704	0.0687409544	0.0164629544	0	0	0	0	3
117	184	0	1.04974248	101324.645	101324.674	101324.636	101324.704	0.0687409544	0.0164629544	0	0	0	0	3
118	185	0	1.05871464	101324.648	101324.673	101324.636	101324.704	0.0687409544	0.0164629544	0	0	0	0	3
119	187	0	1.0676868	101324.65	101324.672	101324.636	101324.704	0.0687409544	0.0164629544	0	0	0	0	3
120	188	0	1.07665896	101324.65	101324.671	101324.636	101324.704	0.0687409544	0.0164629544	0	0	0	0	3
121	190	0	1.08563111	101324.645	101324.67	101324.636	101324.704	0.0687409544	0.0164629544	0	0	0	0	3
122	191	0	1.09460327	101324.641	101324.669	101324.636	101324.703	0.0672094805	0.0164629544	0	0	0	0	3
123	193	0	1.10357543	101324.64	101324.668	101324.636	101324.697	0.0616204003	0.0164629544	0	0	0	0	3
124	194	0	1.11254759	101324.641	101324.667	101324.636	101324.693	0.0576747734	0.0164629544	0	0	0	0	3
125	196	0	1.12151975	101324.643	101324.666	101324.636	101324.693	0.0576747734	0.0164629544	0	0	0	0	3
126	197	0	1.1304919	101324.647	101324.665	101324.636	101324.693	0.0576747734	0.0164629544	0	0	0	0	3
127	199	0	1.13946406	101324.649	101324.665	101324.636	101324.693	0.0576747734	0.0164629544	0	0	0	0	3
128	200	0	1.14843622	101324.65	101324.664	101324.636	101324.693	0.0576747734	0.0164629544	0	0	0	0	3
129	202	0	1.15740838	101324.647	101324.663	101324.636	101324.693	0.0576747734	0.0164629544	0	0	0	0	3
130	203	0	1.16638054	101324.644	101324.662	101324.636	101324.691	0.0550503485	0.0164629544	0	0	0	0	3
131	204	0	1.17535269	101324.64	101324.661	101324.636	101324.685	0.0496878738	0.0164629544	0	0	0	0	3
132	206	0	1.18432485	101324.637	101324.66	101324.636	101324.682	0.0461228682	0.0164629544	0	0	0	0	3
133	207	0	1.19329701	101324.634	101324.66	101324.634	101324.682	0.0478288718	0.0164629544	0	0	0	0	3
134	209	0	1.20226917	101324.632	101324.659	101324.632	101324.682	0.0492463091	0.0164629544	0	0	0	0	3
135	210	0	1.21124133	101324.635	101324.658	101324.632	101324.682	0.0492463091	0.0164629544	0	0	0	0	3
136	211	0	1.22021348	101324.638	101324.657	101324.632	101324.682	0.0492463091	0.0164629544	0	0	0	0	3
137	213	0	1.22918564	101324.64	101324.657	101324.632	101324.682	0.0492463091	0.0164629544	0	0	0	0	3
138	214	0	1.2381578	101324.641	101324.656	101324.632	101324.682	0.0492463091	0.0164629544	0	0	0	0	3
139	216	0	1.24712996	101324.642	101324.656	101324.632	101324.682	0.0492463091	0.0164629544	0	0	0	0	3
140	217	0	1.25610212	101324.641	101324.655	101324.632	101324.682	0.0492463091	0.0164629544	0	0	0	0	3
141	218	0	1.26507427	101324.64	101324.655	101324.632	101324.682	0.0492463091	0.0164629544	0	0	0	0	3
142	220	0	1.27404643	101324.638	101324.654	101324.632	101324.682	0.0492463091	0.0164629544	0	0	0	0	3
143	221	0	1.28301859	101324.638	101324.653	101324.632	101324.682	0.0492463091	0.0164629544	0	0	0	0	3
144	223	0	1.29199075	101324.641	101324.653	101324.632	101324.682	0.0492463091	0.0164629544	0	0	0	0	3
145	224	0	1.30096291	101324.646	101324.652	101324.632	101324.682	0.0492463091	0.0164629544	0	0	0	0	3
146	225	0	1.30993506	101324.649	101324.651	101324.632	101324.682	0.0492463091	0.0164629544	0	0	0	0	3
147	227	0	1.31890722	101324.65	101324.651	101324.632	101324.682	0.0492463091	0.0164629544	0	0	0	0	3
148	228	0	1.32787938	101324.648	101324.65	101324.632	101324.682	0.0491332652	0.0164629544	0	0	0	0	3
149	230	0	1.33685154	101324.647	101324.65	101324.632	101324.681	0.0481983863	0.0164629544	0	0	0	0	3
150	231	0	1.3458237	101324.644	101324.649	101324.632	101324.678	0.0457087681	0.0164629544	0	0	0	0	3
151	232	0	1.35479585	101324.641	101324.648	101324.632	101324.675	0.0425864128	0.0164629544	0	0	0	0	3
152	234	0	1.36376801	101324.638	101324.648	101324.632	101324.671	0.0382832254	0.0164629544	0	0	0	0	3
153	235	0	1.37274017	101324.635	101324.647	101324.632	101324.67	0.0375084062	0.0164629544	0	0	0	0	3
154	236	0	1.38171233	101324.635	101324.646	101324.632	101324.669	0.0369947532	0.0164629544	0	0	0	0	3
155	238	0	1.39068448	101324.641	101324.646	101324.632	101324.669	0.0369947532	0.0164629544	0	0	0	0	3
156	239	0	1.39965664	101324.65	101324.645	101324.632	101324.669	0.0363722703	0.0164629544	0	0	0	0	3
157	241	0	1.4086288	101324.656	101324.645	101324.632	101324.668	0.0357767575	0.0164629544	0	0	0	0	3
158	242	0	1.41760096	101324.66	101324.645	101324.632	101324.666	0.0339265848	0.0164629544	0	0	0	0	3
159	243	0	1.42657312	101324.66	101324.645	101324.632	101324.665	0.0329125434	0.0164629544	0	0	0	0	3
160	245	0	1.43554527	101324.662	101324.645	101324.632	101324.663	0.0303089386	0.0164629544	0	0	0	0	3
161	246	0	1.44451743	101324.661	101324.645	101324.632	101324.662	0.0290976797	0.0164629544	0	0	0	0	3
162	248	0	1.45348959	101324.663	101324.645	101324.632	101324.663	0.0304263193	0.0164629544	0	0	0	0	3
163	249	0	1.46246175	101324.663	101324.645	101324.632	101324.663	0.0304263193	0.0164629544	0	0	0	0	3
164	250	0	1.47143391	101324.661	101324.645	101324.632	101324.663	0.0304263193	0.0164629544	0	0	0	0	3
165	252	0	1.48040606	101324.659	101324.645	101324.632	101324.663	0.0304263193	0.0164629544	0	0	0	0	3
166	253	0	1.48937822	101324.657	101324.645	101324.632	101324.663	0.0304263193	0.0164629544	0	0	0	0	3
167	255	0	1.49835038	101324.656	101324.646	101324.632	101324.663	0.0304263193	0.0164629544	0	0	0	0	3
168	256	0	1.50732254	101324.657	101324.646	101324.632	101324.663	0.0304263193	0.0164629544	0	0	0	0	3
169	257	0	1.5162947	101324.66	101324.646	101324.632	101324.663	0.0304263193	0.0164629544	0	0	0	0	3
170	259	0	1.52526685	101324.665	101324.647	101324.632	101324.665	0.0310987642	0.0164629544	0	0	0	0	3
171	260	0	1.53423901	101324.669	101324.647	101324.632	101324.669	0.0299451631	0.0164629544	0	0	0	0	3
172	261	0	1.54321117	101324.67	101324.648	101324.632	101324.67	0.0289301967	0.0164629544	0	0	0	0	3
173	263	0	1.55218333	101324.668	101324.648	101324.632	101324.67	0.0280228273	0.0164629544	0	0	0	0	3
174	264	0	1.56115549	101324.667	101324.649	101324.632	101324.67	0.0271519911	0.0164629544	0	0	0	0	3
175	265	0	1.57012764	101324.665	101324.649	101324.632	101324.67	0.0262447128	0.0164629544	0	0	0	0	3
176	267	0	1.5790998	101324.665	101324.649	101324.632	101324.67	0.0252026867	0.0164629544	0	0	0	0	3
177	268	0	1.58807196	101324.662	101324.649	101324.632	101324.67	0.0240779936	0.0164629544	0	0	0	0	3
178	270	0	1.59704412	101324.66	101324.65	101324.632	101324.67	0.0229481003	0.0164629544	0	0	0	0	3
179	271	0	1.60601628	101324.658	101324.65	101324.632	101324.67	0.0219440718	0.0164629544	0	0	0	0	3
180	272	0	1.61498843	101324.656	101324.65	101324.632	101324.67	0.0210873679	0.0164629544	0	0	0	0	3
181	274	0	1.62396059	101324.655	101324.651	101324.632	101324.67	0.0203587516	0.0164629544	0	0	0	0	3
182	275	0	1.63293275	101324.655	101324.651	101324.632	101324.67	0.0196875085	0.0164629544	0	0	0	0	3
183	276	0	1.64190491	101324.656	101324.651	101324.632	101324.67	0.0189584841	0.0164629544	0	0	0	0	3
184	278	0	1.65087707	101324.655	101324.651	101324.632	101324.67	0.0181465574	0.0164629544	0	0	0	0	3
185	279	0	1.65984922	101324.654	101324.651	101324.632	101324.67	0.0172701752	0.0164629544	0	0	0	0	3
186	280	0	1.66882138	101324.652	101324.651	101324.632	101324.67	0.0163636259	0.0164629544	0	0	0	0	3
187	282	0	1.67779354	101324.648	101324.651	101324.632	101324.67	0.0154925434	0.0164629544	0	0	0	0	3
188	283	0	1.6867657	101324.646	101324.652	101324.632	101324.67	0.0147145691	0.0164629544	0	0	0	0	3
189	284	0	1.69573786	101324.647	101324.652	101324.632	101324.67	0.0139755996	0.0164629544	0	0	0	0	3
190	285	0	1.70471001	101324.65	101324.652	101324.635	101324.67	0.0132641023	0.0164629544	0	0	0	0	3
191	287	0	1.71368217	101324.651	101324.652	101324.635	101324.67	0.0125811108	0.0164629544	0	0	0	0	3
192	288	0	1.72265433	101324.653	101324.653	101324.635	101324.67	0.0118826029	0.0164629544	0	0	0	0	3
193	289	0	1.73162649	101324.652	101324.653	101324.635	101324.67	0.0112320501	0.0164629544	0	0	0	0	3
194	291	0	1.74059865	101324.652	101324.653	101324.635	101324.67	0.0106546073	0.0164629544	0	0	0	0	3
195	292	0	1.7495708	101324.653	101324.653	101324.635	101324.67	0.0101167396	0.0164629544	0	0	0	0	3
196	293	0	1.75854296	101324.656	101324.653	101324.635	101324.67	0.0096076241	0.0164629544	0	0	0	0	3
197	295	0	1.76751512	101324.657	101324.654	101324.635	101324.67	0.00900576949	0.0164629544	0	0	0	0	3
198	296	0	1.77648728	101324.659	101324.654	101324.635	101324.67	0.00924602392	0.0164629544	0	0	0	0	3
199	297	0	1.78545944	101324.658	101324.655	101324.635	101324.67	0.00961178109	0.0164629544	0	0	0	0	3
200	299	0	1.79443159	101324.656	101324.655	101324.635	101324.67	0.00989044772	0.0164629544	0	0	0	0	3
201	303	0	1.80340375	101324.653	101324.655	101324.635	101324.67	0.0100200699	0.0164629544	0	0	0	0	3
202	305	0	1.81237591	101324.65	101324.655	101324.635	101324.67	0.0100391473	0.0164629544	0	0	0	0	3
203	306	0	1.82134807	101324.648	101324.655	101324.635	101324.67	0.0100391473	0.0164629544	0	0	0	0	3
204	307	0	1.83032023	101324.647	101324.655	101324.635	101324.67	0.0100391473	0.0164629544	0	0	0	0	3
205	309	0	1.83929238	101324.649	101324.655	101324.635	101324.67	0.0100391473	0.0164629544	0	0	0	0	3
206	310	0	1.84826454	101324.65	101324.655	101324.635	101324.67	0.0101034055	0.0164629544	0	0	0	0	3
207	311	0	1.8572367	101324.652	101324.655	101324.635	101324.67	0.010292445	0.0164629544	0	0	0	0	3
208	312	0	1.86620886	101324.652	101324.655	101324.635	101324.67	0.0105518578	0.0164629544	0	0	0	0	3
209	314	0	1.87518102	101324.651	101324.656	101324.635	101324.67	0.0108439782	0.0164629544	0	0	0	0	3
210	315	0	1.88415317	101324.648	101324.656	101324.641	101324.67	0.0110761715	0.0164629544	0	0	0	0	3
211	316	0	1.89312533	101324.645	101324.656	101324.645	101324.67	0.0111555997	0.0164629544	0	0	0	0	3
212	318	0	1.90209749	101324.642	101324.656	101324.642	101324.67	0.0111555997	0.0164629544	0	0	0	0	3
213	319	0	1.91106965	101324.639	101324.656	101324.639	101324.67	0.0111555997	0.0164629544	0	0	0	0	3
214	320	0	1.9200418	101324.64	101324.655	101324.639	101324.67	0.0111555997	0.0164629544	0	0	0	0	3
215	321	0	1.92901396	101324.643	101324.655	101324.639	101324.67	0.0111555997	0.0164629544	0	0	0	0	3
216	323	0	1.93798612	101324.646	101324.655	101324.639	101324.67	0.0111555997	0.0164629544	0	0	0	0	3
217	324	0	1.94695828	101324.648	101324.654	101324.639	101324.67	0.0111303981	0.0164629544	0	0	0	0	3
218	325	0	1.95593044	101324.649	101324.654	101324.639	101324.67	0.0110555654	0.0164629544	0	0	0	0	3
219	326	0	1.96490259	101324.645	101324.654	101324.639	101324.67	0.0109452736	0.0164629544	0	0	0	0	3
220	328	0	1.97387475	101324.64	101324.653	101324.639	101324.67	0.0108195529	0.0164629544	0	0	0	0	3
221	329	0	1.98284691	101324.637	101324.653	101324.637	101324.67	0.010659075	0.0164629544	0	0	0	0	3
222	330	0	1.99181907	101324.637	101324.653	101324.637	101324.67	0.010423289	0.0164629544	0	0	0	0	3
223	332	0	2.00079123	101324.642	101324.652	101324.637	101324.67	0.0100871458	0.0164629544	0	0	0	0	3
224	333	0	2.00976338	101324.648	101324.652	101324.637	101324.67	0.00965485282	0.0164629544	0	0	0	0	3
225	334	0	2.01873554	101324.653	101324.652	101324.637	101324.67	0.00917549491	0.0164629544	0	0	0	0	3
226	335	0	2.0277077	101324.658	101324.652	101324.637	101324.67	0.00866658112	0.0164629544	0	0	0	0	3
227	337	0	2.03667986	101324.66	101324.652	101324.637	101324.67	0.00820377878	0.0164629544	0	0	0	0	3
228	338	0	2.04565202	101324.659	101324.652	101324.637	101324.668	0.00778595872	0.0164629544	0	0	0	0	3
229	339	0	2.05462417	101324.654	101324.651	101324.637	101324.667	0.0074549523	0.0164629544	0	0	0	0	3
230	341	0	2.06359633	101324.648	101324.651	101324.637	101324.665	0.00720375107	0.0164629544	0	0	0	0	3
231	342	0	2.07256849	101324.643	101324.651	101324.637	101324.665	0.00694004056	0.0164629544	0	0	0	0	3
232	343	0	2.08154065	101324.641	101324.65	101324.637	101324.662	0.00663232007	0.0164629544	0	0	0	0	3
233	344	0	2.09051281	101324.643	101324.65	101324.637	101324.66	0.00629827479	0.0164629544	0	0	0	0	3
234	346	0	2.09948496	101324.645	101324.65	101324.637	101324.66	0.00633742414	0.0164629544	0	0	0	0	3
235	347	0	2.10845712	101324.646	101324.65	101324.637	101324.66	0.00655065938	0.0164629544	0	0	0	0	3
236	348	0	2.11742928	101324.645	101324.649	101324.637	101324.66	0.0067570812	0.0164629544	0	0	0	0	3
237	350	0	2.12640144	101324.642	101324.649	101324.637	101324.66	0.0069875093	0.0164629544	0	0	0	0	3
238	351	0	2.1353736	101324.638	101324.649	101324.637	101324.66	0.00729824047	0.0164629544	0	0	0	0	3
239	352	0	2.14434575	101324.633	101324.648	101324.633	101324.66	0.00770645298	0.0164629544	0	0	0	0	3
240	353	0	2.15331791	101324.63	101324.648	101324.63	101324.66	0.00815477013	0.0164629544	0	0	0	0	3
241	355	0	2.16229007	101324.63	101324.647	101324.63	101324.66	0.00859346965	0.0164629544	0	0	0	0	3
242	356	0	2.17126223	101324.633	101324.647	101324.63	101324.66	0.00893026254	0.0164629544	0	0	0	0	3
243	357	0	2.18023439	101324.637	101324.647	101324.63	101324.66	0.00912466459	0.0164629544	0	0	0	0	3
244	358	0	2.18920654	101324.645	101324.647	101324.63	101324.66	0.00913232549	0.0164629544	0	0	0	0	3
245	360	0	2.1981787	101324.655	101324.647	101324.63	101324.66	0.00913232549	0.0164629544	0	0	0	0	3
246	361	0	2.20715086	101324.661	101324.647	101324.63	101324.661	0.00913232549	0.0164629544	0	0	0	0	3
247	362	0	2.21612302	101324.662	101324.647	101324.63	101324.662	0.00913232549	0.0164629544	0	0	0	0	3
248	363	0	2.22509518	101324.66	101324.648	101324.63	101324.662	0.00913232549	0.0164629544	0	0	0	0	3
249	365	0	2.23406733	101324.657	101324.648	101324.63	101324.662	0.00913232549	0.0164629544	0	0	0	0	3
250	366	0	2.24303949	101324.654	101324.648	101324.63	101324.662	0.00913232549	0.0164629544	0	0	0	0	3
251	367	0	2.25201165	101324.654	101324.648	101324.63	101324.662	0.00913232549	0.0164629544	0	0	0	0	3
252	368	0	2.26098381	101324.657	101324.648	101324.63	101324.662	0.00913232549	0.0164629544	0	0	0	0	3
253	370	0	2.26995597	101324.656	101324.648	101324.63	101324.662	0.00913232549	0.0164629544	0	0	0	0	3
254	371	0	2.27892812	101324.654	101324.648	101324.63	101324.662	0.00913232549	0.0164629544	0	0	0	0	3
255	372	0	2.28790028	101324.653	101324.648	101324.63	101324.662	0.00913232549	0.0164629544	0	0	0	0	3
256	374	0	2.29687244	101324.652	101324.647	101324.63	101324.662	0.00913232549	0.0164629544	0	0	0	0	3
257	375	0	2.3058446	101324.653	101324.647	101324.63	101324.662	0.00913232549	0.0164629544	0	0	0	0	3
258	376	0	2.31481676	101324.654	101324.648	101324.63	101324.662	0.00913232549	0.0164629544	0	0	0	0	3
259	377	0	2.32378891	101324.655	101324.648	101324.63	101324.662	0.00913232549	0.0164629544	0	0	0	0	3
260	379	0	2.33276107	101324.657	101324.648	101324.63	101324.662	0.00913232549	0.0164629544	0	0	0	0	3
261	380	0	2.34173323	101324.655	101324.648	101324.63	101324.662	0.00913232549	0.0164629544	0	0	0	0	3
262	381	0	2.35070539	101324.65	101324.648	101324.63	101324.662	0.00913232549	0.0164629544	0	0	0	0	3
263	382	0	2.35967755	101324.644	101324.648	101324.63	101324.662	0.00913232549	0.0164629544	0	0	0	0	3
264	384	0	2.3686497	101324.64	101324.648	101324.63	101324.662	0.00913232549	0.0164629544	0	0	0	0	3
265	385	0	2.37762186	101324.642	101324.647	101324.63	101324.662	0.00913232549	0.0164629544	0	0	0	0	3
266	386	0	2.38659402	101324.646	101324.647	101324.63	101324.662	0.00913232549	0.0164629544	0	0	0	0	3
267	388	0	2.39556618	101324.651	101324.647	101324.63	101324.662	0.00898681916	0.0164629544	0	0	0	0	3
268	389	0	2.40453834	101324.653	101324.648	101324.63	101324.662	0.0086835589	0.0164629544	0	0	0	0	3
269	391	0	2.41351049	101324.652	101324.648	101324.63	101324.662	0.008333777	0.0164629544	0	0	0	0	3
270	392	0	2.42248265	101324.65	101324.648	101324.63	101324.662	0.00801647446	0.0164629544	0	0	0	0	3
271	393	0	2.43145481	101324.65	101324.648	101324.63	101324.662	0.00774351304	0.0164629544	0	0	0	0	3
272	394	0	2.44042697	101324.651	101324.648	101324.63	101324.662	0.00750784858	0.0164629544	0	0	0	0	3
273	396	0	2.44939912	101324.654	101324.648	101324.63	101324.662	0.00725207439	0.0164629544	0	0	0	0	3
274	397	0	2.45837128	101324.657	101324.649	101324.63	101324.662	0.00693539844	0.0164629544	0	0	0	0	3
275	398	0	2.46734344	101324.657	101324.649	101324.63	101324.662	0.00655945383	0.0164629544	0	0	0	0	3
276	399	0	2.4763156	101324.651	101324.649	101324.63	101324.662	0.00615159042	0.0164629544	0	0	0	0	3
277	401	0	2.48528776	101324.644	101324.649	101324.63	101324.662	0.00578615734	0.0164629544	0	0	0	0	3
278	402	0	2.49425991	101324.638	101324.649	101324.63	101324.662	0.00553928269	0.0164629544	0	0	0	0	3
279	403	0	2.50323207	101324.635	101324.649	101324.63	101324.662	0.00537956919	0.0164629544	0	0	0	0	3
280	405	0	2.51220423	101324.636	101324.649	101324.63	101324.662	0.00525727736	0.0164629544	0	0	0	0	3
281	406	0	2.52117639	101324.639	101324.648	101324.63	101324.662	0.00512716139	0.0164629544	0	0	0	0	3
282	407	0	2.53014855	101324.643	101324.648	101324.63	101324.662	0.00497183835	0.0164629544	0	0	0	0	3
283	409	0	2.5391207	101324.645	101324.648	101324.63	101324.662	0.00477750083	0.0164629544	0	0	0	0	3
284	410	0	2.54809286	101324.648	101324.648	101324.63	101324.662	0.0045296563	0.0164629544	0	0	0	0	3
285	411	0	2.55706502	101324.647	101324.648	101324.63	101324.662	0.00419112564	0.0164629544	0	0	0	0	3
286	412	0	2.56603718	101324.649	101324.648	101324.63	101324.662	0.00380472113	0.0164629544	0	0	0	0	3
287	414	0	2.57500934	101324.648	101324.648	101324.63	101324.662	0.00339074936	0.0164629544	0	0	0	0	3
288	415	0	2.58398149	101324.649	101324.648	101324.63	101324.662	0.00306161461	0.0164629544	0	0	0	0	3
289	416	0	2.59295365	101324.647	101324.648	101324.63	101324.662	0.00279490135	0.0164629544	0	0	0	0	3
290	418	0	2.60192581	101324.646	101324.648	101324.63	101324.662	0.00258166611	0.0164629544	0	0	0	0	3
291	419	0	2.61089797	101324.644	101324.648	101324.63	101324.662	0.00237524429	0.0164629544	0	0	0	0	3
292	420	0	2.61987013	101324.645	101324.648	101324.63	101324.662	0.00215394574	0.0164629544	0	0	0	0	3
293	421	0	2.62884228	101324.646	101324.648	101324.63	101324.662	0.00215394574	0.0164629544	0	0	0	0	3
294	423	0	2.63781444	101324.648	101324.648	101324.63	101324.662	0.00215394574	0.0164629544	0	0	0	0	3
295	424	0	2.6467866	101324.649	101324.649	101324.63	101324.662	0.00215394574	0.0164629544	0	0	0	0	3
296	425	0	2.65575876	101324.65	101324.649	101324.63	101324.662	0.00215394574	0.0164629544	0	0	0	0	3
297	427	0	2.66473092	101324.646	101324.649	101324.633	101324.662	0.00221077065	0.0164629544	0	0	0	0	3
298	428	0	2.67370307	101324.642	101324.649	101324.635	101324.662	0.00237736781	0.0164629544	0	0	0	0	3
299	429	0	2.68267523	101324.64	101324.649	101324.635	101324.662	0.00242909664	0.0164629544	0	0	0	0	3
300	431	0	2.69164739	101324.642	101324.649	101324.635	101324.662	0.00228424971	0.0164629544	0	0	0	0	3
301	435	0	2.70061955	101324.643	101324.649	101324.635	101324.662	0.00208866976	0.0164629544	0	0	0	0	3
302	436	0	2.70959171	101324.647	101324.649	101324.635	101324.662	0.00200460422	0.0164629544	0	0	0	0	3
303	437	0	2.71856386	101324.648	101324.649	101324.635	101324.66	0.00200460422	0.0164629544	0	0	0	0	3
304	439	0	2.72753602	101324.651	101324.648	101324.635	101324.657	0.00200460422	0.0164629544	0	0	0	0	3
305	440	0	2.73650818	101324.653	101324.648	101324.635	101324.657	0.00200460422	0.0164629544	0	0	0	0	3
306	441	0	2.74548034	101324.655	101324.648	101324.635	101324.657	0.00200460422	0.0164629544	0	0	0	0	3
307	443	0	2.7544525	101324.657	101324.648	101324.635	101324.657	0.00200460422	0.0164629544	0	0	0	0	3
308	444	0	2.76342465	101324.66	101324.649	101324.635	101324.66	0.00200460422	0.0164629544	0	0	0	0	3
309	445	0	2.77239681	101324.662	101324.649	101324.635	101324.662	0.00200460422	0.0164629544	0	0	0	0	3
310	446	0	2.78136897	101324.661	101324.649	101324.635	101324.662	0.00200460422	0.0164629544	0	0	0	0	3
311	448	0	2.79034113	101324.658	101324.649	101324.635	101324.662	0.00200460422	0.0164629544	0	0	0	0	3
312	449	0	2.79931329	101324.651	101324.649	101324.635	101324.662	0.00200460422	0.0164629544	0	0	0	0	3
313	450	0	2.80828544	101324.645	101324.649	101324.635	101324.662	0.00200460422	0.0164629544	0	0	0	0	3
314	452	0	2.8172576	101324.65	101324.649	101324.635	101324.662	0.00200460422	0.0164629544	0	0	0	0	3
315	453	0	2.82622976	101324.657	101324.649	101324.635	101324.662	0.00200460422	0.0164629544	0	0	0	0	3
316	454	0	2.83520192	101324.663	101324.649	101324.635	101324.663	0.00200460422	0.0164629544	0	0	0	0	3
317	455	0	2.84417408	101324.665	101324.649	101324.635	101324.665	0.00200460422	0.0164629544	0	0	0	0	3
318	457	0	2.85314623	101324.663	101324.649	101324.635	101324.665	0.00200460422	0.0164629544	0	0	0	0	3
319	458	0	2.86211839	101324.657	101324.649	101324.635	101324.665	0.00203405845	0.0164629544	0	0	0	0	3
320	459	0	2.87109055	101324.649	101324.65	101324.635	101324.665	0.00218980323	0.0164629544	0	0	0	0	3
321	461	0	2.88006271	101324.646	101324.65	101324.635	101324.665	0.00226736192	0.0164629544	0	0	0	0	3
322	462	0	2.88903487	101324.654	101324.65	101324.635	101324.665	0.00230874309	0.0164629544	0	0	0	0	3
323	463	0	2.89800702	101324.669	101324.65	101324.635	101324.669	0.00244326034	0.0164629544	0	0	0	0	3
324	465	0	2.90697918	101324.682	101324.651	101324.635	101324.682	0.00296420942	0.0164629544	0	0	0	0	3
325	466	0	2.91595134	101324.686	101324.651	101324.635	101324.686	0.00356599293	0.0164629544	0	0	0	0	3
326	467	0	2.9249235	101324.68	101324.652	101324.635	101324.686	0.00410119207	0.0164629544	0	0	0	0	3
327	468	0	2.93389566	101324.67	101324.652	101324.635	101324.686	0.00445479919	0.0164629544	0	0	0	0	3
328	470	0	2.94286781	101324.66	101324.652	101324.635	101324.686	0.00460358802	0.0164629544	0	0	0	0	3
329	471	0	2.95183997	101324.654	101324.652	101324.635	101324.686	0.00460358802	0.0164629544	0	0	0	0	3
330	472	0	2.96081213	101324.656	101324.652	101324.635	101324.686	0.00460358802	0.0164629544	0	0	0	0	3
331	474	0	2.96978429	101324.663	101324.652	101324.635	101324.686	0.00468364317	0.0164629544	0	0	0	0	3
332	475	0	2.97875644	101324.672	101324.653	101324.635	101324.686	0.00505862087	0.0164629544	0	0	0	0	3
333	476	0	2.9877286	101324.677	101324.653	101324.635	101324.686	0.00565376959	0.0164629544	0	0	0	0	3
334	477	0	2.99670076	101324.675	101324.654	101324.635	101324.686	0.00632737293	0.0164629544	0	0	0	0	3
335	479	0	3.00567292	101324.668	101324.655	101324.636	101324.686	0.00691153915	0.0164629544	0	0	0	0	3
336	480	0	3.01464508	101324.661	101324.655	101324.639	101324.686	0.00736797517	0.0164629544	0	0	0	0	3
337	481	0	3.02361723	101324.656	101324.655	101324.64	101324.686	0.00766434023	0.0164629544	0	0	0	0	3
338	483	0	3.03258939	101324.654	101324.656	101324.64	101324.686	0.00785449268	0.0164629544	0	0	0	0	3
339	484	0	3.04156155	101324.654	101324.656	101324.64	101324.686	0.00800865737	0.0164629544	0	0	0	0	3
340	485	0	3.05053371	101324.657	101324.656	101324.64	101324.686	0.00817542589	0.0164629544	0	0	0	0	3
341	486	0	3.05950587	101324.657	101324.656	101324.64	101324.686	0.00834220485	0.0164629544	0	0	0	0	3
342	488	0	3.06847802	101324.654	101324.656	101324.64	101324.686	0.00834950661	0.0164629544	0	0	0	0	3
343	489	0	3.07745018	101324.65	101324.656	101324.64	101324.686	0.00824622852	0.0164629544	0	0	0	0	3
344	490	0	3.08642234	101324.645	101324.656	101324.64	101324.686	0.00818596734	0.0164629544	0	0	0	0	3
345	492	0	3.0953945	101324.641	101324.656	101324.64	101324.686	0.00818596734	0.0164629544	0	0	0	0	3
346	493	0	3.10436666	101324.641	101324.656	101324.64	101324.686	0.00818596734	0.0164629544	0	0	0	0	3
347	494	0	3.11333881	101324.645	101324.656	101324.64	101324.686	0.00817881498	0.0164629544	0	0	0	0	3
348	496	0	3.12231097	101324.652	101324.656	101324.64	101324.686	0.00810556198	0.0164629544	0	0	0	0	3
349	497	0	3.13128313	101324.657	101324.656	101324.64	101324.686	0.00798410166	0.0164629544	0	0	0	0	3
350	498	0	3.14025529	101324.657	101324.656	101324.64	101324.686	0.00797913007	0.0164629544	0	0	0	0	3
351	499	0	3.14922745	101324.651	101324.656	101324.64	101324.686	0.0080149737	0.0164629544	0	0	0	0	3
352	501	0	3.1581996	101324.645	101324.656	101324.64	101324.686	0.0080149737	0.0164629544	0	0	0	0	3
353	502	0	3.16717176	101324.642	101324.656	101324.64	101324.686	0.0080149737	0.0164629544	0	0	0	0	3
354	503	0	3.17614392	101324.648	101324.656	101324.64	101324.686	0.0080149737	0.0164629544	0	0	0	0	3
355	505	0	3.18511608	101324.656	101324.657	101324.641	101324.686	0.00824760721	0.0164629544	0	0	0	0	3
356	506	0	3.19408824	101324.664	101324.657	101324.641	101324.686	0.00865550461	0.0164629544	0	0	0	0	3
357	507	0	3.20306039	101324.666	101324.657	101324.641	101324.686	0.00906154815	0.0164629544	0	0	0	0	3
358	509	0	3.21203255	101324.66	101324.658	101324.641	101324.686	0.0093020787	0.0164629544	0	0	0	0	3
359	510	0	3.22100471	101324.651	101324.658	101324.641	101324.686	0.00934721384	0.0164629544	0	0	0	0	3
360	511	0	3.22997687	101324.645	101324.658	101324.641	101324.686	0.00934721384	0.0164629544	0	0	0	0	3
361	513	0	3.23894903	101324.644	101324.657	101324.641	101324.686	0.00932585479	0.0164629544	0	0	0	0	3
362	514	0	3.24792118	101324.648	101324.657	101324.641	101324.686	0.00927184883	0.0164629544	0	0	0	0	3
363	515	0	3.25689334	101324.654	101324.657	101324.641	101324.686	0.00921727675	0.0164629544	0	0	0	0	3
364	517	0	3.2658655	101324.66	101324.657	101324.641	101324.686	0.00913385134	0.0164629544	0	0	0	0	3
365	518	0	3.27483766	101324.662	101324.657	101324.641	101324.686	0.00913385134	0.0164629544	0	0	0	0	3
366	519	0	3.28380982	101324.659	101324.657	101324.641	101324.686	0.00913385134	0.0164629544	0	0	0	0	3
367	521	0	3.29278197	101324.653	101324.657	101324.641	101324.686	0.00913385134	0.0164629544	0	0	0	0	3
368	522	0	3.30175413	101324.648	101324.657	101324.641	101324.686	0.00913385134	0.0164629544	0	0	0	0	3
369	523	0	3.31072629	101324.645	101324.657	101324.641	101324.686	0.00913385134	0.0164629544	0	0	0	0	3
370	525	0	3.31969845	101324.646	101324.657	101324.641	101324.686	0.00910069421	0.0164629544	0	0	0	0	3
371	526	0	3.32867061	101324.652	101324.657	101324.641	101324.686	0.00898538087	0.0164629544	0	0	0	0	3
372	528	0	3.33764276	101324.661	101324.657	101324.641	101324.686	0.00880553784	0.0164629544	0	0	0	0	3
373	529	0	3.34661492	101324.667	101324.657	101324.641	101324.686	0.00856203069	0.0164629544	0	0	0	0	3
374	531	0	3.35558708	101324.666	101324.657	101324.641	101324.686	0.00833215378	0.0164629544	0	0	0	0	3
375	532	0	3.36455924	101324.661	101324.657	101324.641	101324.686	0.008176409	0.0164629544	0	0	0	0	3
376	533	0	3.3735314	101324.656	101324.657	101324.641	101324.686	0.0080988503	0.0164629544	0	0	0	0	3
377	535	0	3.38250355	101324.651	101324.657	101324.641	101324.686	0.00795969128	0.0164629544	0	0	0	0	3
378	536	0	3.39147571	101324.649	101324.657	101324.641	101324.686	0.00763191118	0.0164629544	0	0	0	0	3
379	538	0	3.40044787	101324.649	101324.657	101324.641	101324.686	0.00711096211	0.0164629544	0	0	0	0	3
380	539	0	3.40942003	101324.653	101324.656	101324.641	101324.686	0.00650917859	0.0164629544	0	0	0	0	3
381	540	0	3.41839219	101324.658	101324.656	101324.641	101324.68	0.00597397945	0.0164629544	0	0	0	0	3
382	542	0	3.42736434	101324.664	101324.656	101324.641	101324.677	0.00562037234	0.0164629544	0	0	0	0	3
383	543	0	3.4363365	101324.669	101324.656	101324.641	101324.677	0.00550075831	0.0164629544	0	0	0	0	3
384	545	0	3.44530866	101324.67	101324.656	101324.641	101324.677	0.00550075831	0.0164629544	0	0	0	0	3
385	546	0	3.45428082	101324.671	101324.656	101324.641	101324.677	0.00550075831	0.0164629544	0	0	0	0	3
386	547	0	3.46325298	101324.669	101324.656	101324.641	101324.677	0.00539152835	0.0164629544	0	0	0	0	3
387	549	0	3.47222513	101324.667	101324.656	101324.641	101324.677	0.00501655065	0.0164629544	0	0	0	0	3
388	550	0	3.48119729	101324.664	101324.656	101324.641	101324.677	0.00442140193	0.0164629544	0	0	0	0	3
389	552	0	3.49016945	101324.663	101324.656	101324.641	101324.675	0.00374779859	0.0164629544	0	0	0	0	3
390	553	0	3.49914161	101324.66	101324.656	101324.641	101324.671	0.00316363237	0.0164629544	0	0	0	0	3
391	554	0	3.50811377	101324.655	101324.655	101324.641	101324.671	0.00270719636	0.0164629544	0	0	0	0	3
392	556	0	3.51708592	101324.651	101324.655	101324.641	101324.671	0.00247867405	0.0164629544	0	0	0	0	3
393	557	0	3.52605808	101324.647	101324.655	101324.641	101324.671	0.00264703603	0.0164629544	0	0	0	0	3
394	559	0	3.53503024	101324.644	101324.655	101324.641	101324.671	0.00282904714	0.0164629544	0	0	0	0	3
395	560	0	3.5440024	101324.641	101324.655	101324.641	101324.671	0.00305427643	0.0164629544	0	0	0	0	3
396	561	0	3.55297455	101324.641	101324.654	101324.641	101324.671	0.00334000641	0.0164629544	0	0	0	0	3
397	563	0	3.56194671	101324.643	101324.654	101324.641	101324.671	0.00359211254	0.0164629544	0	0	0	0	3
398	564	0	3.57091887	101324.649	101324.654	101324.641	101324.671	0.0036806843	0.0164629544	0	0	0	0	3
399	566	0	3.57989103	101324.654	101324.654	101324.641	101324.671	0.0036806843	0.0164629544	0	0	0	0	3
400	567	0	3.58886319	101324.661	101324.654	101324.641	101324.671	0.0036806843	0.0164629544	0	0	0	0	3
401	572	0	3.59783534	101324.667	101324.655	101324.641	101324.671	0.0036806843	0.0164629544	0	0	0	0	3
402	573	0	3.6068075	101324.672	101324.655	101324.641	101324.672	0.0036806843	0.0164629544	0	0	0	0	3
403	575	0	3.61577966	101324.675	101324.656	101324.641	101324.675	0.0036806843	0.0164629544	0	0	0	0	3
404	576	0	3.62475182	101324.671	101324.656	101324.641	101324.675	0.0036806843	0.0164629544	0	0	0	0	3
405	578	0	3.63372398	101324.666	101324.657	101324.641	101324.675	0.0036806843	0.0164629544	0	0	0	0	3
406	579	0	3.64269613	101324.663	101324.657	101324.641	101324.675	0.0036806843	0.0164629544	0	0	0	0	3
407	580	0	3.65166829	101324.66	101324.657	101324.641	101324.675	0.0036806843	0.0164629544	0	0	0	0	3
408	582	0	3.66064045	101324.658	101324.657	101324.641	101324.675	0.0036806843	0.0164629544	0	0	0	0	3
409	583	0	3.66961261	101324.657	101324.657	101324.641	101324.675	0.0036806843	0.0164629544	0	0	0	0	3
410	585	0	3.67858477	101324.656	101324.657	101324.641	101324.675	0.0036806843	0.0164629544	0	0	0	0	3
411	586	0	3.68755692	101324.656	101324.657	101324.641	101324.675	0.0036806843	0.0164629544	0	0	0	0	3
412	587	0	3.69652908	101324.654	101324.657	101324.641	101324.675	0.0036806843	0.0164629544	0	0	0	0	3
413	589	0	3.70550124	101324.652	101324.657	101324.641	101324.675	0.0036806843	0.0164629544	0	0	0	0	3
414	590	0	3.7144734	101324.651	101324.657	101324.641	101324.675	0.0036806843	0.0164629544	0	0	0	0	3
415	591	0	3.72344556	101324.651	101324.657	101324.641	101324.675	0.00357166101	0.0164629544	0	0	0	0	3
416	593	0	3.73241771	101324.653	101324.657	101324.641	101324.675	0.00341068365	0.0164629544	0	0	0	0	3
417	594	0	3.74138987	101324.656	101324.657	101324.641	101324.675	0.00338890246	0.0164629544	0	0	0	0	3
418	596	0	3.75036203	101324.659	101324.657	101324.641	101324.675	0.00338890246	0.0164629544	0	0	0	0	3
419	597	0	3.75933419	101324.66	101324.657	101324.641	101324.675	0.0034183004	0.0164629544	0	0	0	0	3
420	598	0	3.76830635	101324.66	101324.657	101324.641	101324.675	0.0034183004	0.0164629544	0	0	0	0	3
421	600	0	3.7772785	101324.657	101324.657	101324.641	101324.675	0.0034183004	0.0164629544	0	0	0	0	3
422	601	0	3.78625066	101324.652	101324.657	101324.641	101324.675	0.0034183004	0.0164629544	0	0	0	0	3
423	603	0	3.79522282	101324.646	101324.657	101324.641	101324.675	0.0034183004	0.0164629544	0	0	0	0	3
424	604	0	3.80419498	101324.64	101324.657	101324.64	101324.675	0.0034183004	0.0164629544	0	0	0	0	3
425	605	0	3.81316714	101324.638	101324.657	101324.638	101324.675	0.0034183004	0.0164629544	0	0	0	0	3
426	607	0	3.82213929	101324.639	101324.657	101324.638	101324.675	0.0034183004	0.0164629544	0	0	0	0	3
427	608	0	3.83111145	101324.64	101324.656	101324.638	101324.675	0.0034183004	0.0164629544	0	0	0	0	3
428	610	0	3.84008361	101324.641	101324.656	101324.638	101324.675	0.0034183004	0.0164629544	0	0	0	0	3
429	611	0	3.84905577	101324.641	101324.656	101324.638	101324.675	0.0034183004	0.0164629544	0	0	0	0	3
430	612	0	3.85802793	101324.643	101324.655	101324.638	101324.675	0.0034183004	0.0164629544	0	0	0	0	3
431	614	0	3.86700008	101324.644	101324.655	101324.638	101324.675	0.0034183004	0.0164629544	0	0	0	0	3
432	615	0	3.87597224	101324.647	101324.655	101324.638	101324.675	0.0034183004	0.0164629544	0	0	0	0	3
433	617	0	3.8849444	101324.648	101324.655	101324.638	101324.675	0.0034183004	0.0164629544	0	0	0	0	3
434	618	0	3.89391656	101324.648	101324.655	101324.638	101324.675	0.0034183004	0.0164629544	0	0	0	0	3
435	619	0	3.90288872	101324.649	101324.655	101324.638	101324.675	0.0034183004	0.0164629544	0	0	0	0	3
436	621	0	3.91186087	101324.65	101324.655	101324.638	101324.675	0.0034183004	0.0164629544	0	0	0	0	3
437	622	0	3.92083303	101324.65	101324.655	101324.638	101324.675	0.0034183004	0.0164629544	0	0	0	0	3
438	624	0	3.92980519	101324.651	101324.654	101324.638	101324.675	0.0034183004	0.0164629544	0	0	0	0	3
439	625	0	3.93877735	101324.653	101324.654	101324.638	101324.675	0.00345325601	0.0164629544	0	0	0	0	3
440	626	0	3.94774951	101324.655	101324.654	101324.638	101324.675	0.00373302406	0.0164629544	0	0	0	0	3
441	628	0	3.95672166	101324.654	101324.653	101324.638	101324.675	0.00403367099	0.0164629544	0	0	0	0	3
442	629	0	3.96569382	101324.651	101324.653	101324.638	101324.675	0.00434295346	0.0164629544	0	0	0	0	3
443	631	0	3.97466598	101324.648	101324.653	101324.638	101324.675	0.00466903232	0.0164629544	0	0	0	0	3
444	632	0	3.98363814	101324.646	101324.652	101324.638	101324.675	0.00499732174	0.0164629544	0	0	0	0	3
445	633	0	3.9926103	101324.644	101324.652	101324.638	101324.675	0.00534508434	0.0164629544	0	0	0	0	3
446	635	0	4.00158245	101324.644	101324.652	101324.638	101324.675	0.00563321979	0.0164629544	0	0	0	0	3
