Iteration	CPUTime	PhysTime	Travels	Value	AvValue	MinValue	MaxValue	Delta	Criteria	PrevAvRefValue	Progress	CriteriaType	CriteriaVarType	CriteriaPercentage
1	8	0	0.00897179511	1.28909626	1.28909626	1.28909626	1.28909626	0	0	0	0	0	0	3
2	9	0	0.0179435902	1.61002947	1.44956287	1.28909626	1.61002947	0.160466606	0	0	0	0	0	3
3	11	0	0.0269153853	0.683542539	1.19422276	0.683542539	1.61002947	0.25534011	0	0	0	0	0	3
4	12	0	0.0358871804	0.526641528	1.02732745	0.526641528	1.61002947	0.422235417	0	0	0	0	0	3
5	13	0	0.0448589755	0.332796332	0.888421227	0.332796332	1.61002947	0.561141641	0	0	0	0	0	3
6	14	0	0.0538307706	0.302801112	0.790817874	0.302801112	1.61002947	0.658744994	0	0	0	0	0	3
7	15	0	0.0628025657	0.179423855	0.703475872	0.179423855	1.61002947	0.746086996	0	0	0	0	0	3
8	17	0	0.0717743608	0.372413099	0.662093025	0.179423855	1.61002947	0.787469843	0	0	0	0	0	3
9	18	0	0.080746156	0.10793134	0.600519504	0.10793134	1.61002947	0.849043364	0	0	0	0	0	3
10	19	0	0.0897179511	0.283429207	0.568810475	0.10793134	1.61002947	0.880752393	0	0	0	0	0	3
11	20	0	0.0986897462	0.127926338	0.528730099	0.10793134	1.61002947	0.920832769	0	0	0	0	0	3
12	22	0	0.107661541	0.314573528	0.510883718	0.10793134	1.61002947	0.93867915	0	0	0	0	0	3
13	23	0	0.116633336	0.205313347	0.487378305	0.10793134	1.61002947	0.962184563	0	0	0	0	0	3
14	24	0	0.125605131	0.249336092	0.47037529	0.10793134	1.61002947	0.979187578	0	0	0	0	0	3
15	26	0	0.134576927	0.245973522	0.455415172	0.10793134	1.61002947	0.994147696	0	0	0	0	0	3
16	27	0	0.143548722	0.309792308	0.446313743	0.10793134	1.61002947	1.00324913	0	0	0	0	0	3
17	28	0	0.152520517	0.231438061	0.433673997	0.10793134	1.61002947	1.01588887	0	0	0	0	0	3
18	30	0	0.161492312	0.225332936	0.422099493	0.10793134	1.61002947	1.02746337	0	0	0	0	0	3
19	31	0	0.170464107	0.297083616	0.41551971	0.10793134	1.61002947	1.03404316	0	0	0	0	0	3
20	32	0	0.179435902	0.253344948	0.407410972	0.10793134	1.61002947	1.0421519	0	0	0	0	0	3
21	33	0	0.188407697	0.290650129	0.401850932	0.10793134	1.61002947	1.04771194	0	0	0	0	0	3
22	35	0	0.197379492	0.275737325	0.396118495	0.10793134	1.61002947	1.05344437	0	0	0	0	0	3
23	36	0	0.206351287	0.300615903	0.391966209	0.10793134	1.61002947	1.05759666	0	0	0	0	0	3
24	37	0	0.215323083	0.266198104	0.386725871	0.10793134	1.61002947	1.062837	0	0	0	0	0	3
25	39	0	0.224294878	0.278244382	0.382386611	0.10793134	1.61002947	1.06717626	0	0	0	0	0	3
26	40	0	0.233266673	0.23807544	0.376836182	0.10793134	1.61002947	1.07272669	0	0	0	0	0	3
27	41	0	0.242238468	0.224015753	0.371176166	0.10793134	1.61002947	1.0783867	0	0	0	0	0	3
28	42	0	0.251210263	0.191274748	0.364751115	0.10793134	1.61002947	1.08481175	0	0	0	0	0	3
29	44	0	0.260182058	0.18214904	0.358454492	0.10793134	1.61002947	1.09110838	0	0	0	0	0	3
30	45	0	0.269153853	0.158341559	0.351784061	0.10793134	1.61002947	1.09777881	0	0	0	0	0	3
31	47	0	0.278125648	0.164878771	0.345754858	0.10793134	1.61002947	1.10380801	0	0	0	0	0	3
32	48	0	0.287097443	0.139290705	0.339302853	0.10793134	1.61002947	1.11026001	0	0	0	0	0	3
33	49	0	0.296069238	0.174841248	0.334319168	0.10793134	1.61002947	1.1152437	0	0	0	0	0	3
34	51	0	0.305041034	0.166237943	0.329375603	0.10793134	1.61002947	1.12018727	0	0	0	0	0	3
35	52	0	0.314012829	0.1816651	0.325155303	0.10793134	1.61002947	1.12440757	0	0	0	0	0	3
36	54	0	0.322984624	0.173570388	0.320944611	0.10793134	1.61002947	1.12861826	0	0	0	0	0	3
37	55	0	0.331956419	0.182757406	0.317209821	0.10793134	1.61002947	1.13235305	0	0	0	0	0	3
38	57	0	0.340928214	0.178941969	0.313571194	0.10793134	1.61002947	1.13599167	0	0	0	0	0	3
39	58	0	0.349900009	0.191507731	0.310441361	0.10793134	1.61002947	1.13912151	0	0	0	0	0	3
40	60	0	0.358871804	0.189743043	0.307423903	0.10793134	1.61002947	1.14213896	0	0	0	0	0	3
41	61	0	0.367843599	0.195319616	0.304689652	0.10793134	1.61002947	1.14487322	0	0	0	0	0	3
42	63	0	0.376815394	0.194602055	0.302068519	0.10793134	1.61002947	1.14749435	0	0	0	0	0	3
43	64	0	0.38578719	0.193957721	0.299554315	0.10793134	1.61002947	1.15000855	0	0	0	0	0	3
44	65	0	0.394758985	0.184872203	0.296947903	0.10793134	1.61002947	1.15261497	0	0	0	0	0	3
45	67	0	0.40373078	0.185215129	0.294464952	0.10793134	1.61002947	1.15509792	0	0	0	0	0	3
46	69	0	0.412702575	0.166001978	0.291672279	0.10793134	1.61002947	1.15789059	0	0	0	0	0	3
47	70	0	0.42167437	0.156625395	0.288798941	0.10793134	1.61002947	1.16076393	0	0	0	0	0	3
48	72	0	0.430646165	0.149429284	0.285895407	0.10793134	1.61002947	1.16366746	0	0	0	0	0	3
49	73	0	0.43961796	0.160487795	0.283336068	0.10793134	1.61002947	1.1662268	0	0	0	0	0	3
50	75	0	0.448589755	0.163984686	0.28094904	0.10793134	1.61002947	1.16861383	0	0	0	0	0	3
51	76	0	0.45756155	0.176706878	0.278905076	0.10793134	1.61002947	1.17065779	0	0	0	0	0	3
52	78	0	0.466533345	0.177466987	0.276954343	0.10793134	1.61002947	1.17260852	0	0	0	0	0	3
53	79	0	0.475505141	0.173236527	0.274997404	0.10793134	1.61002947	1.17456546	0	0	0	0	0	3
54	80	0	0.484476936	0.159687444	0.272862034	0.10793134	1.61002947	1.17670083	0	0	0	0	0	3
55	82	0	0.493448731	0.151157868	0.270649231	0.10793134	1.61002947	1.17891364	0	0	0	0	0	3
56	83	0	0.502420526	0.14436256	0.268394112	0.10793134	1.61002947	1.18116876	0	0	0	0	0	3
57	85	0	0.511392321	0.142658984	0.247922018	0.10793134	1.61002947	1.20164085	0	0	0	0	0	3
58	86	0	0.520364116	0.140999574	0.221689341	0.10793134	0.683542539	0.575611199	0	0	0	0	0	3
59	88	0	0.529335911	0.145731396	0.21208557	0.10793134	0.526641528	0.418710188	0	0	0	0	0	3
60	90	0	0.538307706	0.142714713	0.205229734	0.10793134	0.372413099	0.264481759	0	0	0	0	0	3
61	92	0	0.547279501	0.139077085	0.201770462	0.10793134	0.372413099	0.264481759	0	0	0	0	0	3
62	94	0	0.556251297	0.130831391	0.198699574	0.10793134	0.372413099	0.264481759	0	0	0	0	0	3
63	96	0	0.565223092	0.124385713	0.19771675	0.10793134	0.372413099	0.264481759	0	0	0	0	0	3
64	99	0	0.574194887	0.122092393	0.193246738	0.10793134	0.314573528	0.206642188	0	0	0	0	0	3
65	100	0	0.583166682	0.122177509	0.193501134	0.122092393	0.314573528	0.192481134	0	0	0	0	0	3
66	102	0	0.592138477	0.121775239	0.190614456	0.121775239	0.314573528	0.192798289	0	0	0	0	0	3
67	104	0	0.601110272	0.120379515	0.190479691	0.120379515	0.314573528	0.194194012	0	0	0	0	0	3
68	106	0	0.610082067	0.120419367	0.187012652	0.120379515	0.309792308	0.189412792	0	0	0	0	0	3
69	108	0	0.619053862	0.119090312	0.185472955	0.119090312	0.309792308	0.190701996	0	0	0	0	0	3
70	110	0	0.628025657	0.12230912	0.183204616	0.119090312	0.309792308	0.190701996	0	0	0	0	0	3
71	111	0	0.636997452	0.123788726	0.181022745	0.119090312	0.309792308	0.190701996	0	0	0	0	0	3
72	113	0	0.645969248	0.123079096	0.177688581	0.119090312	0.300615903	0.181525592	0	0	0	0	0	3
73	115	0	0.654941043	0.112318369	0.175561443	0.112318369	0.300615903	0.188297535	0	0	0	0	0	3
74	116	0	0.663912838	0.102160722	0.173361939	0.102160722	0.300615903	0.198455181	0	0	0	0	0	3
75	118	0	0.672884633	0.089305826	0.169651622	0.089305826	0.300615903	0.211310077	0	0	0	0	0	3
76	120	0	0.681856428	0.085348068	0.166651677	0.085348068	0.300615903	0.215267835	0	0	0	0	0	3
77	121	0	0.690828223	0.0835482473	0.16295343	0.0835482473	0.300615903	0.217067656	0	0	0	0	0	3
78	123	0	0.699800018	0.0898823405	0.15963459	0.0835482473	0.300615903	0.217067656	0	0	0	0	0	3
79	125	0	0.708771813	0.0923689641	0.155915895	0.0835482473	0.278244382	0.194696134	0	0	0	0	0	3
80	126	0	0.717743608	0.0987399659	0.152925571	0.0835482473	0.278244382	0.194696134	0	0	0	0	0	3
81	128	0	0.726715404	0.0955330052	0.149662868	0.0835482473	0.23807544	0.154527193	0	0	0	0	0	3
82	129	0	0.735687199	0.0929015955	0.147070478	0.0835482473	0.224015753	0.140467506	0	0	0	0	0	3
83	131	0	0.744658994	0.0832424921	0.14455667	0.0832424921	0.195319616	0.112077124	0	0	0	0	0	3
84	133	0	0.753630789	0.0820831702	0.14260682	0.0820831702	0.195319616	0.113236446	0	0	0	0	0	3
85	134	0	0.762602584	0.0785244884	0.140756382	0.0785244884	0.195319616	0.116795128	0	0	0	0	0	3
86	136	0	0.771574379	0.0849608991	0.139446013	0.0785244884	0.195319616	0.116795128	0	0	0	0	0	3
87	138	0	0.780546174	0.0867783459	0.138051362	0.0785244884	0.195319616	0.116795128	0	0	0	0	0	3
88	139	0	0.789517969	0.0915566167	0.137198968	0.0785244884	0.195319616	0.116795128	0	0	0	0	0	3
89	141	0	0.798489764	0.0859507877	0.135611638	0.0785244884	0.195319616	0.116795128	0	0	0	0	0	3
90	142	0	0.80746156	0.0812966515	0.13409483	0.0785244884	0.195319616	0.116795128	0	0	0	0	0	3
91	144	0	0.816433355	0.0737209639	0.132167256	0.0737209639	0.195319616	0.121598652	0	0	0	0	0	3
92	146	0	0.82540515	0.0759859509	0.130424676	0.0737209639	0.195319616	0.121598652	0	0	0	0	0	3
93	147	0	0.834376945	0.0857404683	0.128692231	0.0737209639	0.195319616	0.121598652	0	0	0	0	0	3
94	149	0	0.84334874	0.109063088	0.127444394	0.0737209639	0.195319616	0.121598652	0	0	0	0	0	3
95	151	0	0.852320535	0.130369768	0.126352645	0.0737209639	0.195319616	0.121598652	0	0	0	0	0	3
96	152	0	0.86129233	0.152370915	0.125685285	0.0737209639	0.195319616	0.121598652	0	0	0	0	0	3
97	154	0	0.870264125	0.163150229	0.125110832	0.0737209639	0.194602055	0.120881092	0	0	0	0	0	3
98	156	0	0.87923592	0.164021896	0.124564758	0.0737209639	0.193957721	0.120236757	0	0	0	0	0	3
99	158	0	0.888207715	0.156144649	0.123889524	0.0737209639	0.185215129	0.111494165	0	0	0	0	0	3
100	159	0	0.897179511	0.150583146	0.12327722	0.0737209639	0.185215129	0.111494165	0	0	0	0	0	3
101	165	0	0.906151306	0.14939279	0.122637535	0.0737209639	0.177466987	0.103746024	0	0	0	0	0	3
102	167	0	0.915123101	0.154106676	0.122425119	0.0737209639	0.177466987	0.103746024	0	0	0	0	0	3
103	169	0	0.924094896	0.159933306	0.122484189	0.0737209639	0.177466987	0.103746024	0	0	0	0	0	3
104	170	0	0.933066691	0.169617999	0.122844701	0.0737209639	0.177466987	0.103746024	0	0	0	0	0	3
105	172	0	0.942038486	0.167296003	0.122966277	0.0737209639	0.177466987	0.103746024	0	0	0	0	0	3
106	174	0	0.951010281	0.15886839	0.122874914	0.0737209639	0.177466987	0.103746024	0	0	0	0	0	3
107	176	0	0.959982076	0.136699899	0.122160504	0.0737209639	0.177466987	0.103746024	0	0	0	0	0	3
108	177	0	0.968953871	0.125067647	0.121224801	0.0737209639	0.173236527	0.0995155633	0	0	0	0	0	3
109	179	0	0.977925667	0.119693235	0.120268671	0.0737209639	0.169617999	0.0958970351	0	0	0	0	0	3
110	181	0	0.986897462	0.13282286	0.119788946	0.0737209639	0.169617999	0.0958970351	0	0	0	0	0	3
111	182	0	0.995869257	0.151143938	0.119788698	0.0737209639	0.169617999	0.0958970351	0	0	0	0	0	3
112	184	0	1.00484105	0.176103533	0.120355501	0.0737209639	0.176103533	0.102382569	0.0182946473	0	17.8	0	0	3
113	186	0	1.01381285	0.191550941	0.121228571	0.0737209639	0.191550941	0.101900643	0.0182946473	0	17.9	0	0	3
114	187	0	1.02278464	0.201077871	0.122301398	0.0737209639	0.201077871	0.0922968728	0.0182946473	0	19.8	0	0	3
115	189	0	1.03175644	0.200272077	0.123275339	0.0737209639	0.201077871	0.0854410368	0.0182946473	0	21.4	0	0	3
116	191	0	1.04072823	0.201786668	0.124330195	0.0737209639	0.201786668	0.0819817645	0.0182946473	0	22.3	0	0	3
117	193	0	1.04970003	0.201574901	0.125446228	0.0737209639	0.201786668	0.0789108766	0.0182946473	0	23.1	0	0	3
118	194	0	1.05867182	0.209801252	0.126856404	0.0737209639	0.209801252	0.0779280527	0.0182946473	0	23.4	0	0	3
119	196	0	1.06764362	0.217345991	0.128516409	0.0737209639	0.217345991	0.0737124359	0.0182946473	0	24.8	0	0	3
120	197	0	1.07661541	0.229314456	0.130431088	0.0737209639	0.229314456	0.0737124359	0.0182946473	0	24.8	0	0	3
121	199	0	1.08558721	0.233459413	0.132418265	0.0737209639	0.233459413	0.0708257579	0.0182946473	0	25.8	0	0	3
122	201	0	1.094559	0.233479602	0.134412986	0.0737209639	0.233479602	0.0706909932	0.0182946473	0	25.8	0	0	3
123	202	0	1.1035308	0.221803438	0.136224127	0.0737209639	0.233479602	0.0672239547	0.0182946473	0	27.2	0	0	3
124	204	0	1.11250259	0.212167702	0.137862491	0.0737209639	0.233479602	0.0656842576	0.0182946473	0	27.8	0	0	3
125	206	0	1.12147439	0.205759406	0.139410153	0.0737209639	0.233479602	0.0634159188	0.0182946473	0	28.8	0	0	3
126	207	0	1.13044618	0.203969074	0.140868366	0.0737209639	0.233479602	0.0612340474	0.0182946473	0	29.8	0	0	3
127	209	0	1.13941798	0.210751354	0.14242127	0.0737209639	0.233479602	0.0578998829	0.0182946473	0	31.5	0	0	3
128	211	0	1.14838977	0.218678182	0.144128397	0.0737209639	0.233479602	0.0557727456	0.0182946473	0	32.8	0	0	3
129	212	0	1.15736157	0.22406532	0.146123878	0.0737209639	0.233479602	0.0535732417	0.0182946473	0	34.1	0	0	3
130	214	0	1.16633336	0.227641518	0.148364607	0.0737209639	0.233479602	0.0498629241	0.0182946473	0	36.6	0	0	3
131	215	0	1.17530516	0.226431733	0.150813284	0.0737209639	0.233479602	0.0468629798	0.0182946473	0	39	0	0	3
132	217	0	1.18427695	0.220976599	0.153235222	0.0737209639	0.233479602	0.0431647319	0.0182946473	0	42.3	0	0	3
133	219	0	1.19324875	0.215137797	0.155585035	0.0737209639	0.233479602	0.0398458929	0.0182946473	0	45.9	0	0	3
134	220	0	1.20222054	0.20592176	0.157657168	0.0737209639	0.233479602	0.03786847	0.0182946473	0	48.3	0	0	3
135	222	0	1.21119234	0.1973889	0.159532524	0.0737209639	0.233479602	0.039743826	0.0182946473	0	46	0	0	3
136	223	0	1.22016413	0.186148494	0.16109339	0.0737209639	0.233479602	0.0413046926	0.0182946473	0	44.2	0	0	3
137	225	0	1.22913593	0.174860993	0.162509961	0.0737209639	0.233479602	0.0427212638	0.0182946473	0	42.8	0	0	3
138	227	0	1.23810772	0.161732675	0.163739088	0.0737209639	0.233479602	0.0439503902	0.0182946473	0	41.6	0	0	3
139	228	0	1.24707952	0.149418064	0.164920794	0.0737209639	0.233479602	0.0451320969	0.0182946473	0	40.5	0	0	3
140	230	0	1.25605131	0.142548642	0.166000535	0.0737209639	0.233479602	0.0462118374	0.0182946473	0	39.5	0	0	3
141	232	0	1.26502311	0.142549777	0.167143844	0.0737209639	0.233479602	0.0473551462	0.0182946473	0	38.6	0	0	3
142	233	0	1.2739949	0.152933811	0.168357646	0.0737209639	0.233479602	0.0485689482	0.0182946473	0	37.6	0	0	3
143	235	0	1.2829667	0.166853761	0.169787564	0.0737209639	0.233479602	0.0499988663	0.0182946473	0	36.5	0	0	3
144	236	0	1.2919385	0.179909495	0.171365294	0.0737209639	0.233479602	0.0515765963	0.0182946473	0	35.4	0	0	3
145	238	0	1.30091029	0.183959249	0.173115445	0.0737209639	0.233479602	0.0533267474	0.0182946473	0	34.3	0	0	3
146	239	0	1.30988209	0.175298723	0.174794053	0.0737209639	0.233479602	0.0550053558	0.0182946473	0	33.2	0	0	3
147	241	0	1.31885388	0.159802264	0.176331219	0.0759859509	0.233479602	0.0565425218	0.0182946473	0	32.3	0	0	3
148	243	0	1.32782568	0.144500719	0.177554697	0.0857404683	0.233479602	0.0577659999	0.0182946473	0	31.6	0	0	3
149	244	0	1.33679747	0.133559074	0.178408601	0.109063088	0.233479602	0.0586199035	0.0182946473	0	31.2	0	0	3
150	246	0	1.34576927	0.134299703	0.178859255	0.119693235	0.233479602	0.0590705574	0.0182946473	0	30.9	0	0	3
151	247	0	1.35474106	0.141939907	0.179065865	0.119693235	0.233479602	0.059277167	0.0182946473	0	30.8	0	0	3
152	249	0	1.36371286	0.156376617	0.179137395	0.119693235	0.233479602	0.0593486974	0.0182946473	0	30.8	0	0	3
153	250	0	1.37268465	0.16993396	0.179258533	0.119693235	0.233479602	0.0594698354	0.0182946473	0	30.7	0	0	3
154	252	0	1.38165645	0.173547408	0.179428631	0.119693235	0.233479602	0.0596399339	0.0182946473	0	30.6	0	0	3
155	253	0	1.39062824	0.161826738	0.179530097	0.119693235	0.233479602	0.0597413997	0.0182946473	0	30.6	0	0	3
156	255	0	1.39960004	0.142468672	0.179385196	0.119693235	0.233479602	0.0597413997	0.0182946473	0	30.6	0	0	3
157	256	0	1.40857183	0.1252551	0.178954166	0.119693235	0.233479602	0.0597413997	0.0182946473	0	30.6	0	0	3
158	258	0	1.41754363	0.120944549	0.178361985	0.119693235	0.233479602	0.0597413997	0.0182946473	0	30.6	0	0	3
159	259	0	1.42651542	0.128408633	0.177799044	0.119693235	0.233479602	0.0597413997	0.0182946473	0	30.6	0	0	3
160	261	0	1.43548722	0.150217737	0.177452611	0.119693235	0.233479602	0.0597413997	0.0182946473	0	30.6	0	0	3
161	263	0	1.44445901	0.173860373	0.177569832	0.119693235	0.233479602	0.0597413997	0.0182946473	0	30.6	0	0	3
162	264	0	1.45343081	0.188327295	0.178095884	0.119693235	0.233479602	0.0597413997	0.0182946473	0	30.6	0	0	3
163	266	0	1.4624026	0.195892465	0.179152894	0.119693235	0.233479602	0.0597413997	0.0182946473	0	30.6	0	0	3
164	267	0	1.4713744	0.193857164	0.180381278	0.119693235	0.233479602	0.0605925807	0.0182946473	0	30.1	0	0	3
165	269	0	1.48034619	0.186898519	0.181581373	0.120944549	0.233479602	0.061792675	0.0182946473	0	29.6	0	0	3
166	270	0	1.48931799	0.18654037	0.182540614	0.120944549	0.233479602	0.0627519163	0.0182946473	0	29.1	0	0	3
167	272	0	1.49828978	0.193023845	0.183288469	0.120944549	0.233479602	0.0629329687	0.0182946473	0	29	0	0	3
168	273	0	1.50726158	0.2066459	0.183833869	0.120944549	0.233479602	0.0626052974	0.0182946473	0	29.2	0	0	3
169	275	0	1.51623337	0.220529126	0.184351336	0.120944549	0.233479602	0.0620499383	0.0182946473	0	29.4	0	0	3
170	276	0	1.52520517	0.229303743	0.18485537	0.120944549	0.233479602	0.0615800309	0.0182946473	0	29.7	0	0	3
171	278	0	1.53417696	0.230965021	0.185403458	0.120944549	0.233479602	0.0610732629	0.0182946473	0	29.9	0	0	3
172	279	0	1.54314876	0.225827996	0.185832767	0.120944549	0.233479602	0.0603865399	0.0182946473	0	30.2	0	0	3
173	281	0	1.55212055	0.216719193	0.186103201	0.120944549	0.233479602	0.0592467976	0.0182946473	0	30.8	0	0	3
174	282	0	1.56109235	0.211215393	0.186128454	0.120944549	0.233479602	0.0576120452	0.0182946473	0	31.7	0	0	3
175	284	0	1.57006414	0.214234219	0.186072886	0.120944549	0.233479602	0.0556973655	0.0182946473	0	32.8	0	0	3
176	285	0	1.57903594	0.224929386	0.185994582	0.120944549	0.233479602	0.0537101886	0.0182946473	0	34	0	0	3
177	287	0	1.58800773	0.234204631	0.186007889	0.120944549	0.234204631	0.0517154678	0.0182946473	0	35.3	0	0	3
178	288	0	1.59697953	0.241015958	0.186142467	0.120944549	0.241015958	0.0499183394	0.0182946473	0	36.6	0	0	3
179	290	0	1.60595132	0.239080413	0.186450984	0.120944549	0.241015958	0.0485884937	0.0182946473	0	37.6	0	0	3
180	291	0	1.61492312	0.229464569	0.186759857	0.120944549	0.241015958	0.0473497039	0.0182946473	0	38.6	0	0	3
181	293	0	1.62389491	0.220579058	0.187024494	0.120944549	0.241015958	0.0461561271	0.0182946473	0	39.6	0	0	3
182	294	0	1.63286671	0.213304362	0.187191195	0.120944549	0.241015958	0.0447699246	0.0182946473	0	40.8	0	0	3
183	296	0	1.6418385	0.213829798	0.187246167	0.120944549	0.241015958	0.0431177703	0.0182946473	0	42.4	0	0	3
184	297	0	1.6508103	0.219090699	0.187253534	0.120944549	0.241015958	0.0411296554	0.0182946473	0	44.4	0	0	3
185	299	0	1.65978209	0.230068715	0.187360737	0.120944549	0.241015958	0.0389961304	0.0182946473	0	46.9	0	0	3
186	300	0	1.66875389	0.235787119	0.187506194	0.120944549	0.241015958	0.0366929106	0.0182946473	0	49.8	0	0	3
187	302	0	1.67772568	0.233252255	0.187627989	0.120944549	0.241015958	0.0343927676	0.0182946473	0	53.1	0	0	3
188	303	0	1.68669748	0.226327141	0.187723535	0.120944549	0.241015958	0.0321384996	0.0182946473	0	56.9	0	0	3
189	305	0	1.69566927	0.210379296	0.187638562	0.120944549	0.241015958	0.0300663671	0.0182946473	0	60.8	0	0	3
190	306	0	1.70464107	0.195213103	0.187447336	0.120944549	0.241015958	0.0281910111	0.0182946473	0	64.8	0	0	3
191	308	0	1.71361287	0.186341673	0.187250064	0.120944549	0.241015958	0.0266301446	0.0182946473	0	68.6	0	0	3
192	309	0	1.72258466	0.185620725	0.187240639	0.120944549	0.241015958	0.0252135734	0.0182946473	0	72.5	0	0	3
193	311	0	1.73155646	0.195330734	0.18760617	0.120944549	0.241015958	0.023984447	0.0182946473	0	76.2	0	0	3
194	312	0	1.74052825	0.204033044	0.188361534	0.120944549	0.241015958	0.0234407395	0.0182946473	0	78	0	0	3
195	314	0	1.74950005	0.206318819	0.189377619	0.120944549	0.241015958	0.0233770839	0.0182946473	0	78.2	0	0	3
196	315	0	1.75847184	0.199611414	0.190396597	0.120944549	0.241015958	0.0232527532	0.0182946473	0	78.6	0	0	3
197	317	0	1.76744364	0.188377155	0.191214943	0.120944549	0.241015958	0.0228572973	0.0182946473	0	80	0	0	3
198	318	0	1.77641543	0.174410823	0.191598461	0.120944549	0.241015958	0.0218108972	0.0182946473	0	83.8	0	0	3
199	320	0	1.78538723	0.161910927	0.191510196	0.120944549	0.241015958	0.0202331672	0.0182946473	0	90.4	0	0	3
200	321	0	1.79435902	0.153922767	0.191046147	0.120944549	0.241015958	0.0184830161	0.0182946473	0	98.9	0	0	3
201	326	0	1.80333082	0.150165287	0.190442684	0.120944549	0.241015958	0.0168044077	0.0182946473	0	100	0	0	3
