Iteration	CPUTime	PhysTime	Travels	Value	AvValue	MinValue	MaxValue	Delta	Criteria	PrevAvRefValue	Progress	CriteriaType	CriteriaVarType	CriteriaPercentage
1	9	0	0.00897215797	101324.885	101324.885	101324.885	101324.885	0	0	0	0	0	0	3
2	11	0	0.0179443159	101324.918	101324.902	101324.885	101324.918	0.0164113536	0	0	0	0	0	3
3	12	0	0.0269164739	101325.019	101324.941	101324.885	101325.019	0.0556219679	0	0	0	0	0	3
4	14	0	0.0358886319	101325.007	101324.957	101324.885	101325.019	0.0722624332	0	0	0	0	0	3
5	16	0	0.0448607898	101325.012	101324.968	101324.885	101325.019	0.083245375	0	0	0	0	0	3
6	17	0	0.0538329478	101324.997	101324.973	101324.885	101325.019	0.0880806245	0	0	0	0	0	3
7	19	0	0.0628051058	101325.012	101324.979	101324.885	101325.019	0.0936750238	0	0	0	0	0	3
8	20	0	0.0717772637	101325.003	101324.982	101324.885	101325.019	0.0966494605	0	0	0	0	0	3
9	22	0	0.0807494217	101325.015	101324.985	101324.885	101325.019	0.100284351	0	0	0	0	0	3
10	24	0	0.0897215797	101325.004	101324.987	101324.885	101325.019	0.102168829	0	0	0	0	0	3
11	26	0	0.0986937376	101325.014	101324.99	101324.885	101325.019	0.104612528	0	0	0	0	0	3
12	27	0	0.107665896	101325.008	101324.991	101324.885	101325.019	0.106112665	0	0	0	0	0	3
13	29	0	0.116638054	101325.016	101324.993	101324.885	101325.019	0.10802934	0	0	0	0	0	3
14	30	0	0.125610212	101325.011	101324.994	101324.885	101325.019	0.109329832	0	0	0	0	0	3
15	32	0	0.13458237	101325.017	101324.996	101324.885	101325.019	0.11083248	0	0	0	0	0	3
16	34	0	0.143554527	101325.015	101324.997	101324.885	101325.019	0.112010931	0	0	0	0	0	3
17	35	0	0.152526685	101325.018	101324.998	101324.885	101325.019	0.113234994	0	0	0	0	0	3
18	37	0	0.161498843	101325.017	101324.999	101324.885	101325.019	0.114248949	0	0	0	0	0	3
19	39	0	0.170471001	101325.018	101325	101324.885	101325.019	0.115238058	0	0	0	0	0	3
20	40	0	0.179443159	101325.018	101325.001	101324.885	101325.019	0.116094896	0	0	0	0	0	3
21	42	0	0.188415317	101325.019	101325.002	101324.885	101325.019	0.116916654	0	0	0	0	0	3
22	43	0	0.197387475	101325.018	101325.003	101324.885	101325.019	0.117654399	0	0	0	0	0	3
23	45	0	0.206359633	101325.018	101325.003	101324.885	101325.019	0.118319097	0	0	0	0	0	3
24	46	0	0.215331791	101325.018	101325.004	101324.885	101325.019	0.118918528	0	0	0	0	0	3
25	48	0	0.224303949	101325.017	101325.005	101324.885	101325.019	0.119448844	0	0	0	0	0	3
26	50	0	0.233276107	101325.017	101325.005	101324.885	101325.019	0.119922038	0	0	0	0	0	3
27	51	0	0.242248265	101325.014	101325.005	101324.885	101325.019	0.120266045	0	0	0	0	0	3
28	53	0	0.251220423	101325.011	101325.006	101324.885	101325.019	0.120469063	0	0	0	0	0	3
29	54	0	0.260192581	101325.007	101325.006	101324.885	101325.019	0.120532287	0	0	0	0	0	3
30	56	0	0.269164739	101325.004	101325.006	101324.885	101325.019	0.120532287	0	0	0	0	0	3
31	58	0	0.278136897	101325	101325.005	101324.885	101325.019	0.120532287	0	0	0	0	0	3
32	59	0	0.287109055	101324.994	101325.005	101324.885	101325.019	0.120532287	0	0	0	0	0	3
33	61	0	0.296081213	101324.989	101325.005	101324.885	101325.019	0.120532287	0	0	0	0	0	3
34	63	0	0.305053371	101324.985	101325.004	101324.885	101325.019	0.120532287	0	0	0	0	0	3
35	64	0	0.314025529	101324.982	101325.003	101324.885	101325.019	0.120532287	0	0	0	0	0	3
36	66	0	0.322997687	101324.98	101325.003	101324.885	101325.019	0.120532287	0	0	0	0	0	3
37	67	0	0.331969845	101324.978	101325.002	101324.885	101325.019	0.120532287	0	0	0	0	0	3
38	69	0	0.340942003	101324.976	101325.001	101324.885	101325.019	0.120532287	0	0	0	0	0	3
39	71	0	0.349914161	101324.975	101325.001	101324.885	101325.019	0.120532287	0	0	0	0	0	3
40	73	0	0.358886319	101324.974	101325	101324.885	101325.019	0.120532287	0	0	0	0	0	3
41	74	0	0.367858477	101324.974	101324.999	101324.885	101325.019	0.120532287	0	0	0	0	0	3
42	76	0	0.376830635	101324.973	101324.999	101324.885	101325.019	0.120532287	0	0	0	0	0	3
43	78	0	0.385802793	101324.972	101324.998	101324.885	101325.019	0.120532287	0	0	0	0	0	3
44	79	0	0.394774951	101324.971	101324.998	101324.885	101325.019	0.120532287	0	0	0	0	0	3
45	81	0	0.403747109	101324.97	101324.997	101324.885	101325.019	0.120532287	0	0	0	0	0	3
46	82	0	0.412719266	101324.969	101324.996	101324.885	101325.019	0.120532287	0	0	0	0	0	3
47	84	0	0.421691424	101324.968	101324.996	101324.885	101325.019	0.120532287	0	0	0	0	0	3
48	86	0	0.430663582	101324.967	101324.995	101324.885	101325.019	0.120532287	0	0	0	0	0	3
49	87	0	0.43963574	101324.967	101324.995	101324.885	101325.019	0.120532287	0	0	0	0	0	3
50	89	0	0.448607898	101324.967	101324.994	101324.885	101325.019	0.120532287	0	0	0	0	0	3
51	91	0	0.457580056	101324.966	101324.993	101324.885	101325.019	0.120532287	0	0	0	0	0	3
52	92	0	0.466552214	101324.966	101324.993	101324.885	101325.019	0.120532287	0	0	0	0	0	3
53	94	0	0.475524372	101324.965	101324.992	101324.885	101325.019	0.120532287	0	0	0	0	0	3
54	96	0	0.48449653	101324.965	101324.992	101324.885	101325.019	0.120532287	0	0	0	0	0	3
55	97	0	0.493468688	101324.964	101324.991	101324.885	101325.019	0.120532287	0	0	0	0	0	3
56	99	0	0.502440846	101324.963	101324.991	101324.885	101325.019	0.120532287	0	0	0	0	0	3
57	100	0	0.511413004	101324.964	101324.992	101324.918	101325.019	0.10122049	0	0	0	0	0	3
58	102	0	0.520385162	101324.964	101324.993	101324.963	101325.019	0.0558536647	0	0	0	0	0	3
59	104	0	0.52935732	101324.964	101324.992	101324.963	101325.019	0.0482698533	0	0	0	0	0	3
60	105	0	0.538329478	101324.963	101324.991	101324.963	101325.019	0.0372869116	0	0	0	0	0	3
61	107	0	0.547301636	101324.962	101324.99	101324.962	101325.019	0.032451662	0	0	0	0	0	3
62	108	0	0.556273794	101324.962	101324.99	101324.962	101325.019	0.0268572627	0	0	0	0	0	3
63	110	0	0.565245952	101324.961	101324.989	101324.961	101325.019	0.023882826	0	0	0	0	0	3
64	112	0	0.57421811	101324.961	101324.988	101324.961	101325.019	0.0202479359	0	0	0	0	0	3
65	113	0	0.583190268	101324.961	101324.987	101324.961	101325.019	0.0185421355	0	0	0	0	0	3
66	115	0	0.592162426	101324.961	101324.986	101324.961	101325.019	0.0193233412	0	0	0	0	0	3
67	116	0	0.601134584	101324.96	101324.985	101324.96	101325.019	0.0202962894	0	0	0	0	0	3
68	118	0	0.610106742	101324.959	101324.985	101324.959	101325.019	0.0211658387	0	0	0	0	0	3
69	120	0	0.6190789	101324.959	101324.983	101324.959	101325.019	0.0221931791	0	0	0	0	0	3
70	122	0	0.628051058	101324.958	101324.983	101324.958	101325.019	0.0231409501	0	0	0	0	0	3
71	123	0	0.637023216	101324.958	101324.981	101324.958	101325.019	0.024189811	0	0	0	0	0	3
72	125	0	0.645995374	101324.958	101324.98	101324.958	101325.019	0.0252042681	0	0	0	0	0	3
73	126	0	0.654967532	101324.958	101324.979	101324.958	101325.019	0.0262769583	0	0	0	0	0	3
74	128	0	0.66393969	101324.957	101324.978	101324.957	101325.019	0.0273345189	0	0	0	0	0	3
75	130	0	0.672911848	101324.957	101324.977	101324.957	101325.019	0.0284239914	0	0	0	0	0	3
76	131	0	0.681884005	101324.957	101324.976	101324.957	101325.019	0.0295017258	0	0	0	0	0	3
77	133	0	0.690856163	101324.958	101324.975	101324.957	101325.018	0.0305844908	0	0	0	0	0	3
78	134	0	0.699828321	101324.959	101324.974	101324.957	101325.018	0.0316488541	0	0	0	0	0	3
79	136	0	0.708800479	101324.959	101324.973	101324.957	101325.018	0.0326976894	0	0	0	0	0	3
80	137	0	0.717772637	101324.959	101324.972	101324.957	101325.017	0.033755727	0	0	0	0	0	3
81	139	0	0.726744795	101324.957	101324.971	101324.957	101325.017	0.0348245366	0	0	0	0	0	3
82	141	0	0.735716953	101324.956	101324.97	101324.956	101325.014	0.03591814	0	0	0	0	0	3
83	142	0	0.744689111	101324.955	101324.969	101324.955	101325.011	0.0369771705	0	0	0	0	0	3
84	144	0	0.753661269	101324.956	101324.968	101324.955	101325.007	0.0379649262	0	0	0	0	0	3
85	145	0	0.762633427	101324.957	101324.967	101324.955	101325.004	0.0388099099	0	0	0	0	0	3
86	146	0	0.771605585	101324.957	101324.966	101324.955	101325	0.0394559401	0	0	0	0	0	3
87	148	0	0.780577743	101324.957	101324.965	101324.955	101324.994	0.0388424144	0	0	0	0	0	3
88	149	0	0.789549901	101324.956	101324.965	101324.955	101324.989	0.0337709705	0	0	0	0	0	3
89	151	0	0.798522059	101324.956	101324.964	101324.955	101324.985	0.0297692376	0	0	0	0	0	3
90	152	0	0.807494217	101324.956	101324.963	101324.955	101324.982	0.0270017613	0	0	0	0	0	3
91	153	0	0.816466375	101324.956	101324.963	101324.955	101324.98	0.0247280185	0	0	0	0	0	3
92	155	0	0.825438533	101324.957	101324.963	101324.955	101324.978	0.0228151196	0	0	0	0	0	3
93	156	0	0.834410691	101324.957	101324.962	101324.955	101324.976	0.0211802519	0	0	0	0	0	3
94	157	0	0.843382849	101324.957	101324.962	101324.955	101324.975	0.0201631369	0	0	0	0	0	3
95	159	0	0.852355007	101324.956	101324.961	101324.955	101324.974	0.0193663884	0	0	0	0	0	3
96	160	0	0.861327165	101324.956	101324.961	101324.955	101324.974	0.0192681604	0	0	0	0	0	3
97	161	0	0.870299323	101324.956	101324.961	101324.955	101324.973	0.0184423951	0	0	0	0	0	3
98	163	0	0.879271481	101324.956	101324.961	101324.955	101324.972	0.0168372945	0	0	0	0	0	3
99	164	0	0.888243639	101324.956	101324.96	101324.955	101324.971	0.0154848559	0	0	0	0	0	3
100	165	0	0.897215797	101324.955	101324.96	101324.955	101324.97	0.0145841074	0	0	0	0	0	3
101	170	0	0.906187955	101324.955	101324.96	101324.955	101324.969	0.0135773063	0	0	0	0	0	3
102	171	0	0.915160113	101324.955	101324.959	101324.955	101324.968	0.0129735104	0	0	0	0	0	3
103	172	0	0.924132271	101324.956	101324.959	101324.955	101324.967	0.0122216643	0	0	0	0	0	3
104	174	0	0.933104429	101324.956	101324.959	101324.955	101324.967	0.0119619657	0	0	0	0	0	3
105	175	0	0.942076587	101324.956	101324.959	101324.955	101324.967	0.0114943006	0	0	0	0	0	3
106	176	0	0.951048744	101324.956	101324.959	101324.955	101324.966	0.011030939	0	0	0	0	0	3
107	178	0	0.960020902	101324.955	101324.958	101324.955	101324.966	0.010548269	0	0	0	0	0	3
108	179	0	0.96899306	101324.954	101324.958	101324.954	101324.965	0.0109215714	0	0	0	0	0	3
109	180	0	0.977965218	101324.954	101324.958	101324.954	101324.965	0.0107030521	0	0	0	0	0	3
110	182	0	0.986937376	101324.954	101324.958	101324.954	101324.964	0.010097438	0	0	0	0	0	3
111	183	0	0.995909534	101324.954	101324.958	101324.954	101324.964	0.0098927027	0	0	0	0	0	3
112	185	0	1.00488169	101324.954	101324.958	101324.954	101324.964	0.0098927027	0.00196112575	0	0	0	0	3
113	186	0	1.01385385	101324.954	101324.957	101324.954	101324.964	0.0098927027	0.00196112575	0	0	0	0	3
114	187	0	1.02282601	101324.954	101324.957	101324.954	101324.964	0.00994486769	0.00196306075	0	0	0	0	3
115	189	0	1.03179817	101324.953	101324.957	101324.953	101324.963	0.00989906807	0.00196312467	0	0	0	0	3
116	190	0	1.04077032	101324.953	101324.957	101324.953	101324.962	0.00946108135	0.00196594965	0	0	0	0	3
117	191	0	1.04974248	101324.953	101324.957	101324.953	101324.962	0.00883653775	0.00196764464	0	0	0	0	3
118	193	0	1.05871464	101324.954	101324.956	101324.953	101324.961	0.0086537578	0.00196877463	0	0	0	0	3
119	194	0	1.0676868	101324.955	101324.956	101324.953	101324.961	0.00851073956	0.00196958177	0	0	0	0	3
120	195	0	1.07665896	101324.955	101324.956	101324.953	101324.961	0.00841105424	0.00197018712	0	0	0	0	3
121	197	0	1.08563111	101324.955	101324.956	101324.953	101324.961	0.00784395461	0.00197065795	0	0	0	0	3
122	198	0	1.09460327	101324.954	101324.956	101324.953	101324.96	0.00702675496	0.00197103462	0	0	0	0	3
123	200	0	1.10357543	101324.953	101324.956	101324.953	101324.959	0.00667000593	0.0019713428	0	0	0	0	3
124	201	0	1.11254759	101324.953	101324.956	101324.953	101324.959	0.00685878849	0.00197207157	0	0	0	0	3
125	203	0	1.12151975	101324.953	101324.956	101324.953	101324.959	0.00685878849	0.00197268822	0	0	0	0	3
126	204	0	1.1304919	101324.955	101324.956	101324.953	101324.959	0.00685878849	0.00197321679	0	0	0	0	3
127	205	0	1.13946406	101324.956	101324.956	101324.953	101324.959	0.00685878849	0.00197367487	0	0	0	0	3
128	206	0	1.14843622	101324.957	101324.956	101324.953	101324.959	0.00685878849	0.0019740757	0	0	0	0	3
129	208	0	1.15740838	101324.957	101324.956	101324.953	101324.959	0.00685878849	0.00197442937	0	0	0	0	3
130	209	0	1.16638054	101324.956	101324.956	101324.953	101324.959	0.00685878849	0.00197474374	0	0	0	0	3
131	210	0	1.17535269	101324.956	101324.955	101324.953	101324.959	0.00685878849	0.00197502502	0	0	0	0	3
132	212	0	1.18432485	101324.956	101324.955	101324.953	101324.959	0.00685878849	0.00197527817	0	0	0	0	3
133	213	0	1.19329701	101324.956	101324.955	101324.953	101324.959	0.00685878849	0.00197521469	0	0	0	0	3
134	214	0	1.20226917	101324.957	101324.955	101324.953	101324.959	0.00685878849	0.00197487798	0	0	0	0	3
135	215	0	1.21124133	101324.957	101324.955	101324.953	101324.959	0.00610647733	0.00197426143	0	0	0	0	3
136	217	0	1.22021348	101324.957	101324.955	101324.953	101324.957	0.00497419691	0.00197303496	0	0	0	0	3
137	218	0	1.22918564	101324.957	101324.955	101324.953	101324.957	0.00466315856	0.00197139718	0	0	0	0	3
138	219	0	1.2381578	101324.956	101324.955	101324.953	101324.957	0.00466315856	0.00196695269	0	0	0	0	3
139	220	0	1.24712996	101324.956	101324.955	101324.953	101324.957	0.00466315856	0.00196112575	0	0	0	0	3
140	222	0	1.25610212	101324.957	101324.955	101324.953	101324.957	0.00466315856	0.00196112575	0	0	0	0	3
141	223	0	1.26507427	101324.957	101324.955	101324.953	101324.957	0.00466315856	0.00196112575	0	0	0	0	3
142	224	0	1.27404643	101324.957	101324.955	101324.953	101324.957	0.00469418702	0.00196112575	0	0	0	0	3
143	226	0	1.28301859	101324.957	101324.955	101324.953	101324.957	0.00469418702	0.00196112575	0	0	0	0	3
144	227	0	1.29199075	101324.957	101324.955	101324.953	101324.957	0.00469418702	0.00196112575	0	0	0	0	3
145	228	0	1.30096291	101324.957	101324.955	101324.953	101324.957	0.00469418702	0.00196112575	0	0	0	0	3
146	229	0	1.30993506	101324.957	101324.955	101324.953	101324.957	0.00469418702	0.00196112575	0	0	0	0	3
147	231	0	1.31890722	101324.956	101324.955	101324.953	101324.957	0.00469418702	0.00196112575	0	0	0	0	3
148	232	0	1.32787938	101324.957	101324.955	101324.953	101324.957	0.00469418702	0.00196112575	0	0	0	0	3
149	233	0	1.33685154	101324.957	101324.955	101324.953	101324.957	0.00469418702	0.00196112575	0	0	0	0	3
150	235	0	1.3458237	101324.957	101324.955	101324.953	101324.957	0.00492351719	0.00196112575	0	0	0	0	3
151	236	0	1.35479585	101324.958	101324.955	101324.953	101324.958	0.00521203212	0.00196112575	0	0	0	0	3
152	237	0	1.36376801	101324.958	101324.955	101324.953	101324.958	0.00521203212	0.00196112575	0	0	0	0	3
153	239	0	1.37274017	101324.957	101324.956	101324.953	101324.958	0.00520035934	0.00196112575	0	0	0	0	3
154	240	0	1.38171233	101324.957	101324.956	101324.953	101324.958	0.00491100043	0.00196112575	0	0	0	0	3
155	241	0	1.39068448	101324.957	101324.956	101324.953	101324.958	0.00464141784	0.00196112575	0	0	0	0	3
156	243	0	1.39965664	101324.957	101324.956	101324.953	101324.958	0.00438804597	0.00196112575	0	0	0	0	3
157	244	0	1.4086288	101324.957	101324.956	101324.953	101324.958	0.00415289345	0.00196112575	0	0	0	0	3
158	245	0	1.41760096	101324.957	101324.956	101324.953	101324.958	0.00393132425	0.00196112575	0	0	0	0	3
159	247	0	1.42657312	101324.958	101324.956	101324.953	101324.958	0.00372730117	0.00196112575	0	0	0	0	3
160	248	0	1.43554527	101324.958	101324.956	101324.953	101324.958	0.00352779961	0.00196112575	0	0	0	0	3
161	249	0	1.44451743	101324.958	101324.956	101324.953	101324.958	0.0033341486	0.00196112575	0	0	0	0	3
162	250	0	1.45348959	101324.958	101324.956	101324.953	101324.958	0.00313953163	0.00196112575	0	0	0	0	3
163	252	0	1.46246175	101324.957	101324.956	101324.953	101324.958	0.00293884247	0.00196112575	0	0	0	0	3
164	253	0	1.47143391	101324.957	101324.956	101324.953	101324.958	0.00273413838	0.00196112575	0	0	0	0	3
165	254	0	1.48040606	101324.956	101324.956	101324.953	101324.958	0.00254395968	0.00196112575	0	0	0	0	3
166	256	0	1.48937822	101324.956	101324.956	101324.953	101324.958	0.00236749991	0.00196112575	0	0	0	0	3
167	257	0	1.49835038	101324.957	101324.956	101324.953	101324.958	0.00220602361	0.00196112575	0	0	0	0	3
168	258	0	1.50732254	101324.958	101324.956	101324.953	101324.958	0.00203955013	0.00196112575	0	0	0	0	3
169	260	0	1.5162947	101324.958	101324.956	101324.953	101324.958	0.00186059116	0.00196112575	0	0	0	0	3
170	261	0	1.52526685	101324.958	101324.956	101324.953	101324.958	0.00167169573	0.00196112575	0	0	0	0	3
171	262	0	1.53423901	101324.957	101324.956	101324.953	101324.958	0.0014882766	0.00196112575	0	0	0	0	3
172	264	0	1.54321117	101324.957	101324.956	101324.953	101324.958	0.00132334128	0.00196112575	0	0	0	0	3
173	265	0	1.55218333	101324.956	101324.956	101324.953	101324.958	0.00118521888	0.00196112575	0	0	0	0	3
174	266	0	1.56115549	101324.956	101324.956	101324.953	101324.958	0.00118078837	0.00196112575	0	0	0	0	3
175	267	0	1.57012764	101324.957	101324.957	101324.953	101324.958	0.00121490902	0.00196112575	0	0	0	0	3
176	269	0	1.5790998	101324.958	101324.957	101324.953	101324.958	0.00126169046	0.00196112575	0	0	0	0	3
177	270	0	1.58807196	101324.959	101324.957	101324.953	101324.959	0.00132903953	0.00196112575	0	0	0	0	3
178	271	0	1.59704412	101324.959	101324.957	101324.953	101324.959	0.00141436212	0.00196112575	0	0	0	0	3
179	273	0	1.60601628	101324.958	101324.957	101324.953	101324.959	0.00150798353	0.00196112575	0	0	0	0	3
180	274	0	1.61498843	101324.957	101324.957	101324.953	101324.959	0.00159015648	0.00196112575	0	0	0	0	3
181	275	0	1.62396059	101324.956	101324.957	101324.955	101324.959	0.00164312763	0.00196112575	0	0	0	0	3
182	277	0	1.63293275	101324.956	101324.957	101324.956	101324.959	0.00166174636	0.00196112575	0	0	0	0	3
183	278	0	1.64190491	101324.956	101324.957	101324.956	101324.959	0.0016667665	0.00196112575	0	0	0	0	3
184	279	0	1.65087707	101324.957	101324.957	101324.956	101324.959	0.00167873694	0.00196112575	0	0	0	0	3
185	281	0	1.65984922	101324.958	101324.957	101324.956	101324.959	0.0017132458	0.00196112575	0	0	0	0	3
186	282	0	1.66882138	101324.959	101324.957	101324.956	101324.959	0.00176553198	0.00196112575	0	0	0	0	3
187	283	0	1.67779354	101324.959	101324.957	101324.956	101324.959	0.00181921863	0.00196112575	0	0	0	0	3
188	285	0	1.6867657	101324.958	101324.957	101324.956	101324.959	0.00185256258	0.00196112575	0	0	0	0	3
189	286	0	1.69573786	101324.956	101324.957	101324.956	101324.959	0.00185540518	0.00196112575	0	0	0	0	3
190	287	0	1.70471001	101324.955	101324.957	101324.955	101324.959	0.00185540518	0.00196112575	0	0	0	0	3
191	289	0	1.71368217	101324.954	101324.957	101324.954	101324.959	0.00185540518	0.00196112575	0	0	0	0	3
192	290	0	1.72265433	101324.956	101324.957	101324.954	101324.959	0.00185540518	0.00196112575	0	0	0	0	3
193	292	0	1.73162649	101324.958	101324.957	101324.954	101324.959	0.00184344815	0.00196112575	0	0	0	0	3
194	293	0	1.74059865	101324.96	101324.957	101324.954	101324.96	0.00182356314	0.00196112575	0	0	0	0	3
195	295	0	1.7495708	101324.96	101324.957	101324.954	101324.96	0.00186306577	0.00196112575	0	0	0	0	3
196	296	0	1.75854296	101324.959	101324.957	101324.954	101324.96	0.00190385888	0.00196112575	0	0	0	0	3
197	298	0	1.76751512	101324.957	101324.957	101324.954	101324.96	0.00190010254	0.00196112575	0	0	0	0	3
198	299	0	1.77648728	101324.955	101324.957	101324.954	101324.96	0.00189309922	0.00196112575	0	0	0	0	3
199	300	0	1.78545944	101324.954	101324.957	101324.954	101324.96	0.00187039455	0.00196112575	0	0	0	0	3
200	302	0	1.79443159	101324.953	101324.957	101324.953	101324.96	0.00184560932	0.00196112575	0	0	0	0	3
201	307	0	1.80340375	101324.955	101324.957	101324.953	101324.96	0.00184103071	0.00196112575	0	0	0	0	3
202	308	0	1.81237591	101324.957	101324.957	101324.953	101324.96	0.00184103071	0.00196112575	0	0	0	0	3
203	310	0	1.82134807	101324.958	101324.957	101324.953	101324.96	0.00184103071	0.00196112575	0	0	0	0	3
204	311	0	1.83032023	101324.959	101324.957	101324.953	101324.96	0.00184103071	0.00196112575	0	0	0	0	3
205	313	0	1.83929238	101324.958	101324.957	101324.953	101324.96	0.00182882362	0.00196112575	0	0	0	0	3
206	314	0	1.84826454	101324.957	101324.957	101324.953	101324.96	0.00180415626	0.00196112575	0	0	0	0	3
207	316	0	1.8572367	101324.956	101324.957	101324.953	101324.96	0.00177309409	0.00196112575	0	0	0	0	3
208	317	0	1.86620886	101324.955	101324.957	101324.953	101324.96	0.00174724607	0.00196112575	0	0	0	0	3
209	319	0	1.87518102	101324.955	101324.957	101324.953	101324.96	0.00172408664	0.00196112575	0	0	0	0	3
210	320	0	1.88415317	101324.956	101324.957	101324.953	101324.96	0.00170874425	0.00196112575	0	0	0	0	3
211	322	0	1.89312533	101324.957	101324.957	101324.953	101324.96	0.00168857261	0.00196112575	0	0	0	0	3
212	323	0	1.90209749	101324.957	101324.957	101324.953	101324.96	0.00166265781	0.00196112575	0	0	0	0	3
213	325	0	1.91106965	101324.958	101324.957	101324.953	101324.96	0.001626318	0.00196112575	0	0	0	0	3
214	326	0	1.9200418	101324.957	101324.957	101324.953	101324.96	0.00158073858	0.00196112575	0	0	0	0	3
215	328	0	1.92901396	101324.957	101324.957	101324.953	101324.96	0.00153434236	0.00196112575	0	0	0	0	3
216	329	0	1.93798612	101324.957	101324.957	101324.953	101324.96	0.00149082227	0.00196112575	0	0	0	0	3
217	331	0	1.94695828	101324.956	101324.957	101324.953	101324.96	0.00145061039	0.00196112575	0	0	0	0	3
218	332	0	1.95593044	101324.956	101324.957	101324.953	101324.96	0.00141270246	0.00196112575	0	0	0	0	3
219	333	0	1.96490259	101324.956	101324.957	101324.953	101324.96	0.00136928218	0.00196112575	0	0	0	0	3
220	335	0	1.97387475	101324.957	101324.957	101324.953	101324.96	0.0013236947	0.00196112575	0	0	0	0	3
221	336	0	1.98284691	101324.957	101324.957	101324.953	101324.96	0.00127846793	0.00196112575	0	0	0	0	3
222	338	0	1.99181907	101324.957	101324.957	101324.953	101324.96	0.00122781764	0.00196112575	0	0	0	0	3
223	339	0	2.00079123	101324.957	101324.957	101324.953	101324.96	0.00116686246	0.00196112575	0	0	0	0	3
224	341	0	2.00976338	101324.957	101324.957	101324.953	101324.96	0.00109696473	0.00196112575	0	0	0	0	3
225	342	0	2.01873554	101324.956	101324.957	101324.953	101324.96	0.00102320881	0.00196112575	0	0	0	0	3
226	344	0	2.0277077	101324.956	101324.957	101324.953	101324.96	0.0009470941	0.00196112575	0	0	0	0	3
227	345	0	2.03667986	101324.956	101324.957	101324.953	101324.96	0.000873952624	0.00196112575	0	0	0	0	3
228	347	0	2.04565202	101324.956	101324.957	101324.953	101324.96	0.000814003113	0.00196112575	0	0	0	0	3
229	348	0	2.05462417	101324.957	101324.957	101324.953	101324.96	0.00077395176	0.00196112575	0	0	0	0	3
230	350	0	2.06359633	101324.957	101324.957	101324.953	101324.96	0.000739831114	0.00196112575	0	0	0	0	3
231	351	0	2.07256849	101324.956	101324.957	101324.953	101324.96	0.000693049675	0.00196112575	0	0	0	0	3
232	353	0	2.08154065	101324.956	101324.957	101324.953	101324.96	0.000625700603	0.00196112575	0	0	0	0	3
233	354	0	2.09051281	101324.956	101324.957	101324.953	101324.96	0.000540645284	0.00196112575	0	0	0	0	3
234	356	0	2.09948496	101324.955	101324.957	101324.953	101324.96	0.000598107421	0.00196112575	0	0	0	0	3
235	357	0	2.10845712	101324.956	101324.957	101324.953	101324.96	0.000638702026	0.00196112575	0	0	0	0	3
236	359	0	2.11742928	101324.956	101324.957	101324.953	101324.96	0.000657515906	0.00196112575	0	0	0	0	3
237	360	0	2.12640144	101324.956	101324.957	101324.953	101324.96	0.000657515906	0.00196112575	0	0	0	0	3
238	361	0	2.1353736	101324.957	101324.957	101324.953	101324.96	0.000657515906	0.00196112575	0	0	0	0	3
239	363	0	2.14434575	101324.957	101324.957	101324.953	101324.96	0.000657515906	0.00196112575	0	0	0	0	3
240	364	0	2.15331791	101324.957	101324.957	101324.953	101324.96	0.000657515906	0.00196112575	0	0	0	0	3
241	366	0	2.16229007	101324.957	101324.957	101324.953	101324.96	0.000684297498	0.00196112575	0	0	0	0	3
242	367	0	2.17126223	101324.956	101324.957	101324.953	101324.96	0.00073239216	0.00196112575	0	0	0	0	3
243	369	0	2.18023439	101324.956	101324.956	101324.953	101324.96	0.000776343208	0.00196112575	0	0	0	0	3
244	370	0	2.18920654	101324.956	101324.956	101324.953	101324.96	0.00080401478	0.00196112575	0	0	0	0	3
245	372	0	2.1981787	101324.956	101324.956	101324.953	101324.96	0.000807520628	0.00196112575	0	0	0	0	3
246	373	0	2.20715086	101324.956	101324.956	101324.953	101324.96	0.000807520628	0.00196112575	0	0	0	0	3
247	375	0	2.21612302	101324.956	101324.957	101324.953	101324.96	0.000807520628	0.00196112575	0	0	0	0	3
248	376	0	2.22509518	101324.956	101324.957	101324.953	101324.96	0.000807520628	0.00196112575	0	0	0	0	3
249	378	0	2.23406733	101324.956	101324.956	101324.953	101324.96	0.000807520628	0.00196112575	0	0	0	0	3
250	379	0	2.24303949	101324.956	101324.956	101324.953	101324.96	0.000831314828	0.00196112575	0	0	0	0	3
251	380	0	2.25201165	101324.957	101324.956	101324.953	101324.959	0.000891124524	0.00196112575	0	0	0	0	3
252	382	0	2.26098381	101324.958	101324.956	101324.953	101324.959	0.000915150245	0.00196112575	0	0	0	0	3
253	383	0	2.26995597	101324.958	101324.956	101324.953	101324.959	0.000875419733	0.00196112575	0	0	0	0	3
254	385	0	2.27892812	101324.957	101324.956	101324.953	101324.959	0.000814798186	0.00196112575	0	0	0	0	3
255	386	0	2.28790028	101324.956	101324.956	101324.953	101324.959	0.000814373358	0.00196112575	0	0	0	0	3
256	388	0	2.29687244	101324.955	101324.956	101324.955	101324.959	0.000814373358	0.00196112575	0	0	0	0	3
257	389	0	2.3058446	101324.954	101324.956	101324.954	101324.959	0.000814373358	0.00196112575	0	0	0	0	3
258	391	0	2.31481676	101324.955	101324.956	101324.954	101324.959	0.000814373358	0.00196112575	0	0	0	0	3
259	392	0	2.32378891	101324.955	101324.956	101324.954	101324.959	0.000814373358	0.00196112575	0	0	0	0	3
260	393	0	2.33276107	101324.956	101324.956	101324.954	101324.958	0.000848043084	0.00196112575	0	0	0	0	3
261	395	0	2.34173323	101324.955	101324.956	101324.954	101324.958	0.000893458448	0.00196112575	0	0	0	0	3
262	396	0	2.35070539	101324.955	101324.956	101324.954	101324.958	0.000900861691	0.00196112575	0	0	0	0	3
263	398	0	2.35967755	101324.954	101324.956	101324.954	101324.958	0.00087338929	0.00196112575	0	0	0	0	3
264	399	0	2.3686497	101324.955	101324.956	101324.954	101324.958	0.000835646002	0.00196112575	0	0	0	0	3
265	401	0	2.37762186	101324.956	101324.956	101324.954	101324.958	0.000835646002	0.00196112575	0	0	0	0	3
266	402	0	2.38659402	101324.957	101324.956	101324.954	101324.958	0.000835646002	0.00196112575	0	0	0	0	3
267	404	0	2.39556618	101324.958	101324.956	101324.954	101324.958	0.000835646002	0.00196112575	0	0	0	0	3
268	405	0	2.40453834	101324.958	101324.956	101324.954	101324.958	0.000835646002	0.00196112575	0	0	0	0	3
269	407	0	2.41351049	101324.958	101324.956	101324.954	101324.958	0.000834727776	0.00196112575	0	0	0	0	3
270	408	0	2.42248265	101324.957	101324.956	101324.954	101324.958	0.000812401369	0.00196112575	0	0	0	0	3
271	410	0	2.43145481	101324.957	101324.956	101324.954	101324.958	0.000778067842	0.00196112575	0	0	0	0	3
272	411	0	2.44042697	101324.957	101324.956	101324.954	101324.958	0.000741711759	0.00196112575	0	0	0	0	3
273	413	0	2.44939912	101324.957	101324.956	101324.954	101324.958	0.00071125933	0.00196112575	0	0	0	0	3
274	414	0	2.45837128	101324.958	101324.956	101324.954	101324.958	0.000708269261	0.00196112575	0	0	0	0	3
275	416	0	2.46734344	101324.958	101324.956	101324.954	101324.958	0.000708269261	0.00196112575	0	0	0	0	3
276	417	0	2.4763156	101324.958	101324.956	101324.954	101324.958	0.000708269261	0.00196112575	0	0	0	0	3
277	419	0	2.48528776	101324.957	101324.956	101324.954	101324.958	0.000708269261	0.00196112575	0	0	0	0	3
278	420	0	2.49425991	101324.956	101324.956	101324.954	101324.958	0.000707277228	0.00196112575	0	0	0	0	3
279	422	0	2.50323207	101324.954	101324.956	101324.954	101324.958	0.000689085966	0.00196112575	0	0	0	0	3
280	423	0	2.51220423	101324.954	101324.956	101324.954	101324.958	0.000655139971	0.00196112575	0	0	0	0	3
281	425	0	2.52117639	101324.953	101324.956	101324.953	101324.958	0.000623318992	0.00196112575	0	0	0	0	3
282	426	0	2.53014855	101324.953	101324.956	101324.953	101324.958	0.000663643194	0.00196112575	0	0	0	0	3
283	428	0	2.5391207	101324.954	101324.956	101324.953	101324.958	0.000703719401	0.00196112575	0	0	0	0	3
284	429	0	2.54809286	101324.955	101324.956	101324.953	101324.958	0.00073628682	0.00196112575	0	0	0	0	3
285	431	0	2.55706502	101324.955	101324.956	101324.953	101324.958	0.000776830784	0.00196112575	0	0	0	0	3
286	432	0	2.56603718	101324.954	101324.956	101324.953	101324.958	0.00082087332	0.00196112575	0	0	0	0	3
287	434	0	2.57500934	101324.953	101324.956	101324.953	101324.958	0.000845343078	0.00196112575	0	0	0	0	3
288	435	0	2.58398149	101324.953	101324.956	101324.953	101324.958	0.000851499834	0.00196112575	0	0	0	0	3
289	437	0	2.59295365	101324.952	101324.956	101324.952	101324.958	0.000850443859	0.00196112575	0	0	0	0	3
290	438	0	2.60192581	101324.953	101324.956	101324.952	101324.958	0.000844705166	0.00196112575	0	0	0	0	3
291	439	0	2.61089797	101324.955	101324.956	101324.952	101324.958	0.000865496462	0.00196112575	0	0	0	0	3
292	441	0	2.61987013	101324.955	101324.956	101324.952	101324.958	0.000881575907	0.00196112575	0	0	0	0	3
293	442	0	2.62884228	101324.955	101324.956	101324.952	101324.958	0.000896908154	0.00196112575	0	0	0	0	3
294	444	0	2.63781444	101324.956	101324.956	101324.952	101324.958	0.000916458332	0.00196112575	0	0	0	0	3
295	445	0	2.6467866	101324.955	101324.956	101324.952	101324.958	0.000930298018	0.00196112575	0	0	0	0	3
296	447	0	2.65575876	101324.955	101324.956	101324.952	101324.958	0.000920701874	0.00196112575	0	0	0	0	3
297	448	0	2.66473092	101324.955	101324.956	101324.952	101324.958	0.000893962424	0.00196112575	0	0	0	0	3
298	450	0	2.67370307	101324.955	101324.956	101324.952	101324.958	0.000903041218	0.00196112575	0	0	0	0	3
299	451	0	2.68267523	101324.955	101324.956	101324.952	101324.958	0.000918562364	0.00196112575	0	0	0	0	3
300	453	0	2.69164739	101324.955	101324.956	101324.952	101324.958	0.000929750735	0.00196112575	0	0	0	0	3
301	458	0	2.70061955	101324.955	101324.956	101324.952	101324.958	0.000936732526	0.00196112575	0	0	0	0	3
302	459	0	2.70959171	101324.956	101324.956	101324.952	101324.958	0.000944324784	0.00196112575	0	0	0	0	3
303	461	0	2.71856386	101324.956	101324.956	101324.952	101324.958	0.000945243533	0.00196112575	0	0	0	0	3
304	462	0	2.72753602	101324.956	101324.956	101324.952	101324.958	0.000914864839	0.00196112575	0	0	0	0	3
305	464	0	2.73650818	101324.957	101324.956	101324.952	101324.958	0.000898563085	0.00196112575	0	0	0	0	3
306	465	0	2.74548034	101324.957	101324.956	101324.952	101324.958	0.000898563085	0.00196112575	0	0	0	0	3
307	467	0	2.7544525	101324.957	101324.956	101324.952	101324.958	0.000898563085	0.00196112575	0	0	0	0	3
308	468	0	2.76342465	101324.957	101324.956	101324.952	101324.958	0.000898563085	0.00196112575	0	0	0	0	3
309	470	0	2.77239681	101324.957	101324.956	101324.952	101324.958	0.000901244421	0.00196112575	0	0	0	0	3
310	471	0	2.78136897	101324.956	101324.956	101324.952	101324.958	0.000925849017	0.00196112575	0	0	0	0	3
311	473	0	2.79034113	101324.956	101324.956	101324.952	101324.958	0.000928389883	0.00196112575	0	0	0	0	3
312	474	0	2.79931329	101324.957	101324.956	101324.952	101324.958	0.000918465259	0.00196112575	0	0	0	0	3
313	476	0	2.80828544	101324.958	101324.956	101324.952	101324.958	0.000880657637	0.00196112575	0	0	0	0	3
314	477	0	2.8172576	101324.958	101324.956	101324.952	101324.958	0.000827707932	0.00196112575	0	0	0	0	3
315	478	0	2.82622976	101324.958	101324.956	101324.952	101324.958	0.000817943597	0.00196112575	0	0	0	0	3
316	480	0	2.83520192	101324.957	101324.956	101324.952	101324.958	0.000817943597	0.00196112575	0	0	0	0	3
317	481	0	2.84417408	101324.957	101324.956	101324.952	101324.958	0.000817943597	0.00196112575	0	0	0	0	3
318	483	0	2.85314623	101324.957	101324.956	101324.952	101324.958	0.000817943597	0.00196112575	0	0	0	0	3
319	484	0	2.86211839	101324.957	101324.956	101324.952	101324.958	0.000817943597	0.00196112575	0	0	0	0	3
320	485	0	2.87109055	101324.958	101324.956	101324.952	101324.958	0.000817943597	0.00196112575	0	0	0	0	3
321	487	0	2.88006271	101324.959	101324.956	101324.952	101324.959	0.000817943597	0.00196112575	0	0	0	0	3
322	488	0	2.88903487	101324.958	101324.956	101324.952	101324.959	0.000817943597	0.00196112575	0	0	0	0	3
323	490	0	2.89800702	101324.958	101324.956	101324.952	101324.959	0.000817943597	0.00196112575	0	0	0	0	3
324	491	0	2.90697918	101324.957	101324.956	101324.952	101324.959	0.000817943597	0.00196112575	0	0	0	0	3
325	493	0	2.91595134	101324.956	101324.956	101324.952	101324.959	0.000817943597	0.00196112575	0	0	0	0	3
326	494	0	2.9249235	101324.957	101324.956	101324.952	101324.959	0.000817943597	0.00196112575	0	0	0	0	3
327	496	0	2.93389566	101324.957	101324.956	101324.952	101324.959	0.000817943597	0.00196112575	0	0	0	0	3
328	497	0	2.94286781	101324.957	101324.956	101324.952	101324.959	0.000817943597	0.00196112575	0	0	0	0	3
329	498	0	2.95183997	101324.958	101324.956	101324.952	101324.959	0.000817943597	0.00196112575	0	0	0	0	3
330	500	0	2.96081213	101324.957	101324.956	101324.952	101324.959	0.000817943597	0.00196112575	0	0	0	0	3
331	501	0	2.96978429	101324.957	101324.956	101324.952	101324.959	0.000817943597	0.00196112575	0	0	0	0	3
332	503	0	2.97875644	101324.957	101324.956	101324.952	101324.959	0.000817943597	0.00196112575	0	0	0	0	3
333	504	0	2.9877286	101324.957	101324.956	101324.952	101324.959	0.000796575419	0.00196112575	0	0	0	0	3
334	505	0	2.99670076	101324.957	101324.956	101324.952	101324.959	0.000753158864	0.00196112575	0	0	0	0	3
335	507	0	3.00567292	101324.958	101324.956	101324.952	101324.959	0.000699246084	0.00196112575	0	0	0	0	3
336	508	0	3.01464508	101324.959	101324.956	101324.952	101324.959	0.000647308872	0.00196112575	0	0	0	0	3
337	510	0	3.02361723	101324.959	101324.956	101324.952	101324.959	0.000686808169	0.00196112575	0	0	0	0	3
338	511	0	3.03258939	101324.959	101324.956	101324.952	101324.959	0.000778818314	0.00196112575	0	0	0	0	3
339	513	0	3.04156155	101324.958	101324.956	101324.952	101324.959	0.000853990336	0.00196112575	0	0	0	0	3
340	514	0	3.05053371	101324.957	101324.956	101324.952	101324.959	0.000905275156	0.00196112575	0	0	0	0	3
341	516	0	3.05950587	101324.958	101324.957	101324.952	101324.959	0.000959503101	0.00196112575	0	0	0	0	3
342	517	0	3.06847802	101324.958	101324.957	101324.952	101324.959	0.00102622113	0.00196112575	0	0	0	0	3
343	519	0	3.07745018	101324.959	101324.957	101324.952	101324.959	0.00112461239	0.00196112575	0	0	0	0	3
344	520	0	3.08642234	101324.959	101324.957	101324.952	101324.959	0.00124724236	0.00196112575	0	0	0	0	3
345	522	0	3.0953945	101324.96	101324.957	101324.953	101324.96	0.00138014105	0.00196112575	0	0	0	0	3
346	523	0	3.10436666	101324.96	101324.957	101324.955	101324.96	0.00149231293	0.00196112575	0	0	0	0	3
347	524	0	3.11333881	101324.959	101324.957	101324.955	101324.96	0.00157971382	0.00196112575	0	0	0	0	3
348	526	0	3.12231097	101324.959	101324.957	101324.955	101324.96	0.00165102379	0.00196112575	0	0	0	0	3
349	527	0	3.13128313	101324.959	101324.957	101324.955	101324.96	0.00171219125	0.00196112575	0	0	0	0	3
350	529	0	3.14025529	101324.959	101324.957	101324.955	101324.96	0.00176999571	0.00196112575	0	0	0	0	3
351	531	0	3.14922745	101324.959	101324.957	101324.955	101324.96	0.00182900458	0.00196112575	0	0	0	0	3
352	532	0	3.1581996	101324.959	101324.957	101324.955	101324.96	0.00188993644	0.00196112575	0	0	0	0	3
353	533	0	3.16717176	101324.959	101324.957	101324.955	101324.96	0.00195106067	0.00196112575	0	0	0	0	3
354	535	0	3.17614392	101324.959	101324.958	101324.955	101324.96	0.00201403839	0.00196112575	0	0	0	0	3
355	536	0	3.18511608	101324.959	101324.958	101324.955	101324.96	0.00207985117	0.00196112575	0	0	0	0	3
356	538	0	3.19408824	101324.959	101324.958	101324.955	101324.96	0.00214804096	0.00196112575	0	0	0	0	3
357	539	0	3.20306039	101324.959	101324.958	101324.956	101324.96	0.00221930194	0.00196112575	0	0	0	0	3
358	540	0	3.21203255	101324.96	101324.958	101324.956	101324.96	0.0022912994	0.00196112575	0	0	0	0	3
359	542	0	3.22100471	101324.96	101324.958	101324.956	101324.96	0.00235356594	0.00196112575	0	0	0	0	3
360	543	0	3.22997687	101324.959	101324.958	101324.956	101324.96	0.00240859299	0.00196112575	0	0	0	0	3
361	545	0	3.23894903	101324.959	101324.958	101324.956	101324.96	0.00245284219	0.00196112575	0	0	0	0	3
362	546	0	3.24792118	101324.959	101324.958	101324.956	101324.96	0.00248964377	0.00196112575	0	0	0	0	3
363	547	0	3.25689334	101324.959	101324.958	101324.956	101324.96	0.00252412543	0.00196112575	0	0	0	0	3
364	549	0	3.2658655	101324.959	101324.958	101324.956	101324.96	0.00256205598	0.00196112575	0	0	0	0	3
365	550	0	3.27483766	101324.959	101324.958	101324.956	101324.96	0.00261191977	0.00196112575	0	0	0	0	3
366	552	0	3.28380982	101324.959	101324.958	101324.956	101324.96	0.00267587922	0.00196112575	0	0	0	0	3
367	553	0	3.29278197	101324.959	101324.958	101324.956	101324.96	0.00270400092	0.00196112575	0	0	0	0	3
368	555	0	3.30175413	101324.96	101324.958	101324.956	101324.96	0.00268912163	0.00196112575	0	0	0	0	3
369	556	0	3.31072629	101324.959	101324.958	101324.956	101324.96	0.00265979845	0.00196112575	0	0	0	0	3
370	557	0	3.31969845	101324.96	101324.958	101324.956	101324.96	0.00264719472	0.00196112575	0	0	0	0	3
371	559	0	3.32867061	101324.959	101324.958	101324.956	101324.96	0.00265129542	0.00196112575	0	0	0	0	3
372	560	0	3.33764276	101324.959	101324.958	101324.956	101324.96	0.00266406123	0.00196112575	0	0	0	0	3
373	562	0	3.34661492	101324.959	101324.959	101324.956	101324.96	0.00267351569	0.00196112575	0	0	0	0	3
374	563	0	3.35558708	101324.959	101324.959	101324.956	101324.96	0.00267287235	0.00196112575	0	0	0	0	3
375	565	0	3.36455924	101324.959	101324.959	101324.956	101324.96	0.00265580778	0.00196112575	0	0	0	0	3
376	566	0	3.3735314	101324.959	101324.959	101324.956	101324.96	0.00266504902	0.00196112575	0	0	0	0	3
377	568	0	3.38250355	101324.959	101324.959	101324.956	101324.96	0.00266685066	0.00196112575	0	0	0	0	3
378	569	0	3.39147571	101324.959	101324.959	101324.956	101324.96	0.00266937033	0.00196112575	0	0	0	0	3
379	571	0	3.40044787	101324.958	101324.959	101324.956	101324.96	0.00268502817	0.00196112575	0	0	0	0	3
380	572	0	3.40942003	101324.958	101324.959	101324.956	101324.96	0.00271067423	0.00196112575	0	0	0	0	3
381	573	0	3.41839219	101324.958	101324.959	101324.957	101324.96	0.00273190688	0.00196112575	0	0	0	0	3
382	575	0	3.42736434	101324.957	101324.959	101324.957	101324.96	0.00273932991	0.00196112575	0	0	0	0	3
383	576	0	3.4363365	101324.957	101324.959	101324.957	101324.96	0.00273932991	0.00196112575	0	0	0	0	3
384	578	0	3.44530866	101324.957	101324.959	101324.957	101324.96	0.00273932991	0.00196112575	0	0	0	0	3
385	579	0	3.45428082	101324.957	101324.959	101324.957	101324.96	0.00273932991	0.00196112575	0	0	0	0	3
386	580	0	3.46325298	101324.957	101324.959	101324.957	101324.96	0.00273932991	0.00196112575	0	0	0	0	3
387	581	0	3.47222513	101324.957	101324.959	101324.957	101324.96	0.00273932991	0.00196112575	0	0	0	0	3
388	583	0	3.48119729	101324.957	101324.959	101324.957	101324.96	0.00273267178	0.00196112575	0	0	0	0	3
389	584	0	3.49016945	101324.956	101324.959	101324.956	101324.96	0.00270018287	0.00196112575	0	0	0	0	3
390	586	0	3.49914161	101324.955	101324.959	101324.955	101324.96	0.00263391713	0.00196112575	0	0	0	0	3
391	587	0	3.50811377	101324.954	101324.958	101324.954	101324.96	0.00254494508	0.00196112575	0	0	0	0	3
392	589	0	3.51708592	101324.954	101324.958	101324.954	101324.96	0.00244477799	0.00196112575	0	0	0	0	3
393	590	0	3.52605808	101324.953	101324.958	101324.953	101324.96	0.00235276784	0.00196112575	0	0	0	0	3
394	591	0	3.53503024	101324.953	101324.958	101324.953	101324.96	0.00227759582	0.00196112575	0	0	0	0	3
395	593	0	3.5440024	101324.954	101324.958	101324.953	101324.96	0.002226311	0.00196112575	0	0	0	0	3
396	594	0	3.55297455	101324.954	101324.958	101324.953	101324.96	0.00217208306	0.00196112575	0	0	0	0	3
397	595	0	3.56194671	101324.954	101324.958	101324.953	101324.96	0.00210536503	0.00196112575	0	0	0	0	3
398	597	0	3.57091887	101324.954	101324.958	101324.953	101324.96	0.00200697377	0.00196112575	0	0	0	0	3
399	598	0	3.57989103	101324.954	101324.958	101324.953	101324.96	0.0018843438	0.00196112575	0	0	0	0	3
400	599	0	3.58886319	101324.954	101324.958	101324.953	101324.96	0.0017514451	0.00196112575	0	0	0	0	3
401	604	0	3.59783534	101324.954	101324.958	101324.953	101324.96	0.00163927322	0.00196112575	0	0	0	0	3
402	605	0	3.6068075	101324.954	101324.958	101324.953	101324.96	0.00155187234	0.00196112575	0	0	0	0	3
403	607	0	3.61577966	101324.954	101324.957	101324.953	101324.96	0.00148056237	0.00196112575	0	0	0	0	3
404	608	0	3.62475182	101324.955	101324.957	101324.953	101324.96	0.0014193949	0.00196112575	0	0	0	0	3
405	609	0	3.63372398	101324.956	101324.957	101324.953	101324.96	0.00136159045	0.00196112575	0	0	0	0	3
406	611	0	3.64269613	101324.956	101324.957	101324.953	101324.96	0.0013780962	0.00196112575	0	0	0	0	3
407	612	0	3.65166829	101324.956	101324.957	101324.953	101324.96	0.00142809113	0.00196112575	0	0	0	0	3
408	613	0	3.66064045	101324.955	101324.957	101324.953	101324.96	0.00148869284	0.00196112575	0	0	0	0	3
409	615	0	3.66961261	101324.955	101324.957	101324.953	101324.96	0.0015519819	0.00196112575	0	0	0	0	3
410	616	0	3.67858477	101324.956	101324.957	101324.953	101324.96	0.00160868629	0.00196112575	0	0	0	0	3
411	617	0	3.68755692	101324.956	101324.957	101324.953	101324.96	0.00165588225	0.00196112575	0	0	0	0	3
412	618	0	3.69652908	101324.957	101324.957	101324.953	101324.96	0.00169728092	0.00196112575	0	0	0	0	3
413	620	0	3.70550124	101324.957	101324.957	101324.953	101324.96	0.00174118762	0.00196112575	0	0	0	0	3
414	621	0	3.7144734	101324.957	101324.957	101324.953	101324.96	0.00179215567	0.00196112575	0	0	0	0	3
415	622	0	3.72344556	101324.956	101324.957	101324.953	101324.96	0.00184744225	0.00196112575	0	0	0	0	3
416	624	0	3.73241771	101324.956	101324.957	101324.953	101324.96	0.00190326467	0.00196112575	0	0	0	0	3
417	625	0	3.74138987	101324.956	101324.957	101324.953	101324.96	0.0019542044	0.00196112575	0	0	0	0	3
418	626	0	3.75036203	101324.957	101324.957	101324.953	101324.96	0.00199728565	0.00196112575	0	0	0	0	3
419	628	0	3.75933419	101324.957	101324.957	101324.953	101324.96	0.00202863551	0.00196112575	0	0	0	0	3
420	629	0	3.76830635	101324.958	101324.957	101324.953	101324.96	0.0020478985	0.00196112575	0	0	0	0	3
421	630	0	3.7772785	101324.959	101324.957	101324.953	101324.96	0.00205690214	0.00196112575	0	0	0	0	3
422	632	0	3.78625066	101324.959	101324.957	101324.953	101324.96	0.00207026536	0.00196112575	0	0	0	0	3
423	633	0	3.79522282	101324.958	101324.957	101324.953	101324.96	0.0020981102	0.00196112575	0	0	0	0	3
424	635	0	3.80419498	101324.957	101324.957	101324.953	101324.96	0.0021522873	0.00196112575	0	0	0	0	3
425	636	0	3.81316714	101324.956	101324.956	101324.953	101324.96	0.00222218594	0.00196112575	0	0	0	0	3
426	637	0	3.82213929	101324.956	101324.956	101324.953	101324.959	0.00228886283	0.00196112575	0	0	0	0	3
427	638	0	3.83111145	101324.957	101324.956	101324.953	101324.959	0.0023309237	0.00196112575	0	0	0	0	3
428	640	0	3.84008361	101324.959	101324.956	101324.953	101324.959	0.00234810977	0.00196112575	0	0	0	0	3
429	641	0	3.84905577	101324.959	101324.956	101324.953	101324.959	0.00234810977	0.00196112575	0	0	0	0	3
430	643	0	3.85802793	101324.959	101324.956	101324.953	101324.959	0.00234810977	0.00196112575	0	0	0	0	3
431	644	0	3.86700008	101324.959	101324.956	101324.953	101324.959	0.00234810977	0.00196112575	0	0	0	0	3
432	645	0	3.87597224	101324.958	101324.956	101324.953	101324.959	0.00234810977	0.00196112575	0	0	0	0	3
433	647	0	3.8849444	101324.958	101324.956	101324.953	101324.959	0.00236648743	0.00196112575	0	0	0	0	3
434	648	0	3.89391656	101324.957	101324.956	101324.953	101324.959	0.00238791924	0.00196112575	0	0	0	0	3
435	649	0	3.90288872	101324.958	101324.956	101324.953	101324.959	0.00239711713	0.00196112575	0	0	0	0	3
436	651	0	3.91186087	101324.958	101324.956	101324.953	101324.959	0.00239711713	0.00196112575	0	0	0	0	3
437	652	0	3.92083303	101324.958	101324.956	101324.953	101324.959	0.00239711713	0.00196112575	0	0	0	0	3
438	653	0	3.92980519	101324.957	101324.956	101324.953	101324.959	0.00239150324	0.00196112575	0	0	0	0	3
439	655	0	3.93877735	101324.956	101324.956	101324.953	101324.959	0.00237575996	0.00196112575	0	0	0	0	3
440	656	0	3.94774951	101324.956	101324.956	101324.953	101324.959	0.00236027637	0.00196112575	0	0	0	0	3
441	658	0	3.95672166	101324.956	101324.956	101324.953	101324.959	0.00236490188	0.00196112575	0	0	0	0	3
442	659	0	3.96569382	101324.956	101324.956	101324.953	101324.959	0.00238150645	0.00196112575	0	0	0	0	3
443	661	0	3.97466598	101324.956	101324.956	101324.953	101324.959	0.00239257043	0.00196112575	0	0	0	0	3
444	662	0	3.98363814	101324.956	101324.956	101324.953	101324.959	0.0023835179	0.00196112575	0	0	0	0	3
445	664	0	3.9926103	101324.956	101324.956	101324.953	101324.959	0.00234655385	0.00196112575	0	0	0	0	3
446	665	0	4.00158245	101324.955	101324.956	101324.953	101324.959	0.00228217216	0.00196112575	0	0	0	0	3
