Iteration	CPUTime	PhysTime	Travels	Value	AvValue	MinValue	MaxValue	Delta	Criteria	PrevAvRefValue	Progress	CriteriaType	CriteriaVarType	CriteriaPercentage
1	6	0	0.00897167416	-129.192168	-129.192168	-129.192168	-129.192168	0	0	0	0	0	0	3
2	7	0	0.0179433483	-36.4175208	-82.8048444	-129.192168	-36.4175208	46.3873236	0	0	0	0	0	3
3	8	0	0.0269150225	-19.5093671	-61.706352	-129.192168	-19.5093671	67.4858161	0	0	0	0	0	3
4	9	0	0.0358866967	-9.8196855	-48.7346854	-129.192168	-9.8196855	80.4574827	0	0	0	0	0	3
5	10	0	0.0448583708	-15.1650716	-42.0207626	-129.192168	-9.8196855	87.1714054	0	0	0	0	0	3
6	10	0	0.053830045	-9.53684754	-36.6067768	-129.192168	-9.53684754	92.5853913	0	0	0	0	0	3
7	11	0	0.0628017192	-13.6218641	-33.3232178	-129.192168	-9.53684754	95.8689502	0	0	0	0	0	3
8	12	0	0.0717733933	-8.96918212	-30.2789633	-129.192168	-8.96918212	98.9132047	0	0	0	0	0	3
9	13	0	0.0807450675	-12.5732056	-28.3116569	-129.192168	-8.96918212	100.880511	0	0	0	0	0	3
10	13	0	0.0897167416	-8.56389023	-26.3368803	-129.192168	-8.56389023	102.855288	0	0	0	0	0	3
11	14	0	0.0986884158	-11.2508352	-24.9654216	-129.192168	-8.56389023	104.226746	0	0	0	0	0	3
12	15	0	0.10766009	-9.05558147	-23.6396016	-129.192168	-8.56389023	105.552566	0	0	0	0	0	3
13	16	0	0.116631764	-10.9016429	-22.6597586	-129.192168	-8.56389023	106.532409	0	0	0	0	0	3
14	16	0	0.125603438	-9.30767913	-21.7060387	-129.192168	-8.56389023	107.486129	0	0	0	0	0	3
15	17	0	0.134575112	-10.5299077	-20.9609633	-129.192168	-8.56389023	108.231205	0	0	0	0	0	3
16	18	0	0.143546787	-9.63845753	-20.2533067	-129.192168	-8.56389023	108.938861	0	0	0	0	0	3
17	18	0	0.152518461	-10.031961	-19.652051	-129.192168	-8.56389023	109.540117	0	0	0	0	0	3
18	19	0	0.161490135	-9.59348937	-19.093242	-129.192168	-8.56389023	110.098926	0	0	0	0	0	3
19	20	0	0.170461809	-9.67495353	-18.5975427	-129.192168	-8.56389023	110.594625	0	0	0	0	0	3
20	21	0	0.179433483	-9.42579446	-18.1389552	-129.192168	-8.56389023	111.053213	0	0	0	0	0	3
21	21	0	0.188405157	-9.3849285	-17.7220968	-129.192168	-8.56389023	111.470071	0	0	0	0	0	3
22	22	0	0.197376832	-9.25554872	-17.3372537	-129.192168	-8.56389023	111.854914	0	0	0	0	0	3
23	23	0	0.206348506	-9.17722831	-16.98247	-129.192168	-8.56389023	112.209698	0	0	0	0	0	3
24	24	0	0.21532018	-9.06815415	-16.6527069	-129.192168	-8.56389023	112.539461	0	0	0	0	0	3
25	24	0	0.224291854	-9.00412384	-16.3467635	-129.192168	-8.56389023	112.845405	0	0	0	0	0	3
26	25	0	0.233263528	-8.95111247	-16.0623154	-129.192168	-8.56389023	113.129853	0	0	0	0	0	3
27	26	0	0.242235202	-8.90320134	-15.797163	-129.192168	-8.56389023	113.395005	0	0	0	0	0	3
28	27	0	0.251206877	-8.85111482	-15.5490899	-129.192168	-8.56389023	113.643078	0	0	0	0	0	3
29	28	0	0.260178551	-8.8110963	-15.3167453	-129.192168	-8.56389023	113.875423	0	0	0	0	0	3
30	28	0	0.269150225	-8.76789552	-15.0984503	-129.192168	-8.56389023	114.093718	0	0	0	0	0	3
31	29	0	0.278121899	-8.73774183	-14.8932662	-129.192168	-8.56389023	114.298902	0	0	0	0	0	3
32	30	0	0.287093573	-8.69824121	-14.6996716	-129.192168	-8.56389023	114.492496	0	0	0	0	0	3
33	31	0	0.296065247	-8.67010771	-14.5169576	-129.192168	-8.56389023	114.67521	0	0	0	0	0	3
34	32	0	0.305036922	-8.63520089	-14.3439647	-129.192168	-8.56389023	114.848203	0	0	0	0	0	3
35	32	0	0.314008596	-8.61069574	-14.180157	-129.192168	-8.56389023	115.012011	0	0	0	0	0	3
36	33	0	0.32298027	-8.58476117	-14.0247294	-129.192168	-8.56389023	115.167439	0	0	0	0	0	3
37	34	0	0.331951944	-8.55418659	-13.8768769	-129.192168	-8.55418659	115.315291	0	0	0	0	0	3
38	35	0	0.340923618	-8.52625267	-13.736071	-129.192168	-8.52625267	115.456097	0	0	0	0	0	3
39	36	0	0.349895292	-8.50310152	-13.6018923	-129.192168	-8.50310152	115.590276	0	0	0	0	0	3
40	37	0	0.358866967	-8.48279194	-13.4739148	-129.192168	-8.48279194	115.718253	0	0	0	0	0	3
41	38	0	0.367838641	-8.4681975	-13.3518241	-129.192168	-8.4681975	115.840344	0	0	0	0	0	3
42	39	0	0.376810315	-8.4475391	-13.2350554	-129.192168	-8.4475391	115.957113	0	0	0	0	0	3
43	40	0	0.385781989	-8.42734242	-13.1232481	-129.192168	-8.42734242	116.06892	0	0	0	0	0	3
44	41	0	0.394753663	-8.40211625	-13.0159497	-129.192168	-8.40211625	116.176218	0	0	0	0	0	3
45	42	0	0.403725337	-8.3852635	-12.9130455	-129.192168	-8.3852635	116.279123	0	0	0	0	0	3
46	42	0	0.412697012	-8.3657287	-12.8141908	-129.192168	-8.3657287	116.377977	0	0	0	0	0	3
47	43	0	0.421668686	-8.34968474	-12.7192013	-129.192168	-8.34968474	116.472967	0	0	0	0	0	3
48	44	0	0.43064036	-8.33478958	-12.6278594	-129.192168	-8.33478958	116.564309	0	0	0	0	0	3
49	45	0	0.439612034	-8.32466469	-12.5400391	-129.192168	-8.32466469	116.652129	0	0	0	0	0	3
50	46	0	0.448583708	-8.30975337	-12.4554334	-129.192168	-8.30975337	116.736735	0	0	0	0	0	3
51	47	0	0.457555382	-8.29154773	-12.3737886	-129.192168	-8.29154773	116.818379	0	0	0	0	0	3
52	48	0	0.466527057	-8.27152655	-12.2948989	-129.192168	-8.27152655	116.897269	0	0	0	0	0	3
53	49	0	0.475498731	-8.25232745	-12.218624	-129.192168	-8.25232745	116.973544	0	0	0	0	0	3
54	50	0	0.484470405	-8.24260977	-12.1449941	-129.192168	-8.24260977	117.047174	0	0	0	0	0	3
55	50	0	0.493442079	-8.23776847	-12.0739536	-129.192168	-8.23776847	117.118214	0	0	0	0	0	3
56	51	0	0.502413753	-8.2370247	-12.005437	-129.192168	-8.2370247	117.186731	0	0	0	0	0	3
57	52	0	0.511385427	-8.235404	-9.84549483	-36.4175208	-8.235404	28.1821168	0	0	0	0	0	3
58	53	0	0.520357102	-8.22287832	-9.34201907	-19.5093671	-8.22287832	11.2864888	0	0	0	0	0	3
59	54	0	0.529328776	-8.21388235	-9.14031399	-15.1650716	-8.21388235	6.95118923	0	0	0	0	0	3
60	55	0	0.53830045	-8.19995824	-9.11139029	-15.1650716	-8.19995824	6.96511334	0	0	0	0	0	3
61	56	0	0.547272124	-8.18817439	-8.98680284	-13.6218641	-8.18817439	5.43368972	0	0	0	0	0	3
62	56	0	0.556243798	-8.19132621	-8.96277567	-13.6218641	-8.18817439	5.43368972	0	0	0	0	0	3
63	57	0	0.565215472	-8.19017565	-8.86578123	-12.5732056	-8.18817439	4.38503119	0	0	0	0	0	3
64	58	0	0.574187147	-8.19413763	-8.85194115	-12.5732056	-8.18817439	4.38503119	0	0	0	0	0	3
65	59	0	0.583158821	-8.19156306	-8.77369754	-11.2508352	-8.18817439	3.06266081	0	0	0	0	0	3
66	60	0	0.592130495	-8.19303826	-8.76707518	-11.2508352	-8.18817439	3.06266081	0	0	0	0	0	3
67	61	0	0.601102169	-8.18653125	-8.71235547	-10.9016429	-8.18653125	2.71511166	0	0	0	0	0	3
68	61	0	0.610073843	-8.17687489	-8.69666428	-10.9016429	-8.17687489	2.72476803	0	0	0	0	0	3
69	62	0	0.619045517	-8.17167609	-8.64791487	-10.5299077	-8.17167609	2.35823158	0	0	0	0	0	3
70	63	0	0.628017192	-8.16468935	-8.62750434	-10.5299077	-8.16468935	2.36521832	0	0	0	0	0	3
71	64	0	0.636988866	-8.16719584	-8.58531306	-10.031961	-8.16468935	1.86727163	0	0	0	0	0	3
72	65	0	0.64596054	-8.16568017	-8.55901346	-10.031961	-8.16468935	1.86727163	0	0	0	0	0	3
73	66	0	0.654932214	-8.1661928	-8.52569617	-9.67495353	-8.16468935	1.51026418	0	0	0	0	0	3
74	66	0	0.663903888	-8.16116557	-8.50011896	-9.67495353	-8.16116557	1.51378796	0	0	0	0	0	3
75	67	0	0.672875562	-8.16084175	-8.47308125	-9.42579446	-8.16084175	1.26495272	0	0	0	0	0	3
76	68	0	0.681847237	-8.15408679	-8.45037219	-9.3849285	-8.15408679	1.23084171	0	0	0	0	0	3
77	69	0	0.690818911	-8.15398725	-8.42839109	-9.25554872	-8.15398725	1.10156147	0	0	0	0	0	3
78	70	0	0.699790585	-8.14798734	-8.40861321	-9.17722831	-8.14798734	1.02924097	0	0	0	0	0	3
79	71	0	0.708762259	-8.13799328	-8.39005544	-9.06815415	-8.13799328	0.93016087	0	0	0	0	0	3
80	72	0	0.717733933	-8.1290069	-8.37328495	-9.00412384	-8.1290069	0.875116934	0	0	0	0	0	3
81	72	0	0.726705607	-8.12120285	-8.35751851	-8.95111247	-8.12120285	0.82990962	0	0	0	0	0	3
82	73	0	0.735677282	-8.12145612	-8.34270322	-8.90320134	-8.12120285	0.781998486	0	0	0	0	0	3
83	74	0	0.744648956	-8.11470565	-8.32862294	-8.85111482	-8.11470565	0.736409171	0	0	0	0	0	3
84	75	0	0.75362063	-8.11556978	-8.3154882	-8.8110963	-8.11470565	0.696390652	0	0	0	0	0	3
85	76	0	0.762592304	-8.11257654	-8.30301464	-8.76789552	-8.11257654	0.655318984	0	0	0	0	0	3
86	76	0	0.771563978	-8.11297456	-8.29131962	-8.73774183	-8.11257654	0.625165288	0	0	0	0	0	3
87	77	0	0.780535652	-8.10583396	-8.28003555	-8.69824121	-8.10583396	0.592407241	0	0	0	0	0	3
88	78	0	0.789507327	-8.09831061	-8.2693225	-8.67010771	-8.09831061	0.571797101	0	0	0	0	0	3
89	79	0	0.798479001	-8.08994523	-8.25896246	-8.63520089	-8.08994523	0.545255655	0	0	0	0	0	3
90	80	0	0.807450675	-8.0855836	-8.24914786	-8.61069574	-8.0855836	0.525112136	0	0	0	0	0	3
91	80	0	0.816422349	-8.08123718	-8.23969325	-8.58476117	-8.08123718	0.503523988	0	0	0	0	0	3
92	81	0	0.825394023	-8.08232133	-8.23072111	-8.55418659	-8.08123718	0.472949408	0	0	0	0	0	3
93	82	0	0.834365697	-8.07989151	-8.22225155	-8.52625267	-8.07989151	0.446361155	0	0	0	0	0	3
94	83	0	0.843337372	-8.08291704	-8.21433485	-8.50310152	-8.07989151	0.423210007	0	0	0	0	0	3
95	84	0	0.852309046	-8.08434985	-8.20685714	-8.48279194	-8.07989151	0.402900427	0	0	0	0	0	3
96	85	0	0.86128072	-8.08708034	-8.19979086	-8.4681975	-8.07989151	0.388305983	0	0	0	0	0	3
97	85	0	0.870252394	-8.09353566	-8.19310047	-8.4475391	-8.07989151	0.36764759	0	0	0	0	0	3
98	86	0	0.879224068	-8.09178186	-8.18674766	-8.42734242	-8.07989151	0.34745091	0	0	0	0	0	3
99	87	0	0.888195742	-8.09221379	-8.18076322	-8.40211625	-8.07989151	0.322224733	0	0	0	0	0	3
100	88	0	0.897167416	-8.08825959	-8.17515864	-8.3852635	-8.07989151	0.305371982	0	0	0	0	0	3
101	93	0	0.906139091	-8.08901571	-8.1698685	-8.3657287	-8.07989151	0.285837192	0	0	0	0	0	3
102	95	0	0.915110765	-8.09086842	-8.16496028	-8.34968474	-8.07989151	0.269793228	0	0	0	0	0	3
103	96	0	0.924082439	-8.0993305	-8.16048967	-8.33478958	-8.07989151	0.254898071	0	0	0	0	0	3
104	97	0	0.933054113	-8.10690609	-8.15642032	-8.32466469	-8.07989151	0.244773181	0	0	0	0	0	3
105	98	0	0.942025787	-8.11057208	-8.15259724	-8.30975337	-8.07989151	0.229861853	0	0	0	0	0	3
106	99	0	0.950997461	-8.11036757	-8.14903678	-8.29154773	-8.07989151	0.211656221	0	0	0	0	0	3
107	100	0	0.959969136	-8.11126516	-8.14581744	-8.27152655	-8.07989151	0.191635034	0	0	0	0	0	3
108	101	0	0.96894081	-8.11109622	-8.14295262	-8.25232745	-8.07989151	0.172435938	0	0	0	0	0	3
109	102	0	0.977912484	-8.10891226	-8.14039163	-8.24260977	-8.07989151	0.16271826	0	0	0	0	0	3
110	104	0	0.986884158	-8.10833142	-8.1379938	-8.23776847	-8.07989151	0.157876957	0	0	0	0	0	3
111	105	0	0.995855832	-8.10451149	-8.13561422	-8.2370247	-8.07989151	0.157133189	0	0	0	0	0	3
112	106	0	1.00482751	-8.10183835	-8.13320017	-8.235404	-8.07989151	0.155512484	0.342884268	0	100	0	0	3
113	107	0	1.01379918	-8.09539004	-8.13069992	-8.22287832	-8.07989151	0.142986804	0.342884268	0	100	0	0	3
114	108	0	1.02277085	-8.09191316	-8.12836126	-8.21388235	-8.07989151	0.133990838	0.342884268	0	100	0	0	3
115	109	0	1.03174253	-8.08783718	-8.12611045	-8.19995824	-8.07989151	0.120066727	0.342884268	0	100	0	0	3
116	110	0	1.0407142	-8.08741683	-8.12410079	-8.19413763	-8.07989151	0.114246113	0.342884268	0	100	0	0	3
117	111	0	1.04968588	-8.08954183	-8.12233949	-8.19413763	-8.07989151	0.114246113	0.342884268	0	100	0	0	3
118	112	0	1.05865755	-8.09293866	-8.12058257	-8.19413763	-8.07989151	0.114246113	0.342884268	0	100	0	0	3
119	113	0	1.06762923	-8.09589305	-8.11889895	-8.19413763	-8.07989151	0.114246113	0.342884268	0	100	0	0	3
120	114	0	1.0766009	-8.09683792	-8.11716146	-8.19303826	-8.07989151	0.113146751	0.342884268	0	100	0	0	3
121	115	0	1.08557257	-8.09886025	-8.11550605	-8.19303826	-8.07989151	0.113146751	0.342884268	0	100	0	0	3
122	117	0	1.09454425	-8.10356706	-8.11390835	-8.18653125	-8.07989151	0.106639738	0.342884268	0	100	0	0	3
123	118	0	1.10351592	-8.1083272	-8.11251185	-8.17687489	-8.07989151	0.096983374	0.342884268	0	100	0	0	3
124	119	0	1.1124876	-8.11234992	-8.11135962	-8.17167609	-8.07989151	0.0917845812	0.342884268	0	100	0	0	3
125	120	0	1.12145927	-8.11630199	-8.11037079	-8.16719584	-8.07989151	0.0873043259	0.342884268	0	100	0	0	3
126	121	0	1.13043094	-8.12236193	-8.10961495	-8.16719584	-8.07989151	0.0873043259	0.342884268	0	100	0	0	3
127	122	0	1.13940262	-8.12883089	-8.10892986	-8.1661928	-8.07989151	0.086301288	0.342884268	0	100	0	0	3
128	123	0	1.14837429	-8.13658501	-8.1084103	-8.1661928	-8.07989151	0.086301288	0.342884268	0	100	0	0	3
129	124	0	1.15734597	-8.14267324	-8.10799031	-8.16116557	-8.07989151	0.0812740599	0.342884268	0	100	0	0	3
130	125	0	1.16631764	-8.14598757	-8.10771927	-8.16084175	-8.07989151	0.0809502326	0.342884268	0	100	0	0	3
131	126	0	1.17528932	-8.14940128	-8.10751498	-8.15408679	-8.07989151	0.0741952757	0.342884268	0	100	0	0	3
132	127	0	1.18426099	-8.15091278	-8.1074583	-8.15398725	-8.07989151	0.0740957398	0.342884268	0	100	0	0	3
133	129	0	1.19323266	-8.15197327	-8.10742234	-8.15197327	-8.07989151	0.0720817608	0.342884268	0	100	0	0	3
134	130	0	1.20220434	-8.15298072	-8.1075115	-8.15298072	-8.07989151	0.0730892073	0.342884268	0	100	0	0	3
135	131	0	1.21117601	-8.14831425	-8.10769581	-8.15298072	-8.07989151	0.0730892073	0.342884268	0	100	0	0	3
136	132	0	1.22014769	-8.14039061	-8.10789909	-8.15298072	-8.07989151	0.0730892073	0.342884268	0	100	0	0	3
137	133	0	1.22911936	-8.13048906	-8.10806491	-8.15298072	-8.07989151	0.0730892073	0.342884268	0	100	0	0	3
138	134	0	1.23809103	-8.12201012	-8.10807481	-8.15298072	-8.07989151	0.0730892073	0.342884268	0	100	0	0	3
139	135	0	1.24706271	-8.11462905	-8.10807344	-8.15298072	-8.07989151	0.0730892073	0.342884268	0	100	0	0	3
140	136	0	1.25603438	-8.11121313	-8.10799564	-8.15298072	-8.07989151	0.0730892073	0.342884268	0	100	0	0	3
141	137	0	1.26500606	-8.10743657	-8.10790386	-8.15298072	-8.07989151	0.0730892073	0.342884268	0	100	0	0	3
142	138	0	1.27397773	-8.1084676	-8.10782337	-8.15298072	-8.07989151	0.0730892073	0.342884268	0	100	0	0	3
143	139	0	1.28294941	-8.10727033	-8.10784902	-8.15298072	-8.07989151	0.0730892073	0.342884268	0	100	0	0	3
144	141	0	1.29192108	-8.10803299	-8.10802264	-8.15298072	-8.07989151	0.0730892073	0.342884268	0	100	0	0	3
145	142	0	1.30089275	-8.10402675	-8.10827409	-8.15298072	-8.07989151	0.0730892073	0.342884268	0	100	0	0	3
146	143	0	1.30986443	-8.10463595	-8.10861431	-8.15298072	-8.07989151	0.0730892073	0.342884268	0	100	0	0	3
147	144	0	1.3188361	-8.09835785	-8.10892004	-8.15298072	-8.07989151	0.0730892073	0.342884268	0	100	0	0	3
148	145	0	1.32780778	-8.09656614	-8.10917441	-8.15298072	-8.07989151	0.0730892073	0.342884268	0	100	0	0	3
149	146	0	1.33677945	-8.09361368	-8.10941945	-8.15298072	-8.08291704	0.0700636764	0.342884268	0	100	0	0	3
150	147	0	1.34575112	-8.0942807	-8.10962237	-8.15298072	-8.08434985	0.0686308687	0.342884268	0	100	0	0	3
151	148	0	1.3547228	-8.08798674	-8.10968732	-8.15298072	-8.08708034	0.0659003781	0.342884268	0	100	0	0	3
152	149	0	1.36369447	-8.08557563	-8.10966045	-8.15298072	-8.08557563	0.0674050905	0.342884268	0	100	0	0	3
153	150	0	1.37266615	-8.07721088	-8.10936893	-8.15298072	-8.07721088	0.0757698406	0.342884268	0	100	0	0	3
154	151	0	1.38163782	-8.07243059	-8.10902338	-8.15298072	-8.07243059	0.0733408833	0.342884268	0	100	0	0	3
155	152	0	1.3906095	-8.06485884	-8.10853489	-8.15298072	-8.06485884	0.0677363001	0.342884268	0	100	0	0	3
156	153	0	1.39958117	-8.0615191	-8.10805739	-8.15298072	-8.0615191	0.0624461611	0.342884268	0	100	0	0	3
157	154	0	1.40855284	-8.05815815	-8.10750636	-8.15298072	-8.05815815	0.0575379417	0.342884268	0	100	0	0	3
158	155	0	1.41752452	-8.05972297	-8.10695019	-8.15298072	-8.05815815	0.0535394783	0.342884268	0	100	0	0	3
159	156	0	1.42649619	-8.05933752	-8.10623603	-8.15298072	-8.05815815	0.0501842906	0.342884268	0	100	0	0	3
160	157	0	1.43546787	-8.06341471	-8.1054594	-8.15298072	-8.05815815	0.0471378399	0.342884268	0	100	0	0	3
161	158	0	1.44443954	-8.06799902	-8.10469916	-8.15298072	-8.05815815	0.0443376123	0.342884268	0	100	0	0	3
162	159	0	1.45341121	-8.07558427	-8.10407803	-8.15298072	-8.05815815	0.0417394108	0.342884268	0	100	0	0	3
163	160	0	1.46238289	-8.08017678	-8.10352288	-8.15298072	-8.05815815	0.0394297332	0.342884268	0	100	0	0	3
164	161	0	1.47135456	-8.08262359	-8.10301444	-8.15298072	-8.05815815	0.0373771873	0.342884268	0	100	0	0	3
165	162	0	1.48032624	-8.08035451	-8.10250448	-8.15298072	-8.05815815	0.0354893194	0.342884268	0	100	0	0	3
166	163	0	1.48929791	-8.08145468	-8.10202454	-8.15298072	-8.05815815	0.033589672	0.342884268	0	100	0	0	3
167	164	0	1.49826959	-8.08203855	-8.10162324	-8.15298072	-8.05815815	0.0315769324	0.342884268	0	100	0	0	3
168	165	0	1.50724126	-8.08572413	-8.10133549	-8.15298072	-8.05815815	0.0293644373	0.342884268	0	100	0	0	3
169	166	0	1.51621293	-8.08848783	-8.10121223	-8.15298072	-8.05815815	0.0271490276	0.342884268	0	100	0	0	3
170	167	0	1.52518461	-8.09117896	-8.10119912	-8.15298072	-8.05815815	0.0249113317	0.342884268	0	100	0	0	3
171	168	0	1.53415628	-8.09417983	-8.10131238	-8.15298072	-8.05815815	0.0229016636	0.342884268	0	100	0	0	3
172	168	0	1.54312796	-8.09580597	-8.10146219	-8.15298072	-8.05815815	0.0211403679	0.342884268	0	100	0	0	3
173	170	0	1.55209963	-8.09659761	-8.10158819	-8.15298072	-8.05815815	0.0193834475	0.342884268	0	100	0	0	3
174	170	0	1.5610713	-8.09616924	-8.10164587	-8.15298072	-8.05815815	0.0176998296	0.342884268	0	100	0	0	3
175	171	0	1.57004298	-8.09744881	-8.10167366	-8.15298072	-8.05815815	0.0159623348	0.342884268	0	100	0	0	3
176	172	0	1.57901465	-8.0989117	-8.10171069	-8.15298072	-8.05815815	0.0143069274	0.342884268	0	100	0	0	3
177	173	0	1.58798633	-8.09430401	-8.10162933	-8.15298072	-8.05815815	0.0127092274	0.342884268	0	100	0	0	3
178	174	0	1.596958	-8.09374251	-8.10145389	-8.15298072	-8.05815815	0.0113127264	0.342884268	0	100	0	0	3
179	175	0	1.60592968	-8.09059574	-8.10113726	-8.15298072	-8.05815815	0.0102223619	0.342884268	0	100	0	0	3
180	176	0	1.61490135	-8.09071001	-8.10075083	-8.15298072	-8.05815815	0.00961996556	0.342884268	0	100	0	0	3
181	177	0	1.62387302	-8.08892562	-8.10026196	-8.15298072	-8.05815815	0.00942535356	0.342884268	0	100	0	0	3
182	178	0	1.6328447	-8.08853558	-8.09965792	-8.15298072	-8.05815815	0.0100293956	0.342884268	0	100	0	0	3
183	179	0	1.64181637	-8.08397814	-8.09885698	-8.15298072	-8.05815815	0.0108303376	0.342884268	0	100	0	0	3
184	180	0	1.65078805	-8.07882509	-8.09782555	-8.15298072	-8.05815815	0.0118617648	0.342884268	0	100	0	0	3
185	181	0	1.65975972	-8.07475597	-8.09661274	-8.15298072	-8.05815815	0.0130745732	0.342884268	0	100	0	0	3
186	182	0	1.66873139	-8.07451847	-8.09533651	-8.15298072	-8.05815815	0.014350807	0.342884268	0	100	0	0	3
187	182	0	1.67770307	-8.07457194	-8.09400027	-8.15298072	-8.05815815	0.0156870453	0.342884268	0	100	0	0	3
188	183	0	1.68667474	-8.07370409	-8.09262155	-8.15298072	-8.05815815	0.0170657718	0.342884268	0	100	0	0	3
189	184	0	1.69564642	-8.07485731	-8.09124448	-8.15298072	-8.05815815	0.0184428425	0.342884268	0	100	0	0	3
190	185	0	1.70461809	-8.07272193	-8.08981128	-8.14831425	-8.05815815	0.0198760351	0.342884268	0	100	0	0	3
191	186	0	1.71358977	-8.07196485	-8.0884479	-8.14039061	-8.05815815	0.0212394174	0.342884268	0	100	0	0	3
192	187	0	1.72256144	-8.07032156	-8.08719667	-8.13048906	-8.05815815	0.0224906505	0.342884268	0	100	0	0	3
193	188	0	1.73153311	-8.06968649	-8.08611091	-8.12201012	-8.05815815	0.0235764108	0.342884268	0	100	0	0	3
194	189	0	1.74050479	-8.06666328	-8.08512257	-8.11462905	-8.05815815	0.0245647471	0.342884268	0	100	0	0	3
195	190	0	1.74947646	-8.06627755	-8.08425915	-8.11121313	-8.05815815	0.0254281668	0.342884268	0	100	0	0	3
196	191	0	1.75844814	-8.06073304	-8.08335772	-8.1084676	-8.05815815	0.0263295968	0.342884268	0	100	0	0	3
197	191	0	1.76741981	-8.05460299	-8.08241426	-8.1084676	-8.05460299	0.0272730536	0.342884268	0	100	0	0	3
198	192	0	1.77639148	-8.04784104	-8.08133165	-8.10803299	-8.04784104	0.0283556707	0.342884268	0	100	0	0	3
199	193	0	1.78536316	-8.04575195	-8.0802331	-8.10803299	-8.04575195	0.0294542132	0.342884268	0	100	0	0	3
200	194	0	1.79433483	-8.04401391	-8.07908991	-8.10463595	-8.04401391	0.0305974111	0.342884268	0	100	0	0	3
201	199	0	1.80330651	-8.0428582	-8.07799761	-8.10463595	-8.0428582	0.0316897066	0.342884268	0	100	0	0	3
202	200	0	1.81227818	-8.04281637	-8.07689369	-8.0989117	-8.04281637	0.0327936278	0.342884268	0	100	0	0	3
203	201	0	1.82124986	-8.04397549	-8.07592258	-8.0989117	-8.04281637	0.0337647416	0.342884268	0	100	0	0	3
204	202	0	1.83022153	-8.04198029	-8.07494783	-8.0989117	-8.04198029	0.0347394889	0.342884268	0	100	0	0	3
205	203	0	1.8391932	-8.04233545	-8.07403215	-8.0989117	-8.04198029	0.0356551717	0.342884268	0	100	0	0	3
206	204	0	1.84816488	-8.0407565	-8.07307636	-8.0989117	-8.0407565	0.036610961	0.342884268	0	100	0	0	3
207	205	0	1.85713655	-8.04284136	-8.07227019	-8.0989117	-8.0407565	0.0373902588	0.342884268	0	100	0	0	3
208	206	0	1.86610823	-8.04610853	-8.07156542	-8.0989117	-8.0407565	0.0378035144	0.342884268	0	100	0	0	3
209	206	0	1.8750799	-8.05295295	-8.07113224	-8.0989117	-8.0407565	0.0378911333	0.342884268	0	100	0	0	3
210	207	0	1.88405157	-8.06061618	-8.07092127	-8.0989117	-8.0407565	0.0376136238	0.342884268	0	100	0	0	3
211	208	0	1.89302325	-8.06539572	-8.07093086	-8.0989117	-8.0407565	0.037136115	0.342884268	0	100	0	0	3
212	209	0	1.90199492	-8.06830624	-8.07105206	-8.0989117	-8.0407565	0.0365850871	0.342884268	0	100	0	0	3
213	210	0	1.9109666	-8.07116066	-8.07128424	-8.0989117	-8.0407565	0.0360289185	0.342884268	0	100	0	0	3
214	211	0	1.91993827	-8.0762168	-8.07157878	-8.0989117	-8.0407565	0.0353147581	0.342884268	0	100	0	0	3
215	212	0	1.92890995	-8.08469295	-8.07203155	-8.0989117	-8.0407565	0.0345381264	0.342884268	0	100	0	0	3
216	213	0	1.93788162	-8.09370314	-8.07257242	-8.0989117	-8.0407565	0.0337778932	0.342884268	0	100	0	0	3
217	214	0	1.94685329	-8.10834424	-8.07329287	-8.10834424	-8.0407565	0.033156763	0.342884268	0	100	0	0	3
218	215	0	1.95582497	-8.12335356	-8.07414589	-8.12335356	-8.0407565	0.0326016134	0.342884268	0	100	0	0	3
219	216	0	1.96479664	-8.14342909	-8.0752754	-8.14342909	-8.0407565	0.0320931736	0.342884268	0	100	0	0	3
220	217	0	1.97376832	-8.15969431	-8.07665166	-8.15969431	-8.0407565	0.0315832139	0.342884268	0	100	0	0	3
221	218	0	1.98273999	-8.17939294	-8.0784202	-8.17939294	-8.0407565	0.0311032722	0.342884268	0	100	0	0	3
222	219	0	1.99171166	-8.19055167	-8.08036836	-8.19055167	-8.0407565	0.0307894173	0.342884268	0	100	0	0	3
223	220	0	2.00068334	-8.20356684	-8.08253851	-8.20356684	-8.0407565	0.0307894173	0.342884268	0	100	0	0	3
224	221	0	2.00965501	-8.21210206	-8.08479526	-8.21210206	-8.0407565	0.0307894173	0.342884268	0	100	0	0	3
225	221	0	2.01862669	-8.21691567	-8.08708861	-8.21691567	-8.0407565	0.0307894173	0.342884268	0	100	0	0	3
226	222	0	2.02759836	-8.21944757	-8.08937912	-8.21944757	-8.0407565	0.0307894173	0.342884268	0	100	0	0	3
227	223	0	2.03657004	-8.21573013	-8.09154967	-8.21944757	-8.0407565	0.0307894173	0.342884268	0	100	0	0	3
228	224	0	2.04554171	-8.21619316	-8.09369944	-8.21944757	-8.0407565	0.0307894173	0.342884268	0	100	0	0	3
229	225	0	2.05451338	-8.21166482	-8.09575421	-8.21944757	-8.0407565	0.0307894173	0.342884268	0	100	0	0	3
230	226	0	2.06348506	-8.20908462	-8.09777055	-8.21944757	-8.0407565	0.0307894173	0.342884268	0	100	0	0	3
231	227	0	2.07245673	-8.20406038	-8.09967433	-8.21944757	-8.0407565	0.0307894173	0.342884268	0	100	0	0	3
232	228	0	2.08142841	-8.19963698	-8.101473	-8.21944757	-8.0407565	0.0307080559	0.342884268	0	100	0	0	3
233	229	0	2.09040008	-8.1826536	-8.10305067	-8.21944757	-8.0407565	0.0321293988	0.342884268	0	100	0	0	3
234	230	0	2.09937175	-8.16584908	-8.10433829	-8.21944757	-8.0407565	0.0334170163	0.342884268	0	100	0	0	3
235	231	0	2.10834343	-8.14929499	-8.10538649	-8.21944757	-8.0407565	0.0344652172	0.342884268	0	100	0	0	3
236	232	0	2.1173151	-8.14194138	-8.10630133	-8.21944757	-8.0407565	0.0353800631	0.342884268	0	100	0	0	3
237	232	0	2.12628678	-8.1335026	-8.10709735	-8.21944757	-8.0407565	0.0361760806	0.342884268	0	100	0	0	3
238	233	0	2.13525845	-8.1260618	-8.10776746	-8.21944757	-8.0407565	0.0368461917	0.342884268	0	100	0	0	3
239	234	0	2.14423013	-8.1184589	-8.10838319	-8.21944757	-8.0407565	0.0374619196	0.342884268	0	100	0	0	3
240	235	0	2.1532018	-8.11378077	-8.1090074	-8.21944757	-8.0407565	0.0380861283	0.342884268	0	100	0	0	3
241	236	0	2.16217347	-8.10600989	-8.1095655	-8.21944757	-8.0407565	0.038644234	0.342884268	0	100	0	0	3
242	237	0	2.17114515	-8.10323183	-8.11007824	-8.21944757	-8.0407565	0.0391569724	0.342884268	0	100	0	0	3
243	238	0	2.18011682	-8.10293204	-8.11058467	-8.21944757	-8.0407565	0.0396634028	0.342884268	0	100	0	0	3
244	239	0	2.1890885	-8.10331921	-8.11111351	-8.21944757	-8.0407565	0.0401922441	0.342884268	0	100	0	0	3
245	240	0	2.19806017	-8.10178297	-8.11159433	-8.21944757	-8.0407565	0.0406730594	0.342884268	0	100	0	0	3
246	241	0	2.20703184	-8.09830339	-8.11205114	-8.21944757	-8.0407565	0.0411298711	0.342884268	0	100	0	0	3
247	242	0	2.21600352	-8.0951348	-8.11246489	-8.21944757	-8.0407565	0.0415436203	0.342884268	0	100	0	0	3
248	243	0	2.22497519	-8.09137903	-8.11284092	-8.21944757	-8.0407565	0.0419196467	0.342884268	0	100	0	0	3
249	243	0	2.23394687	-8.08664688	-8.11314378	-8.21944757	-8.0407565	0.0422225109	0.342884268	0	100	0	0	3
250	244	0	2.24291854	-8.0826561	-8.11342937	-8.21944757	-8.0407565	0.0425080968	0.342884268	0	100	0	0	3
251	245	0	2.25189022	-8.08420595	-8.11374952	-8.21944757	-8.0407565	0.0428282468	0.342884268	0	100	0	0	3
252	246	0	2.26086189	-8.08445804	-8.11417318	-8.21944757	-8.0407565	0.0432519074	0.342884268	0	100	0	0	3
253	247	0	2.26983356	-8.08819909	-8.11477311	-8.21944757	-8.0407565	0.0438518377	0.342884268	0	100	0	0	3
254	248	0	2.27880524	-8.09066695	-8.11553786	-8.21944757	-8.0407565	0.0446165861	0.342884268	0	100	0	0	3
255	249	0	2.28777691	-8.09467123	-8.11641142	-8.21944757	-8.0407565	0.0454901446	0.342884268	0	100	0	0	3
256	250	0	2.29674859	-8.09555616	-8.11733181	-8.21944757	-8.0407565	0.0464105421	0.342884268	0	100	0	0	3
257	250	0	2.30572026	-8.09866685	-8.1183284	-8.21944757	-8.0407565	0.0474071251	0.342884268	0	100	0	0	3
258	251	0	2.31469193	-8.09824892	-8.11931826	-8.21944757	-8.0407565	0.0483969921	0.342884268	0	100	0	0	3
259	252	0	2.32366361	-8.09914041	-8.12030335	-8.21944757	-8.0407565	0.04938208	0.342884268	0	100	0	0	3
260	253	0	2.33263528	-8.0989234	-8.12132019	-8.21944757	-8.0407565	0.0503989212	0.342884268	0	100	0	0	3
261	254	0	2.34160696	-8.10074972	-8.1223633	-8.21944757	-8.0407565	0.0514420332	0.342884268	0	100	0	0	3
262	255	0	2.35057863	-8.10555546	-8.12352043	-8.21944757	-8.04284136	0.0525991576	0.342884268	0	100	0	0	3
263	256	0	2.35955031	-8.11218531	-8.12475871	-8.21944757	-8.04610853	0.0538374426	0.342884268	0	100	0	0	3
264	257	0	2.36852198	-8.12197468	-8.12611347	-8.21944757	-8.05295295	0.0551921951	0.342884268	0	100	0	0	3
265	257	0	2.37749365	-8.13343864	-8.12755071	-8.21944757	-8.06061618	0.0566294395	0.342884268	0	100	0	0	3
266	258	0	2.38646533	-8.14556626	-8.12906768	-8.21944757	-8.06539572	0.0581368182	0.342884268	0	100	0	0	3
267	259	0	2.395437	-8.15542857	-8.13067541	-8.21944757	-8.06830624	0.0596233487	0.342884268	0	100	0	0	3
268	260	0	2.40440868	-8.16725201	-8.13244229	-8.21944757	-8.07116066	0.0611580499	0.342884268	0	100	0	0	3
269	261	0	2.41338035	-8.1757298	-8.1343096	-8.21944757	-8.0762168	0.0627308234	0.342884268	0	100	0	0	3
270	262	0	2.42235202	-8.18556072	-8.13626217	-8.21944757	-8.0826561	0.0642306178	0.342884268	0	100	0	0	3
271	263	0	2.4313237	-8.1885082	-8.13811601	-8.21944757	-8.0826561	0.0655435966	0.342884268	0	100	0	0	3
272	264	0	2.44029537	-8.18654991	-8.13977399	-8.21944757	-8.0826561	0.0664811244	0.342884268	0	100	0	0	3
273	264	0	2.44926705	-8.17970016	-8.14104821	-8.21944757	-8.0826561	0.0669023145	0.342884268	0	100	0	0	3
274	265	0	2.45823872	-8.16284058	-8.14175333	-8.21944757	-8.0826561	0.0664779344	0.342884268	0	100	0	0	3
275	266	0	2.4672104	-8.15021407	-8.14187449	-8.21944757	-8.0826561	0.065222832	0.342884268	0	100	0	0	3
276	267	0	2.47618207	-8.14247776	-8.14156705	-8.21944757	-8.0826561	0.0634542887	0.342884268	0	100	0	0	3
277	268	0	2.48515374	-8.13905655	-8.14084676	-8.21944757	-8.0826561	0.0615061283	0.342884268	0	100	0	0	3
278	269	0	2.49412542	-8.13628465	-8.13987771	-8.21944757	-8.0826561	0.0593359804	0.342884268	0	100	0	0	3
279	270	0	2.50309709	-8.13560741	-8.13866415	-8.21944757	-8.0826561	0.0570792315	0.342884268	0	100	0	0	3
280	271	0	2.51206877	-8.13104945	-8.13721678	-8.21944757	-8.0826561	0.0547858771	0.342884268	0	100	0	0	3
281	271	0	2.52104044	-8.12852421	-8.13563836	-8.21944757	-8.0826561	0.0524953662	0.342884268	0	100	0	0	3
282	272	0	2.53001211	-8.1277957	-8.13400172	-8.21619316	-8.0826561	0.050324825	0.342884268	0	100	0	0	3
283	273	0	2.53898379	-8.13123481	-8.13249287	-8.21619316	-8.0826561	0.0481750538	0.342884268	0	100	0	0	3
284	274	0	2.54795546	-8.13524695	-8.1310474	-8.21166482	-8.0826561	0.0461202822	0.342884268	0	100	0	0	3
285	275	0	2.55692714	-8.13854287	-8.12974166	-8.20908462	-8.0826561	0.0441039362	0.342884268	0	100	0	0	3
286	276	0	2.56589881	-8.13852993	-8.12848175	-8.20406038	-8.0826561	0.0422001581	0.342884268	0	100	0	0	3
287	277	0	2.57487049	-8.13493121	-8.1272473	-8.19963698	-8.0826561	0.0404014925	0.342884268	0	100	0	0	3
288	278	0	2.58384216	-8.1328119	-8.126054	-8.1885082	-8.0826561	0.0388238213	0.342884268	0	100	0	0	3
289	278	0	2.59281383	-8.13022425	-8.12511776	-8.1885082	-8.0826561	0.0375362039	0.342884268	0	100	0	0	3
290	279	0	2.60178551	-8.12864241	-8.12445335	-8.1885082	-8.0826561	0.0364880029	0.342884268	0	100	0	0	3
291	280	0	2.61075718	-8.12370852	-8.12399645	-8.1885082	-8.0826561	0.0355731571	0.342884268	0	100	0	0	3
292	281	0	2.61972886	-8.11902752	-8.12358728	-8.1885082	-8.0826561	0.0347771396	0.342884268	0	100	0	0	3
293	282	0	2.62870053	-8.1088209	-8.12314653	-8.1885082	-8.0826561	0.0341070284	0.342884268	0	100	0	0	3
294	283	0	2.6376722	-8.09530848	-8.12259736	-8.1885082	-8.0826561	0.0334913006	0.342884268	0	100	0	0	3
295	284	0	2.64664388	-8.08618332	-8.12202101	-8.1885082	-8.0826561	0.0328670919	0.342884268	0	100	0	0	3
296	285	0	2.65561555	-8.08370534	-8.12148395	-8.1885082	-8.0826561	0.0323089862	0.342884268	0	100	0	0	3
297	286	0	2.66458723	-8.0841724	-8.121094	-8.1885082	-8.0826561	0.0317962478	0.342884268	0	100	0	0	3
298	286	0	2.6735589	-8.08765618	-8.12081586	-8.1885082	-8.0826561	0.0312898174	0.342884268	0	100	0	0	3
299	287	0	2.68253058	-8.08970646	-8.12057969	-8.1885082	-8.0826561	0.0307609761	0.342884268	0	100	0	0	3
300	288	0	2.69150225	-8.09444609	-8.12042124	-8.1885082	-8.0826561	0.0302801608	0.342884268	0	100	0	0	3
301	293	0	2.70047392	-8.09346399	-8.12027269	-8.1885082	-8.0826561	0.0298233491	0.342884268	0	100	0	0	3
302	294	0	2.7094456	-8.09054777	-8.1201342	-8.1885082	-8.0826561	0.0294095998	0.342884268	0	100	0	0	3
303	295	0	2.71841727	-8.0955267	-8.12014119	-8.1885082	-8.0826561	0.0290335735	0.342884268	0	100	0	0	3
304	295	0	2.72738895	-8.09666379	-8.12023556	-8.1885082	-8.0826561	0.0287307093	0.342884268	0	100	0	0	3
305	296	0	2.73636062	-8.10054123	-8.12048368	-8.1885082	-8.0826561	0.0284451233	0.342884268	0	100	0	0	3
306	297	0	2.74533229	-8.10798168	-8.12093592	-8.1885082	-8.08370534	0.0281249734	0.342884268	0	100	0	0	3
307	298	0	2.75430397	-8.11800784	-8.12153953	-8.1885082	-8.08370534	0.0277013128	0.342884268	0	100	0	0	3
308	299	0	2.76327564	-8.12323942	-8.12223205	-8.1885082	-8.08370534	0.0271013825	0.342884268	0	100	0	0	3
309	300	0	2.77224732	-8.12836477	-8.12294929	-8.1885082	-8.08370534	0.0263366341	0.342884268	0	100	0	0	3
310	301	0	2.78121899	-8.12441562	-8.12355195	-8.1885082	-8.08370534	0.0254630756	0.342884268	0	100	0	0	3
311	302	0	2.79019067	-8.12180257	-8.12403644	-8.1885082	-8.08370534	0.0245426781	0.342884268	0	100	0	0	3
312	303	0	2.79916234	-8.11510902	-8.1243856	-8.1885082	-8.08370534	0.0235460951	0.342884268	0	100	0	0	3
313	304	0	2.80813401	-8.11394779	-8.12465847	-8.1885082	-8.08370534	0.0225562281	0.342884268	0	100	0	0	3
314	304	0	2.81710569	-8.11561316	-8.12496855	-8.1885082	-8.08370534	0.0217402957	0.342884268	0	100	0	0	3
315	305	0	2.82607736	-8.11864164	-8.12531678	-8.1885082	-8.08370534	0.0217402957	0.342884268	0	100	0	0	3
316	306	0	2.83504904	-8.12261277	-8.12573981	-8.1885082	-8.08370534	0.0217402957	0.342884268	0	100	0	0	3
317	307	0	2.84402071	-8.12410864	-8.12615693	-8.1885082	-8.08370534	0.0217402957	0.342884268	0	100	0	0	3
318	308	0	2.85299238	-8.12021724	-8.12641875	-8.1885082	-8.08370534	0.0217402957	0.342884268	0	100	0	0	3
319	309	0	2.86196406	-8.11486397	-8.12646658	-8.1885082	-8.08370534	0.0217402957	0.342884268	0	100	0	0	3
320	310	0	2.87093573	-8.11831835	-8.12640129	-8.1885082	-8.08370534	0.0217402957	0.342884268	0	100	0	0	3
321	310	0	2.87990741	-8.12137728	-8.12618591	-8.1885082	-8.08370534	0.0217402957	0.342884268	0	100	0	0	3
322	311	0	2.88887908	-8.12331306	-8.12578853	-8.1885082	-8.08370534	0.0217402957	0.342884268	0	100	0	0	3
323	312	0	2.89785076	-8.12514961	-8.12524783	-8.1885082	-8.08370534	0.0217402957	0.342884268	0	100	0	0	3
324	313	0	2.90682243	-8.12583741	-8.12450829	-8.1885082	-8.08370534	0.0217402957	0.342884268	0	100	0	0	3
325	314	0	2.9157941	-8.12243213	-8.12355654	-8.1885082	-8.08370534	0.0217402957	0.342884268	0	100	0	0	3
326	315	0	2.92476578	-8.11694702	-8.1223313	-8.1885082	-8.08370534	0.0217402957	0.342884268	0	100	0	0	3
327	316	0	2.93373745	-8.11203982	-8.12096579	-8.18654991	-8.08370534	0.0217402957	0.342884268	0	100	0	0	3
328	317	0	2.94270913	-8.11173089	-8.11962974	-8.17970016	-8.08370534	0.0222447542	0.342884268	0	100	0	0	3
329	317	0	2.9516808	-8.11261661	-8.11843182	-8.16284058	-8.08370534	0.0234426748	0.342884268	0	100	0	0	3
330	318	0	2.96065247	-8.11700498	-8.11761332	-8.15021407	-8.08370534	0.0242611676	0.342884268	0	100	0	0	3
331	319	0	2.96962415	-8.11801802	-8.11703839	-8.14247776	-8.08370534	0.0245286588	0.342884268	0	100	0	0	3
332	320	0	2.97859582	-8.11519154	-8.11655114	-8.13905655	-8.08370534	0.0242956203	0.342884268	0	100	0	0	3
333	321	0	2.9875675	-8.10807738	-8.11599794	-8.13854287	-8.08370534	0.0238797658	0.342884268	0	100	0	0	3
334	322	0	2.99653917	-8.10401368	-8.11542167	-8.13854287	-8.08370534	0.0232424718	0.342884268	0	100	0	0	3
335	323	0	3.00551085	-8.09754714	-8.11474203	-8.13854287	-8.08370534	0.0224747515	0.342884268	0	100	0	0	3
336	324	0	3.01448252	-8.09801597	-8.11415214	-8.13854287	-8.08370534	0.0214862159	0.342884268	0	100	0	0	3
337	325	0	3.02345419	-8.10108961	-8.11366224	-8.13854287	-8.08370534	0.0203394791	0.342884268	0	100	0	0	3
338	326	0	3.03242587	-8.10443175	-8.11324503	-8.13854287	-8.08370534	0.0192478474	0.342884268	0	100	0	0	3
339	326	0	3.04139754	-8.1028559	-8.11273826	-8.13854287	-8.08370534	0.0183091457	0.342884268	0	100	0	0	3
340	327	0	3.05036922	-8.09898766	-8.11209077	-8.13854287	-8.08370534	0.017650884	0.342884268	0	100	0	0	3
341	328	0	3.05934089	-8.09505786	-8.11131425	-8.13852993	-8.08370534	0.0171674969	0.342884268	0	100	0	0	3
342	329	0	3.06831256	-8.09451868	-8.11052834	-8.13493121	-8.08370534	0.0167189626	0.342884268	0	100	0	0	3
343	330	0	3.07728424	-8.0897612	-8.10972173	-8.1328119	-8.08370534	0.0167448495	0.342884268	0	100	0	0	3
344	331	0	3.08625591	-8.0930933	-8.10901247	-8.13022425	-8.08370534	0.0174541103	0.342884268	0	100	0	0	3
345	332	0	3.09522759	-8.09320534	-8.10835142	-8.12864241	-8.08370534	0.0181151623	0.342884268	0	100	0	0	3
346	333	0	3.10419926	-8.09575582	-8.10776416	-8.12836477	-8.08370534	0.0187024229	0.342884268	0	100	0	0	3
347	333	0	3.11317094	-8.09459578	-8.10724429	-8.12836477	-8.08370534	0.0192222931	0.342884268	0	100	0	0	3
348	334	0	3.12214261	-8.09535327	-8.10682153	-8.12836477	-8.08370534	0.0196450476	0.342884268	0	100	0	0	3
349	335	0	3.13111428	-8.09076181	-8.10649905	-8.12836477	-8.08370534	0.0199675312	0.342884268	0	100	0	0	3
350	336	0	3.14008596	-8.08871049	-8.10638123	-8.12836477	-8.08370534	0.0200853524	0.342884268	0	100	0	0	3
351	337	0	3.14905763	-8.08441114	-8.10634958	-8.12836477	-8.08370534	0.0201169984	0.342884268	0	100	0	0	3
352	338	0	3.15802931	-8.08673449	-8.10640367	-8.12836477	-8.0841724	0.0201169984	0.342884268	0	100	0	0	3
353	338	0	3.16700098	-8.08569712	-8.1064309	-8.12836477	-8.08441114	0.0201169984	0.342884268	0	100	0	0	3
354	339	0	3.17597265	-8.0897926	-8.10646905	-8.12836477	-8.08441114	0.0201169984	0.342884268	0	100	0	0	3
355	340	0	3.18494433	-8.08862405	-8.10644972	-8.12836477	-8.08441114	0.0201169984	0.342884268	0	100	0	0	3
356	341	0	3.193916	-8.08843007	-8.10634229	-8.12836477	-8.08441114	0.0201242866	0.342884268	0	100	0	0	3
357	342	0	3.20288768	-8.08757127	-8.10623707	-8.12836477	-8.08441114	0.0202295137	0.342884268	0	100	0	0	3
358	343	0	3.21185935	-8.09004768	-8.10622814	-8.12836477	-8.08441114	0.0202384438	0.342884268	0	100	0	0	3
359	344	0	3.22083103	-8.09099421	-8.1061472	-8.12836477	-8.08441114	0.0203193812	0.342884268	0	100	0	0	3
360	345	0	3.2298027	-8.09301526	-8.10608205	-8.12836477	-8.08441114	0.0203845336	0.342884268	0	100	0	0	3
361	346	0	3.23877437	-8.09272931	-8.10594255	-8.12836477	-8.08441114	0.0205240321	0.342884268	0	100	0	0	3
362	346	0	3.24774605	-8.09235613	-8.10566352	-8.12836477	-8.08441114	0.0208030598	0.342884268	0	100	0	0	3
363	347	0	3.25671772	-8.08892762	-8.10514423	-8.12836477	-8.08441114	0.0213223494	0.342884268	0	100	0	0	3
364	348	0	3.2656894	-8.09373463	-8.10461736	-8.12836477	-8.08441114	0.0218492206	0.342884268	0	100	0	0	3
365	349	0	3.27466107	-8.0938388	-8.10400082	-8.12583741	-8.08441114	0.0224657557	0.342884268	0	100	0	0	3
366	350	0	3.28363274	-8.0938189	-8.10345445	-8.12583741	-8.08441114	0.0230121256	0.342884268	0	100	0	0	3
367	351	0	3.29260442	-8.09044364	-8.10289447	-8.12583741	-8.08441114	0.0235721066	0.342884268	0	100	0	0	3
368	352	0	3.30157609	-8.08662213	-8.10238578	-8.12583741	-8.08441114	0.0240808011	0.342884268	0	100	0	0	3
369	352	0	3.31054777	-8.08510999	-8.10187082	-8.12583741	-8.08441114	0.0245957619	0.342884268	0	100	0	0	3
370	353	0	3.31951944	-8.08419543	-8.10130979	-8.12583741	-8.08419543	0.0251567929	0.342884268	0	100	0	0	3
371	354	0	3.32849112	-8.08311975	-8.10067547	-8.12583741	-8.08311975	0.0257911124	0.342884268	0	100	0	0	3
372	355	0	3.33746279	-8.08650978	-8.10003077	-8.12583741	-8.08311975	0.0264358088	0.342884268	0	100	0	0	3
373	356	0	3.34643446	-8.08789117	-8.09938403	-8.12583741	-8.08311975	0.0270825494	0.342884268	0	100	0	0	3
374	357	0	3.35540614	-8.08934917	-8.09883282	-8.12583741	-8.08311975	0.0276337649	0.342884268	0	100	0	0	3
375	358	0	3.36437781	-8.08741906	-8.09834273	-8.12583741	-8.08311975	0.0280585609	0.342884268	0	100	0	0	3
376	359	0	3.37334949	-8.08105516	-8.09767731	-8.12583741	-8.08105516	0.0285085935	0.342884268	0	100	0	0	3
377	360	0	3.38232116	-8.07771332	-8.0968976	-8.12583741	-8.07771332	0.0288909287	0.342884268	0	100	0	0	3
378	360	0	3.39129283	-8.07592631	-8.09605141	-8.12583741	-8.07592631	0.0291964251	0.342884268	0	100	0	0	3
379	361	0	3.40026451	-8.08068405	-8.09525738	-8.12583741	-8.07592631	0.0292509066	0.342884268	0	100	0	0	3
380	362	0	3.40923618	-8.08333868	-8.09449847	-8.12243213	-8.07592631	0.0290580685	0.342884268	0	100	0	0	3
381	363	0	3.41820786	-8.08753505	-8.09387531	-8.11801802	-8.07592631	0.0284559859	0.342884268	0	100	0	0	3
382	364	0	3.42717953	-8.08975283	-8.0933897	-8.11801802	-8.07592631	0.0275760895	0.342884268	0	100	0	0	3
383	365	0	3.43615121	-8.08703791	-8.09294324	-8.11801802	-8.07592631	0.0266864982	0.342884268	0	100	0	0	3
384	366	0	3.44512288	-8.08487236	-8.09246362	-8.11801802	-8.07592631	0.0259681941	0.342884268	0	100	0	0	3
385	367	0	3.45409455	-8.08228577	-8.091922	-8.11801802	-8.07592631	0.0256913235	0.342884268	0	100	0	0	3
386	368	0	3.46306623	-8.08711956	-8.09138833	-8.11801802	-8.07592631	0.0256500621	0.342884268	0	100	0	0	3
387	368	0	3.4720379	-8.09022874	-8.09089209	-8.11519154	-8.07592631	0.0256590451	0.342884268	0	100	0	0	3
388	369	0	3.48100958	-8.09593177	-8.09054817	-8.10807738	-8.07592631	0.0254497701	0.342884268	0	100	0	0	3
389	370	0	3.48998125	-8.10149365	-8.0904306	-8.10443175	-8.07592631	0.0249910696	0.342884268	0	100	0	0	3
390	371	0	3.49895292	-8.10461864	-8.09044141	-8.10461864	-8.07592631	0.0243114219	0.342884268	0	100	0	0	3
391	372	0	3.5079246	-8.1058951	-8.09059048	-8.1058951	-8.07592631	0.0237215384	0.342884268	0	100	0	0	3
392	373	0	3.51689627	-8.09861127	-8.09060111	-8.1058951	-8.07592631	0.0232316348	0.342884268	0	100	0	0	3
393	374	0	3.52586795	-8.09277205	-8.09045258	-8.1058951	-8.07592631	0.0228144214	0.342884268	0	100	0	0	3
394	375	0	3.53483962	-8.09151018	-8.09022184	-8.1058951	-8.07592631	0.0225164216	0.342884268	0	100	0	0	3
395	377	0	3.5438113	-8.09308845	-8.09004742	-8.1058951	-8.07592631	0.0220433529	0.342884268	0	100	0	0	3
396	378	0	3.55278297	-8.09188959	-8.08992067	-8.1058951	-8.07592631	0.021393586	0.342884268	0	100	0	0	3
397	379	0	3.56175464	-8.09357055	-8.08989411	-8.1058951	-8.07592631	0.0206342299	0.342884268	0	100	0	0	3
398	380	0	3.57072632	-8.09493585	-8.08990156	-8.1058951	-8.07592631	0.0198276226	0.342884268	0	100	0	0	3
399	381	0	3.57969799	-8.09623438	-8.09001715	-8.1058951	-8.07592631	0.0191183617	0.342884268	0	100	0	0	3
400	382	0	3.58866967	-8.09666476	-8.09008093	-8.1058951	-8.07592631	0.0184573097	0.342884268	0	100	0	0	3
401	386	0	3.59764134	-8.09450318	-8.0901041	-8.1058951	-8.07592631	0.0178700491	0.342884268	0	100	0	0	3
402	387	0	3.60661301	-8.09208823	-8.09003861	-8.1058951	-8.07592631	0.0173501789	0.342884268	0	100	0	0	3
403	388	0	3.61558469	-8.0920492	-8.08999313	-8.1058951	-8.07592631	0.0169274245	0.342884268	0	100	0	0	3
404	389	0	3.62455636	-8.09013975	-8.08990004	-8.1058951	-8.07592631	0.0166049409	0.342884268	0	100	0	0	3
405	389	0	3.63352804	-8.09058973	-8.08989696	-8.1058951	-8.07592631	0.0165749431	0.342884268	0	100	0	0	3
406	390	0	3.64249971	-8.09104372	-8.08993863	-8.1058951	-8.07592631	0.0165749431	0.342884268	0	100	0	0	3
407	391	0	3.65147139	-8.08967525	-8.09003263	-8.1058951	-8.07592631	0.0165749431	0.342884268	0	100	0	0	3
408	392	0	3.66044306	-8.08836851	-8.09006181	-8.1058951	-8.07592631	0.0165749431	0.342884268	0	100	0	0	3
409	393	0	3.66941473	-8.09024288	-8.09014298	-8.1058951	-8.07592631	0.0165749431	0.342884268	0	100	0	0	3
410	394	0	3.67838641	-8.09331789	-8.09020593	-8.1058951	-8.07592631	0.0165556144	0.342884268	0	100	0	0	3
411	395	0	3.68735808	-8.09828473	-8.09037845	-8.1058951	-8.07592631	0.0164481855	0.342884268	0	100	0	0	3
412	396	0	3.69632976	-8.10146431	-8.0906112	-8.1058951	-8.07592631	0.0163429583	0.342884268	0	100	0	0	3
413	397	0	3.70530143	-8.10373952	-8.09089992	-8.1058951	-8.07592631	0.0163340282	0.342884268	0	100	0	0	3
414	398	0	3.7142731	-8.10388727	-8.09114706	-8.1058951	-8.07592631	0.0162530909	0.342884268	0	100	0	0	3
415	399	0	3.72324478	-8.10583678	-8.0914121	-8.1058951	-8.07592631	0.0161879385	0.342884268	0	100	0	0	3
416	399	0	3.73221645	-8.10508111	-8.09162756	-8.1058951	-8.07592631	0.0160484399	0.342884268	0	100	0	0	3
417	400	0	3.74118813	-8.10657975	-8.09187489	-8.10657975	-8.07592631	0.0157694122	0.342884268	0	100	0	0	3
418	401	0	3.7501598	-8.10590157	-8.09211677	-8.10657975	-8.07592631	0.0152501227	0.342884268	0	100	0	0	3
419	402	0	3.75913148	-8.10336635	-8.09237461	-8.10657975	-8.07592631	0.0147232515	0.342884268	0	100	0	0	3
420	403	0	3.76810315	-8.1006666	-8.09249839	-8.10657975	-8.07592631	0.0141067163	0.342884268	0	100	0	0	3
421	404	0	3.77707482	-8.09737479	-8.09256154	-8.10657975	-8.07592631	0.0135603464	0.342884268	0	100	0	0	3
422	405	0	3.7860465	-8.09725924	-8.09262297	-8.10657975	-8.07592631	0.0130003654	0.342884268	0	100	0	0	3
423	406	0	3.79501817	-8.0999741	-8.09279316	-8.10657975	-8.07592631	0.0124916709	0.342884268	0	100	0	0	3
