Iteration	CPUTime	PhysTime	Travels	Value	AvValue	MinValue	MaxValue	Delta	Criteria	PrevAvRefValue	Progress	CriteriaType	CriteriaVarType	CriteriaPercentage
1	6	0	0.00897167416	-0.0565765262	-0.0565765262	-0.0565765262	-0.0565765262	0	0	0	0	0	0	3
2	7	0	0.0179433483	-0.0139119039	-0.0352442151	-0.0565765262	-0.0139119039	0.0213323111	0	0	0	0	0	3
3	8	0	0.0269150225	-0.00753697767	-0.0260084693	-0.0565765262	-0.00753697767	0.0305680569	0	0	0	0	0	3
4	9	0	0.0358866967	-0.00557896233	-0.0209010925	-0.0565765262	-0.00557896233	0.0356754337	0	0	0	0	0	3
5	10	0	0.0448583708	-0.00491043368	-0.0177029608	-0.0565765262	-0.00491043368	0.0388735654	0	0	0	0	0	3
6	10	0	0.053830045	-0.00520747335	-0.0156203795	-0.0565765262	-0.00491043368	0.0409561467	0	0	0	0	0	3
7	11	0	0.0628017192	-0.00484767308	-0.0140814215	-0.0565765262	-0.00484767308	0.0424951047	0	0	0	0	0	3
8	12	0	0.0717733933	-0.0050303128	-0.0129500329	-0.0565765262	-0.00484767308	0.0436264933	0	0	0	0	0	3
9	13	0	0.0807450675	-0.00515726818	-0.0120841701	-0.0565765262	-0.00484767308	0.0444923561	0	0	0	0	0	3
10	13	0	0.0897167416	-0.00559713471	-0.0114354666	-0.0565765262	-0.00484767308	0.0451410596	0	0	0	0	0	3
11	14	0	0.0986884158	-0.00529566158	-0.0108773025	-0.0565765262	-0.00484767308	0.0456992237	0	0	0	0	0	3
12	15	0	0.10766009	-0.0055037515	-0.0104295066	-0.0565765262	-0.00484767308	0.0461470196	0	0	0	0	0	3
13	16	0	0.116631764	-0.00497265308	-0.0100097486	-0.0565765262	-0.00484767308	0.0465667776	0	0	0	0	0	3
14	16	0	0.125603438	-0.00516721524	-0.00966385338	-0.0565765262	-0.00484767308	0.0469126728	0	0	0	0	0	3
15	17	0	0.134575112	-0.00504189169	-0.0093557226	-0.0565765262	-0.00484767308	0.0472208036	0	0	0	0	0	3
16	18	0	0.143546787	-0.00515921413	-0.00909344082	-0.0565765262	-0.00484767308	0.0474830854	0	0	0	0	0	3
17	18	0	0.152518461	-0.00507372687	-0.00885698706	-0.0565765262	-0.00484767308	0.0477195392	0	0	0	0	0	3
18	19	0	0.161490135	-0.00507505193	-0.00864687955	-0.0565765262	-0.00484767308	0.0479296467	0	0	0	0	0	3
19	20	0	0.170461809	-0.004983345	-0.00845406195	-0.0565765262	-0.00484767308	0.0481224643	0	0	0	0	0	3
20	21	0	0.179433483	-0.0051301973	-0.00828786871	-0.0565765262	-0.00484767308	0.0482886575	0	0	0	0	0	3
21	21	0	0.188405157	-0.00516783045	-0.00813929546	-0.0565765262	-0.00484767308	0.0484372308	0	0	0	0	0	3
22	22	0	0.197376832	-0.00528361565	-0.00800949184	-0.0565765262	-0.00484767308	0.0485670344	0	0	0	0	0	3
23	23	0	0.206348506	-0.00542892021	-0.00789729307	-0.0565765262	-0.00484767308	0.0486792331	0	0	0	0	0	3
24	24	0	0.21532018	-0.00548327829	-0.00779670912	-0.0565765262	-0.00484767308	0.0487798171	0	0	0	0	0	3
25	24	0	0.224291854	-0.005510602	-0.00770526483	-0.0565765262	-0.00484767308	0.0488712614	0	0	0	0	0	3
26	25	0	0.233263528	-0.00549505034	-0.00762025658	-0.0565765262	-0.00484767308	0.0489562696	0	0	0	0	0	3
27	26	0	0.242235202	-0.0054869111	-0.00754124379	-0.0565765262	-0.00484767308	0.0490352824	0	0	0	0	0	3
28	27	0	0.251206877	-0.00548074517	-0.00746765455	-0.0565765262	-0.00484767308	0.0491088717	0	0	0	0	0	3
29	28	0	0.260178551	-0.00546670593	-0.00739865632	-0.0565765262	-0.00484767308	0.0491778699	0	0	0	0	0	3
30	28	0	0.269150225	-0.00547434996	-0.00733451278	-0.0565765262	-0.00484767308	0.0492420134	0	0	0	0	0	3
31	29	0	0.278121899	-0.00543446759	-0.007273221	-0.0565765262	-0.00484767308	0.0493033052	0	0	0	0	0	3
32	30	0	0.287093573	-0.00543159407	-0.00721567016	-0.0565765262	-0.00484767308	0.0493608561	0	0	0	0	0	3
33	31	0	0.296065247	-0.00538197461	-0.00716010363	-0.0565765262	-0.00484767308	0.0494164226	0	0	0	0	0	3
34	32	0	0.305036922	-0.00537063335	-0.00710747215	-0.0565765262	-0.00484767308	0.0494690541	0	0	0	0	0	3
35	32	0	0.314008596	-0.00531464137	-0.00705624841	-0.0565765262	-0.00484767308	0.0495202778	0	0	0	0	0	3
36	33	0	0.32298027	-0.00529317984	-0.00700727428	-0.0565765262	-0.00484767308	0.0495692519	0	0	0	0	0	3
37	34	0	0.331951944	-0.00519756792	-0.0069583633	-0.0565765262	-0.00484767308	0.0496181629	0	0	0	0	0	3
38	35	0	0.340923618	-0.00514907038	-0.00691075033	-0.0565765262	-0.00484767308	0.0496657759	0	0	0	0	0	3
39	36	0	0.349895292	-0.00507396178	-0.00686365319	-0.0565765262	-0.00484767308	0.049712873	0	0	0	0	0	3
40	37	0	0.358866967	-0.00504659641	-0.00681822677	-0.0565765262	-0.00484767308	0.0497582994	0	0	0	0	0	3
41	38	0	0.367838641	-0.004988058	-0.0067735885	-0.0565765262	-0.00484767308	0.0498029377	0	0	0	0	0	3
42	39	0	0.376810315	-0.00494469768	-0.00673004348	-0.0565765262	-0.00484767308	0.0498464827	0	0	0	0	0	3
43	40	0	0.385781989	-0.00488442326	-0.00668712208	-0.0565765262	-0.00484767308	0.0498894041	0	0	0	0	0	3
44	41	0	0.394753663	-0.00487823772	-0.00664601108	-0.0565765262	-0.00484767308	0.0499305151	0	0	0	0	0	3
45	42	0	0.403725337	-0.00482114818	-0.00660545857	-0.0565765262	-0.00482114818	0.0499710676	0	0	0	0	0	3
46	42	0	0.412697012	-0.00472623959	-0.00656460598	-0.0565765262	-0.00472623959	0.0500119202	0	0	0	0	0	3
47	43	0	0.421668686	-0.00478593054	-0.00652676182	-0.0565765262	-0.00472623959	0.0500497644	0	0	0	0	0	3
48	44	0	0.43064036	-0.00462171989	-0.00648707345	-0.0565765262	-0.00462171989	0.0500894528	0	0	0	0	0	3
49	45	0	0.439612034	-0.00473338441	-0.00645128388	-0.0565765262	-0.00462171989	0.0501252423	0	0	0	0	0	3
50	46	0	0.448583708	-0.00456125792	-0.00641348336	-0.0565765262	-0.00456125792	0.0501630429	0	0	0	0	0	3
51	47	0	0.457555382	-0.00471601776	-0.00638019972	-0.0565765262	-0.00456125792	0.0501963265	0	0	0	0	0	3
52	48	0	0.466527057	-0.0044475718	-0.0063430338	-0.0565765262	-0.0044475718	0.0502334924	0	0	0	0	0	3
53	49	0	0.475498731	-0.00465040469	-0.0063110974	-0.0565765262	-0.0044475718	0.0502654288	0	0	0	0	0	3
54	50	0	0.484470405	-0.00440819571	-0.00627585848	-0.0565765262	-0.00440819571	0.0503006677	0	0	0	0	0	3
55	50	0	0.493442079	-0.00460845158	-0.00624554199	-0.0565765262	-0.00440819571	0.0503309842	0	0	0	0	0	3
56	51	0	0.502413753	-0.00437610408	-0.00621215917	-0.0565765262	-0.00437610408	0.050364367	0	0	0	0	0	3
57	52	0	0.511385427	-0.00457592943	-0.00528357708	-0.0139119039	-0.00437610408	0.00953579986	0	0	0	0	0	3
58	53	0	0.520357102	-0.00434717359	-0.00511277833	-0.00753697767	-0.00434717359	0.00318980407	0	0	0	0	0	3
59	54	0	0.529328776	-0.00452898418	-0.00505906416	-0.00559713471	-0.00434717359	0.00124996111	0	0	0	0	0	3
60	55	0	0.53830045	-0.00428872142	-0.00503602414	-0.00559713471	-0.00428872142	0.00130841329	0	0	0	0	0	3
61	56	0	0.547272124	-0.00447104256	-0.00502817787	-0.00559713471	-0.00428872142	0.00130841329	0	0	0	0	0	3
62	56	0	0.556243798	-0.0042461957	-0.0050110122	-0.00559713471	-0.0042461957	0.001350939	0	0	0	0	0	3
63	57	0	0.565215472	-0.00445013318	-0.00500391327	-0.00559713471	-0.0042461957	0.001350939	0	0	0	0	0	3
64	58	0	0.574187147	-0.00425347416	-0.00499004115	-0.00559713471	-0.0042461957	0.001350939	0	0	0	0	0	3
65	59	0	0.583158821	-0.00446060219	-0.00497760069	-0.00559713471	-0.0042461957	0.001350939	0	0	0	0	0	3
66	60	0	0.592130495	-0.00425620194	-0.00495365546	-0.005510602	-0.0042461957	0.0012644063	0	0	0	0	0	3
67	61	0	0.601102169	-0.00445498494	-0.00493864338	-0.005510602	-0.0042461957	0.0012644063	0	0	0	0	0	3
68	61	0	0.610073843	-0.00425904154	-0.00491641642	-0.005510602	-0.0042461957	0.0012644063	0	0	0	0	0	3
69	62	0	0.619045517	-0.00445158643	-0.00490711165	-0.005510602	-0.0042461957	0.0012644063	0	0	0	0	0	3
70	63	0	0.628017192	-0.00425015601	-0.0048907356	-0.005510602	-0.0042461957	0.0012644063	0	0	0	0	0	3
71	64	0	0.636988866	-0.00444502202	-0.00488007721	-0.005510602	-0.0042461957	0.0012644063	0	0	0	0	0	3
72	65	0	0.64596054	-0.00426123964	-0.00486404195	-0.005510602	-0.0042461957	0.0012644063	0	0	0	0	0	3
73	66	0	0.654932214	-0.00446109715	-0.00485310213	-0.005510602	-0.0042461957	0.0012644063	0	0	0	0	0	3
74	66	0	0.663903888	-0.00427607256	-0.00483883465	-0.005510602	-0.0042461957	0.0012644063	0	0	0	0	0	3
75	67	0	0.672875562	-0.0044475199	-0.00482926634	-0.005510602	-0.0042461957	0.0012644063	0	0	0	0	0	3
76	68	0	0.681847237	-0.00431202563	-0.00481465613	-0.005510602	-0.0042461957	0.0012644063	0	0	0	0	0	3
77	69	0	0.690818911	-0.00444110047	-0.00480167881	-0.005510602	-0.0042461957	0.0012644063	0	0	0	0	0	3
78	70	0	0.699790585	-0.00431580758	-0.00478439652	-0.005510602	-0.0042461957	0.0012644063	0	0	0	0	0	3
79	71	0	0.708762259	-0.00448496373	-0.00476754016	-0.005510602	-0.0042461957	0.0012644063	0	0	0	0	0	3
80	72	0	0.717733933	-0.00427608495	-0.00474598313	-0.005510602	-0.0042461957	0.0012644063	0	0	0	0	0	3
81	72	0	0.726705607	-0.0044254814	-0.00472660598	-0.00549505034	-0.0042461957	0.00124885463	0	0	0	0	0	3
82	73	0	0.735677282	-0.00428035099	-0.00470491492	-0.0054869111	-0.0042461957	0.0012407154	0	0	0	0	0	3
83	74	0	0.744648956	-0.00444860526	-0.00468637375	-0.00548074517	-0.0042461957	0.00123454946	0	0	0	0	0	3
84	75	0	0.75362063	-0.00427240134	-0.00466479618	-0.00547434996	-0.0042461957	0.00122815426	0	0	0	0	0	3
85	76	0	0.762592304	-0.00441368942	-0.00464599231	-0.00547434996	-0.0042461957	0.00122815426	0	0	0	0	0	3
86	76	0	0.771563978	-0.00434521978	-0.00462582927	-0.00543446759	-0.0042461957	0.00118827188	0	0	0	0	0	3
87	77	0	0.780535652	-0.00444480795	-0.00460815678	-0.00543159407	-0.0042461957	0.00118539837	0	0	0	0	0	3
88	78	0	0.789507327	-0.00429990257	-0.004587948	-0.00538197461	-0.0042461957	0.00113577891	0	0	0	0	0	3
89	79	0	0.798479001	-0.00442231909	-0.0045708113	-0.00537063335	-0.0042461957	0.00112443765	0	0	0	0	0	3
90	80	0	0.807450675	-0.00427536375	-0.00455125291	-0.00531464137	-0.0042461957	0.00106844567	0	0	0	0	0	3
91	80	0	0.816422349	-0.0044025289	-0.00453496519	-0.00529317984	-0.0042461957	0.00104698413	0	0	0	0	0	3
92	81	0	0.825394023	-0.00426577939	-0.00451661875	-0.00519756792	-0.0042461957	0.000951372217	0	0	0	0	0	3
93	82	0	0.834365697	-0.00438753867	-0.00450215394	-0.00514907038	-0.0042461957	0.000902874673	0	0	0	0	0	3
94	83	0	0.843337372	-0.00425159422	-0.00448612758	-0.00507396178	-0.0042461957	0.000827766075	0	0	0	0	0	3
95	84	0	0.852309046	-0.00438767636	-0.00447387249	-0.00504659641	-0.0042461957	0.00080040071	0	0	0	0	0	3
96	85	0	0.86128072	-0.00421490048	-0.00445902077	-0.004988058	-0.00421490048	0.000773157522	0	0	0	0	0	3
97	85	0	0.870252394	-0.00435328224	-0.00444768549	-0.00494469768	-0.00421490048	0.000729797201	0	0	0	0	0	3
98	86	0	0.879224068	-0.00422381158	-0.00443481253	-0.00488442326	-0.00421490048	0.000669522783	0	0	0	0	0	3
99	87	0	0.888195742	-0.004334608	-0.0044249944	-0.00487823772	-0.00421490048	0.000663337242	0	0	0	0	0	3
100	88	0	0.897167416	-0.00422128439	-0.00441326309	-0.00482114818	-0.00421490048	0.000606247703	0	0	0	0	0	3
101	93	0	0.906139091	-0.00432892276	-0.00440447335	-0.00478593054	-0.00421490048	0.000571030064	0	0	0	0	0	3
102	95	0	0.915110765	-0.00423241976	-0.00439565514	-0.00478593054	-0.00421490048	0.000571030064	0	0	0	0	0	3
103	96	0	0.924082439	-0.00434220824	-0.00438773152	-0.00473338441	-0.00421490048	0.000518483926	0	0	0	0	0	3
104	97	0	0.933054113	-0.00425425491	-0.00438116965	-0.00473338441	-0.00421490048	0.000518483926	0	0	0	0	0	3
105	98	0	0.942025787	-0.0043492545	-0.00437431019	-0.00471601776	-0.00421490048	0.000501117276	0	0	0	0	0	3
106	99	0	0.950997461	-0.00426401169	-0.00436900222	-0.00471601776	-0.00421490048	0.000501117276	0	0	0	0	0	3
107	100	0	0.959969136	-0.00434872183	-0.00436244336	-0.00465040469	-0.00421490048	0.00043550421	0	0	0	0	0	3
108	101	0	0.96894081	-0.00427964724	-0.00435944471	-0.00465040469	-0.00421490048	0.00043550421	0	0	0	0	0	3
109	102	0	0.977912484	-0.00436592025	-0.00435436463	-0.00460845158	-0.00421490048	0.000393551095	0	0	0	0	0	3
110	104	0	0.986884158	-0.00430192965	-0.00435246702	-0.00460845158	-0.00421490048	0.000393551095	0	0	0	0	0	3
111	105	0	0.995855832	-0.00437361237	-0.00434827346	-0.00457592943	-0.00421490048	0.000361028947	0	0	0	0	0	3
112	106	0	1.00482751	-0.00430813122	-0.00434705966	-0.00457592943	-0.00421490048	0.000361028947	9.96623156e-05	0	27.6	0	0	3
113	107	0	1.01379918	-0.00436644663	-0.0043433189	-0.00452898418	-0.00421490048	0.000314083701	9.96623156e-05	0	31.7	0	0	3
114	108	0	1.02277085	-0.00430030552	-0.00434248197	-0.00452898418	-0.00421490048	0.000314083701	9.96623156e-05	0	31.7	0	0	3
115	109	0	1.03174253	-0.00435539471	-0.00433938216	-0.00448496373	-0.00421490048	0.000270063252	9.96623156e-05	0	36.9	0	0	3
116	110	0	1.0407142	-0.00429196178	-0.00433944002	-0.00448496373	-0.00421490048	0.000270063252	9.96623156e-05	0	36.9	0	0	3
117	111	0	1.04968588	-0.00435324433	-0.00433733648	-0.00448496373	-0.00421490048	0.000270063252	9.96623156e-05	0	36.9	0	0	3
118	112	0	1.05865755	-0.00429184988	-0.00433815173	-0.00448496373	-0.00421490048	0.000270063252	9.96623156e-05	0	36.9	0	0	3
119	113	0	1.06762923	-0.00435919064	-0.00433652776	-0.00448496373	-0.00421490048	0.000270063252	9.96623156e-05	0	36.9	0	0	3
120	114	0	1.0766009	-0.00430058342	-0.004337369	-0.00448496373	-0.00421490048	0.000270063252	9.96623156e-05	0	36.9	0	0	3
121	115	0	1.08557257	-0.00436887002	-0.00433573092	-0.00448496373	-0.00421490048	0.000270063252	9.96623156e-05	0	36.9	0	0	3
122	117	0	1.09454425	-0.00431199106	-0.00433672716	-0.00448496373	-0.00421490048	0.000270063252	9.96623156e-05	0	36.9	0	0	3
123	118	0	1.10351592	-0.00439973781	-0.0043357406	-0.00448496373	-0.00421490048	0.000270063252	9.96623156e-05	0	36.9	0	0	3
124	119	0	1.1124876	-0.00434135161	-0.00433721042	-0.00448496373	-0.00421490048	0.000270063252	9.96623156e-05	0	36.9	0	0	3
125	120	0	1.12145927	-0.00443066783	-0.00433683688	-0.00448496373	-0.00421490048	0.000270063252	9.96623156e-05	0	36.9	0	0	3
126	121	0	1.13043094	-0.00436943511	-0.00433896686	-0.00448496373	-0.00421490048	0.000270063252	9.96623156e-05	0	36.9	0	0	3
127	122	0	1.13940262	-0.00441888748	-0.00433850017	-0.00448496373	-0.00421490048	0.000270063252	9.96623156e-05	0	36.9	0	0	3
128	123	0	1.14837429	-0.00436767726	-0.00434040084	-0.00448496373	-0.00421490048	0.000270063252	9.96623156e-05	0	36.9	0	0	3
129	124	0	1.15734597	-0.00444749431	-0.00434015794	-0.00448496373	-0.00421490048	0.000270063252	9.96623156e-05	0	36.9	0	0	3
130	125	0	1.16631764	-0.00437464176	-0.0043419181	-0.00448496373	-0.00421490048	0.000270063252	9.96623156e-05	0	36.9	0	0	3
131	126	0	1.17528932	-0.00445244454	-0.00434200604	-0.00448496373	-0.00421490048	0.000270063252	9.96623156e-05	0	36.9	0	0	3
132	127	0	1.18426099	-0.00437469924	-0.00434312521	-0.00448496373	-0.00421490048	0.000270063252	9.96623156e-05	0	36.9	0	0	3
133	129	0	1.19323266	-0.00446837344	-0.00434361223	-0.00448496373	-0.00421490048	0.000270063252	9.96623156e-05	0	36.9	0	0	3
134	130	0	1.20220434	-0.0043879588	-0.00434490064	-0.00448496373	-0.00421490048	0.000270063252	9.96623156e-05	0	36.9	0	0	3
135	131	0	1.21117601	-0.00448014663	-0.00434481462	-0.00448014663	-0.00421490048	0.000265246148	9.96623156e-05	0	37.5	0	0	3
136	132	0	1.22014769	-0.00437617662	-0.00434660198	-0.00448014663	-0.00421490048	0.000265246148	9.96623156e-05	0	37.5	0	0	3
137	133	0	1.22911936	-0.00445836884	-0.00434718925	-0.00448014663	-0.00421490048	0.000265246148	9.96623156e-05	0	37.5	0	0	3
138	134	0	1.23809103	-0.00434886839	-0.00434841278	-0.00448014663	-0.00421490048	0.000265246148	9.96623156e-05	0	37.5	0	0	3
139	135	0	1.24706271	-0.00444818008	-0.00434840518	-0.00448014663	-0.00421490048	0.000265246148	9.96623156e-05	0	37.5	0	0	3
140	136	0	1.25603438	-0.00433273969	-0.00434948265	-0.00448014663	-0.00421490048	0.000265246148	9.96623156e-05	0	37.5	0	0	3
141	137	0	1.26500606	-0.00444714346	-0.00435008005	-0.00448014663	-0.00421490048	0.000265246148	9.96623156e-05	0	37.5	0	0	3
142	138	0	1.27397773	-0.00431784104	-0.00434959114	-0.00448014663	-0.00421490048	0.000265246148	9.96623156e-05	0	37.5	0	0	3
143	139	0	1.28294941	-0.00441544124	-0.00434906674	-0.00448014663	-0.00421490048	0.00025221708	9.96623156e-05	0	39.5	0	0	3
144	141	0	1.29192108	-0.00431248112	-0.00434929135	-0.00448014663	-0.00421490048	0.000235080374	9.96623156e-05	0	42.3	0	0	3
145	142	0	1.30089275	-0.00442750883	-0.00434938403	-0.00448014663	-0.00421490048	0.000215521988	9.96623156e-05	0	46.2	0	0	3
146	143	0	1.30986443	-0.00429466045	-0.00434972861	-0.00448014663	-0.00421490048	0.000199234266	9.96623156e-05	0	50	0	0	3
147	144	0	1.3188361	-0.00437380975	-0.00434921577	-0.00448014663	-0.00421490048	0.000180887829	9.96623156e-05	0	55	0	0	3
148	145	0	1.32780778	-0.00427174289	-0.00434932226	-0.00448014663	-0.00421490048	0.000166423021	9.96623156e-05	0	59.8	0	0	3
149	146	0	1.33677945	-0.00437749445	-0.0043491429	-0.00448014663	-0.00421490048	0.000150396661	9.96623156e-05	0	66.2	0	0	3
150	147	0	1.34575112	-0.00425188778	-0.00434914814	-0.00448014663	-0.00421490048	0.000138141564	9.96623156e-05	0	72.1	0	0	3
151	148	0	1.3547228	-0.00435511529	-0.00434856669	-0.00448014663	-0.00421490048	0.000123289851	9.96623156e-05	0	80.8	0	0	3
152	149	0	1.36369447	-0.00424675184	-0.00434913547	-0.00448014663	-0.00422128439	0.00011195457	9.96623156e-05	0	89	0	0	3
153	150	0	1.37266615	-0.00433446611	-0.00434879947	-0.00448014663	-0.00422128439	9.90816035e-05	9.96623156e-05	0	100	0	0	3
154	151	0	1.38163782	-0.00422159551	-0.00434875989	-0.00448014663	-0.00422128439	8.92634739e-05	9.96623156e-05	0	100	0	0	3
155	152	0	1.3906095	-0.00430611525	-0.00434825109	-0.00448014663	-0.00422128439	7.75321644e-05	9.96623156e-05	0	100	0	0	3
156	153	0	1.39958117	-0.00420605161	-0.00434797908	-0.00448014663	-0.00420605161	6.87424246e-05	9.96623156e-05	0	100	0	0	3
157	154	0	1.40855284	-0.00427328133	-0.00434698548	-0.00448014663	-0.00420605161	5.99242134e-05	9.96623156e-05	0	100	0	0	3
158	155	0	1.41752452	-0.0041874113	-0.00434618176	-0.00448014663	-0.0041874113	5.20006008e-05	9.96623156e-05	0	100	0	0	3
159	156	0	1.42649619	-0.00425408196	-0.00434460808	-0.00448014663	-0.0041874113	4.54387263e-05	9.96623156e-05	0	100	0	0	3
160	157	0	1.43546787	-0.00418026119	-0.00434328676	-0.00448014663	-0.00418026119	3.85792637e-05	9.96623156e-05	0	100	0	0	3
161	158	0	1.44443954	-0.00424721281	-0.00434146459	-0.00448014663	-0.00418026119	3.32712951e-05	9.96623156e-05	0	100	0	0	3
162	159	0	1.45341121	-0.00418385808	-0.00434003327	-0.00448014663	-0.00418026119	2.67124393e-05	9.96623156e-05	0	100	0	0	3
163	160	0	1.46238289	-0.00424936269	-0.004338259	-0.00448014663	-0.00418026119	2.37137864e-05	9.96623156e-05	0	100	0	0	3
164	161	0	1.47135456	-0.00418874008	-0.00433663566	-0.00448014663	-0.00418026119	1.86337072e-05	9.96623156e-05	0	100	0	0	3
165	162	0	1.48032624	-0.00425488945	-0.00433465297	-0.00448014663	-0.00418026119	1.78140534e-05	9.96623156e-05	0	100	0	0	3
166	163	0	1.48929791	-0.00419743524	-0.004332787	-0.00448014663	-0.00418026119	1.7293052e-05	9.96623156e-05	0	100	0	0	3
167	164	0	1.49826959	-0.004268579	-0.0043309114	-0.00448014663	-0.00418026119	1.91686479e-05	9.96623156e-05	0	100	0	0	3
168	165	0	1.50724126	-0.00421498412	-0.00432924806	-0.00448014663	-0.00418026119	2.08319891e-05	9.96623156e-05	0	100	0	0	3
169	166	0	1.51621293	-0.00428521013	-0.00432779741	-0.00448014663	-0.00418026119	2.2282641e-05	9.96623156e-05	0	100	0	0	3
170	167	0	1.52518461	-0.00422652641	-0.00432647992	-0.00448014663	-0.00418026119	2.3600125e-05	9.96623156e-05	0	100	0	0	3
171	168	0	1.53415628	-0.00429273063	-0.00432536092	-0.00448014663	-0.00418026119	2.47191264e-05	9.96623156e-05	0	100	0	0	3
172	168	0	1.54312796	-0.00423484884	-0.00432434105	-0.00448014663	-0.00418026119	2.57390002e-05	9.96623156e-05	0	100	0	0	3
173	170	0	1.55209963	-0.00431008618	-0.00432357037	-0.00448014663	-0.00418026119	2.65096815e-05	9.96623156e-05	0	100	0	0	3
174	170	0	1.5610713	-0.00422940758	-0.00432245533	-0.00448014663	-0.00418026119	2.76247227e-05	9.96623156e-05	0	100	0	0	3
175	171	0	1.57004298	-0.00430596809	-0.00432150492	-0.00448014663	-0.00418026119	2.85751254e-05	9.96623156e-05	0	100	0	0	3
176	172	0	1.57901465	-0.00424310885	-0.00432047859	-0.00448014663	-0.00418026119	2.96014569e-05	9.96623156e-05	0	100	0	0	3
177	173	0	1.58798633	-0.00431014965	-0.00431943001	-0.00448014663	-0.00418026119	3.06500348e-05	9.96623156e-05	0	100	0	0	3
178	174	0	1.596958	-0.00424503917	-0.00431823444	-0.00448014663	-0.00418026119	3.18456042e-05	9.96623156e-05	0	100	0	0	3
179	175	0	1.60592968	-0.00430976531	-0.00431662779	-0.00448014663	-0.00418026119	3.3452256e-05	9.96623156e-05	0	100	0	0	3
180	176	0	1.61490135	-0.00424242386	-0.00431486122	-0.00448014663	-0.00418026119	3.5218823e-05	9.96623156e-05	0	100	0	0	3
181	177	0	1.62387302	-0.00430739815	-0.00431265998	-0.00448014663	-0.00418026119	3.74200671e-05	9.96623156e-05	0	100	0	0	3
182	178	0	1.6328447	-0.00424169655	-0.00431037894	-0.00448014663	-0.00418026119	3.97011128e-05	9.96623156e-05	0	100	0	0	3
183	179	0	1.64181637	-0.00430220148	-0.00430829526	-0.00448014663	-0.00418026119	4.17847914e-05	9.96623156e-05	0	100	0	0	3
184	180	0	1.65078805	-0.00422996059	-0.00430583603	-0.00448014663	-0.00418026119	4.42440176e-05	9.96623156e-05	0	100	0	0	3
185	181	0	1.65975972	-0.00428851002	-0.00430299703	-0.00448014663	-0.00418026119	4.70830228e-05	9.96623156e-05	0	100	0	0	3
186	182	0	1.66873139	-0.00421890566	-0.00430021602	-0.00448014663	-0.00418026119	4.98640245e-05	9.96623156e-05	0	100	0	0	3
187	182	0	1.67770307	-0.0042788298	-0.00429711576	-0.00448014663	-0.00418026119	5.29642878e-05	9.96623156e-05	0	100	0	0	3
188	183	0	1.68667474	-0.00420767836	-0.00429413324	-0.00448014663	-0.00418026119	5.59468035e-05	9.96623156e-05	0	100	0	0	3
189	184	0	1.69564642	-0.00427326915	-0.00429064924	-0.00448014663	-0.00418026119	5.94308087e-05	9.96623156e-05	0	100	0	0	3
190	185	0	1.70461809	-0.0042030008	-0.00428734642	-0.00448014663	-0.00418026119	6.273363e-05	9.96623156e-05	0	100	0	0	3
191	186	0	1.71358977	-0.00427284908	-0.00428364468	-0.00445836884	-0.00418026119	6.64353719e-05	9.96623156e-05	0	100	0	0	3
192	187	0	1.72256144	-0.00419994482	-0.00428049768	-0.00445836884	-0.00418026119	6.95823683e-05	9.96623156e-05	0	100	0	0	3
193	188	0	1.73153311	-0.00427025745	-0.00427713855	-0.00444818008	-0.00418026119	7.29415003e-05	9.96623156e-05	0	100	0	0	3
194	189	0	1.74050479	-0.00419404841	-0.00427437391	-0.00444818008	-0.00418026119	7.57061428e-05	9.96623156e-05	0	100	0	0	3
195	190	0	1.74947646	-0.00426369732	-0.00427107957	-0.00444714346	-0.00418026119	7.90004778e-05	9.96623156e-05	0	100	0	0	3
196	191	0	1.75844814	-0.00418696794	-0.0042684765	-0.00444714346	-0.00418026119	8.16035447e-05	9.96623156e-05	0	100	0	0	3
197	191	0	1.76741981	-0.00425783271	-0.00426509595	-0.00442750883	-0.00418026119	8.4632657e-05	9.96623156e-05	0	100	0	0	3
198	192	0	1.77639148	-0.0041815631	-0.00426266242	-0.00442750883	-0.00418026119	8.70661916e-05	9.96623156e-05	0	100	0	0	3
199	193	0	1.78536316	-0.00425270919	-0.00425975649	-0.00442750883	-0.00418026119	8.9972121e-05	9.96623156e-05	0	100	0	0	3
200	194	0	1.79433483	-0.00417821243	-0.00425735883	-0.00442750883	-0.00417821243	9.23697762e-05	9.96623156e-05	0	100	0	0	3
201	199	0	1.80330651	-0.00425036917	-0.00425419563	-0.00437749445	-0.00417821243	9.55329843e-05	9.96623156e-05	0	100	0	0	3
202	200	0	1.81227818	-0.00417204943	-0.00425200614	-0.00437749445	-0.00417204943	9.73161159e-05	9.96623156e-05	0	100	0	0	3
203	201	0	1.82124986	-0.00423995369	-0.00424961586	-0.00437749445	-0.00417204943	9.97064027e-05	9.96623156e-05	0	99.9	0	0	3
204	202	0	1.83022153	-0.00415956493	-0.00424761268	-0.00437749445	-0.00415956493	0.000101535462	9.96623156e-05	0	98.1	0	0	3
205	203	0	1.8391932	-0.0042287035	-0.0042449557	-0.00435511529	-0.00415956493	0.000104192443	9.96623156e-05	0	95.6	0	0	3
206	204	0	1.84816488	-0.00414529946	-0.00424305234	-0.00435511529	-0.00414529946	0.000106083132	9.96623156e-05	0	93.9	0	0	3
207	205	0	1.85713655	-0.00421512386	-0.00424055249	-0.00433446611	-0.00414529946	0.000108582979	9.96623156e-05	0	91.7	0	0	3
208	206	0	1.86610823	-0.00413470581	-0.00423855167	-0.00433446611	-0.00413470581	0.000110247799	9.96623156e-05	0	90.3	0	0	3
209	206	0	1.8750799	-0.00420984031	-0.00423632621	-0.00431014965	-0.00413470581	0.000112433687	9.96623156e-05	0	88.6	0	0	3
210	207	0	1.88405157	-0.00413159654	-0.00423471908	-0.00431014965	-0.00413159654	0.000113532012	9.96623156e-05	0	87.7	0	0	3
211	208	0	1.89302325	-0.00420862359	-0.00423297816	-0.00431014965	-0.00413159654	0.000115000921	9.96623156e-05	0	86.6	0	0	3
212	209	0	1.90199492	-0.00413313259	-0.00423167603	-0.00431014965	-0.00413159654	0.000115309449	9.96623156e-05	0	86.4	0	0	3
213	210	0	1.9109666	-0.00421314284	-0.00423060213	-0.00431014965	-0.00413159654	0.000115579628	9.96623156e-05	0	86.2	0	0	3
214	211	0	1.91993827	-0.00414150486	-0.00422978237	-0.00431014965	-0.00413159654	0.000114825703	9.96623156e-05	0	86.7	0	0	3
215	212	0	1.92890995	-0.004229852	-0.0042293497	-0.00431014965	-0.00413159654	0.000113937064	9.96623156e-05	0	87.4	0	0	3
216	213	0	1.93788162	-0.00416643225	-0.00422910275	-0.00431014965	-0.00413159654	0.000112361837	9.96623156e-05	0	88.6	0	0	3
217	214	0	1.94685329	-0.00426671045	-0.00422945092	-0.00431014965	-0.00413159654	0.000110930522	9.96623156e-05	0	89.8	0	0	3
218	215	0	1.95582497	-0.00419290225	-0.00422961243	-0.00431014965	-0.00413159654	0.000109156252	9.96623156e-05	0	91.3	0	0	3
219	216	0	1.96479664	-0.00433367023	-0.00423111792	-0.00433367023	-0.00413159654	0.00010753291	9.96623156e-05	0	92.6	0	0	3
220	217	0	1.97376832	-0.00428125594	-0.00423276999	-0.00433367023	-0.00413159654	0.000105550217	9.96623156e-05	0	94.4	0	0	3
221	218	0	1.98273999	-0.00440916977	-0.00423552499	-0.00440916977	-0.00413159654	0.000103684245	9.96623156e-05	0	96.1	0	0	3
222	219	0	1.99171166	-0.00435576514	-0.00423835231	-0.00440916977	-0.00413159654	0.000101808649	9.96623156e-05	0	97.8	0	0	3
223	220	0	2.00068334	-0.00448209463	-0.00424216509	-0.00448209463	-0.00413159654	0.000100145308	9.96623156e-05	0	99.5	0	0	3
224	221	0	2.00965501	-0.00441725189	-0.00424577702	-0.00448209463	-0.00413159654	9.86946562e-05	9.96623156e-05	0	100	0	0	3
225	221	0	2.01862669	-0.00452520414	-0.00425006262	-0.00452520414	-0.00413159654	9.73771721e-05	9.96623156e-05	0	100	0	0	3
226	222	0	2.02759836	-0.00443897793	-0.0042538564	-0.00452520414	-0.00413159654	9.62581707e-05	9.96623156e-05	0	100	0	0	3
227	223	0	2.03657004	-0.00453283773	-0.00425814403	-0.00453283773	-0.00413159654	9.52382969e-05	9.96623156e-05	0	100	0	0	3
228	224	0	2.04554171	-0.00446075235	-0.00426217802	-0.00453283773	-0.00413159654	9.44676156e-05	9.96623156e-05	0	100	0	0	3
229	225	0	2.05451338	-0.00450666515	-0.00426568836	-0.00453283773	-0.00413159654	9.33525745e-05	9.96623156e-05	0	100	0	0	3
230	226	0	2.06348506	-0.00445829572	-0.00426977564	-0.00453283773	-0.00413159654	9.24021717e-05	9.96623156e-05	0	100	0	0	3
231	227	0	2.07245673	-0.00450754795	-0.00427337529	-0.00453283773	-0.00413159654	9.13758403e-05	9.96623156e-05	0	100	0	0	3
232	228	0	2.08142841	-0.00440129985	-0.00427620012	-0.00453283773	-0.00413159654	9.03272623e-05	9.96623156e-05	0	100	0	0	3
233	229	0	2.09040008	-0.00449694861	-0.00427953582	-0.00453283773	-0.00413159654	8.91316929e-05	9.96623156e-05	0	100	0	0	3
234	230	0	2.09937175	-0.00434345898	-0.00428129332	-0.00453283773	-0.00413159654	8.75250411e-05	9.96623156e-05	0	100	0	0	3
235	231	0	2.10834343	-0.00446005703	-0.0042839771	-0.00453283773	-0.00413159654	8.57584742e-05	9.96623156e-05	0	100	0	0	3
236	232	0	2.1173151	-0.00431668502	-0.00428530319	-0.00453283773	-0.00413159654	8.355723e-05	9.96623156e-05	0	100	0	0	3
237	232	0	2.12628678	-0.00441995036	-0.00428731305	-0.00453283773	-0.00413159654	8.12761843e-05	9.96623156e-05	0	100	0	0	3
238	233	0	2.13525845	-0.00434651542	-0.00428918482	-0.00453283773	-0.00413159654	7.91925058e-05	9.96623156e-05	0	100	0	0	3
239	234	0	2.14423013	-0.00441323083	-0.00429116748	-0.00453283773	-0.00413159654	7.67332796e-05	9.96623156e-05	0	100	0	0	3
240	235	0	2.1532018	-0.0043437083	-0.00429319869	-0.00453283773	-0.00413159654	7.38942743e-05	9.96623156e-05	0	100	0	0	3
241	236	0	2.16217347	-0.00439905743	-0.00429517275	-0.00453283773	-0.00413159654	7.11132726e-05	9.96623156e-05	0	100	0	0	3
242	237	0	2.17114515	-0.00432093653	-0.00429699473	-0.00453283773	-0.00413159654	6.80130093e-05	9.96623156e-05	0	100	0	0	3
243	238	0	2.18011682	-0.00437435616	-0.00429870056	-0.00453283773	-0.00413159654	6.95978093e-05	9.96623156e-05	0	100	0	0	3
244	239	0	2.1890885	-0.00429559785	-0.00430027055	-0.00453283773	-0.00413159654	7.11678002e-05	9.96623156e-05	0	100	0	0	3
245	240	0	2.19806017	-0.00434805314	-0.00430160598	-0.00453283773	-0.00413159654	7.25032287e-05	9.96623156e-05	0	100	0	0	3
246	241	0	2.20703184	-0.00426785043	-0.00430276401	-0.00453283773	-0.00413159654	7.36612577e-05	9.96623156e-05	0	100	0	0	3
247	242	0	2.21600352	-0.0043174289	-0.00430356008	-0.00453283773	-0.00413159654	7.4457326e-05	9.96623156e-05	0	100	0	0	3
248	243	0	2.22497519	-0.00424250542	-0.00430432009	-0.00453283773	-0.00413159654	7.52173367e-05	9.96623156e-05	0	100	0	0	3
249	243	0	2.23394687	-0.00429489985	-0.00430476013	-0.00453283773	-0.00413159654	7.56573796e-05	9.96623156e-05	0	100	0	0	3
250	244	0	2.24291854	-0.00422227006	-0.00430526409	-0.00453283773	-0.00413159654	7.61613377e-05	9.96623156e-05	0	100	0	0	3
251	245	0	2.25189022	-0.00427814112	-0.00430552201	-0.00453283773	-0.00413159654	7.64192626e-05	9.96623156e-05	0	100	0	0	3
252	246	0	2.26086189	-0.00421180335	-0.0043059655	-0.00453283773	-0.00413159654	7.6862752e-05	9.96623156e-05	0	100	0	0	3
253	247	0	2.26983356	-0.00427367995	-0.00430624849	-0.00453283773	-0.00413159654	7.71457384e-05	9.96623156e-05	0	100	0	0	3
254	248	0	2.27880524	-0.00420715719	-0.00430670553	-0.00453283773	-0.00413159654	7.76027758e-05	9.96623156e-05	0	100	0	0	3
255	249	0	2.28777691	-0.00427055224	-0.00430702415	-0.00453283773	-0.00413159654	7.79214018e-05	9.96623156e-05	0	100	0	0	3
256	250	0	2.29674859	-0.00420654842	-0.00430753015	-0.00453283773	-0.00413159654	7.84274015e-05	9.96623156e-05	0	100	0	0	3
257	250	0	2.30572026	-0.00427289827	-0.00430793246	-0.00453283773	-0.00413159654	7.88297068e-05	9.96623156e-05	0	100	0	0	3
258	251	0	2.31469193	-0.00420647814	-0.00430854726	-0.00453283773	-0.00413159654	7.94445051e-05	9.96623156e-05	0	100	0	0	3
259	252	0	2.32366361	-0.00426513043	-0.00430899684	-0.00453283773	-0.00413159654	7.98940899e-05	9.96623156e-05	0	100	0	0	3
260	253	0	2.33263528	-0.0041868952	-0.00430948488	-0.00453283773	-0.00413159654	8.03821303e-05	9.96623156e-05	0	100	0	0	3
261	254	0	2.34160696	-0.00426256037	-0.00431008947	-0.00453283773	-0.00413159654	8.09867171e-05	9.96623156e-05	0	100	0	0	3
262	255	0	2.35057863	-0.00417933127	-0.00431069718	-0.00453283773	-0.00413159654	8.15944279e-05	9.96623156e-05	0	100	0	0	3
263	256	0	2.35955031	-0.00426159976	-0.00431152711	-0.00453283773	-0.00413159654	8.24243547e-05	9.96623156e-05	0	100	0	0	3
264	257	0	2.36852198	-0.0041890429	-0.00431249741	-0.00453283773	-0.00413159654	8.33946598e-05	9.96623156e-05	0	100	0	0	3
265	257	0	2.37749365	-0.00428882866	-0.00431390792	-0.00453283773	-0.00413159654	8.4805166e-05	9.96623156e-05	0	100	0	0	3
266	258	0	2.38646533	-0.00420459683	-0.00431521149	-0.00453283773	-0.00413313259	8.61087427e-05	9.96623156e-05	0	100	0	0	3
267	259	0	2.395437	-0.00434058208	-0.0043175679	-0.00453283773	-0.00413313259	8.84651444e-05	9.96623156e-05	0	100	0	0	3
268	260	0	2.40440868	-0.00429019482	-0.00432037258	-0.00453283773	-0.00414150486	9.12698272e-05	9.96623156e-05	0	100	0	0	3
269	261	0	2.41338035	-0.00435994005	-0.00432299396	-0.00453283773	-0.00414150486	9.38912058e-05	9.96623156e-05	0	100	0	0	3
270	262	0	2.42235202	-0.00431990122	-0.00432617961	-0.00453283773	-0.00416643225	9.70768551e-05	9.96623156e-05	0	100	0	0	3
271	263	0	2.4313237	-0.00441976634	-0.00432957093	-0.00453283773	-0.00416643225	0.000100468183	9.96623156e-05	0	99.1	0	0	3
272	264	0	2.44029537	-0.00430234441	-0.00433199794	-0.00453283773	-0.00417933127	0.000102547014	9.96623156e-05	0	97.1	0	0	3
273	264	0	2.44926705	-0.00441053341	-0.0043345662	-0.00453283773	-0.00417933127	0.000104953777	9.96623156e-05	0	94.9	0	0	3
274	265	0	2.45823872	-0.00433169979	-0.00433704473	-0.00453283773	-0.00417933127	0.000105926813	9.96623156e-05	0	94	0	0	3
275	266	0	2.4672104	-0.00437363042	-0.00433775831	-0.00453283773	-0.00417933127	0.000104988319	9.96623156e-05	0	94.9	0	0	3
276	267	0	2.47618207	-0.00433197858	-0.00433866407	-0.00453283773	-0.00417933127	0.000103139075	9.96623156e-05	0	96.6	0	0	3
277	268	0	2.48515374	-0.0043860365	-0.00433825097	-0.00453283773	-0.00417933127	0.000100311755	9.96623156e-05	0	99.3	0	0	3
278	269	0	2.49412542	-0.00428908453	-0.00433706025	-0.00453283773	-0.00417933127	9.64989761e-05	9.96623156e-05	0	100	0	0	3
279	270	0	2.50309709	-0.00438148051	-0.00433526357	-0.00453283773	-0.00417933127	9.28870516e-05	9.96623156e-05	0	100	0	0	3
280	271	0	2.51206877	-0.00427264842	-0.00433268136	-0.00453283773	-0.00417933127	8.86014444e-05	9.96623156e-05	0	100	0	0	3
281	271	0	2.52104044	-0.00437311611	-0.0043299655	-0.00453283773	-0.00417933127	8.48076672e-05	9.96623156e-05	0	100	0	0	3
282	272	0	2.53001211	-0.00427824206	-0.00432709522	-0.00453283773	-0.00417933127	8.05200404e-05	9.96623156e-05	0	100	0	0	3
283	273	0	2.53898379	-0.00437888139	-0.004324346	-0.00450754795	-0.00417933127	7.64860492e-05	9.96623156e-05	0	100	0	0	3
284	274	0	2.54795546	-0.0042885941	-0.00432127175	-0.00450754795	-0.00417933127	7.29757104e-05	9.96623156e-05	0	100	0	0	3
285	275	0	2.55692714	-0.00437298665	-0.00431888463	-0.00450754795	-0.00417933127	6.88884222e-05	9.96623156e-05	0	100	0	0	3
286	276	0	2.56589881	-0.00427673366	-0.00431564245	-0.00450754795	-0.00417933127	6.52887819e-05	9.96623156e-05	0	100	0	0	3
287	277	0	2.57487049	-0.00434648394	-0.00431276631	-0.00449694861	-0.00417933127	6.24639426e-05	9.96623156e-05	0	100	0	0	3
288	278	0	2.58384216	-0.00425189218	-0.00431009831	-0.00449694861	-0.00417933127	5.9128247e-05	9.96623156e-05	0	100	0	0	3
289	278	0	2.59281383	-0.00432513259	-0.00430703017	-0.00446005703	-0.00417933127	5.73707505e-05	9.96623156e-05	0	100	0	0	3
290	279	0	2.60178551	-0.00423954565	-0.00430517458	-0.00446005703	-0.00417933127	5.46869698e-05	9.96623156e-05	0	100	0	0	3
291	280	0	2.61075718	-0.00432043413	-0.00430268131	-0.00441995036	-0.00417933127	5.33608777e-05	9.96623156e-05	0	100	0	0	3
292	281	0	2.61972886	-0.0042255516	-0.00430105393	-0.00441995036	-0.00417933127	5.13510169e-05	9.96623156e-05	0	100	0	0	3
293	282	0	2.62870053	-0.00430190461	-0.00429894597	-0.00441976634	-0.00417933127	4.94792513e-05	9.96623156e-05	0	100	0	0	3
294	283	0	2.6376722	-0.00421125975	-0.00429653069	-0.00441976634	-0.00417933127	4.74965845e-05	9.96623156e-05	0	100	0	0	3
295	284	0	2.64664388	-0.00428871117	-0.00429430712	-0.00441976634	-0.00417933127	4.54653755e-05	9.96623156e-05	0	100	0	0	3
296	285	0	2.65561555	-0.00422459859	-0.00429218016	-0.00441976634	-0.00417933127	4.64839042e-05	9.96623156e-05	0	100	0	0	3
297	286	0	2.66458723	-0.00430180801	-0.00429044357	-0.00441976634	-0.00417933127	4.82205009e-05	9.96623156e-05	0	100	0	0	3
298	286	0	2.6735589	-0.00423264479	-0.00428886693	-0.00441976634	-0.00417933127	4.97971391e-05	9.96623156e-05	0	100	0	0	3
299	287	0	2.68253058	-0.00430052523	-0.00428754852	-0.00441976634	-0.00417933127	5.11155485e-05	9.96623156e-05	0	100	0	0	3
300	288	0	2.69150225	-0.00423527488	-0.00428647132	-0.00441976634	-0.00417933127	5.21927443e-05	9.96623156e-05	0	100	0	0	3
301	293	0	2.70047392	-0.00428812435	-0.00428540117	-0.00441976634	-0.00417933127	5.32629013e-05	9.96623156e-05	0	100	0	0	3
302	294	0	2.7094456	-0.00422119017	-0.00428456795	-0.00441976634	-0.00417933127	5.40961202e-05	9.96623156e-05	0	100	0	0	3
303	295	0	2.71841727	-0.0042781649	-0.0042838668	-0.00441976634	-0.00417933127	5.47972631e-05	9.96623156e-05	0	100	0	0	3
304	295	0	2.72738895	-0.00421531111	-0.00428338119	-0.00441976634	-0.00417933127	5.52828758e-05	9.96623156e-05	0	100	0	0	3
305	296	0	2.73636062	-0.0042777647	-0.00428307521	-0.00441976634	-0.00417933127	5.55888607e-05	9.96623156e-05	0	100	0	0	3
306	297	0	2.74533229	-0.00422224001	-0.00428307467	-0.00441976634	-0.00417933127	5.55893974e-05	9.96623156e-05	0	100	0	0	3
307	298	0	2.75430397	-0.0042910612	-0.00428330539	-0.00441976634	-0.00417933127	5.55893974e-05	9.96623156e-05	0	100	0	0	3
308	299	0	2.76327564	-0.00423551444	-0.0042837288	-0.00441976634	-0.00417933127	5.55893974e-05	9.96623156e-05	0	100	0	0	3
309	300	0	2.77224732	-0.00430724564	-0.00428432819	-0.00441976634	-0.00417933127	5.55893974e-05	9.96623156e-05	0	100	0	0	3
310	301	0	2.78121899	-0.00424609807	-0.00428502356	-0.00441976634	-0.00417933127	5.55893974e-05	9.96623156e-05	0	100	0	0	3
311	302	0	2.79019067	-0.00430993202	-0.00428572677	-0.00441976634	-0.00417933127	5.55893974e-05	9.96623156e-05	0	100	0	0	3
312	303	0	2.79916234	-0.00424236778	-0.0042863664	-0.00441976634	-0.00417933127	5.55893974e-05	9.96623156e-05	0	100	0	0	3
313	304	0	2.80813401	-0.00430611766	-0.0042869596	-0.00441976634	-0.00417933127	5.55893974e-05	9.96623156e-05	0	100	0	0	3
314	304	0	2.81710569	-0.00424351798	-0.00428762103	-0.00441976634	-0.00417933127	5.55893974e-05	9.96623156e-05	0	100	0	0	3
315	305	0	2.82607736	-0.00430927509	-0.00428840933	-0.00441976634	-0.00417933127	5.55893974e-05	9.96623156e-05	0	100	0	0	3
316	306	0	2.83504904	-0.00424532545	-0.00428945272	-0.00441976634	-0.00417933127	5.55893974e-05	9.96623156e-05	0	100	0	0	3
317	307	0	2.84402071	-0.00430992635	-0.00429029854	-0.00441976634	-0.00417933127	5.55893974e-05	9.96623156e-05	0	100	0	0	3
318	308	0	2.85299238	-0.00424481576	-0.00429146791	-0.00441976634	-0.0041890429	5.55893974e-05	9.96623156e-05	0	100	0	0	3
319	309	0	2.86196406	-0.00430790166	-0.00429229473	-0.00441976634	-0.0041890429	5.55893974e-05	9.96623156e-05	0	100	0	0	3
320	310	0	2.87093573	-0.00424349168	-0.00429326703	-0.00441976634	-0.00420459683	5.55893974e-05	9.96623156e-05	0	100	0	0	3
321	310	0	2.87990741	-0.0043072379	-0.00429359577	-0.00441976634	-0.00420459683	5.55893974e-05	9.96623156e-05	0	100	0	0	3
322	311	0	2.88887908	-0.00424573481	-0.00429433037	-0.00441976634	-0.00421125975	5.55893974e-05	9.96623156e-05	0	100	0	0	3
323	312	0	2.89785076	-0.0043139974	-0.00429385565	-0.00441976634	-0.00421125975	5.55893974e-05	9.96623156e-05	0	100	0	0	3
324	313	0	2.90682243	-0.00423227952	-0.00429282144	-0.00441976634	-0.00421125975	5.55893974e-05	9.96623156e-05	0	100	0	0	3
325	314	0	2.9157941	-0.00429850866	-0.00429172446	-0.00441976634	-0.00421125975	5.55893974e-05	9.96623156e-05	0	100	0	0	3
326	315	0	2.92476578	-0.00422837919	-0.00429009013	-0.00441976634	-0.00421125975	5.55893974e-05	9.96623156e-05	0	100	0	0	3
327	316	0	2.93373745	-0.00429034113	-0.00428777897	-0.00441053341	-0.00421125975	5.55893974e-05	9.96623156e-05	0	100	0	0	3
328	317	0	2.94270913	-0.00422603808	-0.00428641636	-0.00441053341	-0.00421125975	5.55893974e-05	9.96623156e-05	0	100	0	0	3
329	317	0	2.9516808	-0.00429744915	-0.00428439699	-0.0043860365	-0.00421125975	5.55893974e-05	9.96623156e-05	0	100	0	0	3
330	318	0	2.96065247	-0.00423934925	-0.00428274788	-0.0043860365	-0.00421125975	5.59161895e-05	9.96623156e-05	0	100	0	0	3
331	319	0	2.96962415	-0.0043156274	-0.00428171211	-0.0043860365	-0.00421125975	5.69519576e-05	9.96623156e-05	0	100	0	0	3
332	320	0	2.97859582	-0.00424582074	-0.00428017358	-0.0043860365	-0.00421125975	5.80773963e-05	9.96623156e-05	0	100	0	0	3
333	321	0	2.9875675	-0.00431941146	-0.00427898384	-0.00438148051	-0.00421125975	5.80764041e-05	9.96623156e-05	0	100	0	0	3
334	322	0	2.99653917	-0.00425523798	-0.00427837944	-0.00438148051	-0.00421125975	5.68841261e-05	9.96623156e-05	0	100	0	0	3
335	323	0	3.00551085	-0.00431856974	-0.00427725603	-0.00437888139	-0.00421125975	5.54253279e-05	9.96623156e-05	0	100	0	0	3
336	324	0	3.01448252	-0.00426106892	-0.00427704926	-0.00437888139	-0.00421125975	5.2916247e-05	9.96623156e-05	0	100	0	0	3
337	325	0	3.02345419	-0.00433983856	-0.00427645502	-0.00437888139	-0.00421125975	5.06402056e-05	9.96623156e-05	0	100	0	0	3
338	326	0	3.03242587	-0.00427098653	-0.00427632545	-0.00437888139	-0.00421125975	4.80205481e-05	9.96623156e-05	0	100	0	0	3
339	326	0	3.04139754	-0.00434350104	-0.00427569366	-0.00437298665	-0.00421125975	4.55780854e-05	9.96623156e-05	0	100	0	0	3
340	327	0	3.05036922	-0.00428258705	-0.00427558639	-0.00437298665	-0.00421125975	4.32982381e-05	9.96623156e-05	0	100	0	0	3
341	328	0	3.05934089	-0.00434621837	-0.00427510839	-0.00434648394	-0.00421125975	4.05340636e-05	9.96623156e-05	0	100	0	0	3
342	329	0	3.06831256	-0.00428296203	-0.00427521961	-0.00434648394	-0.00421125975	3.76579205e-05	9.96623156e-05	0	100	0	0	3
343	330	0	3.07728424	-0.00434553417	-0.00427520265	-0.00434621837	-0.00421125975	3.49899265e-05	9.96623156e-05	0	100	0	0	3
344	331	0	3.08625591	-0.00428576884	-0.00427580759	-0.00434621837	-0.00421125975	3.19217833e-05	9.96623156e-05	0	100	0	0	3
345	332	0	3.09522759	-0.00435240271	-0.00427629455	-0.00435240271	-0.00421125975	3.00661881e-05	9.96623156e-05	0	100	0	0	3
346	333	0	3.10419926	-0.00428701935	-0.0042771423	-0.00435240271	-0.00421125975	2.75729222e-05	9.96623156e-05	0	100	0	0	3
347	333	0	3.11317094	-0.00434810599	-0.00427763644	-0.00435240271	-0.00421125975	2.59455397e-05	9.96623156e-05	0	100	0	0	3
348	334	0	3.12214261	-0.00427627434	-0.0042785422	-0.00435240271	-0.00421125975	2.38375799e-05	9.96623156e-05	0	100	0	0	3
349	335	0	3.13111428	-0.00433427175	-0.00427912019	-0.00435240271	-0.00421125975	2.14223e-05	9.96623156e-05	0	100	0	0	3
350	336	0	3.14008596	-0.00425946007	-0.00427998091	-0.00435240271	-0.00421531111	1.92219858e-05	9.96623156e-05	0	100	0	0	3
351	337	0	3.14905763	-0.00432279451	-0.00428058954	-0.00435240271	-0.00421531111	1.92219858e-05	9.96623156e-05	0	100	0	0	3
352	338	0	3.15802931	-0.00425364815	-0.00428110828	-0.00435240271	-0.00421531111	1.92219858e-05	9.96623156e-05	0	100	0	0	3
353	338	0	3.16700098	-0.00431996787	-0.00428143256	-0.00435240271	-0.00421531111	1.92219858e-05	9.96623156e-05	0	100	0	0	3
354	339	0	3.17597265	-0.00425129952	-0.00428176568	-0.00435240271	-0.00421531111	1.92219858e-05	9.96623156e-05	0	100	0	0	3
355	340	0	3.18494433	-0.00431519333	-0.00428202761	-0.00435240271	-0.00421531111	1.92219858e-05	9.96623156e-05	0	100	0	0	3
356	341	0	3.193916	-0.00424052992	-0.00428212145	-0.00435240271	-0.00421531111	1.92219858e-05	9.96623156e-05	0	100	0	0	3
357	342	0	3.20288768	-0.00430318432	-0.00428239038	-0.00435240271	-0.00421531111	1.92219858e-05	9.96623156e-05	0	100	0	0	3
358	343	0	3.21185935	-0.00422666579	-0.00428248816	-0.00435240271	-0.00421531111	1.92219858e-05	9.96623156e-05	0	100	0	0	3
359	344	0	3.22083103	-0.00429186527	-0.00428273281	-0.00435240271	-0.00421531111	1.92219858e-05	9.96623156e-05	0	100	0	0	3
360	345	0	3.2298027	-0.00421930288	-0.00428280409	-0.00435240271	-0.00421930288	1.92219858e-05	9.96623156e-05	0	100	0	0	3
361	346	0	3.23877437	-0.0042881822	-0.00428299012	-0.00435240271	-0.00421930288	1.92219858e-05	9.96623156e-05	0	100	0	0	3
362	346	0	3.24774605	-0.00421764875	-0.00428290813	-0.00435240271	-0.00421764875	1.92219858e-05	9.96623156e-05	0	100	0	0	3
363	347	0	3.25671772	-0.00428501472	-0.00428280016	-0.00435240271	-0.00421764875	1.92219858e-05	9.96623156e-05	0	100	0	0	3
364	348	0	3.2656894	-0.00421739364	-0.00428247657	-0.00435240271	-0.00421739364	1.92219858e-05	9.96623156e-05	0	100	0	0	3
365	349	0	3.27466107	-0.00428472469	-0.00428207441	-0.00435240271	-0.00421739364	1.92219858e-05	9.96623156e-05	0	100	0	0	3
366	350	0	3.28363274	-0.00421238813	-0.00428147245	-0.00435240271	-0.00421238813	1.92219858e-05	9.96623156e-05	0	100	0	0	3
367	351	0	3.29260442	-0.0042759756	-0.00428086609	-0.00435240271	-0.00421238813	1.92219858e-05	9.96623156e-05	0	100	0	0	3
368	352	0	3.30157609	-0.00420205593	-0.00428014623	-0.00435240271	-0.00420205593	1.92219858e-05	9.96623156e-05	0	100	0	0	3
369	352	0	3.31054777	-0.00427114414	-0.0042795217	-0.00435240271	-0.00420205593	1.92219858e-05	9.96623156e-05	0	100	0	0	3
370	353	0	3.31951944	-0.00419559661	-0.00427866597	-0.00435240271	-0.00419559661	1.92219858e-05	9.96623156e-05	0	100	0	0	3
371	354	0	3.32849112	-0.00426547911	-0.00427788389	-0.00435240271	-0.00419559661	1.92219858e-05	9.96623156e-05	0	100	0	0	3
372	355	0	3.33746279	-0.00419354759	-0.00427695929	-0.00435240271	-0.00419354759	1.92219858e-05	9.96623156e-05	0	100	0	0	3
373	356	0	3.34643446	-0.00426427015	-0.004276144	-0.00435240271	-0.00419354759	1.92219858e-05	9.96623156e-05	0	100	0	0	3
374	357	0	3.35540614	-0.00418843338	-0.00427513717	-0.00435240271	-0.00418843338	1.92219858e-05	9.96623156e-05	0	100	0	0	3
375	358	0	3.36437781	-0.00425679619	-0.00427422457	-0.00435240271	-0.00418843338	2.01057981e-05	9.96623156e-05	0	100	0	0	3
376	359	0	3.37334949	-0.00418042681	-0.00427309842	-0.00435240271	-0.00418042681	2.12319565e-05	9.96623156e-05	0	100	0	0	3
377	360	0	3.38232116	-0.00424812448	-0.00427204282	-0.00435240271	-0.00418042681	2.22875533e-05	9.96623156e-05	0	100	0	0	3
378	360	0	3.39129283	-0.00417202799	-0.00427072663	-0.00435240271	-0.00417202799	2.312902e-05	9.96623156e-05	0	100	0	0	3
379	361	0	3.40026451	-0.00424455166	-0.00426948652	-0.00435240271	-0.00417202799	2.33349207e-05	9.96623156e-05	0	100	0	0	3
380	362	0	3.40923618	-0.00417880271	-0.00426853158	-0.00435240271	-0.00417202799	2.31928746e-05	9.96623156e-05	0	100	0	0	3
381	363	0	3.41820786	-0.00425394739	-0.00426773584	-0.00435240271	-0.00417202799	2.23542897e-05	9.96623156e-05	0	100	0	0	3
382	364	0	3.42717953	-0.00418308597	-0.00426692704	-0.00435240271	-0.00417202799	2.08519328e-05	9.96623156e-05	0	100	0	0	3
383	365	0	3.43615121	-0.00425126843	-0.00426622931	-0.00435240271	-0.00417202799	2.01870465e-05	9.96623156e-05	0	100	0	0	3
384	366	0	3.44512288	-0.00418163969	-0.00426543648	-0.00435240271	-0.00417202799	1.89605131e-05	9.96623156e-05	0	100	0	0	3
385	367	0	3.45409455	-0.00425274999	-0.00426463828	-0.00435240271	-0.00417202799	1.83518369e-05	9.96623156e-05	0	100	0	0	3
386	368	0	3.46306623	-0.00418154811	-0.00426360612	-0.00435240271	-0.00417202799	1.93840001e-05	9.96623156e-05	0	100	0	0	3
387	368	0	3.4720379	-0.00425692863	-0.00426255793	-0.00435240271	-0.00417202799	2.04321925e-05	9.96623156e-05	0	100	0	0	3
388	369	0	3.48100958	-0.00419438785	-0.00426163948	-0.00435240271	-0.00417202799	2.13506371e-05	9.96623156e-05	0	100	0	0	3
389	370	0	3.48998125	-0.00427781216	-0.00426089664	-0.00435240271	-0.00417202799	2.20934817e-05	9.96623156e-05	0	100	0	0	3
390	371	0	3.49895292	-0.00421568953	-0.00426019041	-0.00435240271	-0.00417202799	2.2799704e-05	9.96623156e-05	0	100	0	0	3
391	372	0	3.5079246	-0.0043064191	-0.00425997344	-0.00435240271	-0.00417202799	2.30166798e-05	9.96623156e-05	0	100	0	0	3
392	373	0	3.51689627	-0.00422273477	-0.0042592889	-0.00435240271	-0.00417202799	2.37012182e-05	9.96623156e-05	0	100	0	0	3
393	374	0	3.52586795	-0.00430265698	-0.00425862494	-0.00435240271	-0.00417202799	2.4365175e-05	9.96623156e-05	0	100	0	0	3
394	375	0	3.53483962	-0.00423145235	-0.00425791898	-0.00435240271	-0.00417202799	2.50711425e-05	9.96623156e-05	0	100	0	0	3
395	377	0	3.5438113	-0.00430402484	-0.00425721404	-0.00435240271	-0.00417202799	2.57760747e-05	9.96623156e-05	0	100	0	0	3
396	378	0	3.55278297	-0.00423054979	-0.00425628481	-0.00435240271	-0.00417202799	2.67053115e-05	9.96623156e-05	0	100	0	0	3
397	379	0	3.56175464	-0.0043146545	-0.00425572117	-0.00435240271	-0.00417202799	2.72689519e-05	9.96623156e-05	0	100	0	0	3
398	380	0	3.57072632	-0.00424013298	-0.00425495636	-0.00435240271	-0.00417202799	2.80337563e-05	9.96623156e-05	0	100	0	0	3
399	381	0	3.57969799	-0.00432467188	-0.00425458382	-0.00435240271	-0.00417202799	2.84062972e-05	9.96623156e-05	0	100	0	0	3
400	382	0	3.58866967	-0.00424871102	-0.00425392207	-0.00435240271	-0.00417202799	2.9068044e-05	9.96623156e-05	0	100	0	0	3
401	386	0	3.59764134	-0.00431555231	-0.00425326403	-0.00434810599	-0.00417202799	2.97260867e-05	9.96623156e-05	0	100	0	0	3
402	387	0	3.60661301	-0.00423679422	-0.00425236715	-0.00434810599	-0.00417202799	3.0622964e-05	9.96623156e-05	0	100	0	0	3
403	388	0	3.61558469	-0.0043042544	-0.00425158409	-0.00433427175	-0.00417202799	3.14060281e-05	9.96623156e-05	0	100	0	0	3
404	389	0	3.62455636	-0.00423342563	-0.00425081894	-0.00433427175	-0.00417202799	3.21711836e-05	9.96623156e-05	0	100	0	0	3
405	389	0	3.63352804	-0.00430674708	-0.00425032742	-0.00432467188	-0.00417202799	3.26626957e-05	9.96623156e-05	0	100	0	0	3
406	390	0	3.64249971	-0.00423574187	-0.00424990388	-0.00432467188	-0.00417202799	3.30862349e-05	9.96623156e-05	0	100	0	0	3
407	391	0	3.65147139	-0.00430382598	-0.00424956516	-0.00432467188	-0.00417202799	3.34249586e-05	9.96623156e-05	0	100	0	0	3
408	392	0	3.66044306	-0.00422936464	-0.00424913153	-0.00432467188	-0.00417202799	3.38585928e-05	9.96623156e-05	0	100	0	0	3
409	393	0	3.66941473	-0.00430221918	-0.00424881459	-0.00432467188	-0.00417202799	3.41755338e-05	9.96623156e-05	0	100	0	0	3
410	394	0	3.67838641	-0.00423417684	-0.00424850882	-0.00432467188	-0.00417202799	3.4481296e-05	9.96623156e-05	0	100	0	0	3
411	395	0	3.68735808	-0.0043233704	-0.00424865484	-0.00432467188	-0.00417202799	3.4481296e-05	9.96623156e-05	0	100	0	0	3
412	396	0	3.69632976	-0.0042501473	-0.00424882658	-0.00432467188	-0.00417202799	3.4481296e-05	9.96623156e-05	0	100	0	0	3
413	397	0	3.70530143	-0.00434264953	-0.00424953132	-0.00434264953	-0.00417202799	3.4481296e-05	9.96623156e-05	0	100	0	0	3
414	398	0	3.7142731	-0.00427402438	-0.00425037701	-0.00434264953	-0.00417202799	3.4481296e-05	9.96623156e-05	0	100	0	0	3
415	399	0	3.72324478	-0.0043520617	-0.00425145194	-0.0043520617	-0.00417202799	3.4481296e-05	9.96623156e-05	0	100	0	0	3
416	399	0	3.73221645	-0.00428268114	-0.0042525837	-0.0043520617	-0.00417202799	3.4481296e-05	9.96623156e-05	0	100	0	0	3
417	400	0	3.74118813	-0.00436708318	-0.00425399264	-0.00436708318	-0.00417202799	3.43993092e-05	9.96623156e-05	0	100	0	0	3
418	401	0	3.7501598	-0.00428462209	-0.0042551886	-0.00436708318	-0.00417202799	3.42913363e-05	9.96623156e-05	0	100	0	0	3
419	402	0	3.75913148	-0.004366506	-0.0042566438	-0.00436708318	-0.00417202799	3.39677506e-05	9.96623156e-05	0	100	0	0	3
420	403	0	3.76810315	-0.00429252856	-0.00425798549	-0.00436708318	-0.00417202799	3.35655908e-05	9.96623156e-05	0	100	0	0	3
421	404	0	3.77707482	-0.00436537913	-0.00425942575	-0.00436708318	-0.00417202799	3.29636276e-05	9.96623156e-05	0	100	0	0	3
422	405	0	3.7860465	-0.00429799161	-0.00426095438	-0.00436708318	-0.00417202799	3.2357263e-05	9.96623156e-05	0	100	0	0	3
423	406	0	3.79501817	-0.00438286503	-0.00426286312	-0.00438286503	-0.00417202799	3.16374086e-05	9.96623156e-05	0	100	0	0	3
