Iteration	CPUTime	PhysTime	Travels	Value	AvValue	MinValue	MaxValue	Delta	Criteria	PrevAvRefValue	Progress	CriteriaType	CriteriaVarType	CriteriaPercentage
1	6	0	0.00897167416	0.0457657571	0.0457657571	0.0457657571	0.0457657571	0	0	0	0	0	0	3
2	7	0	0.0179433483	0.00996445975	0.0278651084	0.00996445975	0.0457657571	0.0179006487	0	0	0	0	0	3
3	8	0	0.0269150225	0.00496055055	0.0202302558	0.00496055055	0.0457657571	0.0255355013	0	0	0	0	0	3
4	9	0	0.0358866967	0.00389938936	0.0161475392	0.00389938936	0.0457657571	0.0296182179	0	0	0	0	0	3
5	10	0	0.0448583708	0.00312489365	0.0135430101	0.00312489365	0.0457657571	0.032222747	0	0	0	0	0	3
6	10	0	0.053830045	0.00351845734	0.0118722513	0.00312489365	0.0457657571	0.0338935058	0	0	0	0	0	3
7	11	0	0.0628017192	0.0030995337	0.0106190059	0.0030995337	0.0457657571	0.0351467512	0	0	0	0	0	3
8	12	0	0.0717733933	0.00333354522	0.00970832334	0.0030995337	0.0457657571	0.0360574338	0	0	0	0	0	3
9	13	0	0.0807450675	0.0033162219	0.00899808984	0.0030995337	0.0457657571	0.0367676673	0	0	0	0	0	3
10	13	0	0.0897167416	0.00368936638	0.0084672175	0.0030995337	0.0457657571	0.0372985396	0	0	0	0	0	3
11	14	0	0.0986884158	0.00344165298	0.00801034799	0.0030995337	0.0457657571	0.0377554091	0	0	0	0	0	3
12	15	0	0.10766009	0.0036690494	0.00764857311	0.0030995337	0.0457657571	0.038117184	0	0	0	0	0	3
13	16	0	0.116631764	0.00319192254	0.00730575384	0.0030995337	0.0457657571	0.0384600033	0	0	0	0	0	3
14	16	0	0.125603438	0.00339578968	0.00702647068	0.0030995337	0.0457657571	0.0387392864	0	0	0	0	0	3
15	17	0	0.134575112	0.00332439375	0.00677966555	0.0030995337	0.0457657571	0.0389860916	0	0	0	0	0	3
16	18	0	0.143546787	0.00342103848	0.00656975136	0.0030995337	0.0457657571	0.0391960058	0	0	0	0	0	3
17	18	0	0.152518461	0.00335006372	0.00638035797	0.0030995337	0.0457657571	0.0393853991	0	0	0	0	0	3
18	19	0	0.161490135	0.00331008598	0.0062097873	0.0030995337	0.0457657571	0.0395559698	0	0	0	0	0	3
19	20	0	0.170461809	0.0032108081	0.00605194629	0.0030995337	0.0457657571	0.0397138108	0	0	0	0	0	3
20	21	0	0.179433483	0.00331906489	0.00591530222	0.0030995337	0.0457657571	0.0398504549	0	0	0	0	0	3
21	21	0	0.188405157	0.00333749491	0.00579254949	0.0030995337	0.0457657571	0.0399732076	0	0	0	0	0	3
22	22	0	0.197376832	0.00341955037	0.0056846859	0.0030995337	0.0457657571	0.0400810712	0	0	0	0	0	3
23	23	0	0.206348506	0.0035316887	0.00559107732	0.0030995337	0.0457657571	0.0401746798	0	0	0	0	0	3
24	24	0	0.21532018	0.0035751762	0.00550708144	0.0030995337	0.0457657571	0.0402586757	0	0	0	0	0	3
25	24	0	0.224291854	0.00357567657	0.00542982525	0.0030995337	0.0457657571	0.0403359319	0	0	0	0	0	3
26	25	0	0.233263528	0.00357545845	0.00535850345	0.0030995337	0.0457657571	0.0404072537	0	0	0	0	0	3
27	26	0	0.242235202	0.00354914136	0.00529149004	0.0030995337	0.0457657571	0.0404742671	0	0	0	0	0	3
28	27	0	0.251206877	0.00355720234	0.00522955119	0.0030995337	0.0457657571	0.0405362059	0	0	0	0	0	3
29	28	0	0.260178551	0.00352349847	0.00517072179	0.0030995337	0.0457657571	0.0405950353	0	0	0	0	0	3
30	28	0	0.269150225	0.00355100694	0.00511673129	0.0030995337	0.0457657571	0.0406490258	0	0	0	0	0	3
31	29	0	0.278121899	0.0034953353	0.0050644282	0.0030995337	0.0457657571	0.0407013289	0	0	0	0	0	3
32	30	0	0.287093573	0.00351249556	0.0050159303	0.0030995337	0.0457657571	0.0407498268	0	0	0	0	0	3
33	31	0	0.296065247	0.00344248641	0.00496825018	0.0030995337	0.0457657571	0.0407975069	0	0	0	0	0	3
34	32	0	0.305036922	0.00345235971	0.00492366517	0.0030995337	0.0457657571	0.040842092	0	0	0	0	0	3
35	32	0	0.314008596	0.00338157501	0.00487960545	0.0030995337	0.0457657571	0.0408861517	0	0	0	0	0	3
36	33	0	0.32298027	0.00337798168	0.00483789368	0.0030995337	0.0457657571	0.0409278634	0	0	0	0	0	3
37	34	0	0.331951944	0.00327645665	0.00479569268	0.0030995337	0.0457657571	0.0409700644	0	0	0	0	0	3
38	35	0	0.340923618	0.0032457046	0.00475490352	0.0030995337	0.0457657571	0.0410108536	0	0	0	0	0	3
39	36	0	0.349895292	0.00316809393	0.00471421609	0.0030995337	0.0457657571	0.041051541	0	0	0	0	0	3
40	37	0	0.358866967	0.00314976653	0.00467510485	0.0030995337	0.0457657571	0.0410906523	0	0	0	0	0	3
41	38	0	0.367838641	0.00308978878	0.00463643861	0.00308978878	0.0457657571	0.0411293185	0	0	0	0	0	3
42	39	0	0.376810315	0.0030562691	0.00459881553	0.0030562691	0.0457657571	0.0411669416	0	0	0	0	0	3
43	40	0	0.385781989	0.00300035971	0.00456164213	0.00300035971	0.0457657571	0.041204115	0	0	0	0	0	3
44	41	0	0.394753663	0.00299620358	0.00452606399	0.00299620358	0.0457657571	0.0412396931	0	0	0	0	0	3
45	42	0	0.403725337	0.00293947903	0.00449080654	0.00293947903	0.0457657571	0.0412749506	0	0	0	0	0	3
46	42	0	0.412697012	0.00285364733	0.00445521612	0.00285364733	0.0457657571	0.041310541	0	0	0	0	0	3
47	43	0	0.421668686	0.00291454739	0.00442243594	0.00285364733	0.0457657571	0.0413433212	0	0	0	0	0	3
48	44	0	0.43064036	0.00275333567	0.00438766302	0.00275333567	0.0457657571	0.0413780941	0	0	0	0	0	3
49	45	0	0.439612034	0.00287642051	0.00435682133	0.00275333567	0.0457657571	0.0414089358	0	0	0	0	0	3
50	46	0	0.448583708	0.0026961125	0.00432360716	0.0026961125	0.0457657571	0.04144215	0	0	0	0	0	3
51	47	0	0.457555382	0.00286967427	0.00429509867	0.0026961125	0.0457657571	0.0414706585	0	0	0	0	0	3
52	48	0	0.466527057	0.00259506512	0.00426240571	0.00259506512	0.0457657571	0.0415033514	0	0	0	0	0	3
53	49	0	0.475498731	0.0028190425	0.00423517245	0.00259506512	0.0457657571	0.0415305847	0	0	0	0	0	3
54	50	0	0.484470405	0.00256683587	0.00420427732	0.00256683587	0.0457657571	0.0415614798	0	0	0	0	0	3
55	50	0	0.493442079	0.00278330793	0.00417844152	0.00256683587	0.0457657571	0.0415873156	0	0	0	0	0	3
56	51	0	0.502413753	0.00254287995	0.00414923506	0.00254287995	0.0457657571	0.0416165221	0	0	0	0	0	3
57	52	0	0.511385427	0.00275749943	0.00338123046	0.00254287995	0.00996445975	0.0074215798	0	0	0	0	0	3
58	53	0	0.520357102	0.00251919537	0.00324827931	0.00251919537	0.00496055055	0.00244135518	0	0	0	0	0	3
59	54	0	0.529328776	0.00271783973	0.0032082309	0.00251919537	0.00389938936	0.00138019399	0	0	0	0	0	3
60	55	0	0.53830045	0.00247069603	0.00318271852	0.00247069603	0.00368936638	0.00121867034	0	0	0	0	0	3
61	56	0	0.547272124	0.00266871294	0.00317457244	0.00247069603	0.00368936638	0.00121867034	0	0	0	0	0	3
62	56	0	0.556243798	0.00243687158	0.00315525841	0.00243687158	0.00368936638	0.0012524948	0	0	0	0	0	3
63	57	0	0.565215472	0.00265265523	0.00314727843	0.00243687158	0.00368936638	0.0012524948	0	0	0	0	0	3
64	58	0	0.574187147	0.00244410606	0.00313139559	0.00243687158	0.00368936638	0.0012524948	0	0	0	0	0	3
65	59	0	0.583158821	0.00266192224	0.00311971167	0.00243687158	0.00368936638	0.0012524948	0	0	0	0	0	3
66	60	0	0.592130495	0.00244885097	0.00309755961	0.00243687158	0.0036690494	0.00123217783	0	0	0	0	0	3
67	61	0	0.601102169	0.00265808559	0.00308356733	0.00243687158	0.0036690494	0.00123217783	0	0	0	0	0	3
68	61	0	0.610073843	0.00245176194	0.00306183006	0.00243687158	0.00357567657	0.00113880499	0	0	0	0	0	3
69	62	0	0.619045517	0.00265568508	0.00305225439	0.00243687158	0.00357567657	0.00113880499	0	0	0	0	0	3
70	63	0	0.628017192	0.00244636463	0.00303530037	0.00243687158	0.00357567657	0.00113880499	0	0	0	0	0	3
71	64	0	0.636988866	0.00265098422	0.0030232752	0.00243687158	0.00357567657	0.00113880499	0	0	0	0	0	3
72	65	0	0.64596054	0.00245570997	0.00300603719	0.00243687158	0.00357567657	0.00113880499	0	0	0	0	0	3
73	66	0	0.654932214	0.00266500296	0.00299380396	0.00243687158	0.00357567657	0.00113880499	0	0	0	0	0	3
74	66	0	0.663903888	0.00247423643	0.00297887808	0.00243687158	0.00357567657	0.00113880499	0	0	0	0	0	3
75	67	0	0.672875562	0.00265413823	0.00296893754	0.00243687158	0.00357567657	0.00113880499	0	0	0	0	0	3
76	68	0	0.681847237	0.0025082258	0.00295445827	0.00243687158	0.00357567657	0.00113880499	0	0	0	0	0	3
77	69	0	0.690818911	0.00265173088	0.00294221249	0.00243687158	0.00357567657	0.00113880499	0	0	0	0	0	3
78	70	0	0.699790585	0.00251620119	0.00292608125	0.00243687158	0.00357567657	0.00113880499	0	0	0	0	0	3
79	71	0	0.708762259	0.00270137941	0.0029112543	0.00243687158	0.00357567657	0.00113880499	0	0	0	0	0	3
80	72	0	0.717733933	0.00248232405	0.00289173908	0.00243687158	0.00357567657	0.00113880499	0	0	0	0	0	3
81	72	0	0.726705607	0.00264679727	0.00287515195	0.00243687158	0.00357545845	0.00113858687	0	0	0	0	0	3
82	73	0	0.735677282	0.0024950212	0.00285585843	0.00243687158	0.00355720234	0.00112033077	0	0	0	0	0	3
83	74	0	0.744648956	0.00267898657	0.00284031995	0.00243687158	0.00355720234	0.00112033077	0	0	0	0	0	3
84	75	0	0.75362063	0.00249663069	0.00282138117	0.00243687158	0.00355100694	0.00111413537	0	0	0	0	0	3
85	76	0	0.762592304	0.00264911753	0.00280576723	0.00243687158	0.00355100694	0.00111413537	0	0	0	0	0	3
86	76	0	0.771563978	0.00256978893	0.00278824548	0.00243687158	0.00351249556	0.00107562398	0	0	0	0	0	3
87	77	0	0.780535652	0.00268131537	0.00277370941	0.00243687158	0.00351249556	0.00107562398	0	0	0	0	0	3
88	78	0	0.789507327	0.0025245256	0.00275606709	0.00243687158	0.00345235971	0.00101548813	0	0	0	0	0	3
89	79	0	0.798479001	0.00266462593	0.00274217672	0.00243687158	0.00345235971	0.00101548813	0	0	0	0	0	3
90	80	0	0.807450675	0.00250656204	0.00272528748	0.00243687158	0.00338157501	0.000944703434	0	0	0	0	0	3
91	80	0	0.816422349	0.00265078984	0.00271223774	0.00243687158	0.00337798168	0.000941110105	0	0	0	0	0	3
92	81	0	0.825394023	0.00250255179	0.00269660507	0.00243687158	0.00327645665	0.000839585077	0	0	0	0	0	3
93	82	0	0.834365697	0.0026412506	0.0026852621	0.00243687158	0.0032457046	0.000808833026	0	0	0	0	0	3
94	83	0	0.843337372	0.00249430448	0.00267184424	0.00243687158	0.00316809393	0.000731222359	0	0	0	0	0	3
95	84	0	0.852309046	0.00264480327	0.00266249977	0.00243687158	0.00314976653	0.000712894949	0	0	0	0	0	3
96	85	0	0.86128072	0.00246758221	0.0026503179	0.00243687158	0.00308978878	0.000652917208	0	0	0	0	0	3
97	85	0	0.870252394	0.00262006611	0.00264193	0.00243687158	0.0030562691	0.000619397523	0	0	0	0	0	3
98	86	0	0.879224068	0.00248636089	0.00263175307	0.00243687158	0.00300035971	0.000563488139	0	0	0	0	0	3
99	87	0	0.888195742	0.00260626574	0.00262471567	0.00243687158	0.00299620358	0.000559332008	0	0	0	0	0	3
100	88	0	0.897167416	0.00248723404	0.00261562693	0.00243687158	0.00293947903	0.000502607449	0	0	0	0	0	3
101	93	0	0.906139091	0.00260253609	0.00260961009	0.00243687158	0.00291454739	0.000477675811	0	0	0	0	0	3
102	95	0	0.915110765	0.00249978662	0.00260329115	0.00243687158	0.00291454739	0.000477675811	0	0	0	0	0	3
103	96	0	0.924082439	0.00261550978	0.00259795119	0.00243687158	0.00287642051	0.000439548937	0	0	0	0	0	3
104	97	0	0.933054113	0.00252108992	0.00259380395	0.00243687158	0.00287642051	0.000439548937	0	0	0	0	0	3
105	98	0	0.942025787	0.00262235627	0.00258926709	0.00243687158	0.00286967427	0.00043280269	0	0	0	0	0	3
106	99	0	0.950997461	0.00253154833	0.00258632844	0.00243687158	0.00286967427	0.00043280269	0	0	0	0	0	3
107	100	0	0.959969136	0.00262251162	0.00258191482	0.00243687158	0.0028190425	0.000382170927	0	0	0	0	0	3
108	101	0	0.96894081	0.00254693136	0.00258105529	0.00243687158	0.0028190425	0.000382170927	0	0	0	0	0	3
109	102	0	0.977912484	0.00263851574	0.0025778316	0.00243687158	0.00278330793	0.000346436359	0	0	0	0	0	3
110	104	0	0.986884158	0.00256841708	0.00257785983	0.00243687158	0.00278330793	0.000346436359	0	0	0	0	0	3
111	105	0	0.995855832	0.00264617389	0.00257541101	0.00243687158	0.00275749943	0.000320627858	0	0	0	0	0	3
112	106	0	1.00482751	0.00257554717	0.00257599436	0.00243687158	0.00275749943	0.000320627858	7.57103693e-05	0	23.6	0	0	3
113	107	0	1.01379918	0.00264009617	0.00257389787	0.00243687158	0.00271783973	0.000280968154	7.57103693e-05	0	26.9	0	0	3
114	108	0	1.02277085	0.00256928074	0.00257479225	0.00243687158	0.00271783973	0.000280968154	7.57103693e-05	0	26.9	0	0	3
115	109	0	1.03174253	0.00262999505	0.0025732236	0.00243687158	0.00270137941	0.000264507836	7.57103693e-05	0	28.6	0	0	3
116	110	0	1.0407142	0.00256179768	0.00257485041	0.00243687158	0.00270137941	0.000264507836	7.57103693e-05	0	28.6	0	0	3
117	111	0	1.04968588	0.0026275905	0.00257411608	0.00243687158	0.00270137941	0.000264507836	7.57103693e-05	0	28.6	0	0	3
118	112	0	1.05865755	0.00256133651	0.00257633867	0.00244410606	0.00270137941	0.000257273355	7.57103693e-05	0	29.4	0	0	3
119	113	0	1.06762923	0.00263307613	0.00257598904	0.00244410606	0.00270137941	0.000257273355	7.57103693e-05	0	29.4	0	0	3
120	114	0	1.0766009	0.00256875654	0.00257821494	0.00244636463	0.00270137941	0.000255014778	7.57103693e-05	0	29.6	0	0	3
121	115	0	1.08557257	0.00264166099	0.00257785314	0.00244636463	0.00270137941	0.000255014778	7.57103693e-05	0	29.6	0	0	3
122	117	0	1.09454425	0.00257894689	0.00258017628	0.00244636463	0.00270137941	0.000255014778	7.57103693e-05	0	29.6	0	0	3
123	118	0	1.10351592	0.00266753913	0.00258034509	0.00244636463	0.00270137941	0.000255014778	7.57103693e-05	0	29.6	0	0	3
124	119	0	1.1124876	0.00260464547	0.00258307515	0.00244636463	0.00270137941	0.000255014778	7.57103693e-05	0	29.6	0	0	3
125	120	0	1.12145927	0.00269522821	0.00258378128	0.00244636463	0.00270137941	0.000255014778	7.57103693e-05	0	29.6	0	0	3
126	121	0	1.13043094	0.00262848405	0.00258703341	0.00245570997	0.00270137941	0.000245669447	7.57103693e-05	0	30.8	0	0	3
127	122	0	1.13940262	0.00268524964	0.0025876453	0.00245570997	0.00270137941	0.000245669447	7.57103693e-05	0	30.8	0	0	3
128	123	0	1.14837429	0.00262346847	0.00259064098	0.00246758221	0.00270137941	0.000233797199	7.57103693e-05	0	32.3	0	0	3
129	124	0	1.15734597	0.00270775152	0.00259140435	0.00246758221	0.00270775152	0.00024016931	7.57103693e-05	0	31.5	0	0	3
130	125	0	1.16631764	0.00262402279	0.00259407911	0.00246758221	0.00270775152	0.00024016931	7.57103693e-05	0	31.5	0	0	3
131	126	0	1.17528932	0.00271165632	0.00259510622	0.00246758221	0.00271165632	0.000244074108	7.57103693e-05	0	31	0	0	3
132	127	0	1.18426099	0.00262341315	0.00259716313	0.00246758221	0.00271165632	0.000244074108	7.57103693e-05	0	31	0	0	3
133	129	0	1.19323266	0.00272395105	0.00259845278	0.00246758221	0.00272395105	0.000256368836	7.57103693e-05	0	29.5	0	0	3
134	130	0	1.20220434	0.00263219462	0.00260052409	0.00246758221	0.00272395105	0.000256368836	7.57103693e-05	0	29.5	0	0	3
135	131	0	1.21117601	0.00273270623	0.0026010835	0.00246758221	0.00273270623	0.000265124012	7.57103693e-05	0	28.5	0	0	3
136	132	0	1.22014769	0.00261996691	0.00260354141	0.00246758221	0.00273270623	0.000265124012	7.57103693e-05	0	28.5	0	0	3
137	133	0	1.22911936	0.0027149612	0.00260475862	0.00246758221	0.00273270623	0.000265124012	7.57103693e-05	0	28.5	0	0	3
138	134	0	1.23809103	0.00259603352	0.00260656241	0.00246758221	0.00273270623	0.000265124012	7.57103693e-05	0	28.5	0	0	3
139	135	0	1.24706271	0.00270477511	0.00260702292	0.00246758221	0.00273270623	0.000248157578	7.57103693e-05	0	30.5	0	0	3
140	136	0	1.25603438	0.00258024542	0.00260851604	0.00246758221	0.00273270623	0.000232543633	7.57103693e-05	0	32.5	0	0	3
141	137	0	1.26500606	0.00270585405	0.00260952919	0.00246758221	0.00273270623	0.000215021882	7.57103693e-05	0	35.2	0	0	3
142	138	0	1.27397773	0.00256884149	0.00260951227	0.00246758221	0.00273270623	0.000200485812	7.57103693e-05	0	37.7	0	0	3
143	139	0	1.28294941	0.0026769494	0.00260943431	0.00246758221	0.00273270623	0.000182843492	7.57103693e-05	0	41.4	0	0	3
144	141	0	1.29192108	0.00256735657	0.00261019915	0.00246758221	0.00273270623	0.000168953126	7.57103693e-05	0	44.8	0	0	3
145	142	0	1.30089275	0.00268885302	0.00261063178	0.00246758221	0.00273270623	0.000152063882	7.57103693e-05	0	49.7	0	0	3
146	143	0	1.30986443	0.00254795685	0.00261137097	0.00246758221	0.00273270623	0.000139014147	7.57103693e-05	0	54.4	0	0	3
147	144	0	1.3188361	0.00264189535	0.00261121214	0.00246758221	0.00273270623	0.00012338147	7.57103693e-05	0	61.3	0	0	3
148	145	0	1.32780778	0.00252966464	0.0026116963	0.00246758221	0.00273270623	0.000112038505	7.57103693e-05	0	67.5	0	0	3
149	146	0	1.33677945	0.00264439374	0.00261175242	0.00246758221	0.00273270623	9.86206456e-05	7.57103693e-05	0	76.7	0	0	3
150	147	0	1.34575112	0.00251023356	0.00261203687	0.00246758221	0.00273270623	8.92761694e-05	7.57103693e-05	0	84.8	0	0	3
151	148	0	1.3547228	0.00262431736	0.00261167105	0.00246758221	0.00273270623	7.70943067e-05	7.57103693e-05	0	98.2	0	0	3
152	149	0	1.36369447	0.00250917054	0.0026124137	0.00248636089	0.00273270623	6.87064017e-05	7.57103693e-05	0	100	0	0	3
153	150	0	1.37266615	0.0026074815	0.00261218898	0.00248636089	0.00273270623	5.85294695e-05	7.57103693e-05	0	100	0	0	3
154	151	0	1.38163782	0.00248798185	0.00261221792	0.00248723404	0.00273270623	5.14920771e-05	7.57103693e-05	0	100	0	0	3
155	152	0	1.3906095	0.00258287817	0.00261180029	0.00248723404	0.00273270623	4.24033352e-05	7.57103693e-05	0	100	0	0	3
156	153	0	1.39958117	0.00247787563	0.00261163317	0.00247787563	0.00273270623	3.91901052e-05	7.57103693e-05	0	100	0	0	3
157	154	0	1.40855284	0.00255342152	0.00261075613	0.00247787563	0.00273270623	3.91901052e-05	7.57103693e-05	0	100	0	0	3
158	155	0	1.41752452	0.00246245125	0.00261008942	0.00246245125	0.00273270623	3.91901052e-05	7.57103693e-05	0	100	0	0	3
159	156	0	1.42649619	0.0025365879	0.0026086801	0.00246245125	0.00273270623	3.91901052e-05	7.57103693e-05	0	100	0	0	3
160	157	0	1.43546787	0.00245719424	0.00260753911	0.00245719424	0.00273270623	3.91901052e-05	7.57103693e-05	0	100	0	0	3
161	158	0	1.44443954	0.00253020474	0.00260589355	0.00245719424	0.00273270623	3.91901052e-05	7.57103693e-05	0	100	0	0	3
162	159	0	1.45341121	0.0024610029	0.00260463381	0.00245719424	0.00273270623	3.91901052e-05	7.57103693e-05	0	100	0	0	3
163	160	0	1.46238289	0.00253202441	0.00260301796	0.00245719424	0.00273270623	3.91901052e-05	7.57103693e-05	0	100	0	0	3
164	161	0	1.47135456	0.00246569266	0.00260156727	0.00245719424	0.00273270623	3.91901052e-05	7.57103693e-05	0	100	0	0	3
165	162	0	1.48032624	0.00253701715	0.0025997548	0.00245719424	0.00273270623	3.91901052e-05	7.57103693e-05	0	100	0	0	3
166	163	0	1.48929791	0.00247371443	0.00259806368	0.00245719424	0.00273270623	3.91901052e-05	7.57103693e-05	0	100	0	0	3
167	164	0	1.49826959	0.00254954421	0.00259633815	0.00245719424	0.00273270623	3.91901052e-05	7.57103693e-05	0	100	0	0	3
168	165	0	1.50724126	0.00248930631	0.00259479813	0.00245719424	0.00273270623	3.91901052e-05	7.57103693e-05	0	100	0	0	3
169	166	0	1.51621293	0.00256429387	0.00259344452	0.00245719424	0.00273270623	3.91901052e-05	7.57103693e-05	0	100	0	0	3
170	167	0	1.52518461	0.00249986056	0.00259220487	0.00245719424	0.00273270623	3.91901052e-05	7.57103693e-05	0	100	0	0	3
171	168	0	1.53415628	0.00257125011	0.00259115586	0.00245719424	0.00273270623	3.82976194e-05	7.57103693e-05	0	100	0	0	3
172	168	0	1.54312796	0.00250684331	0.00259017453	0.00245719424	0.00273270623	3.82976194e-05	7.57103693e-05	0	100	0	0	3
173	170	0	1.55209963	0.0025844277	0.00258940377	0.00245719424	0.00273270623	3.6424658e-05	7.57103693e-05	0	100	0	0	3
174	170	0	1.5610713	0.00250303481	0.00258836266	0.00245719424	0.00273270623	3.6424658e-05	7.57103693e-05	0	100	0	0	3
175	171	0	1.57004298	0.00258272863	0.0025874636	0.00245719424	0.00273270623	3.45605645e-05	7.57103693e-05	0	100	0	0	3
176	172	0	1.57901465	0.00251488454	0.0025865016	0.00245719424	0.00273270623	3.45605645e-05	7.57103693e-05	0	100	0	0	3
177	173	0	1.58798633	0.00258770489	0.0025855381	0.00245719424	0.00273270623	3.2237423e-05	7.57103693e-05	0	100	0	0	3
178	174	0	1.596958	0.00251753465	0.00258444145	0.00245719424	0.00273270623	3.20686098e-05	7.57103693e-05	0	100	0	0	3
179	175	0	1.60592968	0.00258805756	0.00258302214	0.00245719424	0.00273270623	2.93915621e-05	7.57103693e-05	0	100	0	0	3
180	176	0	1.61490135	0.00251566444	0.00258143319	0.00245719424	0.00273270623	3.09805089e-05	7.57103693e-05	0	100	0	0	3
181	177	0	1.62387302	0.00258618069	0.00257948591	0.00245719424	0.00273270623	3.29277861e-05	7.57103693e-05	0	100	0	0	3
182	178	0	1.6328447	0.00251518143	0.00257746265	0.00245719424	0.00273270623	3.49510472e-05	7.57103693e-05	0	100	0	0	3
183	179	0	1.64181637	0.00258187356	0.00257561665	0.00245719424	0.00273270623	3.67970486e-05	7.57103693e-05	0	100	0	0	3
184	180	0	1.65078805	0.00250493056	0.0025734999	0.00245719424	0.00273270623	3.8913797e-05	7.57103693e-05	0	100	0	0	3
185	181	0	1.65975972	0.00256965291	0.00257103386	0.00245719424	0.00273270623	4.13798436e-05	7.57103693e-05	0	100	0	0	3
186	182	0	1.66873139	0.00249505695	0.0025687309	0.00245719424	0.00273270623	4.36828051e-05	7.57103693e-05	0	100	0	0	3
187	182	0	1.67770307	0.00256102024	0.00256604097	0.00245719424	0.00273270623	4.63727351e-05	7.57103693e-05	0	100	0	0	3
188	183	0	1.68667474	0.00248536088	0.00256357575	0.00245719424	0.00273270623	4.88379542e-05	7.57103693e-05	0	100	0	0	3
189	184	0	1.69564642	0.00255662263	0.00256058774	0.00245719424	0.00273270623	5.18259616e-05	7.57103693e-05	0	100	0	0	3
190	185	0	1.70461809	0.00248133507	0.00255789382	0.00245719424	0.00273270623	5.45198822e-05	7.57103693e-05	0	100	0	0	3
191	186	0	1.71358977	0.00255694546	0.00255475523	0.00245719424	0.0027149612	5.76584673e-05	7.57103693e-05	0	100	0	0	3
192	187	0	1.72256144	0.00247895529	0.00255223717	0.00245719424	0.0027149612	6.0176532e-05	7.57103693e-05	0	100	0	0	3
193	188	0	1.73153311	0.00255534779	0.00254938693	0.00245719424	0.00270585405	6.30267715e-05	7.57103693e-05	0	100	0	0	3
194	189	0	1.74050479	0.00247439352	0.00254721479	0.00245719424	0.00270585405	6.51989144e-05	7.57103693e-05	0	100	0	0	3
195	190	0	1.74947646	0.00255030206	0.00254445634	0.00245719424	0.00270585405	6.79573617e-05	7.57103693e-05	0	100	0	0	3
196	191	0	1.75844814	0.00246881583	0.00254246653	0.00245719424	0.00270585405	6.99471757e-05	7.57103693e-05	0	100	0	0	3
197	191	0	1.76741981	0.002545882	0.00253960988	0.00245719424	0.00268885302	7.28038195e-05	7.57103693e-05	0	100	0	0	3
198	192	0	1.77639148	0.0024646289	0.00253774894	0.00245719424	0.00268885302	7.46647585e-05	7.57103693e-05	0	100	0	0	3
199	193	0	1.78536316	0.00254181359	0.0025353358	0.00245719424	0.00268885302	7.70778981e-05	7.57103693e-05	0	98.2	0	0	3
200	194	0	1.79433483	0.0024618481	0.00253345172	0.00245719424	0.00268885302	7.8961978e-05	7.57103693e-05	0	95.8	0	0	3
201	199	0	1.80330651	0.0025397769	0.00253078965	0.00245719424	0.00264439374	8.16240516e-05	7.57103693e-05	0	92.7	0	0	3
202	200	0	1.81227818	0.00245643851	0.00252915539	0.00245643851	0.00264439374	8.32583077e-05	7.57103693e-05	0	90.9	0	0	3
203	201	0	1.82124986	0.00253077203	0.00252717105	0.00245643851	0.00264439374	8.52426526e-05	7.57103693e-05	0	88.8	0	0	3
204	202	0	1.83022153	0.00244569202	0.00252567154	0.00244569202	0.00264439374	8.67421638e-05	7.57103693e-05	0	87.2	0	0	3
205	203	0	1.8391932	0.00252121164	0.00252347186	0.00244569202	0.00262431736	8.89418442e-05	7.57103693e-05	0	85.1	0	0	3
206	204	0	1.84816488	0.0024336327	0.00252210398	0.0024336327	0.00262431736	9.03097166e-05	7.57103693e-05	0	83.8	0	0	3
207	205	0	1.85713655	0.00251006928	0.00252006384	0.0024336327	0.0026074815	9.23498609e-05	7.57103693e-05	0	81.9	0	0	3
208	206	0	1.86610823	0.00242490552	0.00251855911	0.00242490552	0.0026074815	9.36588141e-05	7.57103693e-05	0	80.8	0	0	3
209	206	0	1.8750799	0.00250619736	0.00251675046	0.00242490552	0.00258805756	9.54674595e-05	7.57103693e-05	0	79.3	0	0	3
210	207	0	1.88405157	0.0024228988	0.00251558826	0.0024228988	0.00258805756	9.62120216e-05	7.57103693e-05	0	78.6	0	0	3
211	208	0	1.89302325	0.00250588489	0.00251421338	0.0024228988	0.00258805756	9.74197873e-05	7.57103693e-05	0	77.7	0	0	3
212	209	0	1.90199492	0.00242490742	0.00251326752	0.0024228988	0.00258805756	9.74886023e-05	7.57103693e-05	0	77.6	0	0	3
213	210	0	1.9109666	0.00251060537	0.00251250295	0.0024228988	0.00258805756	9.75864734e-05	7.57103693e-05	0	77.5	0	0	3
214	211	0	1.91993827	0.00243278898	0.00251197327	0.0024228988	0.00258805756	9.67068375e-05	7.57103693e-05	0	78.2	0	0	3
215	212	0	1.92890995	0.0025259015	0.00251178244	0.0024228988	0.00258805756	9.57566719e-05	7.57103693e-05	0	79	0	0	3
216	213	0	1.93788162	0.00245535553	0.0025117496	0.0024228988	0.00258805756	9.4143943e-05	7.57103693e-05	0	80.4	0	0	3
217	214	0	1.94685329	0.00255925282	0.00251226832	0.0024228988	0.00258805756	9.28842032e-05	7.57103693e-05	0	81.5	0	0	3
218	215	0	1.95582497	0.00247994376	0.00251260655	0.0024228988	0.00258805756	9.126836e-05	7.57103693e-05	0	82.9	0	0	3
219	216	0	1.96479664	0.00261606431	0.00251410726	0.0024228988	0.00261606431	8.9817669e-05	7.57103693e-05	0	84.2	0	0	3
220	217	0	1.97376832	0.00255552441	0.0025157114	0.0024228988	0.00261606431	8.80051941e-05	7.57103693e-05	0	86	0	0	3
221	218	0	1.98273999	0.00267914944	0.00251824948	0.0024228988	0.00267914944	8.63140753e-05	7.57103693e-05	0	87.7	0	0	3
222	219	0	1.99171166	0.00261808459	0.00252082752	0.0024228988	0.00267914944	8.45885453e-05	7.57103693e-05	0	89.5	0	0	3
223	220	0	2.00068334	0.00274245619	0.00252427237	0.0024228988	0.00274245619	8.30485299e-05	7.57103693e-05	0	91.1	0	0	3
224	221	0	2.00965501	0.00267206451	0.00252753591	0.0024228988	0.00274245619	8.16949175e-05	7.57103693e-05	0	92.6	0	0	3
225	221	0	2.01862669	0.00278006744	0.00253138901	0.0024228988	0.00278006744	8.04552714e-05	7.57103693e-05	0	94.1	0	0	3
226	222	0	2.02759836	0.00269061801	0.00253479539	0.0024228988	0.00278006744	7.94062546e-05	7.57103693e-05	0	95.3	0	0	3
227	223	0	2.03657004	0.00278644542	0.00253863817	0.0024228988	0.00278644542	7.84249265e-05	7.57103693e-05	0	96.5	0	0	3
228	224	0	2.04554171	0.00270864438	0.00254224176	0.0024228988	0.00278644542	7.76541622e-05	7.57103693e-05	0	97.4	0	0	3
229	225	0	2.05451338	0.00276326144	0.00254543522	0.0024228988	0.00278644542	7.66130603e-05	7.57103693e-05	0	98.8	0	0	3
230	226	0	2.06348506	0.00270527545	0.00254904666	0.0024228988	0.00278644542	7.57139979e-05	7.57103693e-05	0	99.9	0	0	3
231	227	0	2.07245673	0.002762743	0.0025522612	0.0024228988	0.00278644542	7.47519979e-05	7.57103693e-05	0	100	0	0	3
232	228	0	2.08142841	0.00264789333	0.00255463636	0.0024228988	0.00278644542	7.37884962e-05	7.57103693e-05	0	100	0	0	3
233	229	0	2.09040008	0.00275273059	0.00255758324	0.0024228988	0.00278644542	7.26918491e-05	7.57103693e-05	0	100	0	0	3
234	230	0	2.09937175	0.00259750636	0.00255901131	0.0024228988	0.00278644542	7.12725355e-05	7.57103693e-05	0	100	0	0	3
235	231	0	2.10834343	0.00272095479	0.00256138447	0.0024228988	0.00278644542	6.96835886e-05	7.57103693e-05	0	100	0	0	3
236	232	0	2.1173151	0.00257264921	0.00256240206	0.0024228988	0.00278644542	6.77363114e-05	7.57103693e-05	0	100	0	0	3
237	232	0	2.12628678	0.00267984129	0.00256407457	0.0024228988	0.00278644542	6.57130503e-05	7.57103693e-05	0	100	0	0	3
238	233	0	2.13525845	0.00260524383	0.00256568283	0.0024228988	0.00278644542	6.38670489e-05	7.57103693e-05	0	100	0	0	3
239	234	0	2.14423013	0.00267625946	0.00256736829	0.0024228988	0.00278644542	6.17503006e-05	7.57103693e-05	0	100	0	0	3
240	235	0	2.1532018	0.00260490963	0.00256915363	0.0024228988	0.00278644542	5.92842539e-05	7.57103693e-05	0	100	0	0	3
241	236	0	2.16217347	0.00266708676	0.00257089352	0.0024228988	0.00278644542	5.91439178e-05	7.57103693e-05	0	100	0	0	3
242	237	0	2.17114515	0.00258486719	0.00257249728	0.0024228988	0.00278644542	6.07476721e-05	7.57103693e-05	0	100	0	0	3
243	238	0	2.18011682	0.00264499219	0.00257399677	0.0024228988	0.00278644542	6.22471713e-05	7.57103693e-05	0	100	0	0	3
244	239	0	2.1890885	0.00256220353	0.00257536896	0.0024228988	0.00278644542	6.36193616e-05	7.57103693e-05	0	100	0	0	3
245	240	0	2.19806017	0.00262196554	0.0025765358	0.0024228988	0.00278644542	6.47861991e-05	7.57103693e-05	0	100	0	0	3
246	241	0	2.20703184	0.00253802211	0.00257754807	0.0024228988	0.00278644542	6.57984678e-05	7.57103693e-05	0	100	0	0	3
247	242	0	2.21600352	0.00259499473	0.00257822752	0.0024228988	0.00278644542	6.6477919e-05	7.57103693e-05	0	100	0	0	3
248	243	0	2.22497519	0.00251568082	0.00257888334	0.0024228988	0.00278644542	6.71337319e-05	7.57103693e-05	0	100	0	0	3
249	243	0	2.23394687	0.00257471591	0.00257922919	0.0024228988	0.00278644542	6.74795912e-05	7.57103693e-05	0	100	0	0	3
250	244	0	2.24291854	0.00249772967	0.00257964591	0.0024228988	0.00278644542	6.78963081e-05	7.57103693e-05	0	100	0	0	3
251	245	0	2.25189022	0.00256001757	0.0025798194	0.0024228988	0.00278644542	6.80697995e-05	7.57103693e-05	0	100	0	0	3
252	246	0	2.26086189	0.00248862228	0.00258017309	0.0024228988	0.00278644542	6.84234861e-05	7.57103693e-05	0	100	0	0	3
253	247	0	2.26983356	0.00255614232	0.00258035631	0.0024228988	0.00278644542	6.8606706e-05	7.57103693e-05	0	100	0	0	3
254	248	0	2.27880524	0.00248506528	0.00258072124	0.0024228988	0.00278644542	6.89716413e-05	7.57103693e-05	0	100	0	0	3
255	249	0	2.28777691	0.00255433241	0.0025809448	0.0024228988	0.00278644542	6.91951917e-05	7.57103693e-05	0	100	0	0	3
256	250	0	2.29674859	0.00248519647	0.00258136173	0.0024228988	0.00278644542	6.9612127e-05	7.57103693e-05	0	100	0	0	3
257	250	0	2.30572026	0.00255687248	0.00258166701	0.0024228988	0.00278644542	6.99174052e-05	7.57103693e-05	0	100	0	0	3
258	251	0	2.31469193	0.00248574257	0.0025821903	0.0024228988	0.00278644542	7.0440692e-05	7.57103693e-05	0	100	0	0	3
259	252	0	2.32366361	0.00255053497	0.0025825432	0.0024228988	0.00278644542	7.07936015e-05	7.57103693e-05	0	100	0	0	3
260	253	0	2.33263528	0.00246565519	0.00258289969	0.0024228988	0.00278644542	7.11500867e-05	7.57103693e-05	0	100	0	0	3
261	254	0	2.34160696	0.0025488496	0.00258339323	0.0024228988	0.00278644542	7.16436218e-05	7.57103693e-05	0	100	0	0	3
262	255	0	2.35057863	0.00245851862	0.00258383762	0.0024228988	0.00278644542	7.20880131e-05	7.57103693e-05	0	100	0	0	3
263	256	0	2.35955031	0.0025480567	0.00258451596	0.0024228988	0.00278644542	7.27663599e-05	7.57103693e-05	0	100	0	0	3
264	257	0	2.36852198	0.00246707769	0.00258526904	0.0024228988	0.00278644542	7.35194343e-05	7.57103693e-05	0	100	0	0	3
265	257	0	2.37749365	0.00257220842	0.00258644781	0.0024228988	0.00278644542	7.46982031e-05	7.57103693e-05	0	100	0	0	3
266	258	0	2.38646533	0.002481059	0.00258748638	0.00242490742	0.00278644542	7.57367781e-05	7.57103693e-05	0	99.9	0	0	3
267	259	0	2.395437	0.00261443656	0.0025894248	0.00242490742	0.00278644542	7.76752009e-05	7.57103693e-05	0	97.4	0	0	3
268	260	0	2.40440868	0.00255261834	0.00259170536	0.00243278898	0.00278644542	7.99557531e-05	7.57103693e-05	0	94.6	0	0	3
269	261	0	2.41338035	0.00263036923	0.002593844	0.00243278898	0.00278644542	8.20943937e-05	7.57103693e-05	0	92.2	0	0	3
270	262	0	2.42235202	0.00257985044	0.00259647009	0.00245535553	0.00278644542	8.47204912e-05	7.57103693e-05	0	89.3	0	0	3
271	263	0	2.4313237	0.00268297404	0.00259927496	0.00245535553	0.00278644542	8.7525358e-05	7.57103693e-05	0	86.5	0	0	3
272	264	0	2.44029537	0.00256110892	0.00260116341	0.00245851862	0.00278644542	8.88950957e-05	7.57103693e-05	0	85.1	0	0	3
273	264	0	2.44926705	0.00267314222	0.00260319715	0.00245851862	0.00278644542	9.05906052e-05	7.57103693e-05	0	83.5	0	0	3
274	265	0	2.45823872	0.0025872749	0.00260511378	0.00245851862	0.00278644542	9.10065201e-05	7.57103693e-05	0	83.1	0	0	3
275	266	0	2.4672104	0.00264106382	0.0026055602	0.00245851862	0.00278644542	8.98488015e-05	7.57103693e-05	0	84.2	0	0	3
276	267	0	2.47618207	0.00258898723	0.00260615775	0.00245851862	0.00278644542	8.79082751e-05	7.57103693e-05	0	86.1	0	0	3
277	268	0	2.48515374	0.00265085097	0.00260565242	0.00245851862	0.00278644542	8.53302364e-05	7.57103693e-05	0	88.7	0	0	3
278	269	0	2.49412542	0.00254522177	0.0026043513	0.00245851862	0.00278644542	8.18853796e-05	7.57103693e-05	0	92.4	0	0	3
279	270	0	2.50309709	0.00264890594	0.00260268076	0.00245851862	0.00278644542	7.86218404e-05	7.57103693e-05	0	96.2	0	0	3
280	271	0	2.51206877	0.00253355911	0.00260020745	0.00245851862	0.00278644542	7.4768741e-05	7.57103693e-05	0	100	0	0	3
281	271	0	2.52104044	0.00264170253	0.00259773665	0.00245851862	0.00278644542	7.13623579e-05	7.57103693e-05	0	100	0	0	3
282	272	0	2.53001211	0.00254166507	0.00259507677	0.00245851862	0.00278644542	6.75195845e-05	7.57103693e-05	0	100	0	0	3
283	273	0	2.53898379	0.00264791493	0.00259260301	0.00245851862	0.00276326144	6.3915994e-05	7.57103693e-05	0	100	0	0	3
284	274	0	2.54795546	0.00254987787	0.0025897679	0.00245851862	0.00276326144	6.07225343e-05	7.57103693e-05	0	100	0	0	3
285	275	0	2.55692714	0.00264385306	0.00258763561	0.00245851862	0.002762743	5.71110942e-05	7.57103693e-05	0	100	0	0	3
286	276	0	2.56589881	0.0025401422	0.0025846868	0.00245851862	0.002762743	5.38965519e-05	7.57103693e-05	0	100	0	0	3
287	277	0	2.57487049	0.00262035942	0.00258214423	0.00245851862	0.00275273059	5.15213949e-05	7.57103693e-05	0	100	0	0	3
288	278	0	2.58384216	0.00251879398	0.00257983889	0.00245851862	0.00275273059	4.85745075e-05	7.57103693e-05	0	100	0	0	3
289	278	0	2.59281383	0.00260117017	0.00257713245	0.00245851862	0.00272095479	4.71464414e-05	7.57103693e-05	0	100	0	0	3
290	279	0	2.60178551	0.00250794075	0.00257553307	0.00245851862	0.00272095479	4.47732766e-05	7.57103693e-05	0	100	0	0	3
291	280	0	2.61075718	0.00259471347	0.00257327876	0.00245851862	0.00268297404	4.37556915e-05	7.57103693e-05	0	100	0	0	3
292	281	0	2.61972886	0.00249579181	0.0025719063	0.00245851862	0.00268297404	4.20831807e-05	7.57103693e-05	0	100	0	0	3
293	282	0	2.62870053	0.00257892359	0.0025701042	0.00245851862	0.00268297404	4.04749236e-05	7.57103693e-05	0	100	0	0	3
294	283	0	2.6376722	0.00248170463	0.00256789814	0.00245851862	0.00268297404	3.87894611e-05	7.57103693e-05	0	100	0	0	3
295	284	0	2.64664388	0.0025671044	0.00256594895	0.00245851862	0.00268297404	4.02088053e-05	7.57103693e-05	0	100	0	0	3
296	285	0	2.65561555	0.00249635969	0.00256401055	0.00245851862	0.00268297404	4.21471969e-05	7.57103693e-05	0	100	0	0	3
297	286	0	2.66458723	0.00257522103	0.0025623701	0.00245851862	0.00268297404	4.37876563e-05	7.57103693e-05	0	100	0	0	3
298	286	0	2.6735589	0.00250374789	0.00256092154	0.00245851862	0.00268297404	4.52362154e-05	7.57103693e-05	0	100	0	0	3
299	287	0	2.68253058	0.00257442049	0.00255966133	0.00245851862	0.00268297404	4.64964243e-05	7.57103693e-05	0	100	0	0	3
300	288	0	2.69150225	0.0025053467	0.00255864603	0.00245851862	0.00268297404	4.75117249e-05	7.57103693e-05	0	100	0	0	3
301	293	0	2.70047392	0.00256473808	0.00255762411	0.00245851862	0.00268297404	4.85336437e-05	7.57103693e-05	0	100	0	0	3
302	294	0	2.7094456	0.00249375114	0.00255683355	0.00245851862	0.00268297404	4.93241968e-05	7.57103693e-05	0	100	0	0	3
303	295	0	2.71841727	0.0025567109	0.00255614992	0.00245851862	0.00268297404	5.00078365e-05	7.57103693e-05	0	100	0	0	3
304	295	0	2.72738895	0.00248943717	0.00255568128	0.00245851862	0.00268297404	5.04764731e-05	7.57103693e-05	0	100	0	0	3
305	296	0	2.73636062	0.00255739352	0.00255537195	0.00245851862	0.00268297404	5.07858014e-05	7.57103693e-05	0	100	0	0	3
306	297	0	2.74533229	0.00249637746	0.0025553478	0.00245851862	0.00268297404	5.08099479e-05	7.57103693e-05	0	100	0	0	3
307	298	0	2.75430397	0.00257007088	0.00255552733	0.00245851862	0.00268297404	5.08099479e-05	7.57103693e-05	0	100	0	0	3
308	299	0	2.76327564	0.00250906579	0.00255589239	0.00245851862	0.00268297404	5.08099479e-05	7.57103693e-05	0	100	0	0	3
309	300	0	2.77224732	0.00258546802	0.00255641606	0.00245851862	0.00268297404	5.08099479e-05	7.57103693e-05	0	100	0	0	3
310	301	0	2.78121899	0.0025193138	0.00255702764	0.00245851862	0.00268297404	5.08099479e-05	7.57103693e-05	0	100	0	0	3
311	302	0	2.79019067	0.00258894235	0.00255764568	0.00245851862	0.00268297404	5.08099479e-05	7.57103693e-05	0	100	0	0	3
312	303	0	2.79916234	0.00251693501	0.00255821244	0.00245851862	0.00268297404	5.08099479e-05	7.57103693e-05	0	100	0	0	3
313	304	0	2.80813401	0.0025862812	0.00255873759	0.00245851862	0.00268297404	5.08099479e-05	7.57103693e-05	0	100	0	0	3
314	304	0	2.81710569	0.00251822379	0.00255931762	0.00245851862	0.00268297404	5.08099479e-05	7.57103693e-05	0	100	0	0	3
315	305	0	2.82607736	0.00258905297	0.00256000544	0.00245851862	0.00268297404	5.08099479e-05	7.57103693e-05	0	100	0	0	3
316	306	0	2.83504904	0.00252005064	0.00256097678	0.00245851862	0.00268297404	5.08099479e-05	7.57103693e-05	0	100	0	0	3
317	307	0	2.84402071	0.00258996828	0.00256171105	0.00245851862	0.00268297404	5.08099479e-05	7.57103693e-05	0	100	0	0	3
318	308	0	2.85299238	0.00251970888	0.00256280373	0.00246707769	0.00268297404	5.08099479e-05	7.57103693e-05	0	100	0	0	3
319	309	0	2.86196406	0.00258813608	0.00256351943	0.00246707769	0.00268297404	5.08099479e-05	7.57103693e-05	0	100	0	0	3
320	310	0	2.87093573	0.00251844996	0.00256443679	0.002481059	0.00268297404	5.08099479e-05	7.57103693e-05	0	100	0	0	3
321	310	0	2.87990741	0.00258727395	0.00256470582	0.002481059	0.00268297404	5.08099479e-05	7.57103693e-05	0	100	0	0	3
322	311	0	2.88887908	0.00251940354	0.00256539055	0.00248170463	0.00268297404	5.08099479e-05	7.57103693e-05	0	100	0	0	3
323	312	0	2.89785076	0.00259047649	0.00256496269	0.00248170463	0.00268297404	5.08099479e-05	7.57103693e-05	0	100	0	0	3
324	313	0	2.90682243	0.00250785679	0.00256416337	0.00248170463	0.00268297404	5.08099479e-05	7.57103693e-05	0	100	0	0	3
325	314	0	2.9157941	0.00257804188	0.00256322896	0.00248170463	0.00268297404	5.08099479e-05	7.57103693e-05	0	100	0	0	3
326	315	0	2.92476578	0.00250368949	0.00256186894	0.00248170463	0.00268297404	5.08099479e-05	7.57103693e-05	0	100	0	0	3
327	316	0	2.93373745	0.00257178348	0.00255988339	0.00248170463	0.00267314222	5.08099479e-05	7.57103693e-05	0	100	0	0	3
328	317	0	2.94270913	0.00250231575	0.00255883352	0.00248170463	0.00267314222	5.08099479e-05	7.57103693e-05	0	100	0	0	3
329	317	0	2.9516808	0.0025784719	0.00255714297	0.00248170463	0.00265085097	5.08099479e-05	7.57103693e-05	0	100	0	0	3
330	318	0	2.96065247	0.00251423622	0.00255583871	0.00248170463	0.00265085097	5.08099479e-05	7.57103693e-05	0	100	0	0	3
331	319	0	2.96962415	0.00259253494	0.00255497213	0.00248170463	0.00265085097	5.11856264e-05	7.57103693e-05	0	100	0	0	3
332	320	0	2.97859582	0.00252002755	0.0025537407	0.00248170463	0.00265085097	5.19117192e-05	7.57103693e-05	0	100	0	0	3
333	321	0	2.9875675	0.00259587011	0.0025527589	0.00248170463	0.00264890594	5.15923982e-05	7.57103693e-05	0	100	0	0	3
334	322	0	2.99653917	0.00252688138	0.00255243139	0.00248170463	0.00264890594	5.02493649e-05	7.57103693e-05	0	100	0	0	3
335	323	0	3.00551085	0.0025957875	0.00255148285	0.00248170463	0.00264791493	4.87245978e-05	7.57103693e-05	0	100	0	0	3
336	324	0	3.01448252	0.00253212526	0.00255145725	0.00248170463	0.00264791493	4.62794001e-05	7.57103693e-05	0	100	0	0	3
337	325	0	3.02345419	0.00261239688	0.00255093393	0.00248170463	0.00264791493	4.41428412e-05	7.57103693e-05	0	100	0	0	3
338	326	0	3.03242587	0.00254112696	0.00255092432	0.00248170463	0.00264791493	4.16786915e-05	7.57103693e-05	0	100	0	0	3
339	326	0	3.04139754	0.00261637443	0.0025503611	0.00248170463	0.00264385306	3.94067985e-05	7.57103693e-05	0	100	0	0	3
340	327	0	3.05036922	0.00255037787	0.00255037003	0.00248170463	0.00264385306	3.72745059e-05	7.57103693e-05	0	100	0	0	3
341	328	0	3.05934089	0.0026197085	0.00254993888	0.00248170463	0.00262035942	3.47479221e-05	7.57103693e-05	0	100	0	0	3
342	329	0	3.06831256	0.00255124878	0.00255013721	0.00248170463	0.00262035942	3.22053581e-05	7.57103693e-05	0	100	0	0	3
343	330	0	3.07728424	0.0026197743	0.00255012676	0.00248170463	0.0026197743	2.99000125e-05	7.57103693e-05	0	100	0	0	3
344	331	0	3.08625591	0.0025541094	0.00255075739	0.00248170463	0.0026197743	2.71935764e-05	7.57103693e-05	0	100	0	0	3
345	332	0	3.09522759	0.00262636631	0.00255120732	0.00248170463	0.00262636631	2.55941906e-05	7.57103693e-05	0	100	0	0	3
346	333	0	3.10419926	0.00255551824	0.00255205692	0.00248170463	0.00262636631	2.33398813e-05	7.57103693e-05	0	100	0	0	3
347	333	0	3.11317094	0.00262311616	0.00255256411	0.00248170463	0.00262636631	2.19674277e-05	7.57103693e-05	0	100	0	0	3
348	334	0	3.12214261	0.002546249	0.00255346513	0.00248170463	0.00262636631	2.01653259e-05	7.57103693e-05	0	100	0	0	3
349	335	0	3.13111428	0.00261134386	0.00255404407	0.00248170463	0.00262636631	1.79592688e-05	7.57103693e-05	0	100	0	0	3
350	336	0	3.14008596	0.00253192101	0.00255494079	0.00248943717	0.00262636631	1.60100712e-05	7.57103693e-05	0	100	0	0	3
351	337	0	3.14905763	0.00260167756	0.00255555816	0.00248943717	0.00262636631	1.54516707e-05	7.57103693e-05	0	100	0	0	3
352	338	0	3.15802931	0.00252696696	0.00255610472	0.00248943717	0.00262636631	1.54516707e-05	7.57103693e-05	0	100	0	0	3
353	338	0	3.16700098	0.00259927397	0.00255653424	0.00248943717	0.00262636631	1.54516707e-05	7.57103693e-05	0	100	0	0	3
354	339	0	3.17597265	0.00252490333	0.00255691202	0.00248943717	0.00262636631	1.54516707e-05	7.57103693e-05	0	100	0	0	3
355	340	0	3.18494433	0.00259548815	0.00255728822	0.00248943717	0.00262636631	1.54516707e-05	7.57103693e-05	0	100	0	0	3
356	341	0	3.193916	0.00251559949	0.00255747131	0.00248943717	0.00262636631	1.54516707e-05	7.57103693e-05	0	100	0	0	3
357	342	0	3.20288768	0.00258507099	0.0025578344	0.00248943717	0.00262636631	1.54516707e-05	7.57103693e-05	0	100	0	0	3
358	343	0	3.21185935	0.00250340261	0.00255800674	0.00248943717	0.00262636631	1.54516707e-05	7.57103693e-05	0	100	0	0	3
359	344	0	3.22083103	0.00257500644	0.00255833345	0.00248943717	0.00262636631	1.54516707e-05	7.57103693e-05	0	100	0	0	3
360	345	0	3.2298027	0.00249680812	0.00255846507	0.00249637746	0.00262636631	1.54516707e-05	7.57103693e-05	0	100	0	0	3
361	346	0	3.23877437	0.00257165597	0.00255871976	0.00249637746	0.00262636631	1.54516707e-05	7.57103693e-05	0	100	0	0	3
362	346	0	3.24774605	0.00249527209	0.00255870002	0.00249527209	0.00262636631	1.54516707e-05	7.57103693e-05	0	100	0	0	3
363	347	0	3.25671772	0.00256858141	0.00255867342	0.00249527209	0.00262636631	1.54516707e-05	7.57103693e-05	0	100	0	0	3
364	348	0	3.2656894	0.00249478041	0.00255841833	0.00249478041	0.00262636631	1.54516707e-05	7.57103693e-05	0	100	0	0	3
365	349	0	3.27466107	0.00256791414	0.00255810487	0.00249478041	0.00262636631	1.54516707e-05	7.57103693e-05	0	100	0	0	3
366	350	0	3.28363274	0.0024903409	0.00255758749	0.0024903409	0.00262636631	1.54516707e-05	7.57103693e-05	0	100	0	0	3
367	351	0	3.29260442	0.00256035567	0.00255707702	0.0024903409	0.00262636631	1.54516707e-05	7.57103693e-05	0	100	0	0	3
368	352	0	3.30157609	0.00248117059	0.00255643837	0.00248117059	0.00262636631	1.54516707e-05	7.57103693e-05	0	100	0	0	3
369	352	0	3.31054777	0.00255601306	0.00255589786	0.00248117059	0.00262636631	1.54516707e-05	7.57103693e-05	0	100	0	0	3
370	353	0	3.31951944	0.00247551579	0.00255513522	0.00247551579	0.00262636631	1.54516707e-05	7.57103693e-05	0	100	0	0	3
371	354	0	3.32849112	0.00255149245	0.0025544645	0.00247551579	0.00262636631	1.54516707e-05	7.57103693e-05	0	100	0	0	3
372	355	0	3.33746279	0.00247394456	0.00255364117	0.00247394456	0.00262636631	1.54516707e-05	7.57103693e-05	0	100	0	0	3
373	356	0	3.34643446	0.00255067486	0.00255293951	0.00247394456	0.00262636631	1.54516707e-05	7.57103693e-05	0	100	0	0	3
374	357	0	3.35540614	0.00246981808	0.0025520486	0.00246981808	0.00262636631	1.54516707e-05	7.57103693e-05	0	100	0	0	3
375	358	0	3.36437781	0.00254472675	0.00255127343	0.00246981808	0.00262636631	1.54516707e-05	7.57103693e-05	0	100	0	0	3
376	359	0	3.37334949	0.00246309086	0.00255028488	0.00246309086	0.00262636631	1.54516707e-05	7.57103693e-05	0	100	0	0	3
377	360	0	3.38232116	0.00253700755	0.00254938726	0.00246309086	0.00262636631	1.60032827e-05	7.57103693e-05	0	100	0	0	3
378	360	0	3.39129283	0.00245566316	0.00254824904	0.00245566316	0.00262636631	1.67136454e-05	7.57103693e-05	0	100	0	0	3
379	361	0	3.40026451	0.00253399201	0.00254724039	0.00245566316	0.00262636631	1.69229835e-05	7.57103693e-05	0	100	0	0	3
380	362	0	3.40923618	0.00246146539	0.00254641197	0.00245566316	0.00262636631	1.68169842e-05	7.57103693e-05	0	100	0	0	3
381	363	0	3.41820786	0.00254174842	0.00254576388	0.00245566316	0.00262636631	1.61050648e-05	7.57103693e-05	0	100	0	0	3
382	364	0	3.42717953	0.00246518286	0.00254507626	0.00245566316	0.00262636631	1.48071374e-05	7.57103693e-05	0	100	0	0	3
383	365	0	3.43615121	0.00253976495	0.0025445045	0.00245566316	0.00262636631	1.43290187e-05	7.57103693e-05	0	100	0	0	3
384	366	0	3.44512288	0.00246425539	0.00254382485	0.00245566316	0.00262636631	1.48949124e-05	7.57103693e-05	0	100	0	0	3
385	367	0	3.45409455	0.00254134477	0.00254316186	0.00245566316	0.00262636631	1.55578969e-05	7.57103693e-05	0	100	0	0	3
386	368	0	3.46306623	0.0024648873	0.00254228063	0.00245566316	0.00262636631	1.64391276e-05	7.57103693e-05	0	100	0	0	3
387	368	0	3.4720379	0.00254601438	0.00254144991	0.00245566316	0.00262636631	1.72698518e-05	7.57103693e-05	0	100	0	0	3
388	369	0	3.48100958	0.00247673703	0.00254067686	0.00245566316	0.00262636631	1.80428967e-05	7.57103693e-05	0	100	0	0	3
389	370	0	3.48998125	0.0025648297	0.00254012257	0.00245566316	0.00262636631	1.85971899e-05	7.57103693e-05	0	100	0	0	3
390	371	0	3.49895292	0.00249579643	0.00253956748	0.00245566316	0.00262636631	1.91522784e-05	7.57103693e-05	0	100	0	0	3
391	372	0	3.5079246	0.00258855849	0.00253943839	0.00245566316	0.00262636631	1.9281368e-05	7.57103693e-05	0	100	0	0	3
392	373	0	3.51689627	0.00250253201	0.00253890994	0.00245566316	0.00262636631	1.98098189e-05	7.57103693e-05	0	100	0	0	3
393	374	0	3.52586795	0.00258566943	0.00253843267	0.00245566316	0.00262636631	2.02870947e-05	7.57103693e-05	0	100	0	0	3
394	375	0	3.53483962	0.00250796885	0.00253784056	0.00245566316	0.00262636631	2.08792037e-05	7.57103693e-05	0	100	0	0	3
395	377	0	3.5438113	0.00258630944	0.00253730368	0.00245566316	0.00262636631	2.14160785e-05	7.57103693e-05	0	100	0	0	3
396	378	0	3.55278297	0.00250719124	0.00253653249	0.00245566316	0.00262636631	2.21872684e-05	7.57103693e-05	0	100	0	0	3
397	379	0	3.56175464	0.00259381608	0.00253607013	0.00245566316	0.00262636631	2.26496332e-05	7.57103693e-05	0	100	0	0	3
398	380	0	3.57072632	0.00251487155	0.00253542053	0.00245566316	0.00262636631	2.32992266e-05	7.57103693e-05	0	100	0	0	3
399	381	0	3.57969799	0.00260207901	0.00253510455	0.00245566316	0.00262636631	2.36152138e-05	7.57103693e-05	0	100	0	0	3
400	382	0	3.58866967	0.00252087926	0.00253451115	0.00245566316	0.00262636631	2.4208609e-05	7.57103693e-05	0	100	0	0	3
401	386	0	3.59764134	0.00259454573	0.00253394293	0.00245566316	0.00262311616	2.47768337e-05	7.57103693e-05	0	100	0	0	3
402	387	0	3.60661301	0.00251085569	0.00253314538	0.00245566316	0.00262311616	2.55743793e-05	7.57103693e-05	0	100	0	0	3
403	388	0	3.61558469	0.00258481438	0.00253246142	0.00245566316	0.00261134386	2.62583395e-05	7.57103693e-05	0	100	0	0	3
404	389	0	3.62455636	0.00250803256	0.00253177898	0.00245566316	0.00261134386	2.69407758e-05	7.57103693e-05	0	100	0	0	3
405	389	0	3.63352804	0.00258699983	0.00253134427	0.00245566316	0.00260207901	2.73754907e-05	7.57103693e-05	0	100	0	0	3
406	390	0	3.64249971	0.00251009048	0.00253095444	0.00245566316	0.00260207901	2.77653215e-05	7.57103693e-05	0	100	0	0	3
407	391	0	3.65147139	0.00258466714	0.00253065068	0.00245566316	0.00260207901	2.8069079e-05	7.57103693e-05	0	100	0	0	3
408	392	0	3.66044306	0.00250465377	0.00253025223	0.00245566316	0.00260207901	2.84675288e-05	7.57103693e-05	0	100	0	0	3
409	393	0	3.66941473	0.00258322939	0.00252996572	0.00245566316	0.00260207901	2.87540392e-05	7.57103693e-05	0	100	0	0	3
410	394	0	3.67838641	0.00250869961	0.00252967637	0.00245566316	0.00260207901	2.90433913e-05	7.57103693e-05	0	100	0	0	3
411	395	0	3.68735808	0.00259991173	0.00252975536	0.00245566316	0.00260207901	2.90433913e-05	7.57103693e-05	0	100	0	0	3
412	396	0	3.69632976	0.00252318696	0.00252989085	0.00245566316	0.00260207901	2.90433913e-05	7.57103693e-05	0	100	0	0	3
413	397	0	3.70530143	0.00261735111	0.00253046728	0.00245566316	0.00261735111	2.90433913e-05	7.57103693e-05	0	100	0	0	3
414	398	0	3.7142731	0.0025429625	0.00253117371	0.00245566316	0.00261735111	2.90433913e-05	7.57103693e-05	0	100	0	0	3
415	399	0	3.72324478	0.00262626098	0.00253208897	0.00245566316	0.00262626098	2.90433913e-05	7.57103693e-05	0	100	0	0	3
416	399	0	3.73221645	0.00255093926	0.0025330556	0.00245566316	0.00262626098	2.90433913e-05	7.57103693e-05	0	100	0	0	3
417	400	0	3.74118813	0.00263801353	0.00253424055	0.00245566316	0.00263801353	2.90236526e-05	7.57103693e-05	0	100	0	0	3
418	401	0	3.7501598	0.00255310099	0.00253527321	0.00245566316	0.00263801353	2.89970551e-05	7.57103693e-05	0	100	0	0	3
419	402	0	3.75913148	0.00263777529	0.00253650882	0.00245566316	0.00263801353	2.8741959e-05	7.57103693e-05	0	100	0	0	3
420	403	0	3.76810315	0.00255885824	0.00253765306	0.00245566316	0.00263801353	2.84284969e-05	7.57103693e-05	0	100	0	0	3
421	404	0	3.77707482	0.00263769141	0.00253889909	0.00245566316	0.00263801353	2.79111238e-05	7.57103693e-05	0	100	0	0	3
422	405	0	3.7860465	0.00256430124	0.00254021981	0.00245566316	0.00263801353	2.74006474e-05	7.57103693e-05	0	100	0	0	3
423	406	0	3.79501817	0.00265143891	0.00254184629	0.00245566316	0.00265143891	2.6761997e-05	7.57103693e-05	0	100	0	0	3
