Iteration	CPUTime	PhysTime	Travels	Value	AvValue	MinValue	MaxValue	Delta	Criteria	PrevAvRefValue	Progress	CriteriaType	CriteriaVarType	CriteriaPercentage
1	8	0	0.00897215797	293.20005	293.20005	293.20005	293.20005	0	0	0	0	0	0	3
2	10	0	0.0179443159	293.200061	293.200055	293.20005	293.200061	5.85989511e-06	0	0	0	0	0	3
3	12	0	0.0269164739	293.200077	293.200062	293.20005	293.200077	1.29012247e-05	0	0	0	0	0	3
4	13	0	0.0358886319	293.200082	293.200067	293.20005	293.200082	1.78218509e-05	0	0	0	0	0	3
5	14	0	0.0448607898	293.200089	293.200072	293.20005	293.200089	2.20970915e-05	0	0	0	0	0	3
6	16	0	0.0538329478	293.200097	293.200076	293.20005	293.200097	2.63590469e-05	0	0	0	0	0	3
7	17	0	0.0628051058	293.200112	293.200081	293.20005	293.200112	3.14628526e-05	0	0	0	0	0	3
8	19	0	0.0717772637	293.200122	293.200086	293.20005	293.200122	3.66338651e-05	0	0	0	0	0	3
9	20	0	0.0807494217	293.200137	293.200092	293.20005	293.200137	4.22495182e-05	0	0	0	0	0	3
10	21	0	0.0897215797	293.200147	293.200097	293.20005	293.200147	4.77795791e-05	0	0	0	0	0	3
11	23	0	0.0986937376	293.200167	293.200104	293.20005	293.200167	5.41197928e-05	0	0	0	0	0	3
12	24	0	0.107665896	293.200183	293.20011	293.20005	293.200183	6.07435977e-05	0	0	0	0	0	3
13	26	0	0.116638054	293.200202	293.200117	293.20005	293.200202	6.77622871e-05	0	0	0	0	0	3
14	27	0	0.125610212	293.200218	293.200125	293.20005	293.200218	7.49338386e-05	0	0	0	0	0	3
15	28	0	0.13458237	293.200235	293.200132	293.20005	293.200235	8.23249179e-05	0	0	0	0	0	3
16	30	0	0.143554527	293.20026	293.20014	293.20005	293.20026	9.03061527e-05	0	0	0	0	0	3
17	31	0	0.152526685	293.200285	293.200148	293.20005	293.200285	9.88208835e-05	0	0	0	0	0	3
18	32	0	0.161498843	293.200308	293.200157	293.20005	293.200308	0.000107705738	0	0	0	0	0	3
19	34	0	0.170471001	293.200332	293.200166	293.20005	293.200332	0.000116910688	0	0	0	0	0	3
20	35	0	0.179443159	293.200355	293.200176	293.20005	293.200355	0.000126349875	0	0	0	0	0	3
21	37	0	0.188415317	293.200389	293.200186	293.20005	293.200389	0.000136504166	0	0	0	0	0	3
22	38	0	0.197387475	293.200422	293.200197	293.20005	293.200422	0.000147224222	0	0	0	0	0	3
23	39	0	0.206359633	293.200453	293.200208	293.20005	293.200453	0.000158375065	0	0	0	0	0	3
24	41	0	0.215331791	293.200483	293.200219	293.20005	293.200483	0.000169852922	0	0	0	0	0	3
25	42	0	0.224303949	293.200512	293.200231	293.20005	293.200512	0.000181553985	0	0	0	0	0	3
26	44	0	0.233276107	293.200551	293.200243	293.20005	293.200551	0.000193850425	0	0	0	0	0	3
27	45	0	0.242248265	293.200585	293.200256	293.20005	293.200585	0.000206517093	0	0	0	0	0	3
28	46	0	0.251220423	293.200616	293.200269	293.20005	293.200616	0.00021936962	0	0	0	0	0	3
29	48	0	0.260192581	293.200642	293.200282	293.20005	293.200642	0.000232223889	0	0	0	0	0	3
30	49	0	0.269164739	293.200663	293.200295	293.20005	293.200663	0.000244933702	0	0	0	0	0	3
31	51	0	0.278136897	293.200686	293.200307	293.20005	293.200686	0.000257564495	0	0	0	0	0	3
32	52	0	0.287109055	293.200702	293.200319	293.20005	293.200702	0.00026990696	0	0	0	0	0	3
33	54	0	0.296081213	293.200711	293.200331	293.20005	293.200711	0.00028178571	0	0	0	0	0	3
34	55	0	0.305053371	293.200716	293.200343	293.20005	293.200716	0.000293104552	0	0	0	0	0	3
35	56	0	0.314025529	293.200719	293.200353	293.20005	293.200719	0.000303847912	0	0	0	0	0	3
36	58	0	0.322997687	293.200722	293.200364	293.20005	293.200722	0.000314087729	0	0	0	0	0	3
37	59	0	0.331969845	293.200728	293.200374	293.20005	293.200728	0.000323925116	0	0	0	0	0	3
38	61	0	0.340942003	293.200736	293.200383	293.20005	293.200736	0.000333459807	0	0	0	0	0	3
39	62	0	0.349914161	293.200747	293.200392	293.20005	293.200747	0.000342788829	0	0	0	0	0	3
40	64	0	0.358886319	293.20076	293.200402	293.20005	293.20076	0.000351987432	0	0	0	0	0	3
41	65	0	0.367858477	293.200782	293.200411	293.20005	293.200782	0.000361276835	0	0	0	0	0	3
42	67	0	0.376830635	293.200806	293.20042	293.20005	293.200806	0.000370676989	0	0	0	0	0	3
43	68	0	0.385802793	293.200827	293.20043	293.20005	293.200827	0.000380142768	0	0	0	0	0	3
44	70	0	0.394774951	293.200845	293.200439	293.20005	293.200845	0.000389575445	0	0	0	0	0	3
45	71	0	0.403747109	293.200859	293.200448	293.20005	293.200859	0.000398906202	0	0	0	0	0	3
46	72	0	0.412719266	293.200871	293.200458	293.20005	293.200871	0.000408083456	0	0	0	0	0	3
47	74	0	0.421691424	293.20088	293.200467	293.20005	293.20088	0.00041707633	0	0	0	0	0	3
48	75	0	0.430663582	293.200889	293.200475	293.20005	293.200889	0.000425872141	0	0	0	0	0	3
49	77	0	0.43963574	293.200896	293.200484	293.20005	293.200896	0.000434462803	0	0	0	0	0	3
50	78	0	0.448607898	293.200903	293.200492	293.20005	293.200903	0.000442839336	0	0	0	0	0	3
51	80	0	0.457580056	293.200909	293.200501	293.20005	293.200909	0.00045101616	0	0	0	0	0	3
52	81	0	0.466552214	293.200914	293.200509	293.20005	293.200914	0.000458975077	0	0	0	0	0	3
53	83	0	0.475524372	293.200919	293.200516	293.20005	293.200919	0.000466725418	0	0	0	0	0	3
54	84	0	0.48449653	293.200923	293.200524	293.20005	293.200923	0.000474250567	0	0	0	0	0	3
55	85	0	0.493468688	293.200926	293.200531	293.20005	293.200926	0.000481556536	0	0	0	0	0	3
56	87	0	0.502440846	293.200928	293.200538	293.20005	293.200928	0.000488641513	0	0	0	0	0	3
57	88	0	0.511413004	293.20093	293.200554	293.200061	293.20093	0.000498507932	0	0	0	0	0	3
58	90	0	0.520385162	293.200932	293.20057	293.200077	293.200932	0.000507022385	0	0	0	0	0	3
59	91	0	0.52935732	293.200934	293.200585	293.200082	293.200934	0.000517416702	0	0	0	0	0	3
60	93	0	0.538329478	293.200935	293.2006	293.200089	293.200935	0.000528367683	0	0	0	0	0	3
61	94	0	0.547301636	293.200935	293.200615	293.200097	293.200935	0.0005392113	0	0	0	0	0	3
62	95	0	0.556273794	293.200933	293.20063	293.200112	293.200935	0.000549040111	0	0	0	0	0	3
63	97	0	0.565245952	293.200932	293.200645	293.200122	293.200935	0.000558524843	0	0	0	0	0	3
64	98	0	0.57421811	293.200932	293.200659	293.200137	293.200935	0.000567359899	0	0	0	0	0	3
65	100	0	0.583190268	293.200932	293.200673	293.200147	293.200935	0.000576035234	0	0	0	0	0	3
66	101	0	0.592162426	293.200933	293.200687	293.200167	293.200935	0.00058373544	0	0	0	0	0	3
67	102	0	0.601134584	293.200934	293.200701	293.200183	293.200935	0.000590802553	0	0	0	0	0	3
68	104	0	0.610106742	293.200933	293.200715	293.200202	293.200935	0.000597169036	0	0	0	0	0	3
69	105	0	0.6190789	293.200932	293.200728	293.200218	293.200935	0.000603040675	0	0	0	0	0	3
70	107	0	0.628051058	293.200931	293.20074	293.200235	293.200935	0.000608378163	0	0	0	0	0	3
71	108	0	0.637023216	293.20093	293.200753	293.20026	293.200935	0.000612797297	0	0	0	0	0	3
72	109	0	0.645995374	293.20093	293.200765	293.200285	293.200935	0.000616252152	0	0	0	0	0	3
73	111	0	0.654967532	293.20093	293.200776	293.200308	293.200935	0.000618888469	0	0	0	0	0	3
74	112	0	0.66393969	293.20093	293.200787	293.200332	293.200935	0.000602652347	0	0	0	0	0	3
75	114	0	0.672911848	293.200928	293.200798	293.200355	293.200935	0.00057955773	0	0	0	0	0	3
76	115	0	0.681884005	293.200926	293.200808	293.200389	293.200935	0.00054566216	0	0	0	0	0	3
77	116	0	0.690856163	293.200924	293.200818	293.200422	293.200935	0.000512906761	0	0	0	0	0	3
78	118	0	0.699828321	293.200923	293.200827	293.200453	293.200935	0.000481558541	0	0	0	0	0	3
79	119	0	0.708800479	293.200922	293.200835	293.200483	293.200935	0.000451408512	0	0	0	0	0	3
80	121	0	0.717772637	293.200925	293.200843	293.200512	293.200935	0.000422872656	0	0	0	0	0	3
81	122	0	0.726744795	293.200927	293.20085	293.200551	293.200935	0.000383990736	0	0	0	0	0	3
82	123	0	0.735716953	293.200928	293.200857	293.200585	293.200935	0.000349401698	0	0	0	0	0	3
83	125	0	0.744689111	293.20093	293.200863	293.200616	293.200935	0.000318864307	0	0	0	0	0	3
84	126	0	0.753661269	293.20093	293.200869	293.200642	293.200935	0.000293108711	0	0	0	0	0	3
85	128	0	0.762633427	293.200929	293.200874	293.200663	293.200935	0.000271733871	0	0	0	0	0	3
86	129	0	0.771605585	293.200929	293.200879	293.200686	293.200935	0.00024876389	0	0	0	0	0	3
87	131	0	0.780577743	293.200929	293.200883	293.200702	293.200935	0.000232728757	0	0	0	0	0	3
88	132	0	0.789549901	293.20093	293.200887	293.200711	293.200935	0.000223346453	0	0	0	0	0	3
89	134	0	0.798522059	293.200929	293.200891	293.200716	293.200935	0.000218625817	0	0	0	0	0	3
90	135	0	0.807494217	293.200928	293.200895	293.200719	293.200935	0.000216129992	0	0	0	0	0	3
91	137	0	0.816466375	293.200927	293.200898	293.200722	293.200935	0.000212770844	0	0	0	0	0	3
92	139	0	0.825438533	293.200924	293.200902	293.200728	293.200935	0.000207181082	0	0	0	0	0	3
93	140	0	0.834410691	293.200922	293.200905	293.200736	293.200935	0.000199008783	0	0	0	0	0	3
94	143	0	0.843382849	293.20092	293.200909	293.200747	293.200935	0.000187960508	0	0	0	0	0	3
95	144	0	0.852355007	293.20092	293.200912	293.20076	293.200935	0.000174519177	0	0	0	0	0	3
96	145	0	0.861327165	293.20092	293.200915	293.200782	293.200935	0.00015239922	0	0	0	0	0	3
97	147	0	0.870299323	293.20092	293.200917	293.200806	293.200935	0.000129168852	0	0	0	0	0	3
98	149	0	0.879271481	293.200919	293.200919	293.200827	293.200935	0.000107546644	0	0	0	0	0	3
99	151	0	0.888243639	293.200918	293.200921	293.200845	293.200935	9.00716275e-05	0	0	0	0	0	3
100	152	0	0.897215797	293.200916	293.200922	293.200859	293.200935	7.57926291e-05	0	0	0	0	0	3
101	158	0	0.906187955	293.200915	293.200923	293.200871	293.200935	6.41922717e-05	0	0	0	0	0	3
102	160	0	0.915160113	293.200914	293.200924	293.20088	293.200935	5.45035853e-05	0	0	0	0	0	3
103	161	0	0.924132271	293.200915	293.200924	293.200889	293.200935	4.59769064e-05	0	0	0	0	0	3
104	163	0	0.933104429	293.200915	293.200925	293.200896	293.200935	3.84375822e-05	0	0	0	0	0	3
105	165	0	0.942076587	293.200914	293.200925	293.200903	293.200935	3.19627111e-05	0	0	0	0	0	3
106	166	0	0.951048744	293.200912	293.200925	293.200909	293.200935	2.53947604e-05	0	0	0	0	0	3
107	168	0	0.960020902	293.20091	293.200925	293.20091	293.200935	2.47253109e-05	0	0	0	0	0	3
108	169	0	0.96899306	293.200907	293.200925	293.200907	293.200935	2.76291918e-05	0	0	0	0	0	3
109	170	0	0.977965218	293.200906	293.200925	293.200906	293.200935	2.87154256e-05	0	0	0	0	0	3
110	172	0	0.986937376	293.200906	293.200925	293.200906	293.200935	2.89161456e-05	0	0	0	0	0	3
111	173	0	0.995909534	293.200907	293.200924	293.200906	293.200935	2.89161456e-05	0	0	0	0	0	3
112	175	0	1.00488169	293.200907	293.200924	293.200906	293.200935	2.89161456e-05	2.5748048e-05	0	0	0	0	3
113	176	0	1.01385385	293.200907	293.200924	293.200906	293.200935	2.89161456e-05	2.5748048e-05	0	0	0	0	3
114	178	0	1.02282601	293.200907	293.200923	293.200906	293.200935	2.89161456e-05	2.5748048e-05	0	0	0	0	3
115	179	0	1.03179817	293.200907	293.200923	293.200906	293.200935	2.89161456e-05	2.5748048e-05	0	0	0	0	3
116	180	0	1.04077032	293.200906	293.200922	293.200906	293.200935	2.90063717e-05	2.5748048e-05	0	0	0	0	3
117	182	0	1.04974248	293.200905	293.200922	293.200905	293.200934	2.92870349e-05	2.5748048e-05	0	0	0	0	3
118	183	0	1.05871464	293.200904	293.200921	293.200904	293.200934	2.95348343e-05	2.5748048e-05	0	0	0	0	3
119	185	0	1.0676868	293.200903	293.200921	293.200903	293.200934	3.03088235e-05	2.5748048e-05	0	0	0	0	3
120	186	0	1.07665896	293.200904	293.20092	293.200903	293.200934	3.03088235e-05	2.5748048e-05	0	0	0	0	3
121	188	0	1.08563111	293.200904	293.20092	293.200903	293.200934	3.03088235e-05	2.5748048e-05	0	0	0	0	3
122	189	0	1.09460327	293.200904	293.200919	293.200903	293.200934	3.03088235e-05	2.5748048e-05	0	0	0	0	3
123	190	0	1.10357543	293.200903	293.200919	293.200903	293.200933	2.95996788e-05	2.5748048e-05	0	0	0	0	3
124	192	0	1.11254759	293.200902	293.200918	293.200902	293.200932	2.96276402e-05	2.5748048e-05	0	0	0	0	3
125	193	0	1.12151975	293.200901	293.200917	293.200901	293.200931	2.93513797e-05	2.5748048e-05	0	0	0	0	3
126	195	0	1.1304919	293.2009	293.200917	293.2009	293.20093	2.95236767e-05	2.5748048e-05	0	0	0	0	3
127	196	0	1.13946406	293.2009	293.200916	293.2009	293.20093	2.98530035e-05	2.5748048e-05	0	0	0	0	3
128	197	0	1.14843622	293.2009	293.200916	293.2009	293.20093	2.98656754e-05	2.5748048e-05	0	0	0	0	3
129	199	0	1.15740838	293.2009	293.200915	293.2009	293.20093	2.97719207e-05	2.5748048e-05	0	0	0	0	3
130	200	0	1.16638054	293.200901	293.200915	293.2009	293.20093	2.96482912e-05	2.5748048e-05	0	0	0	0	3
131	202	0	1.17535269	293.200901	293.200914	293.2009	293.20093	2.96482912e-05	2.5748048e-05	0	0	0	0	3
132	203	0	1.18432485	293.200901	293.200914	293.2009	293.20093	2.96482912e-05	2.5748048e-05	0	0	0	0	3
133	205	0	1.19329701	293.200901	293.200913	293.2009	293.20093	2.96482912e-05	2.5748048e-05	0	0	0	0	3
134	206	0	1.20226917	293.200901	293.200913	293.2009	293.20093	2.96482912e-05	2.5748048e-05	0	0	0	0	3
135	208	0	1.21124133	293.2009	293.200913	293.2009	293.20093	2.97011735e-05	2.5748048e-05	0	0	0	0	3
136	210	0	1.22021348	293.200899	293.200912	293.200899	293.20093	3.06676964e-05	2.5748048e-05	0	0	0	0	3
137	211	0	1.22918564	293.200898	293.200912	293.200898	293.20093	3.16458776e-05	2.5748048e-05	0	0	0	0	3
138	213	0	1.2381578	293.200898	293.200911	293.200898	293.20093	3.204948e-05	2.5748048e-05	0	0	0	0	3
139	214	0	1.24712996	293.200897	293.200911	293.200897	293.20093	3.23551292e-05	2.5748048e-05	0	0	0	0	3
140	216	0	1.25610212	293.200897	293.20091	293.200897	293.20093	3.23551292e-05	2.5748048e-05	0	0	0	0	3
141	217	0	1.26507427	293.200897	293.200909	293.200897	293.20093	3.27248687e-05	2.5748048e-05	0	0	0	0	3
142	219	0	1.27404643	293.200897	293.200909	293.200897	293.20093	3.27248687e-05	2.5748048e-05	0	0	0	0	3
143	221	0	1.28301859	293.200898	293.200908	293.200897	293.20093	3.27248687e-05	2.5748048e-05	0	0	0	0	3
144	222	0	1.29199075	293.200899	293.200908	293.200897	293.200929	3.25760093e-05	2.5748048e-05	0	0	0	0	3
145	224	0	1.30096291	293.2009	293.200907	293.200897	293.200928	3.07268309e-05	2.5748048e-05	0	0	0	0	3
146	226	0	1.30993506	293.2009	293.200907	293.200897	293.200927	2.70127433e-05	2.5748048e-05	0	0	0	0	3
147	227	0	1.31890722	293.2009	293.200906	293.200897	293.200924	2.34034808e-05	2.5748048e-05	0	0	0	0	3
148	229	0	1.32787938	293.200899	293.200906	293.200897	293.200922	1.99417599e-05	2.5748048e-05	0	0	0	0	3
149	231	0	1.33685154	293.200899	293.200905	293.200897	293.20092	2.01153899e-05	2.5748048e-05	0	0	0	0	3
150	232	0	1.3458237	293.200899	293.200905	293.200897	293.20092	2.05009134e-05	2.5748048e-05	0	0	0	0	3
151	234	0	1.35479585	293.200899	293.200905	293.200897	293.20092	2.0863028e-05	2.5748048e-05	0	0	0	0	3
152	236	0	1.36376801	293.2009	293.200904	293.200897	293.20092	2.12257826e-05	2.5748048e-05	0	0	0	0	3
153	237	0	1.37274017	293.2009	293.200904	293.200897	293.200919	2.15874236e-05	2.5748048e-05	0	0	0	0	3
154	239	0	1.38171233	293.2009	293.200904	293.200897	293.200918	2.08952288e-05	2.5748048e-05	0	0	0	0	3
155	240	0	1.39068448	293.200901	293.200903	293.200897	293.200916	1.88848752e-05	2.5748048e-05	0	0	0	0	3
156	242	0	1.39965664	293.200902	293.200903	293.200897	293.200915	1.81517242e-05	2.5748048e-05	0	0	0	0	3
157	244	0	1.4086288	293.200904	293.200903	293.200897	293.200915	1.81517242e-05	2.5748048e-05	0	0	0	0	3
158	245	0	1.41760096	293.200906	293.200903	293.200897	293.200915	1.81517242e-05	2.5748048e-05	0	0	0	0	3
159	247	0	1.42657312	293.200908	293.200903	293.200897	293.200915	1.81517242e-05	2.5748048e-05	0	0	0	0	3
160	248	0	1.43554527	293.20091	293.200902	293.200897	293.200914	1.71685924e-05	2.5748048e-05	0	0	0	0	3
161	250	0	1.44451743	293.200911	293.200902	293.200897	293.200912	1.55494249e-05	2.5748048e-05	0	0	0	0	3
162	252	0	1.45348959	293.200912	293.200902	293.200897	293.200912	1.49557708e-05	2.5748048e-05	0	0	0	0	3
163	253	0	1.46246175	293.200912	293.200902	293.200897	293.200912	1.53379455e-05	2.5748048e-05	0	0	0	0	3
164	255	0	1.47143391	293.200912	293.200902	293.200897	293.200912	1.53379455e-05	2.5748048e-05	0	0	0	0	3
165	257	0	1.48040606	293.200912	293.200903	293.200897	293.200912	1.53379455e-05	2.5748048e-05	0	0	0	0	3
166	258	0	1.48937822	293.200912	293.200903	293.200897	293.200912	1.53379455e-05	2.5748048e-05	0	0	0	0	3
167	260	0	1.49835038	293.200913	293.200903	293.200897	293.200913	1.57100822e-05	2.5748048e-05	0	0	0	0	3
168	262	0	1.50732254	293.200913	293.200903	293.200897	293.200913	1.65806266e-05	2.5748048e-05	0	0	0	0	3
169	263	0	1.5162947	293.200915	293.200903	293.200897	293.200915	1.77062466e-05	2.5748048e-05	0	0	0	0	3
170	265	0	1.52526685	293.200916	293.200903	293.200897	293.200916	1.8704729e-05	2.5748048e-05	0	0	0	0	3
171	266	0	1.53423901	293.200916	293.200903	293.200897	293.200916	1.91987054e-05	2.5748048e-05	0	0	0	0	3
172	268	0	1.54321117	293.200917	293.200904	293.200897	293.200917	1.92942979e-05	2.5748048e-05	0	0	0	0	3
173	270	0	1.55218333	293.200917	293.200904	293.200897	293.200917	1.87725683e-05	2.5748048e-05	0	0	0	0	3
174	271	0	1.56115549	293.200918	293.200904	293.200897	293.200918	1.82564456e-05	2.5748048e-05	0	0	0	0	3
175	273	0	1.57012764	293.200919	293.200904	293.200897	293.200919	1.77583631e-05	2.5748048e-05	0	0	0	0	3
176	275	0	1.5790998	293.20092	293.200905	293.200897	293.20092	1.72456412e-05	2.5748048e-05	0	0	0	0	3
177	276	0	1.58807196	293.20092	293.200905	293.200897	293.20092	1.67129836e-05	2.5748048e-05	0	0	0	0	3
178	278	0	1.59704412	293.200921	293.200905	293.200897	293.200921	1.61658782e-05	2.5748048e-05	0	0	0	0	3
179	280	0	1.60601628	293.200921	293.200906	293.200897	293.200921	1.56230649e-05	2.5748048e-05	0	0	0	0	3
180	282	0	1.61498843	293.200921	293.200906	293.200897	293.200921	1.50731928e-05	2.5748048e-05	0	0	0	0	3
181	283	0	1.62396059	293.200921	293.200906	293.200897	293.200921	1.45345155e-05	2.5748048e-05	0	0	0	0	3
182	285	0	1.63293275	293.200922	293.200907	293.200897	293.200922	1.40032268e-05	2.5748048e-05	0	0	0	0	3
183	287	0	1.64190491	293.200923	293.200907	293.200897	293.200923	1.34684943e-05	2.5748048e-05	0	0	0	0	3
184	289	0	1.65087707	293.200925	293.200907	293.200897	293.200925	1.29370632e-05	2.5748048e-05	0	0	0	0	3
185	290	0	1.65984922	293.200928	293.200908	293.200897	293.200928	1.24173928e-05	2.5748048e-05	0	0	0	0	3
186	292	0	1.66882138	293.20093	293.200908	293.200897	293.20093	1.19239249e-05	2.5748048e-05	0	0	0	0	3
187	294	0	1.67779354	293.200931	293.200909	293.200897	293.200931	1.14690464e-05	2.5748048e-05	0	0	0	0	3
188	295	0	1.6867657	293.20093	293.20091	293.200897	293.200931	1.10483771e-05	2.5748048e-05	0	0	0	0	3
189	297	0	1.69573786	293.200927	293.20091	293.200897	293.200931	1.06546138e-05	2.5748048e-05	0	0	0	0	3
190	299	0	1.70471001	293.200924	293.20091	293.200897	293.200931	1.02531705e-05	2.5748048e-05	0	0	0	0	3
191	300	0	1.71368217	293.200921	293.200911	293.200897	293.200931	9.79584104e-06	2.5748048e-05	0	0	0	0	3
192	302	0	1.72265433	293.200919	293.200911	293.200897	293.200931	9.28585757e-06	2.5748048e-05	0	0	0	0	3
193	303	0	1.73162649	293.200917	293.200911	293.200897	293.200931	9.1154526e-06	2.5748048e-05	0	0	0	0	3
194	305	0	1.74059865	293.200917	293.200912	293.200897	293.200931	9.45988347e-06	2.5748048e-05	0	0	0	0	3
195	307	0	1.7495708	293.200917	293.200912	293.200897	293.200931	9.80787388e-06	2.5748048e-05	0	0	0	0	3
196	308	0	1.75854296	293.200917	293.200913	293.200897	293.200931	1.01662529e-05	2.5748048e-05	0	0	0	0	3
197	310	0	1.76751512	293.200918	293.200913	293.200897	293.200931	1.05394104e-05	2.5748048e-05	0	0	0	0	3
198	311	0	1.77648728	293.200918	293.200913	293.200898	293.200931	1.09206364e-05	2.5748048e-05	0	0	0	0	3
199	313	0	1.78545944	293.200919	293.200914	293.200899	293.200931	1.12987444e-05	2.5748048e-05	0	0	0	0	3
200	314	0	1.79443159	293.200919	293.200914	293.200899	293.200931	1.16605401e-05	2.5748048e-05	0	0	0	0	3
201	320	0	1.80340375	293.200918	293.200914	293.200899	293.200931	1.19821299e-05	2.5748048e-05	0	0	0	0	3
202	321	0	1.81237591	293.200916	293.200915	293.200899	293.200931	1.22661419e-05	2.5748048e-05	0	0	0	0	3
203	323	0	1.82134807	293.200913	293.200915	293.200899	293.200931	1.24968811e-05	2.5748048e-05	0	0	0	0	3
204	324	0	1.83032023	293.20091	293.200915	293.200899	293.200931	1.27016181e-05	2.5748048e-05	0	0	0	0	3
205	326	0	1.83929238	293.200908	293.200915	293.200899	293.200931	1.28768953e-05	2.5748048e-05	0	0	0	0	3
206	327	0	1.84826454	293.200907	293.200915	293.200899	293.200931	1.30206691e-05	2.5748048e-05	0	0	0	0	3
207	329	0	1.8572367	293.200906	293.200915	293.2009	293.200931	1.31358639e-05	2.5748048e-05	0	0	0	0	3
208	331	0	1.86620886	293.200905	293.200916	293.2009	293.200931	1.32421629e-05	2.5748048e-05	0	0	0	0	3
209	332	0	1.87518102	293.200905	293.200916	293.2009	293.200931	1.33413153e-05	2.5748048e-05	0	0	0	0	3
210	334	0	1.88415317	293.200906	293.200916	293.200901	293.200931	1.34427972e-05	2.5748048e-05	0	0	0	0	3
211	335	0	1.89312533	293.200907	293.200916	293.200902	293.200931	1.35440877e-05	2.5748048e-05	0	0	0	0	3
212	337	0	1.90209749	293.200907	293.200916	293.200904	293.200931	1.36291314e-05	2.5748048e-05	0	0	0	0	3
213	338	0	1.91106965	293.200907	293.200916	293.200905	293.200931	1.36817665e-05	2.5748048e-05	0	0	0	0	3
214	340	0	1.9200418	293.200907	293.200916	293.200905	293.200931	1.36986537e-05	2.5748048e-05	0	0	0	0	3
215	341	0	1.92901396	293.200907	293.200916	293.200905	293.200931	1.36986537e-05	2.5748048e-05	0	0	0	0	3
216	342	0	1.93798612	293.200908	293.200916	293.200905	293.200931	1.36986537e-05	2.5748048e-05	0	0	0	0	3
217	344	0	1.94695828	293.200909	293.200916	293.200905	293.200931	1.36986537e-05	2.5748048e-05	0	0	0	0	3
218	346	0	1.95593044	293.200911	293.200916	293.200905	293.200931	1.36609569e-05	2.5748048e-05	0	0	0	0	3
219	347	0	1.96490259	293.200912	293.200916	293.200905	293.200931	1.3573757e-05	2.5748048e-05	0	0	0	0	3
220	348	0	1.97387475	293.200914	293.200916	293.200905	293.200931	1.34703521e-05	2.5748048e-05	0	0	0	0	3
221	350	0	1.98284691	293.200914	293.200916	293.200905	293.200931	1.33642064e-05	2.5748048e-05	0	0	0	0	3
222	351	0	1.99181907	293.200915	293.200916	293.200905	293.200931	1.32901119e-05	2.5748048e-05	0	0	0	0	3
223	353	0	2.00079123	293.200915	293.200916	293.200905	293.200931	1.32152379e-05	2.5748048e-05	0	0	0	0	3
224	354	0	2.00976338	293.200915	293.200916	293.200905	293.200931	1.31183063e-05	2.5748048e-05	0	0	0	0	3
225	356	0	2.01873554	293.200916	293.200916	293.200905	293.200931	1.30055618e-05	2.5748048e-05	0	0	0	0	3
226	357	0	2.0277077	293.200918	293.200916	293.200905	293.200931	1.28869963e-05	2.5748048e-05	0	0	0	0	3
227	359	0	2.03667986	293.200921	293.200916	293.200905	293.200931	1.27773484e-05	2.5748048e-05	0	0	0	0	3
228	360	0	2.04565202	293.200923	293.200916	293.200905	293.200931	1.26725811e-05	2.5748048e-05	0	0	0	0	3
229	362	0	2.05462417	293.200925	293.200917	293.200905	293.200931	1.25705333e-05	2.5748048e-05	0	0	0	0	3
230	363	0	2.06359633	293.200927	293.200917	293.200905	293.200931	1.24583958e-05	2.5748048e-05	0	0	0	0	3
231	365	0	2.07256849	293.200928	293.200917	293.200905	293.200931	1.23444437e-05	2.5748048e-05	0	0	0	0	3
232	366	0	2.08154065	293.200929	293.200917	293.200905	293.200931	1.22162483e-05	2.5748048e-05	0	0	0	0	3
233	367	0	2.09051281	293.20093	293.200917	293.200905	293.200931	1.20749743e-05	2.5748048e-05	0	0	0	0	3
234	369	0	2.09948496	293.20093	293.200917	293.200905	293.200931	1.19200304e-05	2.5748048e-05	0	0	0	0	3
235	370	0	2.10845712	293.200929	293.200918	293.200905	293.200931	1.17269311e-05	2.5748048e-05	0	0	0	0	3
236	372	0	2.11742928	293.200928	293.200918	293.200905	293.200931	1.14971782e-05	2.5748048e-05	0	0	0	0	3
237	373	0	2.12640144	293.200927	293.200918	293.200905	293.200931	1.12258078e-05	2.5748048e-05	0	0	0	0	3
238	375	0	2.1353736	293.200927	293.200918	293.200905	293.200931	1.09141845e-05	2.5748048e-05	0	0	0	0	3
239	376	0	2.14434575	293.200928	293.200918	293.200905	293.200931	1.05495917e-05	2.5748048e-05	0	0	0	0	3
240	377	0	2.15331791	293.200929	293.200918	293.200905	293.200931	1.01208691e-05	2.5748048e-05	0	0	0	0	3
241	379	0	2.16229007	293.20093	293.200918	293.200905	293.200931	9.63621744e-06	2.5748048e-05	0	0	0	0	3
242	380	0	2.17126223	293.200931	293.200918	293.200905	293.200931	9.12637978e-06	2.5748048e-05	0	0	0	0	3
243	382	0	2.18023439	293.200932	293.200918	293.200905	293.200932	8.63589639e-06	2.5748048e-05	0	0	0	0	3
244	383	0	2.18920654	293.200932	293.200918	293.200905	293.200932	8.20731611e-06	2.5748048e-05	0	0	0	0	3
245	385	0	2.1981787	293.200932	293.200918	293.200905	293.200932	7.87565796e-06	2.5748048e-05	0	0	0	0	3
246	386	0	2.20715086	293.200932	293.200918	293.200905	293.200932	7.63681925e-06	2.5748048e-05	0	0	0	0	3
247	387	0	2.21612302	293.200931	293.200919	293.200905	293.200932	7.47278187e-06	2.5748048e-05	0	0	0	0	3
248	389	0	2.22509518	293.200932	293.200919	293.200905	293.200932	7.365503e-06	2.5748048e-05	0	0	0	0	3
249	390	0	2.23406733	293.200933	293.200919	293.200905	293.200933	7.30299985e-06	2.5748048e-05	0	0	0	0	3
250	392	0	2.24303949	293.200935	293.200919	293.200905	293.200935	7.27249596e-06	2.5748048e-05	0	0	0	0	3
251	393	0	2.25201165	293.200936	293.20092	293.200905	293.200936	7.24942845e-06	2.5748048e-05	0	0	0	0	3
252	394	0	2.26098381	293.200936	293.20092	293.200905	293.200936	7.20620284e-06	2.5748048e-05	0	0	0	0	3
253	396	0	2.26995597	293.200935	293.20092	293.200905	293.200936	7.1300978e-06	2.5748048e-05	0	0	0	0	3
254	397	0	2.27892812	293.200934	293.200921	293.200905	293.200936	7.02616461e-06	2.5748048e-05	0	0	0	0	3
255	399	0	2.28790028	293.200932	293.200921	293.200905	293.200936	6.90340687e-06	2.5748048e-05	0	0	0	0	3
256	400	0	2.29687244	293.200931	293.200921	293.200905	293.200936	6.80430225e-06	2.5748048e-05	0	0	0	0	3
257	401	0	2.3058446	293.200932	293.200921	293.200905	293.200936	6.77521791e-06	2.5748048e-05	0	0	0	0	3
258	403	0	2.31481676	293.200933	293.200922	293.200905	293.200936	6.85992421e-06	2.5748048e-05	0	0	0	0	3
259	404	0	2.32378891	293.200935	293.200922	293.200905	293.200936	7.05043999e-06	2.5748048e-05	0	0	0	0	3
260	406	0	2.33276107	293.200936	293.200923	293.200905	293.200936	7.33553281e-06	2.5748048e-05	0	0	0	0	3
261	407	0	2.34173323	293.200937	293.200923	293.200905	293.200937	7.69290608e-06	2.5748048e-05	0	0	0	0	3
262	408	0	2.35070539	293.200936	293.200924	293.200905	293.200937	8.0965425e-06	2.5748048e-05	0	0	0	0	3
263	410	0	2.35967755	293.200935	293.200924	293.200905	293.200937	8.50704481e-06	2.5748048e-05	0	0	0	0	3
264	411	0	2.3686497	293.200934	293.200925	293.200905	293.200937	8.92214342e-06	2.5748048e-05	0	0	0	0	3
265	412	0	2.37762186	293.200934	293.200925	293.200906	293.200937	9.33928771e-06	2.5748048e-05	0	0	0	0	3
266	414	0	2.38659402	293.200935	293.200926	293.200907	293.200937	9.75266886e-06	2.5748048e-05	0	0	0	0	3
267	415	0	2.39556618	293.200935	293.200926	293.200907	293.200937	1.01934897e-05	2.5748048e-05	0	0	0	0	3
268	416	0	2.40453834	293.200934	293.200927	293.200907	293.200937	1.06691869e-05	2.5748048e-05	0	0	0	0	3
269	418	0	2.41351049	293.200931	293.200927	293.200907	293.200937	1.11022824e-05	2.5748048e-05	0	0	0	0	3
270	419	0	2.42248265	293.200928	293.200927	293.200907	293.200937	1.14851553e-05	2.5748048e-05	0	0	0	0	3
271	421	0	2.43145481	293.200926	293.200928	293.200908	293.200937	1.18111957e-05	2.5748048e-05	0	0	0	0	3
272	422	0	2.44042697	293.200924	293.200928	293.200909	293.200937	1.20928932e-05	2.5748048e-05	0	0	0	0	3
273	424	0	2.44939912	293.200922	293.200928	293.200911	293.200937	1.23244155e-05	2.5748048e-05	0	0	0	0	3
274	425	0	2.45837128	293.200921	293.200928	293.200912	293.200937	1.2506364e-05	2.5748048e-05	0	0	0	0	3
275	427	0	2.46734344	293.20092	293.200929	293.200914	293.200937	1.26138312e-05	2.5748048e-05	0	0	0	0	3
276	429	0	2.4763156	293.200918	293.200929	293.200914	293.200937	1.2647583e-05	2.5748048e-05	0	0	0	0	3
277	431	0	2.48528776	293.200915	293.200929	293.200915	293.200937	1.26113571e-05	2.5748048e-05	0	0	0	0	3
278	432	0	2.49425991	293.200913	293.200929	293.200913	293.200937	1.25742275e-05	2.5748048e-05	0	0	0	0	3
279	433	0	2.50323207	293.20091	293.200929	293.20091	293.200937	1.25437899e-05	2.5748048e-05	0	0	0	0	3
280	435	0	2.51220423	293.200909	293.200928	293.200909	293.200937	1.25113829e-05	2.5748048e-05	0	0	0	0	3
281	437	0	2.52117639	293.200908	293.200928	293.200908	293.200937	1.24605678e-05	2.5748048e-05	0	0	0	0	3
282	438	0	2.53014855	293.200907	293.200928	293.200907	293.200937	1.23764921e-05	2.5748048e-05	0	0	0	0	3
283	440	0	2.5391207	293.200907	293.200928	293.200907	293.200937	1.22548289e-05	2.5748048e-05	0	0	0	0	3
284	441	0	2.54809286	293.200906	293.200928	293.200906	293.200937	1.21095263e-05	2.5748048e-05	0	0	0	0	3
285	442	0	2.55706502	293.200905	293.200927	293.200905	293.200937	1.19490881e-05	2.5748048e-05	0	0	0	0	3
286	444	0	2.56603718	293.200903	293.200927	293.200903	293.200937	1.17770996e-05	2.5748048e-05	0	0	0	0	3
287	445	0	2.57500934	293.200902	293.200926	293.200902	293.200937	1.1603798e-05	2.5748048e-05	0	0	0	0	3
288	447	0	2.58398149	293.2009	293.200926	293.2009	293.200937	1.1434223e-05	2.5748048e-05	0	0	0	0	3
289	448	0	2.59295365	293.2009	293.200925	293.2009	293.200937	1.1272904e-05	2.5748048e-05	0	0	0	0	3
290	449	0	2.60192581	293.2009	293.200925	293.2009	293.200937	1.11298166e-05	2.5748048e-05	0	0	0	0	3
291	451	0	2.61089797	293.2009	293.200924	293.2009	293.200937	1.10066494e-05	2.5748048e-05	0	0	0	0	3
292	452	0	2.61987013	293.200901	293.200924	293.2009	293.200937	1.08962105e-05	2.5748048e-05	0	0	0	0	3
293	453	0	2.62884228	293.200902	293.200923	293.2009	293.200937	1.07938474e-05	2.5748048e-05	0	0	0	0	3
294	455	0	2.63781444	293.200902	293.200923	293.2009	293.200937	1.07043567e-05	2.5748048e-05	0	0	0	0	3
295	456	0	2.6467866	293.200903	293.200922	293.2009	293.200937	1.0634869e-05	2.5748048e-05	0	0	0	0	3
296	457	0	2.65575876	293.200903	293.200922	293.2009	293.200937	1.05904826e-05	2.5748048e-05	0	0	0	0	3
297	459	0	2.66473092	293.200904	293.200921	293.2009	293.200937	1.05694157e-05	2.5748048e-05	0	0	0	0	3
298	460	0	2.67370307	293.200904	293.200921	293.2009	293.200937	1.05483826e-05	2.5748048e-05	0	0	0	0	3
299	461	0	2.68267523	293.200904	293.20092	293.2009	293.200937	1.05044904e-05	2.5748048e-05	0	0	0	0	3
300	463	0	2.69164739	293.200904	293.20092	293.2009	293.200937	1.04195578e-05	2.5748048e-05	0	0	0	0	3
301	467	0	2.70061955	293.200905	293.200919	293.2009	293.200937	1.02829253e-05	2.5748048e-05	0	0	0	0	3
302	469	0	2.70959171	293.200906	293.200919	293.2009	293.200937	1.00967745e-05	2.5748048e-05	0	0	0	0	3
303	470	0	2.71856386	293.200907	293.200919	293.2009	293.200937	1.01520599e-05	2.5748048e-05	0	0	0	0	3
304	471	0	2.72753602	293.200909	293.200918	293.2009	293.200937	1.05584327e-05	2.5748048e-05	0	0	0	0	3
305	473	0	2.73650818	293.200911	293.200918	293.2009	293.200937	1.09438544e-05	2.5748048e-05	0	0	0	0	3
306	474	0	2.74548034	293.200914	293.200917	293.2009	293.200937	1.13159828e-05	2.5748048e-05	0	0	0	0	3
307	475	0	2.7544525	293.200916	293.200917	293.2009	293.200937	1.1671508e-05	2.5748048e-05	0	0	0	0	3
308	477	0	2.76342465	293.200917	293.200917	293.2009	293.200937	1.20050946e-05	2.5748048e-05	0	0	0	0	3
309	478	0	2.77239681	293.200919	293.200916	293.2009	293.200937	1.22944562e-05	2.5748048e-05	0	0	0	0	3
310	479	0	2.78136897	293.20092	293.200916	293.2009	293.200937	1.25347686e-05	2.5748048e-05	0	0	0	0	3
311	481	0	2.79034113	293.200922	293.200916	293.2009	293.200937	1.27192773e-05	2.5748048e-05	0	0	0	0	3
312	482	0	2.79931329	293.200923	293.200916	293.2009	293.200937	1.28626692e-05	2.5748048e-05	0	0	0	0	3
313	483	0	2.80828544	293.200925	293.200916	293.2009	293.200937	1.29907604e-05	2.5748048e-05	0	0	0	0	3
314	485	0	2.8172576	293.200926	293.200916	293.2009	293.200937	1.31272499e-05	2.5748048e-05	0	0	0	0	3
315	486	0	2.82622976	293.200926	293.200915	293.2009	293.200937	1.32830841e-05	2.5748048e-05	0	0	0	0	3
316	487	0	2.83520192	293.200926	293.200915	293.2009	293.200937	1.34621119e-05	2.5748048e-05	0	0	0	0	3
317	489	0	2.84417408	293.200925	293.200915	293.2009	293.200936	1.36630685e-05	2.5748048e-05	0	0	0	0	3
318	490	0	2.85314623	293.200923	293.200915	293.2009	293.200935	1.38925258e-05	2.5748048e-05	0	0	0	0	3
319	491	0	2.86211839	293.200921	293.200915	293.2009	293.200935	1.4141893e-05	2.5748048e-05	0	0	0	0	3
320	493	0	2.87109055	293.200918	293.200914	293.2009	293.200935	1.44293542e-05	2.5748048e-05	0	0	0	0	3
321	494	0	2.88006271	293.200916	293.200914	293.2009	293.200935	1.47510298e-05	2.5748048e-05	0	0	0	0	3
322	495	0	2.88903487	293.200916	293.200914	293.2009	293.200935	1.5087614e-05	2.5748048e-05	0	0	0	0	3
323	497	0	2.89800702	293.200916	293.200913	293.2009	293.200934	1.54266452e-05	2.5748048e-05	0	0	0	0	3
324	498	0	2.90697918	293.200916	293.200913	293.2009	293.200931	1.57348026e-05	2.5748048e-05	0	0	0	0	3
325	499	0	2.91595134	293.200918	293.200913	293.2009	293.200928	1.59814478e-05	2.5748048e-05	0	0	0	0	3
326	501	0	2.9249235	293.200919	293.200913	293.2009	293.200926	1.61443726e-05	2.5748048e-05	0	0	0	0	3
327	502	0	2.93389566	293.200922	293.200912	293.2009	293.200926	1.62155816e-05	2.5748048e-05	0	0	0	0	3
328	504	0	2.94286781	293.200924	293.200912	293.2009	293.200926	1.62155816e-05	2.5748048e-05	0	0	0	0	3
329	505	0	2.95183997	293.200927	293.200913	293.2009	293.200927	1.62155816e-05	2.5748048e-05	0	0	0	0	3
330	506	0	2.96081213	293.20093	293.200913	293.2009	293.20093	1.62155816e-05	2.5748048e-05	0	0	0	0	3
331	508	0	2.96978429	293.200932	293.200913	293.2009	293.200932	1.62155816e-05	2.5748048e-05	0	0	0	0	3
332	509	0	2.97875644	293.200933	293.200913	293.2009	293.200933	1.62155816e-05	2.5748048e-05	0	0	0	0	3
333	510	0	2.9877286	293.200932	293.200914	293.2009	293.200933	1.61754493e-05	2.5748048e-05	0	0	0	0	3
334	512	0	2.99670076	293.200931	293.200914	293.2009	293.200933	1.61009517e-05	2.5748048e-05	0	0	0	0	3
335	513	0	3.00567292	293.200928	293.200914	293.2009	293.200933	1.59861676e-05	2.5748048e-05	0	0	0	0	3
336	514	0	3.01464508	293.200925	293.200914	293.2009	293.200933	1.58320628e-05	2.5748048e-05	0	0	0	0	3
337	516	0	3.02361723	293.200923	293.200915	293.2009	293.200933	1.56286935e-05	2.5748048e-05	0	0	0	0	3
338	517	0	3.03258939	293.200921	293.200915	293.2009	293.200933	1.53746414e-05	2.5748048e-05	0	0	0	0	3
339	519	0	3.04156155	293.20092	293.200915	293.2009	293.200933	1.50637545e-05	2.5748048e-05	0	0	0	0	3
340	520	0	3.05053371	293.200918	293.200915	293.2009	293.200933	1.46999491e-05	2.5748048e-05	0	0	0	0	3
341	521	0	3.05950587	293.200916	293.200916	293.2009	293.200933	1.42729406e-05	2.5748048e-05	0	0	0	0	3
342	523	0	3.06847802	293.200914	293.200916	293.2009	293.200933	1.37957518e-05	2.5748048e-05	0	0	0	0	3
343	524	0	3.07745018	293.200911	293.200916	293.2009	293.200933	1.32778173e-05	2.5748048e-05	0	0	0	0	3
344	525	0	3.08642234	293.200908	293.200916	293.2009	293.200933	1.27454736e-05	2.5748048e-05	0	0	0	0	3
345	527	0	3.0953945	293.200905	293.200916	293.2009	293.200933	1.22098676e-05	2.5748048e-05	0	0	0	0	3
346	528	0	3.10436666	293.200903	293.200916	293.2009	293.200933	1.17020783e-05	2.5748048e-05	0	0	0	0	3
347	529	0	3.11333881	293.200902	293.200916	293.200901	293.200933	1.12192697e-05	2.5748048e-05	0	0	0	0	3
348	531	0	3.12231097	293.200902	293.200916	293.200902	293.200933	1.07670731e-05	2.5748048e-05	0	0	0	0	3
349	532	0	3.13128313	293.200902	293.200916	293.200902	293.200933	1.03162303e-05	2.5748048e-05	0	0	0	0	3
350	533	0	3.14025529	293.200902	293.200916	293.200902	293.200933	9.85903705e-06	2.5748048e-05	0	0	0	0	3
351	535	0	3.14922745	293.200902	293.200916	293.200902	293.200933	9.38945664e-06	2.5748048e-05	0	0	0	0	3
352	536	0	3.1581996	293.200902	293.200916	293.200902	293.200933	8.9111283e-06	2.5748048e-05	0	0	0	0	3
353	537	0	3.16717176	293.200902	293.200916	293.200902	293.200933	8.41787903e-06	2.5748048e-05	0	0	0	0	3
354	539	0	3.17614392	293.200902	293.200916	293.200902	293.200933	7.92595614e-06	2.5748048e-05	0	0	0	0	3
355	540	0	3.18511608	293.200903	293.200916	293.200902	293.200933	7.43541653e-06	2.5748048e-05	0	0	0	0	3
356	541	0	3.19408824	293.200904	293.200916	293.200902	293.200933	6.95557094e-06	2.5748048e-05	0	0	0	0	3
357	543	0	3.20306039	293.200905	293.200916	293.200902	293.200933	6.49506097e-06	2.5748048e-05	0	0	0	0	3
358	544	0	3.21203255	293.200905	293.200916	293.200902	293.200933	6.06352171e-06	2.5748048e-05	0	0	0	0	3
359	545	0	3.22100471	293.200905	293.200916	293.200902	293.200933	5.65714896e-06	2.5748048e-05	0	0	0	0	3
360	547	0	3.22997687	293.200905	293.200916	293.200902	293.200933	5.27172728e-06	2.5748048e-05	0	0	0	0	3
361	548	0	3.23894903	293.200905	293.200916	293.200902	293.200933	4.89959882e-06	2.5748048e-05	0	0	0	0	3
362	549	0	3.24792118	293.200906	293.200916	293.200902	293.200933	4.54407359e-06	2.5748048e-05	0	0	0	0	3
363	551	0	3.25689334	293.200907	293.200916	293.200902	293.200933	4.21048708e-06	2.5748048e-05	0	0	0	0	3
364	552	0	3.2658655	293.200909	293.200915	293.200902	293.200933	3.92112543e-06	2.5748048e-05	0	0	0	0	3
365	554	0	3.27483766	293.20091	293.200915	293.200902	293.200933	3.84511691e-06	2.5748048e-05	0	0	0	0	3
366	555	0	3.28380982	293.200911	293.200915	293.200902	293.200933	3.84511691e-06	2.5748048e-05	0	0	0	0	3
367	556	0	3.29278197	293.200912	293.200915	293.200902	293.200933	3.84511691e-06	2.5748048e-05	0	0	0	0	3
368	558	0	3.30175413	293.200912	293.200915	293.200902	293.200933	3.84511691e-06	2.5748048e-05	0	0	0	0	3
369	559	0	3.31072629	293.200912	293.200915	293.200902	293.200933	3.84511691e-06	2.5748048e-05	0	0	0	0	3
370	560	0	3.31969845	293.200911	293.200914	293.200902	293.200933	3.84511691e-06	2.5748048e-05	0	0	0	0	3
371	562	0	3.32867061	293.200911	293.200914	293.200902	293.200933	3.84511691e-06	2.5748048e-05	0	0	0	0	3
372	563	0	3.33764276	293.200911	293.200914	293.200902	293.200933	3.84511691e-06	2.5748048e-05	0	0	0	0	3
373	564	0	3.34661492	293.200912	293.200914	293.200902	293.200933	3.84511691e-06	2.5748048e-05	0	0	0	0	3
374	566	0	3.35558708	293.200913	293.200913	293.200902	293.200933	3.84511691e-06	2.5748048e-05	0	0	0	0	3
375	567	0	3.36455924	293.200914	293.200913	293.200902	293.200933	3.84511691e-06	2.5748048e-05	0	0	0	0	3
376	568	0	3.3735314	293.200915	293.200913	293.200902	293.200933	3.84511691e-06	2.5748048e-05	0	0	0	0	3
377	570	0	3.38250355	293.200915	293.200913	293.200902	293.200933	3.84511691e-06	2.5748048e-05	0	0	0	0	3
378	571	0	3.39147571	293.200914	293.200913	293.200902	293.200933	3.84511691e-06	2.5748048e-05	0	0	0	0	3
379	573	0	3.40044787	293.200913	293.200913	293.200902	293.200933	3.84511691e-06	2.5748048e-05	0	0	0	0	3
380	574	0	3.40942003	293.200913	293.200913	293.200902	293.200933	3.84511691e-06	2.5748048e-05	0	0	0	0	3
381	575	0	3.41839219	293.200913	293.200913	293.200902	293.200933	3.84511691e-06	2.5748048e-05	0	0	0	0	3
382	577	0	3.42736434	293.200913	293.200913	293.200902	293.200933	3.84511691e-06	2.5748048e-05	0	0	0	0	3
383	578	0	3.4363365	293.200914	293.200913	293.200902	293.200933	3.83500435e-06	2.5748048e-05	0	0	0	0	3
384	579	0	3.44530866	293.200914	293.200913	293.200902	293.200933	3.81962224e-06	2.5748048e-05	0	0	0	0	3
385	581	0	3.45428082	293.200913	293.200912	293.200902	293.200933	4.06974175e-06	2.5748048e-05	0	0	0	0	3
386	582	0	3.46325298	293.200912	293.200912	293.200902	293.200933	4.39428612e-06	2.5748048e-05	0	0	0	0	3
387	583	0	3.47222513	293.200909	293.200912	293.200902	293.200933	4.79580319e-06	2.5748048e-05	0	0	0	0	3
388	585	0	3.48119729	293.200907	293.200911	293.200902	293.200932	5.25515657e-06	2.5748048e-05	0	0	0	0	3
389	586	0	3.49016945	293.200905	293.200911	293.200902	293.200931	5.73622708e-06	2.5748048e-05	0	0	0	0	3
390	587	0	3.49914161	293.200903	293.20091	293.200902	293.200928	6.22196012e-06	2.5748048e-05	0	0	0	0	3
391	589	0	3.50811377	293.200902	293.20091	293.200902	293.200925	6.68747822e-06	2.5748048e-05	0	0	0	0	3
392	590	0	3.51708592	293.200901	293.200909	293.200901	293.200923	7.12630577e-06	2.5748048e-05	0	0	0	0	3
393	591	0	3.52605808	293.2009	293.200909	293.2009	293.200921	7.52903611e-06	2.5748048e-05	0	0	0	0	3
394	593	0	3.53503024	293.200901	293.200908	293.2009	293.20092	7.89559135e-06	2.5748048e-05	0	0	0	0	3
395	594	0	3.5440024	293.200901	293.200908	293.2009	293.200918	8.22575203e-06	2.5748048e-05	0	0	0	0	3
396	595	0	3.55297455	293.200902	293.200908	293.2009	293.200916	8.52096343e-06	2.5748048e-05	0	0	0	0	3
397	597	0	3.56194671	293.200902	293.200908	293.2009	293.200915	8.76550325e-06	2.5748048e-05	0	0	0	0	3
398	598	0	3.57091887	293.200903	293.200907	293.2009	293.200915	8.95594258e-06	2.5748048e-05	0	0	0	0	3
399	599	0	3.57989103	293.200904	293.200907	293.2009	293.200915	9.07708352e-06	2.5748048e-05	0	0	0	0	3
400	601	0	3.58886319	293.200906	293.200907	293.2009	293.200915	9.12066957e-06	2.5748048e-05	0	0	0	0	3
401	605	0	3.59783534	293.200907	293.200907	293.2009	293.200915	9.12066957e-06	2.5748048e-05	0	0	0	0	3
402	607	0	3.6068075	293.200908	293.200907	293.2009	293.200915	9.12066957e-06	2.5748048e-05	0	0	0	0	3
403	608	0	3.61577966	293.200909	293.200907	293.2009	293.200915	9.12066957e-06	2.5748048e-05	0	0	0	0	3
404	609	0	3.62475182	293.200909	293.200908	293.2009	293.200915	9.12066957e-06	2.5748048e-05	0	0	0	0	3
405	611	0	3.63372398	293.200907	293.200908	293.2009	293.200915	9.12066957e-06	2.5748048e-05	0	0	0	0	3
406	612	0	3.64269613	293.200906	293.200908	293.2009	293.200915	9.11564155e-06	2.5748048e-05	0	0	0	0	3
407	613	0	3.65166829	293.200905	293.200908	293.2009	293.200915	9.09843675e-06	2.5748048e-05	0	0	0	0	3
408	615	0	3.66064045	293.200905	293.200908	293.2009	293.200915	9.06229184e-06	2.5748048e-05	0	0	0	0	3
409	616	0	3.66961261	293.200906	293.200908	293.2009	293.200915	9.02950899e-06	2.5748048e-05	0	0	0	0	3
410	618	0	3.67858477	293.200908	293.200908	293.2009	293.200915	9.00567926e-06	2.5748048e-05	0	0	0	0	3
411	619	0	3.68755692	293.20091	293.200908	293.2009	293.200915	8.99558387e-06	2.5748048e-05	0	0	0	0	3
412	620	0	3.69652908	293.200912	293.200908	293.2009	293.200915	8.99053106e-06	2.5748048e-05	0	0	0	0	3
413	621	0	3.70550124	293.200913	293.200908	293.2009	293.200915	8.97390134e-06	2.5748048e-05	0	0	0	0	3
414	623	0	3.7144734	293.200915	293.200909	293.2009	293.200915	8.92969126e-06	2.5748048e-05	0	0	0	0	3
415	624	0	3.72344556	293.200916	293.200909	293.2009	293.200916	8.85204599e-06	2.5748048e-05	0	0	0	0	3
416	625	0	3.73241771	293.200917	293.200909	293.2009	293.200917	8.739252e-06	2.5748048e-05	0	0	0	0	3
417	627	0	3.74138987	293.200918	293.200909	293.2009	293.200918	8.5989206e-06	2.5748048e-05	0	0	0	0	3
418	628	0	3.75036203	293.200919	293.200909	293.2009	293.200919	8.44907936e-06	2.5748048e-05	0	0	0	0	3
419	630	0	3.75933419	293.20092	293.20091	293.2009	293.20092	8.29569871e-06	2.5748048e-05	0	0	0	0	3
420	631	0	3.76830635	293.200921	293.20091	293.2009	293.200921	8.14245567e-06	2.5748048e-05	0	0	0	0	3
421	632	0	3.7772785	293.200922	293.20091	293.2009	293.200922	7.9841343e-06	2.5748048e-05	0	0	0	0	3
422	634	0	3.78625066	293.200922	293.20091	293.2009	293.200922	7.80849149e-06	2.5748048e-05	0	0	0	0	3
423	635	0	3.79522282	293.200923	293.200911	293.2009	293.200923	7.60826782e-06	2.5748048e-05	0	0	0	0	3
424	636	0	3.80419498	293.200924	293.200911	293.2009	293.200924	7.37527984e-06	2.5748048e-05	0	0	0	0	3
425	637	0	3.81316714	293.200925	293.200911	293.2009	293.200925	7.11703404e-06	2.5748048e-05	0	0	0	0	3
426	639	0	3.82213929	293.200925	293.200911	293.2009	293.200925	6.84431382e-06	2.5748048e-05	0	0	0	0	3
427	640	0	3.83111145	293.200925	293.200911	293.2009	293.200925	6.57728157e-06	2.5748048e-05	0	0	0	0	3
428	641	0	3.84008361	293.200925	293.200912	293.2009	293.200925	6.34426056e-06	2.5748048e-05	0	0	0	0	3
429	643	0	3.84905577	293.200925	293.200912	293.2009	293.200925	6.16862479e-06	2.5748048e-05	0	0	0	0	3
430	644	0	3.85802793	293.200925	293.200912	293.2009	293.200925	6.05338727e-06	2.5748048e-05	0	0	0	0	3
431	645	0	3.86700008	293.200925	293.200912	293.2009	293.200925	5.99584098e-06	2.5748048e-05	0	0	0	0	3
432	646	0	3.87597224	293.200925	293.200913	293.2009	293.200925	5.96399252e-06	2.5748048e-05	0	0	0	0	3
433	648	0	3.8849444	293.200925	293.200913	293.2009	293.200925	5.92836756e-06	2.5748048e-05	0	0	0	0	3
434	649	0	3.89391656	293.200924	293.200913	293.2009	293.200925	5.88524284e-06	2.5748048e-05	0	0	0	0	3
435	650	0	3.90288872	293.200923	293.200913	293.2009	293.200925	5.86328053e-06	2.5748048e-05	0	0	0	0	3
436	652	0	3.91186087	293.200922	293.200913	293.2009	293.200925	6.03490605e-06	2.5748048e-05	0	0	0	0	3
437	653	0	3.92083303	293.200922	293.200913	293.2009	293.200925	6.18986212e-06	2.5748048e-05	0	0	0	0	3
438	654	0	3.92980519	293.20092	293.200914	293.2009	293.200925	6.31003343e-06	2.5748048e-05	0	0	0	0	3
439	655	0	3.93877735	293.200919	293.200914	293.2009	293.200925	6.41085404e-06	2.5748048e-05	0	0	0	0	3
440	657	0	3.94774951	293.200919	293.200914	293.2009	293.200925	6.51394566e-06	2.5748048e-05	0	0	0	0	3
441	658	0	3.95672166	293.200921	293.200914	293.2009	293.200925	6.64720892e-06	2.5748048e-05	0	0	0	0	3
442	659	0	3.96569382	293.200923	293.200914	293.2009	293.200925	6.84845526e-06	2.5748048e-05	0	0	0	0	3
443	661	0	3.97466598	293.200926	293.200914	293.2009	293.200926	7.14415194e-06	2.5748048e-05	0	0	0	0	3
444	662	0	3.98363814	293.200929	293.200915	293.2009	293.200929	7.53112289e-06	2.5748048e-05	0	0	0	0	3
445	663	0	3.9926103	293.200931	293.200915	293.2009	293.200931	7.99606147e-06	2.5748048e-05	0	0	0	0	3
446	665	0	4.00158245	293.200932	293.200916	293.2009	293.200932	8.513203e-06	2.5748048e-05	0	0	0	0	3
