Iteration	CPUTime	PhysTime	Travels	Value	AvValue	MinValue	MaxValue	Delta	Criteria	PrevAvRefValue	Progress	CriteriaType	CriteriaVarType	CriteriaPercentage
1	7	0	0.00897203701	1.09474267	1.09474267	1.09474267	1.09474267	0	0	0	0	0	0	3
2	8	0	0.017944074	1.3999886	1.24736564	1.09474267	1.3999886	0.152622964	0	0	0	0	0	3
3	9	0	0.026916111	0.611912732	1.035548	0.611912732	1.3999886	0.211817635	0	0	0	0	0	3
4	11	0	0.035888148	0.445515753	0.88803994	0.445515753	1.3999886	0.359325697	0	0	0	0	0	3
5	12	0	0.044860185	0.322582207	0.774948393	0.322582207	1.3999886	0.472417244	0	0	0	0	0	3
6	13	0	0.053832222	0.161457944	0.672699985	0.161457944	1.3999886	0.574665652	0	0	0	0	0	3
7	15	0	0.062804259	0.119858888	0.593722686	0.119858888	1.3999886	0.653642952	0	0	0	0	0	3
8	16	0	0.0717762961	0.233671115	0.548716239	0.119858888	1.3999886	0.698649398	0	0	0	0	0	3
9	17	0	0.0807483331	0.109655621	0.499931726	0.109655621	1.3999886	0.747433911	0	0	0	0	0	3
10	19	0	0.0897203701	0.121702688	0.462108822	0.109655621	1.3999886	0.785256815	0	0	0	0	0	3
11	20	0	0.0986924071	0.101657797	0.429340547	0.101657797	1.3999886	0.81802509	0	0	0	0	0	3
12	21	0	0.107664444	0.235654835	0.413200071	0.101657797	1.3999886	0.834165566	0	0	0	0	0	3
13	23	0	0.116636481	0.252503323	0.400838783	0.101657797	1.3999886	0.846526854	0	0	0	0	0	3
14	24	0	0.125608518	0.272939139	0.391703094	0.101657797	1.3999886	0.855662543	0	0	0	0	0	3
15	25	0	0.134580555	0.108023923	0.372791149	0.101657797	1.3999886	0.874574488	0	0	0	0	0	3
16	27	0	0.143552592	0.260848399	0.365794727	0.101657797	1.3999886	0.88157091	0	0	0	0	0	3
17	28	0	0.152524629	0.188615549	0.355372423	0.101657797	1.3999886	0.891993214	0	0	0	0	0	3
18	29	0	0.161496666	0.221061165	0.347910686	0.101657797	1.3999886	0.899454951	0	0	0	0	0	3
19	30	0	0.170468703	0.252302095	0.342878655	0.101657797	1.3999886	0.904486982	0	0	0	0	0	3
20	32	0	0.17944074	0.230284095	0.337248927	0.101657797	1.3999886	0.91011671	0	0	0	0	0	3
21	33	0	0.188412777	0.281465254	0.334592562	0.101657797	1.3999886	0.912773075	0	0	0	0	0	3
22	34	0	0.197384814	0.27185984	0.331741074	0.101657797	1.3999886	0.915624563	0	0	0	0	0	3
23	36	0	0.206356851	0.27707419	0.329364253	0.101657797	1.3999886	0.918001384	0	0	0	0	0	3
24	37	0	0.215328888	0.279020745	0.327266607	0.101657797	1.3999886	0.92009903	0	0	0	0	0	3
25	39	0	0.224300925	0.307010715	0.326456371	0.101657797	1.3999886	0.920909266	0	0	0	0	0	3
26	41	0	0.233272962	0.271575704	0.324345577	0.101657797	1.3999886	0.923020061	0	0	0	0	0	3
27	42	0	0.242244999	0.256283726	0.321824767	0.101657797	1.3999886	0.92554087	0	0	0	0	0	3
28	44	0	0.251217036	0.22661078	0.318424268	0.101657797	1.3999886	0.928941369	0	0	0	0	0	3
29	45	0	0.260189073	0.224451794	0.315183838	0.101657797	1.3999886	0.9321818	0	0	0	0	0	3
30	46	0	0.26916111	0.213152297	0.311782786	0.101657797	1.3999886	0.935582851	0	0	0	0	0	3
31	48	0	0.278133147	0.195390638	0.308028201	0.101657797	1.3999886	0.939337436	0	0	0	0	0	3
32	49	0	0.287105184	0.191030368	0.304372019	0.101657797	1.3999886	0.942993619	0	0	0	0	0	3
33	51	0	0.296077221	0.190856349	0.30093215	0.101657797	1.3999886	0.946433487	0	0	0	0	0	3
34	52	0	0.305049258	0.1901072	0.297672592	0.101657797	1.3999886	0.949693045	0	0	0	0	0	3
35	54	0	0.314021295	0.168204488	0.293973504	0.101657797	1.3999886	0.953392133	0	0	0	0	0	3
36	55	0	0.322993332	0.171387894	0.290568348	0.101657797	1.3999886	0.956797289	0	0	0	0	0	3
37	57	0	0.331965369	0.160748112	0.287059693	0.101657797	1.3999886	0.960305944	0	0	0	0	0	3
38	58	0	0.340937406	0.1703223	0.283987656	0.101657797	1.3999886	0.963377981	0	0	0	0	0	3
39	60	0	0.349909443	0.168349137	0.281022566	0.101657797	1.3999886	0.966343071	0	0	0	0	0	3
40	61	0	0.35888148	0.171932844	0.278295323	0.101657797	1.3999886	0.969070314	0	0	0	0	0	3
41	63	0	0.367853517	0.168537048	0.275618292	0.101657797	1.3999886	0.971747345	0	0	0	0	0	3
42	64	0	0.376825554	0.173008245	0.273175195	0.101657797	1.3999886	0.974190442	0	0	0	0	0	3
43	66	0	0.385797591	0.164090406	0.27063834	0.101657797	1.3999886	0.976727297	0	0	0	0	0	3
44	67	0	0.394769628	0.164543844	0.268227101	0.101657797	1.3999886	0.979138536	0	0	0	0	0	3
45	69	0	0.403741665	0.159348347	0.265807573	0.101657797	1.3999886	0.981558064	0	0	0	0	0	3
46	70	0	0.412713702	0.158435422	0.263473396	0.101657797	1.3999886	0.983892241	0	0	0	0	0	3
47	72	0	0.421685739	0.154079415	0.261145865	0.101657797	1.3999886	0.986219772	0	0	0	0	0	3
48	73	0	0.430657776	0.156226542	0.258960046	0.101657797	1.3999886	0.988405592	0	0	0	0	0	3
49	75	0	0.439629813	0.148640061	0.256708617	0.101657797	1.3999886	0.99065702	0	0	0	0	0	3
50	76	0	0.44860185	0.158600026	0.254746445	0.101657797	1.3999886	0.992619192	0	0	0	0	0	3
51	78	0	0.457573887	0.160986872	0.252908022	0.101657797	1.3999886	0.994457615	0	0	0	0	0	3
52	79	0	0.466545924	0.164722633	0.25121215	0.101657797	1.3999886	0.996153488	0	0	0	0	0	3
53	81	0	0.475517961	0.160975505	0.249509571	0.101657797	1.3999886	0.997856066	0	0	0	0	0	3
54	83	0	0.484489998	0.157100137	0.247798286	0.101657797	1.3999886	0.999567352	0	0	0	0	0	3
55	84	0	0.493462035	0.151536047	0.246048063	0.101657797	1.3999886	1.00131757	0	0	0	0	0	3
56	86	0	0.502434072	0.152240079	0.24437292	0.101657797	1.3999886	1.00299272	0	0	0	0	0	3
57	87	0	0.511406109	0.153191117	0.2275595	0.101657797	1.3999886	1.01980614	0	0	0	0	0	3
58	89	0	0.520378146	0.157498893	0.205372184	0.101657797	0.611912732	0.510254935	0	0	0	0	0	3
59	90	0	0.529350183	0.155244852	0.1972174	0.101657797	0.445515753	0.343857956	0	0	0	0	0	3
60	92	0	0.53832222	0.148779285	0.191918535	0.101657797	0.322582207	0.220924409	0	0	0	0	0	3
61	94	0	0.547294257	0.140905579	0.188674309	0.101657797	0.307010715	0.205352918	0	0	0	0	0	3
62	95	0	0.556266294	0.129635303	0.188106048	0.101657797	0.307010715	0.205352918	0	0	0	0	0	3
63	97	0	0.565238331	0.119463939	0.188098995	0.101657797	0.307010715	0.205352918	0	0	0	0	0	3
64	98	0	0.574210368	0.1113882	0.185915371	0.101657797	0.307010715	0.205352918	0	0	0	0	0	3
65	100	0	0.583182405	0.107823658	0.185882658	0.101657797	0.307010715	0.205352918	0	0	0	0	0	3
66	101	0	0.592154442	0.105208386	0.185588117	0.101657797	0.307010715	0.205352918	0	0	0	0	0	3
67	103	0	0.601126479	0.104716202	0.185642731	0.104716202	0.307010715	0.202294513	0	0	0	0	0	3
68	104	0	0.610098516	0.106285342	0.183332562	0.104716202	0.307010715	0.202294513	0	0	0	0	0	3
69	106	0	0.619070553	0.111283246	0.180810774	0.104716202	0.307010715	0.202294513	0	0	0	0	0	3
70	107	0	0.62804259	0.113282572	0.177959764	0.104716202	0.307010715	0.194831385	0	0	0	0	0	3
71	109	0	0.637014627	0.120589803	0.178184155	0.104716202	0.307010715	0.187834963	0	0	0	0	0	3
72	110	0	0.645986664	0.121746563	0.175700194	0.104716202	0.307010715	0.179672229	0	0	0	0	0	3
73	112	0	0.654958701	0.133508263	0.174716135	0.104716202	0.307010715	0.173194551	0	0	0	0	0	3
74	114	0	0.663930738	0.137910427	0.1732313	0.104716202	0.307010715	0.169647355	0	0	0	0	0	3
75	115	0	0.672902775	0.148935526	0.171385469	0.104716202	0.307010715	0.165863458	0	0	0	0	0	3
76	116	0	0.681874812	0.13986474	0.169770837	0.104716202	0.307010715	0.164821724	0	0	0	0	0	3
77	118	0	0.69084685	0.138142554	0.167211504	0.104716202	0.307010715	0.164529571	0	0	0	0	0	3
78	120	0	0.699818887	0.124199971	0.16457472	0.104716202	0.307010715	0.164789533	0	0	0	0	0	3
79	121	0	0.708790924	0.122983583	0.161823102	0.104716202	0.307010715	0.165443505	0	0	0	0	0	3
80	123	0	0.717762961	0.119853173	0.158980824	0.104716202	0.307010715	0.167475547	0	0	0	0	0	3
81	124	0	0.726734998	0.134061592	0.155892447	0.104716202	0.271575704	0.166859502	0	0	0	0	0	3
82	126	0	0.735707035	0.138363248	0.153513653	0.104716202	0.256283726	0.151567525	0	0	0	0	0	3
83	127	0	0.744679072	0.150805677	0.151630116	0.104716202	0.22661078	0.121894578	0	0	0	0	0	3
84	129	0	0.753651109	0.150855914	0.150277351	0.104716202	0.224451794	0.119735592	0	0	0	0	0	3
85	130	0	0.762623146	0.156365628	0.149061527	0.104716202	0.213152297	0.108436095	0	0	0	0	0	3
86	132	0	0.771595183	0.154672158	0.148017238	0.104716202	0.195390638	0.090674436	0	0	0	0	0	3
87	133	0	0.78056722	0.162397802	0.147428081	0.104716202	0.191030368	0.0863141667	0	0	0	0	0	3
88	135	0	0.789539257	0.168469285	0.147025204	0.104716202	0.190856349	0.086140147	0	0	0	0	0	3
89	136	0	0.798511294	0.1804239	0.14683891	0.104716202	0.1901072	0.0853909981	0	0	0	0	0	3
90	137	0	0.807483331	0.184520498	0.146739148	0.104716202	0.184520498	0.079804296	0	0	0	0	0	3
91	139	0	0.816455368	0.191387128	0.147153124	0.104716202	0.191387128	0.0866709258	0	0	0	0	0	3
92	141	0	0.825427405	0.185060896	0.147397284	0.104716202	0.191387128	0.0866709258	0	0	0	0	0	3
93	142	0	0.834399442	0.180038611	0.147741758	0.104716202	0.191387128	0.0866709258	0	0	0	0	0	3
94	144	0	0.843371479	0.16920503	0.147721806	0.104716202	0.191387128	0.0866709258	0	0	0	0	0	3
95	145	0	0.852343516	0.165338877	0.147668052	0.104716202	0.191387128	0.0866709258	0	0	0	0	0	3
96	146	0	0.861315553	0.162445972	0.147498643	0.104716202	0.191387128	0.0866709258	0	0	0	0	0	3
97	148	0	0.87028759	0.164202377	0.147421238	0.104716202	0.191387128	0.0866709258	0	0	0	0	0	3
98	149	0	0.879259627	0.163729976	0.147255555	0.104716202	0.191387128	0.0866709258	0	0	0	0	0	3
99	151	0	0.888231664	0.170077866	0.147362474	0.104716202	0.191387128	0.0866709258	0	0	0	0	0	3
100	152	0	0.897203701	0.176475471	0.147575539	0.104716202	0.191387128	0.0866709258	0	0	0	0	0	3
101	157	0	0.906175738	0.187881546	0.14808506	0.104716202	0.191387128	0.0866709258	0	0	0	0	0	3
102	159	0	0.915147775	0.186348504	0.148583508	0.104716202	0.191387128	0.0866709258	0	0	0	0	0	3
103	160	0	0.924119812	0.190705105	0.149237538	0.104716202	0.191387128	0.0866709258	0	0	0	0	0	3
104	162	0	0.933091849	0.186985725	0.149786809	0.104716202	0.191387128	0.0866709258	0	0	0	0	0	3
105	163	0	0.942063886	0.190506301	0.150534421	0.104716202	0.191387128	0.0866709258	0	0	0	0	0	3
106	165	0	0.951035923	0.189748846	0.15109065	0.104716202	0.191387128	0.0866709258	0	0	0	0	0	3
107	166	0	0.96000796	0.196002466	0.151715928	0.104716202	0.196002466	0.0912862639	0	0	0	0	0	3
108	168	0	0.968979997	0.192270531	0.152207855	0.104716202	0.196002466	0.0912862639	0	0	0	0	0	3
109	169	0	0.977952034	0.191677157	0.152756099	0.104716202	0.196002466	0.0912862639	0	0	0	0	0	3
110	170	0	0.986924071	0.179063953	0.15314831	0.104716202	0.196002466	0.0912862639	0	0	0	0	0	3
111	172	0	0.995896108	0.174600233	0.15356017	0.104716202	0.196002466	0.0912862639	0	0	0	0	0	3
112	173	0	1.00486814	0.160282674	0.153703788	0.104716202	0.196002466	0.0808203519	0.015307648	0	18.9	0	0	3
113	175	0	1.01384018	0.156981835	0.153771479	0.104716202	0.196002466	0.0586330357	0.015307648	0	26.1	0	0	3
114	176	0	1.02281222	0.151707008	0.153668053	0.104716202	0.196002466	0.0504782521	0.015307648	0	30.3	0	0	3
115	178	0	1.03178426	0.155202256	0.153667292	0.104716202	0.196002466	0.0451793866	0.015307648	0	33.8	0	0	3
116	179	0	1.04075629	0.157018087	0.153814414	0.104716202	0.196002466	0.0419351611	0.015307648	0	36.5	0	0	3
117	180	0	1.04972833	0.164882978	0.154242581	0.104716202	0.196002466	0.0413668997	0.015307648	0	37	0	0	3
118	182	0	1.05870037	0.161208091	0.154806381	0.104716202	0.196002466	0.041359847	0.015307648	0	37	0	0	3
119	183	0	1.0676724	0.163459451	0.155592015	0.104716202	0.196002466	0.0391762235	0.015307648	0	39	0	0	3
120	185	0	1.07664444	0.154194524	0.156356414	0.104716202	0.196002466	0.0391435099	0.015307648	0	39.1	0	0	3
121	186	0	1.08561648	0.151346997	0.157133616	0.104716202	0.196002466	0.0389035831	0.015307648	0	39.3	0	0	3
122	187	0	1.09458851	0.13886758	0.157734674	0.104716202	0.196002466	0.0389035831	0.015307648	0	39.3	0	0	3
123	189	0	1.10356055	0.135371406	0.158282088	0.106285342	0.196002466	0.0365934136	0.015307648	0	41.8	0	0	3
124	190	0	1.11253259	0.130033941	0.15870617	0.111283246	0.196002466	0.0340716265	0.015307648	0	44.9	0	0	3
125	192	0	1.12150463	0.132464252	0.159084402	0.113282572	0.196002466	0.0314450071	0.015307648	0	48.6	0	0	3
126	193	0	1.13047666	0.128671918	0.159359212	0.119853173	0.196002466	0.0314450071	0.015307648	0	48.6	0	0	3
127	194	0	1.1394487	0.133220773	0.159584765	0.119853173	0.196002466	0.0289610458	0.015307648	0	52.8	0	0	3
128	196	0	1.14842074	0.130900363	0.159748226	0.119853173	0.196002466	0.0279769871	0.015307648	0	54.7	0	0	3
129	197	0	1.15739277	0.135045078	0.159775669	0.119853173	0.196002466	0.0264921525	0.015307648	0	57.7	0	0	3
130	198	0	1.16636481	0.130540407	0.159644061	0.119853173	0.196002466	0.0246463209	0.015307648	0	62.1	0	0	3
131	200	0	1.17533685	0.133574378	0.159369755	0.119853173	0.196002466	0.0230316896	0.015307648	0	66.4	0	0	3
132	201	0	1.18430888	0.130047387	0.159194445	0.119853173	0.196002466	0.0204723556	0.015307648	0	74.7	0	0	3
133	203	0	1.19328092	0.132927784	0.159101324	0.119853173	0.196002466	0.0178355723	0.015307648	0	85.8	0	0	3
134	204	0	1.20225296	0.13095621	0.159221972	0.119853173	0.196002466	0.0150839543	0.015307648	0	100	0	0	3
135	205	0	1.211225	0.135400337	0.159443699	0.119853173	0.196002466	0.013036521	0.015307648	0	100	0	0	3
136	207	0	1.22019703	0.134539031	0.159705947	0.128671918	0.196002466	0.013036521	0.015307648	0	100	0	0	3
137	208	0	1.22916907	0.137376215	0.159765136	0.128671918	0.196002466	0.013036521	0.015307648	0	100	0	0	3
138	210	0	1.23814111	0.131600131	0.159644367	0.128671918	0.196002466	0.013036521	0.015307648	0	100	0	0	3
139	211	0	1.24711314	0.128651041	0.159248748	0.128651041	0.196002466	0.013036521	0.015307648	0	100	0	0	3
140	212	0	1.25608518	0.122042693	0.158734226	0.122042693	0.196002466	0.013036521	0.015307648	0	100	0	0	3
141	214	0	1.26505722	0.120165442	0.158087794	0.120165442	0.196002466	0.013036521	0.015307648	0	100	0	0	3
142	215	0	1.27402925	0.117822538	0.157429765	0.117822538	0.196002466	0.013036521	0.015307648	0	100	0	0	3
143	216	0	1.28300129	0.125076954	0.156763322	0.117822538	0.196002466	0.013036521	0.015307648	0	100	0	0	3
144	218	0	1.29197333	0.131128936	0.15609653	0.117822538	0.196002466	0.013036521	0.015307648	0	100	0	0	3
145	219	0	1.30094537	0.140771949	0.155388459	0.117822538	0.196002466	0.013036521	0.015307648	0	100	0	0	3
146	221	0	1.3099174	0.143703363	0.154659582	0.117822538	0.196002466	0.0126225453	0.015307648	0	100	0	0	3
147	222	0	1.31888944	0.144879407	0.153829087	0.117822538	0.196002466	0.0125201139	0.015307648	0	100	0	0	3
148	223	0	1.32786148	0.137957529	0.152987955	0.117822538	0.196002466	0.0125201139	0.015307648	0	100	0	0	3
149	225	0	1.33683351	0.130079113	0.152095821	0.117822538	0.196002466	0.0125201139	0.015307648	0	100	0	0	3
150	226	0	1.34580555	0.120404605	0.151224385	0.117822538	0.196002466	0.0125201139	0.015307648	0	100	0	0	3
151	228	0	1.35477759	0.120357802	0.150421152	0.117822538	0.196002466	0.0125201139	0.015307648	0	100	0	0	3
152	229	0	1.36374962	0.118981913	0.149645008	0.117822538	0.196002466	0.0125201139	0.015307648	0	100	0	0	3
