Iteration	CPUTime	PhysTime	Travels	Value	AvValue	MinValue	MaxValue	Delta	Criteria	PrevAvRefValue	Progress	CriteriaType	CriteriaVarType	CriteriaPercentage
1	8	0	0.00897239991	0.0180614899	0.0180614899	0.0180614899	0.0180614899	0	0	0	0	0	0	3
2	9	0	0.0179447998	0.00360806344	0.0108347767	0.00360806344	0.0180614899	0.00722671325	0	0	0	0	0	3
3	11	0	0.0269171997	0.00199155614	0.00788703651	0.00199155614	0.0180614899	0.0101744534	0	0	0	0	0	3
4	12	0	0.0358895996	0.00132598278	0.00624677308	0.00132598278	0.0180614899	0.0118147169	0	0	0	0	0	3
5	14	0	0.0448619995	0.00138520367	0.00527445919	0.00132598278	0.0180614899	0.0127870307	0	0	0	0	0	3
6	15	0	0.0538343994	0.00124760948	0.00460331757	0.00124760948	0.0180614899	0.0134581724	0	0	0	0	0	3
7	17	0	0.0628067993	0.00112723783	0.00410673475	0.00112723783	0.0180614899	0.0139547552	0	0	0	0	0	3
8	18	0	0.0717791993	0.0012204112	0.00374594431	0.00112723783	0.0180614899	0.0143155456	0	0	0	0	0	3
9	19	0	0.0807515992	0.00116846382	0.00345955759	0.00112723783	0.0180614899	0.0146019324	0	0	0	0	0	3
10	21	0	0.0897239991	0.00142812887	0.00325641472	0.00112723783	0.0180614899	0.0148050752	0	0	0	0	0	3
11	22	0	0.098696399	0.00130843704	0.00307932584	0.00112723783	0.0180614899	0.0149821641	0	0	0	0	0	3
12	23	0	0.107668799	0.0014053875	0.00293983098	0.00112723783	0.0180614899	0.015121659	0	0	0	0	0	3
13	25	0	0.116641199	0.00117347937	0.00280395778	0.00112723783	0.0180614899	0.0152575322	0	0	0	0	0	3
14	26	0	0.125613599	0.00127201097	0.002694533	0.00112723783	0.0180614899	0.0153669569	0	0	0	0	0	3
15	27	0	0.134585999	0.00124323107	0.00259777954	0.00112723783	0.0180614899	0.0154637104	0	0	0	0	0	3
16	28	0	0.143558399	0.00127478197	0.00251509219	0.00112723783	0.0180614899	0.0155463977	0	0	0	0	0	3
17	30	0	0.152530798	0.00121854237	0.00243882456	0.00112723783	0.0180614899	0.0156226654	0	0	0	0	0	3
18	31	0	0.161503198	0.00125186411	0.00237288231	0.00112723783	0.0180614899	0.0156886076	0	0	0	0	0	3
19	32	0	0.170475598	0.00117522912	0.00230984793	0.00112723783	0.0180614899	0.015751642	0	0	0	0	0	3
20	33	0	0.179447998	0.00125242939	0.002256977	0.00112723783	0.0180614899	0.0158045129	0	0	0	0	0	3
21	34	0	0.188420398	0.00122220969	0.00220770237	0.00112723783	0.0180614899	0.0158537876	0	0	0	0	0	3
22	36	0	0.197392798	0.00124763183	0.0021640628	0.00112723783	0.0180614899	0.0158974271	0	0	0	0	0	3
23	37	0	0.206365198	0.00124540394	0.00212412111	0.00112723783	0.0180614899	0.0159373688	0	0	0	0	0	3
24	38	0	0.215337598	0.00127705624	0.00208882674	0.00112723783	0.0180614899	0.0159726632	0	0	0	0	0	3
25	39	0	0.224309998	0.00127097714	0.00205611276	0.00112723783	0.0180614899	0.0160053772	0	0	0	0	0	3
26	41	0	0.233282398	0.00128592865	0.00202649029	0.00112723783	0.0180614899	0.0160349997	0	0	0	0	0	3
27	42	0	0.242254797	0.00126539623	0.00199830162	0.00112723783	0.0180614899	0.0160631883	0	0	0	0	0	3
28	43	0	0.251227197	0.00127721083	0.00197254838	0.00112723783	0.0180614899	0.0160889416	0	0	0	0	0	3
29	45	0	0.260199597	0.00125319963	0.00194774325	0.00112723783	0.0180614899	0.0161137467	0	0	0	0	0	3
30	46	0	0.269171997	0.0012669383	0.00192504975	0.00112723783	0.0180614899	0.0161364402	0	0	0	0	0	3
31	47	0	0.278144397	0.00124046653	0.00190296642	0.00112723783	0.0180614899	0.0161585235	0	0	0	0	0	3
32	49	0	0.287116797	0.00126175	0.00188292841	0.00112723783	0.0180614899	0.0161785615	0	0	0	0	0	3
33	50	0	0.296089197	0.00122778838	0.00186307568	0.00112723783	0.0180614899	0.0161984143	0	0	0	0	0	3
34	51	0	0.305061597	0.00124339899	0.0018448499	0.00112723783	0.0180614899	0.01621664	0	0	0	0	0	3
35	53	0	0.314033997	0.00120733413	0.00182663516	0.00112723783	0.0180614899	0.0162348548	0	0	0	0	0	3
36	54	0	0.323006397	0.00122011878	0.00180978748	0.00112723783	0.0180614899	0.0162517025	0	0	0	0	0	3
37	55	0	0.331978797	0.00117711296	0.00179268817	0.00112723783	0.0180614899	0.0162688018	0	0	0	0	0	3
38	57	0	0.340951196	0.0011851007	0.00177669903	0.00112723783	0.0180614899	0.0162847909	0	0	0	0	0	3
39	58	0	0.349923596	0.00114245575	0.00176043638	0.00112723783	0.0180614899	0.0163010536	0	0	0	0	0	3
40	59	0	0.358895996	0.00113683022	0.00174484622	0.00112723783	0.0180614899	0.0163166437	0	0	0	0	0	3
41	61	0	0.367868396	0.00111194781	0.00172940968	0.00111194781	0.0180614899	0.0163320803	0	0	0	0	0	3
42	62	0	0.376840796	0.00109547439	0.00171431598	0.00109547439	0.0180614899	0.016347174	0	0	0	0	0	3
43	64	0	0.385813196	0.00109167612	0.00169983598	0.00109167612	0.0180614899	0.016361654	0	0	0	0	0	3
44	65	0	0.394785596	0.00105333214	0.00168514271	0.00105333214	0.0180614899	0.0163763472	0	0	0	0	0	3
45	66	0	0.403757996	0.00108238939	0.0016717482	0.00105333214	0.0180614899	0.0163897417	0	0	0	0	0	3
46	67	0	0.412730396	0.00102519134	0.00165769261	0.00102519134	0.0180614899	0.0164037973	0	0	0	0	0	3
47	69	0	0.421702796	0.0010899734	0.00164561348	0.00102519134	0.0180614899	0.0164158765	0	0	0	0	0	3
48	70	0	0.430675196	0.00099543841	0.00163206817	0.00099543841	0.0180614899	0.0164294218	0	0	0	0	0	3
49	71	0	0.439647595	0.00108861548	0.00162097729	0.00099543841	0.0180614899	0.0164405126	0	0	0	0	0	3
50	73	0	0.448619995	0.000985944053	0.00160827663	0.000985944053	0.0180614899	0.0164532133	0	0	0	0	0	3
51	74	0	0.457592395	0.00106489893	0.00159762217	0.000985944053	0.0180614899	0.0164638678	0	0	0	0	0	3
52	75	0	0.466564795	0.000986894251	0.0015858774	0.000985944053	0.0180614899	0.0164756125	0	0	0	0	0	3
53	77	0	0.475537195	0.00104752601	0.00157571982	0.000985944053	0.0180614899	0.0164857701	0	0	0	0	0	3
54	78	0	0.484509595	0.000955751727	0.00156423893	0.000955751727	0.0180614899	0.016497251	0	0	0	0	0	3
55	79	0	0.493481995	0.00105632107	0.00155500406	0.000955751727	0.0180614899	0.0165064859	0	0	0	0	0	3
56	80	0	0.502454395	0.000958895626	0.00154435927	0.000955751727	0.0180614899	0.0165171307	0	0	0	0	0	3
57	82	0	0.511426795	0.00102332786	0.00124010638	0.000955751727	0.00360806344	0.00265231171	0	0	0	0	0	3
58	83	0	0.520399195	0.000966164994	0.00119292962	0.000955751727	0.00199155614	0.00103580442	0	0	0	0	0	3
59	84	0	0.529371595	0.00100383014	0.00117529165	0.000955751727	0.00142812887	0.000472377142	0	0	0	0	0	3
60	86	0	0.538343994	0.000963421719	0.00116881735	0.000955751727	0.00142812887	0.000472377142	0	0	0	0	0	3
61	87	0	0.547316394	0.00098014602	0.00116158418	0.000955751727	0.00142812887	0.000472377142	0	0	0	0	0	3
62	88	0	0.556288794	0.000960618704	0.00115645934	0.000955751727	0.00142812887	0.000472377142	0	0	0	0	0	3
63	90	0	0.565261194	0.000958644681	0.00115344875	0.000955751727	0.00142812887	0.000472377142	0	0	0	0	0	3
64	91	0	0.574233594	0.000960026165	0.00114879902	0.000955751727	0.00142812887	0.000472377142	0	0	0	0	0	3
65	92	0	0.583205994	0.000948555601	0.00114487208	0.000948555601	0.00142812887	0.000479573268	0	0	0	0	0	3
66	93	0	0.592178394	0.000950352631	0.00113634037	0.000948555601	0.0014053875	0.000456831904	0	0	0	0	0	3
67	95	0	0.601150794	0.000922278861	0.00112944468	0.000922278861	0.0014053875	0.000483108644	0	0	0	0	0	3
68	96	0	0.610123194	0.00095497408	0.00112140159	0.000922278861	0.00128592865	0.000363649784	0	0	0	0	0	3
69	97	0	0.619095594	0.00090168795	0.00111654817	0.00090168795	0.00128592865	0.000384240695	0	0	0	0	0	3
70	98	0	0.628067993	0.000967341164	0.00111110764	0.00090168795	0.00128592865	0.000384240695	0	0	0	0	0	3
71	100	0	0.637040393	0.000901735141	0.00110500949	0.00090168795	0.00128592865	0.000384240695	0	0	0	0	0	3
72	101	0	0.646012793	0.000963172851	0.00109944505	0.00090168795	0.00128592865	0.000384240695	0	0	0	0	0	3
73	102	0	0.654985193	0.000892860056	0.00109362929	0.000892860056	0.00128592865	0.000393068589	0	0	0	0	0	3
74	104	0	0.663957593	0.000966046332	0.0010885254	0.000892860056	0.00128592865	0.000393068589	0	0	0	0	0	3
75	105	0	0.672929993	0.000901479773	0.00108363702	0.000892860056	0.00128592865	0.000393068589	0	0	0	0	0	3
76	106	0	0.681902393	0.00098330974	0.00107883131	0.000892860056	0.00128592865	0.000393068589	0	0	0	0	0	3
77	108	0	0.690874793	0.000899920458	0.00107307615	0.000892860056	0.00128592865	0.000393068589	0	0	0	0	0	3
78	109	0	0.699847193	0.00097427405	0.00106819476	0.000892860056	0.00128592865	0.000393068589	0	0	0	0	0	3
79	110	0	0.708819593	0.000905921196	0.00106213257	0.000892860056	0.00128592865	0.000393068589	0	0	0	0	0	3
80	111	0	0.717791993	0.000968314339	0.00105661932	0.000892860056	0.00128592865	0.000393068589	0	0	0	0	0	3
81	113	0	0.726764392	0.000896630103	0.00104993455	0.000892860056	0.00128592865	0.000393068589	0	0	0	0	0	3
82	114	0	0.735736792	0.000970911919	0.00104430925	0.000892860056	0.00127721083	0.000384350771	0	0	0	0	0	3
83	115	0	0.744709192	0.000903057383	0.00103783891	0.000892860056	0.00127721083	0.000384350771	0	0	0	0	0	3
84	116	0	0.753681592	0.000976744938	0.00103247345	0.000892860056	0.0012669383	0.000374078242	0	0	0	0	0	3
85	118	0	0.762653992	0.000903277284	0.00102622484	0.000892860056	0.0012669383	0.000374078242	0	0	0	0	0	3
86	119	0	0.771626392	0.000978537179	0.00102107482	0.000892860056	0.00126175	0.000368889946	0	0	0	0	0	3
87	120	0	0.780598792	0.000906835948	0.00101511713	0.000892860056	0.00126175	0.000368889946	0	0	0	0	0	3
88	122	0	0.789571192	0.000962228384	0.00100976853	0.000892860056	0.00124339899	0.00035053893	0	0	0	0	0	3
89	123	0	0.798543592	0.000902388381	0.00100395782	0.000892860056	0.00124339899	0.00035053893	0	0	0	0	0	3
90	124	0	0.807515992	0.000972268415	0.000999116199	0.000892860056	0.00122011878	0.000327258721	0	0	0	0	0	3
91	125	0	0.816488392	0.000900193864	0.000993631551	0.000892860056	0.00122011878	0.000327258721	0	0	0	0	0	3
92	127	0	0.825460791	0.000975665622	0.000989266316	0.000892860056	0.0011851007	0.000292240647	0	0	0	0	0	3
93	128	0	0.834433191	0.000920814067	0.00098468955	0.000892860056	0.0011851007	0.000292240647	0	0	0	0	0	3
94	129	0	0.843405591	0.000981894027	0.000981060859	0.000892860056	0.00114245575	0.000249595695	0	0	0	0	0	3
95	130	0	0.852377991	0.000940447291	0.000977453565	0.000892860056	0.00113683022	0.000243970162	0	0	0	0	0	3
96	132	0	0.861350391	0.000990906752	0.000974847789	0.000892860056	0.00111194781	0.000219087749	0	0	0	0	0	3
97	133	0	0.870322791	0.000944084825	0.000971850236	0.000892860056	0.00109547439	0.000202614331	0	0	0	0	0	3
98	134	0	0.879295191	0.000989974812	0.000969966315	0.000892860056	0.00109167612	0.000198816066	0	0	0	0	0	3
99	136	0	0.888267591	0.000947286018	0.00096738792	0.000892860056	0.0010899734	0.000197113341	0	0	0	0	0	3
100	137	0	0.897239991	0.000988424915	0.000966228863	0.000892860056	0.0010899734	0.000197113341	0	0	0	0	0	3
101	141	0	0.906212391	0.000948211606	0.000963832831	0.000892860056	0.0010899734	0.000197113341	0	0	0	0	0	3
102	142	0	0.915184791	0.000982773624	0.000963075372	0.000892860056	0.0010899734	0.000197113341	0	0	0	0	0	3
103	144	0	0.92415719	0.000941540599	0.000960424786	0.000892860056	0.00108861548	0.000195755425	0	0	0	0	0	3
104	145	0	0.93312959	0.000974090132	0.000960043567	0.000892860056	0.00108861548	0.000195755425	0	0	0	0	0	3
105	146	0	0.94210199	0.000937933273	0.000957352813	0.000892860056	0.00106489893	0.000172038872	0	0	0	0	0	3
106	147	0	0.95107439	0.000972414032	0.000957111206	0.000892860056	0.00106489893	0.000172038872	0	0	0	0	0	3
107	149	0	0.96004679	0.000940827442	0.000954895643	0.000892860056	0.00105632107	0.000163461016	0	0	0	0	0	3
108	150	0	0.96901919	0.000974639783	0.000954676814	0.000892860056	0.00105632107	0.000163461016	0	0	0	0	0	3
109	151	0	0.97799159	0.000941597734	0.000952785237	0.000892860056	0.00105632107	0.000163461016	0	0	0	0	0	3
110	152	0	0.98696399	0.000973362556	0.000953099716	0.000892860056	0.00105632107	0.000163461016	0	0	0	0	0	3
111	153	0	0.99593639	0.000937668213	0.000950980915	0.000892860056	0.00102332786	0.000130467801	0	0	0	0	0	3
112	155	0	1.00490879	0.000967766388	0.000951139322	0.000892860056	0.00102332786	0.000130467801	3.29608826e-05	0	25.2	0	0	3
113	156	0	1.01388119	0.000932400615	0.000949515621	0.000892860056	0.00100383014	0.000110970087	3.29608826e-05	0	29.7	0	0	3
114	157	0	1.02285359	0.000965461303	0.000949503055	0.000892860056	0.00100383014	0.000110970087	3.29608826e-05	0	29.7	0	0	3
115	159	0	1.03182599	0.000934737316	0.000948269255	0.000892860056	0.000990906752	9.80466955e-05	3.29608826e-05	0	33.6	0	0	3
116	160	0	1.04079839	0.00097270821	0.000948435085	0.000892860056	0.000990906752	9.80466955e-05	3.29608826e-05	0	33.6	0	0	3
117	161	0	1.04977079	0.000945150506	0.000947810165	0.000892860056	0.000990906752	9.80466955e-05	3.29608826e-05	0	33.6	0	0	3
118	162	0	1.05874319	0.000979599682	0.000948149111	0.000892860056	0.000990906752	9.80466955e-05	3.29608826e-05	0	33.6	0	0	3
119	163	0	1.06771559	0.000948207313	0.000947962729	0.000892860056	0.000990906752	9.80466955e-05	3.29608826e-05	0	33.6	0	0	3
120	165	0	1.07668799	0.000978171884	0.00094828676	0.000892860056	0.000990906752	9.80466955e-05	3.29608826e-05	0	33.6	0	0	3
121	166	0	1.08566039	0.000942701683	0.000948182226	0.000892860056	0.000990906752	9.80466955e-05	3.29608826e-05	0	33.6	0	0	3
122	167	0	1.09463279	0.000970647954	0.000948544642	0.000892860056	0.000990906752	9.80466955e-05	3.29608826e-05	0	33.6	0	0	3
123	168	0	1.10360519	0.000934334693	0.000948759925	0.000892860056	0.000990906752	9.80466955e-05	3.29608826e-05	0	33.6	0	0	3
124	169	0	1.11257759	0.000965830464	0.000948953789	0.000892860056	0.000990906752	9.80466955e-05	3.29608826e-05	0	33.6	0	0	3
125	171	0	1.12154999	0.000935328341	0.00094955451	0.000892860056	0.000990906752	9.80466955e-05	3.29608826e-05	0	33.6	0	0	3
126	172	0	1.13052239	0.000973184328	0.000949658852	0.000892860056	0.000990906752	9.80466955e-05	3.29608826e-05	0	33.6	0	0	3
127	173	0	1.13949479	0.000936885199	0.000950286532	0.000892860056	0.000990906752	9.80466955e-05	3.29608826e-05	0	33.6	0	0	3
128	174	0	1.14846719	0.000974128646	0.000950482171	0.000892860056	0.000990906752	9.80466955e-05	3.29608826e-05	0	33.6	0	0	3
129	176	0	1.15743959	0.000936819033	0.000951267153	0.000896630103	0.000990906752	9.42766483e-05	3.29608826e-05	0	34.9	0	0	3
130	177	0	1.16641199	0.000969221589	0.000951323854	0.000896630103	0.000990906752	9.42766483e-05	3.29608826e-05	0	34.9	0	0	3
131	179	0	1.17538439	0.000932454441	0.000951876973	0.000896630103	0.000990906752	9.42766483e-05	3.29608826e-05	0	34.9	0	0	3
132	181	0	1.18435679	0.000967587779	0.000951596224	0.000896630103	0.000990906752	9.42766483e-05	3.29608826e-05	0	34.9	0	0	3
133	182	0	1.19332919	0.000930244012	0.000952137716	0.000896630103	0.000990906752	9.42766483e-05	3.29608826e-05	0	34.9	0	0	3
134	184	0	1.20230159	0.000960594762	0.000951893443	0.000896630103	0.000990906752	9.42766483e-05	3.29608826e-05	0	34.9	0	0	3
135	185	0	1.21127399	0.000933989826	0.000952394668	0.000896630103	0.000990906752	9.42766483e-05	3.29608826e-05	0	34.9	0	0	3
136	187	0	1.22024639	0.000973712517	0.000952491064	0.000896630103	0.000990906752	9.42766483e-05	3.29608826e-05	0	34.9	0	0	3
137	188	0	1.22921879	0.000934319406	0.000953164088	0.000900193864	0.000990906752	9.07128876e-05	3.29608826e-05	0	36.3	0	0	3
138	190	0	1.23819119	0.000977295323	0.000953278077	0.000900193864	0.000990906752	9.00287501e-05	3.29608826e-05	0	36.6	0	0	3
139	191	0	1.24716359	0.000935627005	0.000953859677	0.000900193864	0.000990906752	8.46632878e-05	3.29608826e-05	0	38.9	0	0	3
140	192	0	1.25613599	0.000976118438	0.00095384849	0.000900193864	0.000990906752	7.84146745e-05	3.29608826e-05	0	42	0	0	3
141	194	0	1.26510839	0.000935417522	0.000954422423	0.000900193864	0.000990906752	7.32646546e-05	3.29608826e-05	0	44.9	0	0	3
142	195	0	1.27408079	0.000972463739	0.000954313968	0.000900193864	0.000990906752	6.73069655e-05	3.29608826e-05	0	48.9	0	0	3
143	196	0	1.28305319	0.000936942402	0.000954851584	0.000900193864	0.000990906752	6.19583652e-05	3.29608826e-05	0	53.1	0	0	3
144	198	0	1.29202559	0.000972589951	0.000955036612	0.000900193864	0.000990906752	5.6147651e-05	3.29608826e-05	0	58.7	0	0	3
145	199	0	1.30099799	0.000936736405	0.000955649969	0.000900193864	0.000990906752	5.13060337e-05	3.29608826e-05	0	64.2	0	0	3
146	201	0	1.30997039	0.000969363441	0.000955598095	0.000900193864	0.000990906752	4.5821386e-05	3.29608826e-05	0	71.9	0	0	3
147	202	0	1.31894279	0.000928923133	0.000956111117	0.000920814067	0.000990906752	4.14561512e-05	3.29608826e-05	0	79.5	0	0	3
148	203	0	1.32791519	0.000958035241	0.000955796289	0.000920814067	0.000990906752	3.68793852e-05	3.29608826e-05	0	89.3	0	0	3
149	205	0	1.33688759	0.000915257811	0.00095569707	0.000915257811	0.000990906752	3.32506945e-05	3.29608826e-05	0	99.1	0	0	3
150	206	0	1.34585999	0.00094402402	0.00095502082	0.000915257811	0.000990906752	2.96434006e-05	3.29608826e-05	0	100	0	0	3
151	207	0	1.35483239	0.000905616087	0.000954398834	0.000905616087	0.000990906752	2.70376244e-05	3.29608826e-05	0	100	0	0	3
152	208	0	1.36380479	0.000935024093	0.00095340093	0.000905616087	0.000989974812	2.40400712e-05	3.29608826e-05	0	100	0	0	3
153	210	0	1.37277719	0.00090222548	0.000952653441	0.00090222548	0.000989974812	2.21561502e-05	3.29608826e-05	0	100	0	0	3
154	211	0	1.38174959	0.000937700441	0.000951719971	0.00090222548	0.000988424915	1.95777555e-05	3.29608826e-05	0	100	0	0	3
155	212	0	1.39072199	0.00090415874	0.000950949841	0.00090222548	0.000988424915	1.8418698e-05	3.29608826e-05	0	100	0	0	3
156	214	0	1.39969439	0.000938376307	0.000950056115	0.00090222548	0.000982773624	1.60226662e-05	3.29608826e-05	0	100	0	0	3
157	215	0	1.40866679	0.000907188519	0.00094932356	0.00090222548	0.000982773624	1.52652069e-05	3.29608826e-05	0	100	0	0	3
158	216	0	1.41763919	0.000940129324	0.000948562055	0.00090222548	0.000979599682	1.26146213e-05	3.29608826e-05	0	100	0	0	3
159	217	0	1.42661159	0.000907762181	0.000947958869	0.00090222548	0.000979599682	1.2233402e-05	3.29608826e-05	0	100	0	0	3
160	219	0	1.43558399	0.000936142005	0.000947281224	0.00090222548	0.000979599682	1.00715894e-05	3.29608826e-05	0	100	0	0	3
161	220	0	1.44455639	0.000910215862	0.00094678627	0.00090222548	0.000979599682	1.03249357e-05	3.29608826e-05	0	100	0	0	3
162	221	0	1.45352878	0.000949659289	0.000946379935	0.00090222548	0.000979599682	9.73118206e-06	3.29608826e-05	0	100	0	0	3
163	223	0	1.46250118	0.000900182467	0.000945654132	0.000900182467	0.000979599682	1.04569852e-05	3.29608826e-05	0	100	0	0	3
164	224	0	1.47147358	0.000949664881	0.000945208152	0.000900182467	0.000979599682	1.09029656e-05	3.29608826e-05	0	100	0	0	3
165	225	0	1.48044598	0.000911648215	0.000944673339	0.000900182467	0.000979599682	1.14377784e-05	3.29608826e-05	0	100	0	0	3
166	227	0	1.48941838	0.000947073919	0.000944203899	0.000900182467	0.000979599682	1.19072183e-05	3.29608826e-05	0	100	0	0	3
167	228	0	1.49839078	0.000916939445	0.000943833742	0.000900182467	0.000979599682	1.22773749e-05	3.29608826e-05	0	100	0	0	3
168	229	0	1.50736318	0.00093989459	0.000943336032	0.000900182467	0.000979599682	1.27750856e-05	3.29608826e-05	0	100	0	0	3
169	231	0	1.51633558	0.000915089675	0.000943026908	0.000900182467	0.000979599682	1.30842095e-05	3.29608826e-05	0	100	0	0	3
170	232	0	1.52530798	0.000953058963	0.000942805437	0.000900182467	0.000979599682	1.33056799e-05	3.29608826e-05	0	100	0	0	3
171	233	0	1.53428038	0.000900730213	0.000942198168	0.000900182467	0.000979599682	1.39129496e-05	3.29608826e-05	0	100	0	0	3
172	235	0	1.54325278	0.000950788208	0.000941806739	0.000900182467	0.000979599682	1.43043782e-05	3.29608826e-05	0	100	0	0	3
173	236	0	1.55222518	0.000918209671	0.000941325653	0.000900182467	0.000979599682	1.47854645e-05	3.29608826e-05	0	100	0	0	3
174	237	0	1.56119758	0.000946764496	0.00094073931	0.000900182467	0.000978171884	1.53718071e-05	3.29608826e-05	0	100	0	0	3
175	239	0	1.57016998	0.00093687625	0.00094053697	0.000900182467	0.000978171884	1.55741475e-05	3.29608826e-05	0	100	0	0	3
176	240	0	1.57914238	0.000966799755	0.000940333896	0.000900182467	0.000977295323	1.57772212e-05	3.29608826e-05	0	100	0	0	3
177	241	0	1.58811478	0.000930486289	0.000940115764	0.000900182467	0.000977295323	1.59953533e-05	3.29608826e-05	0	100	0	0	3
178	243	0	1.59708718	0.000978861537	0.000940262435	0.000900182467	0.000978861537	1.59953533e-05	3.29608826e-05	0	100	0	0	3
179	244	0	1.60605958	0.000945325934	0.000940458707	0.000900182467	0.000978861537	1.59953533e-05	3.29608826e-05	0	100	0	0	3
180	245	0	1.61503198	0.000982189456	0.000940750832	0.000900182467	0.000982189456	1.59953533e-05	3.29608826e-05	0	100	0	0	3
181	246	0	1.62400438	0.000939045098	0.000940817203	0.000900182467	0.000982189456	1.59953533e-05	3.29608826e-05	0	100	0	0	3
182	248	0	1.63297678	0.000981570896	0.000940966963	0.000900182467	0.000982189456	1.59953533e-05	3.29608826e-05	0	100	0	0	3
183	249	0	1.64194918	0.000932043815	0.00094088051	0.000900182467	0.000982189456	1.59953533e-05	3.29608826e-05	0	100	0	0	3
184	250	0	1.65092158	0.000980964371	0.000941002576	0.000900182467	0.000982189456	1.59953533e-05	3.29608826e-05	0	100	0	0	3
185	252	0	1.65989398	0.000932458956	0.000940924718	0.000900182467	0.000982189456	1.59953533e-05	3.29608826e-05	0	100	0	0	3
186	253	0	1.66886638	0.00098077329	0.000941130998	0.000900182467	0.000982189456	1.59953533e-05	3.29608826e-05	0	100	0	0	3
187	254	0	1.67783878	0.000933013948	0.000941140989	0.000900182467	0.000982189456	1.59953533e-05	3.29608826e-05	0	100	0	0	3
188	256	0	1.68681118	0.000985260192	0.000941456568	0.000900182467	0.000985260192	1.59953533e-05	3.29608826e-05	0	100	0	0	3
189	257	0	1.69578358	0.000935124483	0.000941543719	0.000900182467	0.000985260192	1.59953533e-05	3.29608826e-05	0	100	0	0	3
190	259	0	1.70475598	0.000988517071	0.000942042332	0.000900182467	0.000988517071	1.59953533e-05	3.29608826e-05	0	100	0	0	3
191	260	0	1.71372838	0.000937452518	0.000942104166	0.000900182467	0.000988517071	1.59953533e-05	3.29608826e-05	0	100	0	0	3
192	261	0	1.72270078	0.000986424571	0.000942331167	0.000900182467	0.000988517071	1.59953533e-05	3.29608826e-05	0	100	0	0	3
193	263	0	1.73167318	0.000933236722	0.000942311833	0.000900182467	0.000988517071	1.59953533e-05	3.29608826e-05	0	100	0	0	3
194	264	0	1.74064558	0.000982179076	0.000942399043	0.000900182467	0.000988517071	1.59953533e-05	3.29608826e-05	0	100	0	0	3
195	265	0	1.74961798	0.000925823711	0.000942223984	0.000900182467	0.000988517071	1.59953533e-05	3.29608826e-05	0	100	0	0	3
196	267	0	1.75859038	0.000974541058	0.000942195817	0.000900182467	0.000988517071	1.59953533e-05	3.29608826e-05	0	100	0	0	3
197	268	0	1.76756278	0.000919458905	0.000941910841	0.000900182467	0.000988517071	1.59953533e-05	3.29608826e-05	0	100	0	0	3
198	269	0	1.77653518	0.000969948747	0.000941865931	0.000900182467	0.000988517071	1.59953533e-05	3.29608826e-05	0	100	0	0	3
199	271	0	1.78550758	0.000918015908	0.000941527958	0.000900182467	0.000988517071	1.59953533e-05	3.29608826e-05	0	100	0	0	3
200	272	0	1.79447998	0.000972400176	0.000941524569	0.000900182467	0.000988517071	1.59953533e-05	3.29608826e-05	0	100	0	0	3
201	277	0	1.80345238	0.000917846475	0.000941187249	0.000900182467	0.000988517071	1.59953533e-05	3.29608826e-05	0	100	0	0	3
202	278	0	1.81242478	0.000970030098	0.000941199153	0.000900182467	0.000988517071	1.59953533e-05	3.29608826e-05	0	100	0	0	3
203	280	0	1.82139718	0.000913780809	0.000940928755	0.000900182467	0.000988517071	1.5680525e-05	3.29608826e-05	0	100	0	0	3
204	281	0	1.83036958	0.000962293079	0.000941004787	0.000900182467	0.000988517071	1.55813062e-05	3.29608826e-05	0	100	0	0	3
205	282	0	1.83934198	0.000906275947	0.000940844397	0.000900182467	0.000988517071	1.4905056e-05	3.29608826e-05	0	100	0	0	3
206	284	0	1.84831438	0.000957791336	0.000941090242	0.000900182467	0.000988517071	1.42830703e-05	3.29608826e-05	0	100	0	0	3
207	285	0	1.85728678	0.000899710383	0.000940984783	0.000899710383	0.000988517071	1.32851656e-05	3.29608826e-05	0	100	0	0	3
208	286	0	1.86625918	0.000953394969	0.000941312834	0.000899710383	0.000988517071	1.25376773e-05	3.29608826e-05	0	100	0	0	3
209	288	0	1.87523158	0.000900576714	0.000941283392	0.000899710383	0.000988517071	1.16042064e-05	3.29608826e-05	0	100	0	0	3
210	289	0	1.88420398	0.00095345714	0.000941564762	0.000899710383	0.000988517071	1.08340765e-05	3.29608826e-05	0	100	0	0	3
211	290	0	1.89317638	0.000902681111	0.000941538375	0.000899710383	0.000988517071	9.94035131e-06	3.29608826e-05	0	100	0	0	3
212	292	0	1.90214878	0.000954803908	0.000941831725	0.000899710383	0.000988517071	9.20779618e-06	3.29608826e-05	0	100	0	0	3
213	293	0	1.91112118	0.000903544047	0.000941766646	0.000899710383	0.000988517071	8.44629082e-06	3.29608826e-05	0	100	0	0	3
214	294	0	1.92009358	0.00096221128	0.000942160966	0.000899710383	0.000988517071	7.84310479e-06	3.29608826e-05	0	100	0	0	3
215	296	0	1.92906598	0.000897710686	0.000941981475	0.000897710686	0.000988517071	7.16545966e-06	3.29608826e-05	0	100	0	0	3
216	297	0	1.93803838	0.000961696623	0.000942437808	0.000897710686	0.000988517071	6.67050589e-06	3.29608826e-05	0	100	0	0	3
217	298	0	1.94701078	0.000912861139	0.000942485045	0.000897710686	0.000988517071	6.2641712e-06	3.29608826e-05	0	100	0	0	3
218	300	0	1.95598318	0.000963929327	0.000942739867	0.000897710686	0.000988517071	5.53836808e-06	3.29608826e-05	0	100	0	0	3
219	301	0	1.96495558	0.000926510311	0.000943210007	0.000897710686	0.000988517071	5.09238769e-06	3.29608826e-05	0	100	0	0	3
220	303	0	1.97392798	0.000969332092	0.000943561207	0.000897710686	0.000988517071	4.55757485e-06	3.29608826e-05	0	100	0	0	3
221	304	0	1.98290038	0.000933786629	0.000943956536	0.000897710686	0.000988517071	4.08813492e-06	3.29608826e-05	0	100	0	0	3
222	305	0	1.99187278	0.00097471197	0.000944450073	0.000897710686	0.000988517071	4.33430857e-06	3.29608826e-05	0	100	0	0	3
223	307	0	2.00084518	0.000934662502	0.000944766556	0.000897710686	0.000988517071	4.65079173e-06	3.29608826e-05	0	100	0	0	3
224	308	0	2.00981758	0.000972425577	0.000945347466	0.000897710686	0.000988517071	5.23170221e-06	3.29608826e-05	0	100	0	0	3
225	310	0	2.01878998	0.000938640534	0.000945768017	0.000897710686	0.000988517071	5.65225326e-06	3.29608826e-05	0	100	0	0	3
226	311	0	2.02776238	0.000975870651	0.000946175369	0.000897710686	0.000988517071	6.05960483e-06	3.29608826e-05	0	100	0	0	3
227	312	0	2.03673478	0.000947754874	0.000947015095	0.000897710686	0.000988517071	6.89933091e-06	3.29608826e-05	0	100	0	0	3
228	314	0	2.04570718	0.00098216081	0.00094757532	0.000897710686	0.000988517071	7.45955593e-06	3.29608826e-05	0	100	0	0	3
229	315	0	2.05467958	0.000959734021	0.000948316826	0.000897710686	0.000988517071	8.20106219e-06	3.29608826e-05	0	100	0	0	3
230	316	0	2.06365198	0.000980043313	0.000948911091	0.000897710686	0.000988517071	8.79532677e-06	3.29608826e-05	0	100	0	0	3
231	318	0	2.07262438	0.00093822757	0.000948935222	0.000897710686	0.000988517071	8.81945748e-06	3.29608826e-05	0	100	0	0	3
232	319	0	2.08159678	0.000978786297	0.000949149267	0.000897710686	0.000988517071	9.03350286e-06	3.29608826e-05	0	100	0	0	3
233	321	0	2.09056918	0.000927325014	0.000949092816	0.000897710686	0.000988517071	8.88683174e-06	3.29608826e-05	0	100	0	0	3
234	322	0	2.09954158	0.000987655833	0.000949249857	0.000897710686	0.000988517071	8.79114925e-06	3.29608826e-05	0	100	0	0	3
235	323	0	2.10851398	0.000933108629	0.00094903169	0.000897710686	0.000988517071	8.49902441e-06	3.29608826e-05	0	100	0	0	3
236	325	0	2.11748638	0.000980556512	0.000949002531	0.000897710686	0.000988517071	8.43265374e-06	3.29608826e-05	0	100	0	0	3
237	326	0	2.12645878	0.000948615436	0.00094917343	0.000897710686	0.000988517071	8.40545956e-06	3.29608826e-05	0	100	0	0	3
238	327	0	2.13543118	0.000977606048	0.000949102629	0.000897710686	0.000988517071	8.40545956e-06	3.29608826e-05	0	100	0	0	3
239	329	0	2.14440358	0.000950085893	0.000949424809	0.000897710686	0.000988517071	8.58041171e-06	3.29608826e-05	0	100	0	0	3
240	330	0	2.15337598	0.000969628639	0.000949222385	0.000897710686	0.000988517071	8.58041171e-06	3.29608826e-05	0	100	0	0	3
241	331	0	2.16234838	0.000946615164	0.000949475174	0.000897710686	0.000988517071	8.63077736e-06	3.29608826e-05	0	100	0	0	3
242	333	0	2.17132078	0.000968712231	0.000949259798	0.000897710686	0.000988517071	8.63077736e-06	3.29608826e-05	0	100	0	0	3
243	334	0	2.18029318	0.000942004076	0.000949420336	0.000897710686	0.000988517071	8.63077736e-06	3.29608826e-05	0	100	0	0	3
244	336	0	2.18926558	0.000968396217	0.000949119194	0.000897710686	0.000988517071	8.63077736e-06	3.29608826e-05	0	100	0	0	3
245	337	0	2.19823798	0.000930734171	0.000949040795	0.000897710686	0.000988517071	8.63077736e-06	3.29608826e-05	0	100	0	0	3
246	338	0	2.20721038	0.000972570068	0.000948756028	0.000897710686	0.000987655833	8.63077736e-06	3.29608826e-05	0	100	0	0	3
247	340	0	2.21618278	0.000930442645	0.000948630851	0.000897710686	0.000987655833	8.63077736e-06	3.29608826e-05	0	100	0	0	3
248	341	0	2.22515518	0.000959672995	0.000948153145	0.000897710686	0.000987655833	8.63077736e-06	3.29608826e-05	0	100	0	0	3
249	342	0	2.23412758	0.000941212448	0.000948295568	0.000897710686	0.000987655833	8.63077736e-06	3.29608826e-05	0	100	0	0	3
250	343	0	2.24309998	0.000966939653	0.000948023436	0.000897710686	0.000987655833	8.63077736e-06	3.29608826e-05	0	100	0	0	3
251	345	0	2.25207238	0.000938536502	0.00094825045	0.000897710686	0.000987655833	8.63077736e-06	3.29608826e-05	0	100	0	0	3
252	346	0	2.26104478	0.000981305153	0.000948371237	0.000897710686	0.000987655833	8.63077736e-06	3.29608826e-05	0	100	0	0	3
253	347	0	2.27001718	0.000941833295	0.00094877078	0.000897710686	0.000987655833	8.63077736e-06	3.29608826e-05	0	100	0	0	3
254	349	0	2.27898958	0.000970977891	0.000948789157	0.000897710686	0.000987655833	8.63077736e-06	3.29608826e-05	0	100	0	0	3
255	350	0	2.28796198	0.000952015407	0.000949396291	0.000897710686	0.000987655833	8.63077736e-06	3.29608826e-05	0	100	0	0	3
256	351	0	2.29693438	0.000967246323	0.000949304258	0.000897710686	0.000987655833	8.63077736e-06	3.29608826e-05	0	100	0	0	3
257	353	0	2.30590678	0.000956711511	0.000949998277	0.000897710686	0.000987655833	9.15387978e-06	3.29608826e-05	0	100	0	0	3
258	354	0	2.31487918	0.00097238253	0.000950040285	0.000897710686	0.000987655833	9.1958875e-06	3.29608826e-05	0	100	0	0	3
259	355	0	2.32385158	0.000943390342	0.000950569026	0.000897710686	0.000987655833	9.72462915e-06	3.29608826e-05	0	100	0	0	3
260	356	0	2.33282398	0.000974731816	0.000950791146	0.000897710686	0.000987655833	9.94674946e-06	3.29608826e-05	0	100	0	0	3
261	358	0	2.34179638	0.000940814936	0.000951407914	0.000897710686	0.000987655833	1.04231312e-05	3.29608826e-05	0	100	0	0	3
262	359	0	2.35076878	0.000979311682	0.000951792206	0.000897710686	0.000987655833	1.08074231e-05	3.29608826e-05	0	100	0	0	3
263	360	0	2.35974118	0.000940124467	0.000952513886	0.000897710686	0.000987655833	1.1230494e-05	3.29608826e-05	0	100	0	0	3
264	362	0	2.36871358	0.000978372891	0.00095295992	0.000897710686	0.000987655833	1.16765283e-05	3.29608826e-05	0	100	0	0	3
265	363	0	2.37768598	0.000932972528	0.000953538417	0.000897710686	0.000987655833	1.20000416e-05	3.29608826e-05	0	100	0	0	3
266	364	0	2.38665838	0.000976267808	0.00095394575	0.000897710686	0.000987655833	1.2407375e-05	3.29608826e-05	0	100	0	0	3
267	366	0	2.39563078	0.000926598805	0.000954372852	0.000897710686	0.000987655833	1.26062065e-05	3.29608826e-05	0	100	0	0	3
268	367	0	2.40460318	0.000972988559	0.000954697578	0.000897710686	0.000987655833	1.29309324e-05	3.29608826e-05	0	100	0	0	3
269	368	0	2.41357557	0.000918712151	0.000954968437	0.000897710686	0.000987655833	1.29869618e-05	3.29608826e-05	0	100	0	0	3
270	370	0	2.42254797	0.000968603801	0.000955082589	0.000897710686	0.000987655833	1.31011139e-05	3.29608826e-05	0	100	0	0	3
271	371	0	2.43152037	0.000912239164	0.000955342026	0.000912239164	0.000987655833	1.29042186e-05	3.29608826e-05	0	100	0	0	3
272	372	0	2.44049277	0.000966207474	0.000955422577	0.000912239164	0.000987655833	1.29375324e-05	3.29608826e-05	0	100	0	0	3
273	373	0	2.44946517	0.000914420087	0.000955450416	0.000912239164	0.000987655833	1.27105486e-05	3.29608826e-05	0	100	0	0	3
274	375	0	2.45843757	0.000967635518	0.000955516598	0.000912239164	0.000987655833	1.23065906e-05	3.29608826e-05	0	100	0	0	3
275	376	0	2.46740997	0.00091565456	0.000955322745	0.000912239164	0.000987655833	1.19553904e-05	3.29608826e-05	0	100	0	0	3
276	377	0	2.47638237	0.00096756827	0.000955291248	0.000912239164	0.000987655833	1.15600615e-05	3.29608826e-05	0	100	0	0	3
277	379	0	2.48535477	0.000911468246	0.000954892705	0.000911468246	0.000987655833	1.10665249e-05	3.29608826e-05	0	100	0	0	3
278	380	0	2.49432717	0.000963881019	0.000954699296	0.000911468246	0.000987655833	1.07500418e-05	3.29608826e-05	0	100	0	0	3
279	381	0	2.50329957	0.000910461114	0.000954267128	0.000910461114	0.000987655833	1.01691313e-05	3.29608826e-05	0	100	0	0	3
280	383	0	2.51227197	0.000959963119	0.000954044584	0.000910461114	0.000987655833	9.74858023e-06	3.29608826e-05	0	100	0	0	3
281	384	0	2.52124437	0.000909807162	0.000953529702	0.000909807162	0.000987655833	9.34122867e-06	3.29608826e-05	0	100	0	0	3
282	385	0	2.53021677	0.000963308986	0.000953305387	0.000909807162	0.000987655833	8.50150259e-06	3.29608826e-05	0	100	0	0	3
283	386	0	2.53918917	0.0009131667	0.000952687741	0.000909807162	0.000987655833	7.94127757e-06	3.29608826e-05	0	100	0	0	3
284	388	0	2.54816157	0.000966147869	0.000952401796	0.000909807162	0.000987655833	7.49316187e-06	3.29608826e-05	0	100	0	0	3
285	389	0	2.55713397	0.000912784888	0.000951563418	0.000909807162	0.000987655833	7.49316187e-06	3.29608826e-05	0	100	0	0	3
286	391	0	2.56610637	0.000968542844	0.000951358053	0.000909807162	0.000987655833	7.49316187e-06	3.29608826e-05	0	100	0	0	3
287	392	0	2.57507877	0.000902025798	0.000950711593	0.000902025798	0.000987655833	7.49316187e-06	3.29608826e-05	0	100	0	0	3
288	393	0	2.58405117	0.00096516613	0.000950468375	0.000902025798	0.000987655833	7.49316187e-06	3.29608826e-05	0	100	0	0	3
289	394	0	2.59302357	0.000919080235	0.000950321147	0.000902025798	0.000987655833	7.49316187e-06	3.29608826e-05	0	100	0	0	3
290	396	0	2.60199597	0.000969717485	0.000950000819	0.000902025798	0.000981305153	7.49316187e-06	3.29608826e-05	0	100	0	0	3
291	397	0	2.61096837	0.000932543924	0.000949990735	0.000902025798	0.000981305153	7.49316187e-06	3.29608826e-05	0	100	0	0	3
292	398	0	2.61994077	0.000968843937	0.000949781582	0.000902025798	0.000981305153	7.49316187e-06	3.29608826e-05	0	100	0	0	3
293	400	0	2.62891317	0.000931037973	0.000949467699	0.000902025798	0.000981305153	7.49316187e-06	3.29608826e-05	0	100	0	0	3
294	401	0	2.63788557	0.000966561604	0.000949270477	0.000902025798	0.000981305153	7.49316187e-06	3.29608826e-05	0	100	0	0	3
295	402	0	2.64685797	0.00093086529	0.000948927252	0.000902025798	0.000981305153	7.49316187e-06	3.29608826e-05	0	100	0	0	3
296	404	0	2.65583037	0.000968727918	0.000948911167	0.000902025798	0.000981305153	7.49316187e-06	3.29608826e-05	0	100	0	0	3
297	405	0	2.66480277	0.000936308829	0.000948727126	0.000902025798	0.000981305153	7.49316187e-06	3.29608826e-05	0	100	0	0	3
298	406	0	2.67377517	0.000973874499	0.000948819309	0.000902025798	0.000981305153	7.49316187e-06	3.29608826e-05	0	100	0	0	3
299	408	0	2.68274757	0.000944776885	0.000948868824	0.000902025798	0.000981305153	7.49316187e-06	3.29608826e-05	0	100	0	0	3
300	409	0	2.69171997	0.000973272844	0.000948955906	0.000902025798	0.000981305153	7.49316187e-06	3.29608826e-05	0	100	0	0	3
301	413	0	2.70069237	0.000942303725	0.000949162505	0.000902025798	0.000981305153	7.49316187e-06	3.29608826e-05	0	100	0	0	3
302	415	0	2.70966477	0.000967033828	0.000949063644	0.000902025798	0.000981305153	7.49316187e-06	3.29608826e-05	0	100	0	0	3
303	416	0	2.71863717	0.000934053918	0.000949128131	0.000902025798	0.000981305153	7.49316187e-06	3.29608826e-05	0	100	0	0	3
304	417	0	2.72760957	0.000959500437	0.00094912505	0.000902025798	0.000981305153	7.49316187e-06	3.29608826e-05	0	100	0	0	3
305	419	0	2.73658197	0.000932676885	0.000948972629	0.000902025798	0.000981305153	7.49316187e-06	3.29608826e-05	0	100	0	0	3
306	420	0	2.74555437	0.000956595427	0.00094878791	0.000902025798	0.000981305153	7.26614775e-06	3.29608826e-05	0	100	0	0	3
307	421	0	2.75452677	0.000932118349	0.000948673301	0.000902025798	0.000981305153	7.14536034e-06	3.29608826e-05	0	100	0	0	3
308	422	0	2.76349917	0.000958833493	0.000948272021	0.000902025798	0.000979311682	7.2445766e-06	3.29608826e-05	0	100	0	0	3
309	424	0	2.77247157	0.000931075777	0.000948079922	0.000902025798	0.000979311682	7.43667512e-06	3.29608826e-05	0	100	0	0	3
310	425	0	2.78144397	0.000956914787	0.000947828796	0.000902025798	0.000979311682	7.68780198e-06	3.29608826e-05	0	100	0	0	3
311	426	0	2.79041637	0.000932740646	0.000947484603	0.000902025798	0.000979311682	8.03199413e-06	3.29608826e-05	0	100	0	0	3
312	428	0	2.79938877	0.000960139889	0.000947357703	0.000902025798	0.000979311682	8.15889475e-06	3.29608826e-05	0	100	0	0	3
313	429	0	2.80836117	0.000940143768	0.00094706185	0.000902025798	0.000979311682	8.45474732e-06	3.29608826e-05	0	100	0	0	3
314	430	0	2.81733357	0.000969261603	0.000947006119	0.000902025798	0.000979311682	8.51047817e-06	3.29608826e-05	0	100	0	0	3
315	432	0	2.82630597	0.000942064445	0.000946982443	0.000902025798	0.000979311682	8.53415489e-06	3.29608826e-05	0	100	0	0	3
316	433	0	2.83527837	0.000965651159	0.000946820288	0.000902025798	0.000979311682	8.69630948e-06	3.29608826e-05	0	100	0	0	3
317	434	0	2.84425077	0.000938345766	0.000946776196	0.000902025798	0.000979311682	8.74040181e-06	3.29608826e-05	0	100	0	0	3
318	436	0	2.85322317	0.00096002305	0.000946431756	0.000902025798	0.000978372891	9.08484168e-06	3.29608826e-05	0	100	0	0	3
319	437	0	2.86219557	0.00093879978	0.000946408101	0.000902025798	0.000978372891	9.1084968e-06	3.29608826e-05	0	100	0	0	3
320	438	0	2.87116797	0.000969655363	0.000946252431	0.000902025798	0.000976267808	9.26416693e-06	3.29608826e-05	0	100	0	0	3
321	439	0	2.88014037	0.000947426202	0.000946510532	0.000902025798	0.000976267808	9.26416693e-06	3.29608826e-05	0	100	0	0	3
322	441	0	2.88911277	0.000976440526	0.000946513616	0.000902025798	0.000976440526	9.26416693e-06	3.29608826e-05	0	100	0	0	3
323	442	0	2.89808517	0.000949826279	0.000946928393	0.000902025798	0.000976440526	9.26416693e-06	3.29608826e-05	0	100	0	0	3
324	443	0	2.90705757	0.000969855587	0.000946872447	0.000902025798	0.000976440526	9.26416693e-06	3.29608826e-05	0	100	0	0	3
325	444	0	2.91602997	0.000938530146	0.000947226339	0.000902025798	0.000976440526	9.26416693e-06	3.29608826e-05	0	100	0	0	3
326	446	0	2.92500237	0.000960057712	0.000947073731	0.000902025798	0.000976440526	9.26416693e-06	3.29608826e-05	0	100	0	0	3
327	447	0	2.93397477	0.000931806934	0.000947423155	0.000902025798	0.000976440526	9.26416693e-06	3.29608826e-05	0	100	0	0	3
328	448	0	2.94294717	0.000964140215	0.00094738624	0.000902025798	0.000976440526	9.26416693e-06	3.29608826e-05	0	100	0	0	3
329	450	0	2.95191957	0.000943152861	0.000947899325	0.000902025798	0.000976440526	9.26416693e-06	3.29608826e-05	0	100	0	0	3
330	451	0	2.96089197	0.00097427454	0.000948017879	0.000902025798	0.000976440526	9.07031424e-06	3.29608826e-05	0	100	0	0	3
