Iteration	CPUTime	PhysTime	Travels	Value	AvValue	MinValue	MaxValue	Delta	Criteria	PrevAvRefValue	Progress	CriteriaType	CriteriaVarType	CriteriaPercentage
1	6	0	0.00897167416	101324.688	101324.688	101324.688	101324.688	0	0	0	0	0	0	3
2	7	0	0.0179433483	101324.724	101324.706	101324.688	101324.724	0.017572623	0	0	0	0	0	3
3	7	0	0.0269150225	101325.055	101324.822	101324.688	101325.055	0.13389072	0	0	0	0	0	3
4	8	0	0.0358866967	101325.027	101324.873	101324.688	101325.055	0.184967071	0	0	0	0	0	3
5	9	0	0.0448583708	101325.038	101324.906	101324.688	101325.055	0.217985889	0	0	0	0	0	3
6	10	0	0.053830045	101324.992	101324.921	101324.688	101325.055	0.232333414	0	0	0	0	0	3
7	11	0	0.0628017192	101325.037	101324.937	101324.688	101325.055	0.248979892	0	0	0	0	0	3
8	11	0	0.0717733933	101325.008	101324.946	101324.688	101325.055	0.257815685	0	0	0	0	0	3
9	12	0	0.0807450675	101325.044	101324.957	101324.688	101325.055	0.268689543	0	0	0	0	0	3
10	13	0	0.0897167416	101325.013	101324.963	101324.688	101325.055	0.274268445	0	0	0	0	0	3
11	14	0	0.0986884158	101325.043	101324.97	101324.688	101325.055	0.281592876	0	0	0	0	0	3
12	14	0	0.10766009	101325.024	101324.975	101324.688	101325.055	0.286119108	0	0	0	0	0	3
13	15	0	0.116631764	101325.049	101324.98	101324.688	101325.055	0.291884243	0	0	0	0	0	3
14	16	0	0.125603438	101325.035	101324.984	101324.688	101325.055	0.295785224	0	0	0	0	0	3
15	16	0	0.134575112	101325.052	101324.989	101324.688	101325.055	0.300319997	0	0	0	0	0	3
16	17	0	0.143546787	101325.046	101324.992	101324.688	101325.055	0.303894375	0	0	0	0	0	3
17	18	0	0.152518461	101325.055	101324.996	101324.688	101325.055	0.307591285	0	0	0	0	0	3
18	19	0	0.161490135	101325.052	101324.999	101324.688	101325.055	0.310681066	0	0	0	0	0	3
19	19	0	0.170461809	101325.056	101325.002	101324.688	101325.056	0.313676899	0	0	0	0	0	3
20	20	0	0.179433483	101325.054	101325.005	101324.688	101325.056	0.316284449	0	0	0	0	0	3
21	21	0	0.188405157	101325.057	101325.007	101324.688	101325.057	0.318793555	0	0	0	0	0	3
22	22	0	0.197376832	101325.057	101325.009	101324.688	101325.057	0.321044404	0	0	0	0	0	3
23	22	0	0.206348506	101325.056	101325.011	101324.688	101325.057	0.323071783	0	0	0	0	0	3
24	23	0	0.21532018	101325.056	101325.013	101324.688	101325.057	0.32490929	0	0	0	0	0	3
25	24	0	0.224291854	101325.054	101325.015	101324.688	101325.057	0.326552609	0	0	0	0	0	3
26	25	0	0.233263528	101325.053	101325.016	101324.688	101325.057	0.32800573	0	0	0	0	0	3
27	26	0	0.242235202	101325.045	101325.017	101324.688	101325.057	0.329062625	0	0	0	0	0	3
28	26	0	0.251206877	101325.035	101325.018	101324.688	101325.057	0.329699588	0	0	0	0	0	3
29	27	0	0.260178551	101325.024	101325.018	101324.688	101325.057	0.329916496	0	0	0	0	0	3
30	28	0	0.269150225	101325.013	101325.018	101324.688	101325.057	0.329916496	0	0	0	0	0	3
31	28	0	0.278121899	101325.001	101325.018	101324.688	101325.057	0.329916496	0	0	0	0	0	3
32	29	0	0.287093573	101324.983	101325.016	101324.688	101325.057	0.329916496	0	0	0	0	0	3
33	30	0	0.296065247	101324.968	101325.015	101324.688	101325.057	0.329916496	0	0	0	0	0	3
34	31	0	0.305036922	101324.955	101325.013	101324.688	101325.057	0.329916496	0	0	0	0	0	3
35	32	0	0.314008596	101324.946	101325.011	101324.688	101325.057	0.329916496	0	0	0	0	0	3
36	32	0	0.32298027	101324.94	101325.009	101324.688	101325.057	0.329916496	0	0	0	0	0	3
37	33	0	0.331951944	101324.934	101325.007	101324.688	101325.057	0.329916496	0	0	0	0	0	3
38	34	0	0.340923618	101324.928	101325.005	101324.688	101325.057	0.329916496	0	0	0	0	0	3
39	35	0	0.349895292	101324.925	101325.003	101324.688	101325.057	0.329916496	0	0	0	0	0	3
40	36	0	0.358866967	101324.923	101325.001	101324.688	101325.057	0.329916496	0	0	0	0	0	3
41	36	0	0.367838641	101324.921	101324.999	101324.688	101325.057	0.329916496	0	0	0	0	0	3
42	37	0	0.376810315	101324.918	101324.997	101324.688	101325.057	0.329916496	0	0	0	0	0	3
43	38	0	0.385781989	101324.914	101324.995	101324.688	101325.057	0.329916496	0	0	0	0	0	3
44	39	0	0.394753663	101324.91	101324.993	101324.688	101325.057	0.329916496	0	0	0	0	0	3
45	40	0	0.403725337	101324.906	101324.991	101324.688	101325.057	0.329916496	0	0	0	0	0	3
46	40	0	0.412697012	101324.904	101324.99	101324.688	101325.057	0.329916496	0	0	0	0	0	3
47	41	0	0.421668686	101324.903	101324.988	101324.688	101325.057	0.329916496	0	0	0	0	0	3
48	42	0	0.43064036	101324.902	101324.986	101324.688	101325.057	0.329916496	0	0	0	0	0	3
49	43	0	0.439612034	101324.902	101324.984	101324.688	101325.057	0.329916496	0	0	0	0	0	3
50	44	0	0.448583708	101324.9	101324.983	101324.688	101325.057	0.329916496	0	0	0	0	0	3
51	44	0	0.457555382	101324.898	101324.981	101324.688	101325.057	0.329916496	0	0	0	0	0	3
52	45	0	0.466527057	101324.895	101324.979	101324.688	101325.057	0.329916496	0	0	0	0	0	3
53	46	0	0.475498731	101324.893	101324.978	101324.688	101325.057	0.329916496	0	0	0	0	0	3
54	47	0	0.484470405	101324.892	101324.976	101324.688	101325.057	0.329916496	0	0	0	0	0	3
55	47	0	0.493442079	101324.892	101324.974	101324.688	101325.057	0.329916496	0	0	0	0	0	3
56	48	0	0.502413753	101324.892	101324.973	101324.688	101325.057	0.329916496	0	0	0	0	0	3
57	49	0	0.511385427	101324.892	101324.977	101324.724	101325.057	0.312343873	0	0	0	0	0	3
58	50	0	0.520357102	101324.89	101324.98	101324.89	101325.057	0.167311681	0	0	0	0	0	3
59	51	0	0.529328776	101324.887	101324.977	101324.887	101325.057	0.144949425	0	0	0	0	0	3
60	51	0	0.53830045	101324.883	101324.974	101324.883	101325.057	0.111930607	0	0	0	0	0	3
61	52	0	0.547272124	101324.881	101324.971	101324.881	101325.057	0.0975830819	0	0	0	0	0	3
62	53	0	0.556243798	101324.881	101324.969	101324.881	101325.057	0.0809366047	0	0	0	0	0	3
63	54	0	0.565215472	101324.882	101324.967	101324.881	101325.057	0.0721008113	0	0	0	0	0	3
64	55	0	0.574187147	101324.883	101324.964	101324.881	101325.057	0.0612269537	0	0	0	0	0	3
65	55	0	0.583158821	101324.883	101324.961	101324.881	101325.057	0.0569075626	0	0	0	0	0	3
66	56	0	0.592130495	101324.881	101324.959	101324.881	101325.057	0.0592578855	0	0	0	0	0	3
67	57	0	0.601102169	101324.879	101324.956	101324.879	101325.057	0.0621966047	0	0	0	0	0	3
68	58	0	0.610073843	101324.877	101324.953	101324.877	101325.057	0.0648296106	0	0	0	0	0	3
69	59	0	0.619045517	101324.876	101324.95	101324.876	101325.057	0.0679302602	0	0	0	0	0	3
70	59	0	0.628017192	101324.875	101324.948	101324.875	101325.057	0.070782197	0	0	0	0	0	3
71	60	0	0.636988866	101324.873	101324.944	101324.873	101325.057	0.0739834396	0	0	0	0	0	3
72	61	0	0.64596054	101324.871	101324.941	101324.871	101325.057	0.0771077035	0	0	0	0	0	3
73	62	0	0.654932214	101324.869	101324.938	101324.869	101325.057	0.0804399013	0	0	0	0	0	3
74	63	0	0.663903888	101324.868	101324.935	101324.868	101325.057	0.0837145485	0	0	0	0	0	3
75	63	0	0.672875562	101324.87	101324.931	101324.868	101325.057	0.087043486	0	0	0	0	0	3
76	64	0	0.681847237	101324.871	101324.928	101324.868	101325.057	0.0903129676	0	0	0	0	0	3
77	65	0	0.690818911	101324.873	101324.925	101324.868	101325.057	0.0936099435	0	0	0	0	0	3
78	66	0	0.699790585	101324.874	101324.921	101324.868	101325.056	0.0968807803	0	0	0	0	0	3
79	67	0	0.708762259	101324.874	101324.918	101324.868	101325.056	0.100134693	0	0	0	0	0	3
80	67	0	0.717733933	101324.874	101324.915	101324.868	101325.054	0.103383398	0	0	0	0	0	3
81	68	0	0.726705607	101324.874	101324.912	101324.868	101325.053	0.106608391	0	0	0	0	0	3
82	69	0	0.735677282	101324.874	101324.909	101324.868	101325.045	0.109805666	0	0	0	0	0	3
83	70	0	0.744648956	101324.873	101324.905	101324.868	101325.035	0.112874155	0	0	0	0	0	3
84	70	0	0.75362063	101324.872	101324.903	101324.868	101325.024	0.115792754	0	0	0	0	0	3
85	71	0	0.762592304	101324.87	101324.9	101324.868	101325.013	0.118384868	0	0	0	0	0	3
86	72	0	0.771563978	101324.868	101324.897	101324.868	101325.001	0.1204131	0	0	0	0	0	3
87	74	0	0.780535652	101324.867	101324.895	101324.867	101324.983	0.115559475	0	0	0	0	0	3
88	75	0	0.789507327	101324.867	101324.893	101324.867	101324.968	0.100805587	0	0	0	0	0	3
89	76	0	0.798479001	101324.865	101324.891	101324.865	101324.955	0.0901288265	0	0	0	0	0	3
90	77	0	0.807450675	101324.864	101324.889	101324.864	101324.946	0.0818403056	0	0	0	0	0	3
91	78	0	0.816422349	101324.864	101324.888	101324.864	101324.94	0.0754158915	0	0	0	0	0	3
92	79	0	0.825394023	101324.864	101324.886	101324.864	101324.934	0.0696561528	0	0	0	0	0	3
93	80	0	0.834365697	101324.864	101324.885	101324.864	101324.928	0.0642974506	0	0	0	0	0	3
94	81	0	0.843337372	101324.864	101324.884	101324.864	101324.925	0.0610838778	0	0	0	0	0	3
95	82	0	0.852309046	101324.863	101324.883	101324.863	101324.923	0.0594000732	0	0	0	0	0	3
96	82	0	0.86128072	101324.862	101324.882	101324.862	101324.921	0.0589199859	0	0	0	0	0	3
97	83	0	0.870252394	101324.86	101324.881	101324.86	101324.918	0.0586050069	0	0	0	0	0	3
98	84	0	0.879224068	101324.858	101324.88	101324.858	101324.914	0.0565173874	0	0	0	0	0	3
99	85	0	0.888195742	101324.857	101324.879	101324.857	101324.91	0.0528262826	0	0	0	0	0	3
100	85	0	0.897167416	101324.858	101324.878	101324.857	101324.906	0.0491326292	0	0	0	0	0	3
101	90	0	0.906139091	101324.86	101324.877	101324.857	101324.904	0.0461900176	0	0	0	0	0	3
102	91	0	0.915110765	101324.861	101324.876	101324.857	101324.903	0.0452667379	0	0	0	0	0	3
103	91	0	0.924082439	101324.862	101324.875	101324.857	101324.902	0.0448228823	0	0	0	0	0	3
104	92	0	0.933054113	101324.862	101324.875	101324.857	101324.902	0.0444247075	0	0	0	0	0	3
105	93	0	0.942025787	101324.86	101324.874	101324.857	101324.9	0.0428641261	0	0	0	0	0	3
106	94	0	0.950997461	101324.858	101324.873	101324.857	101324.898	0.0409316877	0	0	0	0	0	3
107	95	0	0.959969136	101324.856	101324.872	101324.856	101324.895	0.0388666126	0	0	0	0	0	3
108	95	0	0.96894081	101324.856	101324.872	101324.856	101324.893	0.037245501	0	0	0	0	0	3
109	96	0	0.977912484	101324.857	101324.871	101324.856	101324.892	0.0362939184	0	0	0	0	0	3
110	97	0	0.986884158	101324.859	101324.871	101324.856	101324.892	0.0361878793	0	0	0	0	0	3
111	98	0	0.995855832	101324.86	101324.87	101324.856	101324.892	0.0361878793	0	0	0	0	0	3
112	98	0	1.00482751	101324.862	101324.869	101324.856	101324.892	0.0361878793	0.00604010304	0	0	0	0	3
113	99	0	1.01379918	101324.862	101324.869	101324.856	101324.89	0.0340250871	0.00604010304	0	0	0	0	3
114	100	0	1.02277085	101324.861	101324.868	101324.856	101324.887	0.0304913822	0.00604010304	0	0	0	0	3
115	101	0	1.03174253	101324.861	101324.868	101324.856	101324.883	0.0272300535	0.00604010304	0	0	0	0	3
116	102	0	1.0407142	101324.861	101324.868	101324.856	101324.883	0.0272300535	0.00604010304	0	0	0	0	3
117	102	0	1.04968588	101324.86	101324.867	101324.856	101324.883	0.0272300535	0.00604010304	0	0	0	0	3
118	103	0	1.05865755	101324.859	101324.867	101324.856	101324.883	0.0272300535	0.00604010304	0	0	0	0	3
119	104	0	1.06762923	101324.859	101324.866	101324.856	101324.883	0.0272300535	0.00604010304	0	0	0	0	3
120	105	0	1.0766009	101324.86	101324.866	101324.856	101324.883	0.0267387169	0.00604010304	0	0	0	0	3
121	106	0	1.08557257	101324.862	101324.866	101324.856	101324.881	0.0252215796	0.00604010304	0	0	0	0	3
122	106	0	1.09454425	101324.864	101324.865	101324.856	101324.879	0.0226300099	0.00604010304	0	0	0	0	3
123	107	0	1.10351592	101324.865	101324.865	101324.856	101324.877	0.020820421	0.00604010304	0	0	0	0	3
124	108	0	1.1124876	101324.865	101324.865	101324.856	101324.876	0.0197905768	0.00604010304	0	0	0	0	3
125	109	0	1.12145927	101324.863	101324.865	101324.856	101324.875	0.0191506119	0.00604010304	0	0	0	0	3
126	110	0	1.13043094	101324.861	101324.864	101324.856	101324.874	0.0178161036	0.00604010304	0	0	0	0	3
127	110	0	1.13940262	101324.861	101324.864	101324.856	101324.874	0.0178161036	0.00604010304	0	0	0	0	3
128	111	0	1.14837429	101324.862	101324.864	101324.856	101324.874	0.0178161036	0.00604010304	0	0	0	0	3
129	112	0	1.15734597	101324.863	101324.864	101324.856	101324.874	0.0178161036	0.00604010304	0	0	0	0	3
130	113	0	1.16631764	101324.864	101324.864	101324.856	101324.874	0.0178161036	0.00604010304	0	0	0	0	3
131	114	0	1.17528932	101324.864	101324.864	101324.856	101324.874	0.0178161036	0.00604010304	0	0	0	0	3
132	114	0	1.18426099	101324.865	101324.864	101324.856	101324.874	0.0178161036	0.00604010304	0	0	0	0	3
133	115	0	1.19323266	101324.865	101324.863	101324.856	101324.874	0.0178161036	0.00604010304	0	0	0	0	3
134	116	0	1.20220434	101324.865	101324.863	101324.856	101324.874	0.0178161036	0.00604010304	0	0	0	0	3
135	117	0	1.21117601	101324.864	101324.863	101324.856	101324.874	0.0177537599	0.00604010304	0	0	0	0	3
136	117	0	1.22014769	101324.864	101324.863	101324.856	101324.874	0.0177537599	0.00604010304	0	0	0	0	3
137	118	0	1.22911936	101324.864	101324.863	101324.856	101324.874	0.0176474587	0.00604010304	0	0	0	0	3
138	119	0	1.23809103	101324.864	101324.863	101324.856	101324.873	0.0170675759	0.00604010304	0	0	0	0	3
139	120	0	1.24706271	101324.864	101324.862	101324.856	101324.872	0.0158171682	0.00604010304	0	0	0	0	3
140	121	0	1.25603438	101324.862	101324.862	101324.856	101324.87	0.0139327299	0.00604010304	0	0	0	0	3
141	121	0	1.26500606	101324.861	101324.862	101324.856	101324.868	0.0122832715	0.00604010304	0	0	0	0	3
142	122	0	1.27397773	101324.862	101324.862	101324.856	101324.867	0.0112019857	0.00604010304	0	0	0	0	3
143	123	0	1.28294941	101324.864	101324.862	101324.856	101324.867	0.0106921053	0.00604010304	0	0	0	0	3
144	124	0	1.29192108	101324.866	101324.862	101324.856	101324.866	0.00946873351	0.00604010304	0	0	0	0	3
145	125	0	1.30089275	101324.867	101324.862	101324.856	101324.867	0.0108237168	0.00604010304	0	0	0	0	3
146	125	0	1.30986443	101324.868	101324.862	101324.856	101324.868	0.011767843	0.00604010304	0	0	0	0	3
147	126	0	1.3188361	101324.868	101324.862	101324.856	101324.868	0.011767843	0.00604010304	0	0	0	0	3
148	127	0	1.32780778	101324.866	101324.862	101324.856	101324.868	0.011767843	0.00604010304	0	0	0	0	3
149	128	0	1.33677945	101324.865	101324.862	101324.856	101324.868	0.011767843	0.00604010304	0	0	0	0	3
150	129	0	1.34575112	101324.864	101324.862	101324.856	101324.868	0.011767843	0.00604010304	0	0	0	0	3
151	129	0	1.3547228	101324.862	101324.862	101324.856	101324.868	0.011767843	0.00604010304	0	0	0	0	3
152	130	0	1.36369447	101324.861	101324.862	101324.856	101324.868	0.011767843	0.00604010304	0	0	0	0	3
153	131	0	1.37266615	101324.86	101324.862	101324.856	101324.868	0.011767843	0.00604010304	0	0	0	0	3
154	132	0	1.38163782	101324.86	101324.862	101324.856	101324.868	0.011767843	0.00604010304	0	0	0	0	3
155	133	0	1.3906095	101324.86	101324.862	101324.856	101324.868	0.011767843	0.00604010304	0	0	0	0	3
156	133	0	1.39958117	101324.861	101324.862	101324.856	101324.868	0.011767843	0.00604010304	0	0	0	0	3
157	134	0	1.40855284	101324.863	101324.862	101324.856	101324.868	0.011767843	0.00604010304	0	0	0	0	3
158	135	0	1.41752452	101324.865	101324.862	101324.856	101324.868	0.011767843	0.00604010304	0	0	0	0	3
159	136	0	1.42649619	101324.866	101324.862	101324.856	101324.868	0.011767843	0.00604010304	0	0	0	0	3
160	137	0	1.43546787	101324.866	101324.862	101324.856	101324.868	0.011767843	0.00604010304	0	0	0	0	3
161	137	0	1.44443954	101324.865	101324.863	101324.856	101324.868	0.0113587913	0.00604010304	0	0	0	0	3
162	138	0	1.45341121	101324.864	101324.863	101324.856	101324.868	0.0106086564	0.00604010304	0	0	0	0	3
163	139	0	1.46238289	101324.864	101324.863	101324.856	101324.868	0.00991041692	0.00604010304	0	0	0	0	3
164	140	0	1.47135456	101324.863	101324.863	101324.857	101324.868	0.00926399342	0.00604010304	0	0	0	0	3
165	141	0	1.48032624	101324.862	101324.863	101324.859	101324.868	0.00866234477	0.00604010304	0	0	0	0	3
166	141	0	1.48929791	101324.859	101324.863	101324.859	101324.868	0.00810273527	0.00604010304	0	0	0	0	3
167	142	0	1.49826959	101324.857	101324.863	101324.857	101324.868	0.00756322229	0.00604010304	0	0	0	0	3
168	143	0	1.50724126	101324.857	101324.863	101324.857	101324.868	0.00702535184	0.00604010304	0	0	0	0	3
169	144	0	1.51621293	101324.859	101324.863	101324.857	101324.868	0.00651221599	0.00604010304	0	0	0	0	3
170	145	0	1.52518461	101324.862	101324.863	101324.857	101324.868	0.00606015472	0.00604010304	0	0	0	0	3
171	145	0	1.53415628	101324.865	101324.863	101324.857	101324.868	0.00566694952	0.00604010304	0	0	0	0	3
172	146	0	1.54312796	101324.867	101324.863	101324.857	101324.868	0.00528329065	0.00604010304	0	0	0	0	3
173	147	0	1.55209963	101324.869	101324.863	101324.857	101324.869	0.0048829255	0.00604010304	0	0	0	0	3
174	148	0	1.5610713	101324.869	101324.863	101324.857	101324.869	0.00446394931	0.00604010304	0	0	0	0	3
175	149	0	1.57004298	101324.869	101324.863	101324.857	101324.869	0.00405473624	0.00604010304	0	0	0	0	3
176	149	0	1.57901465	101324.866	101324.864	101324.857	101324.869	0.00368684418	0.00604010304	0	0	0	0	3
177	150	0	1.58798633	101324.863	101324.864	101324.857	101324.869	0.00337659851	0.00604010304	0	0	0	0	3
178	151	0	1.596958	101324.861	101324.864	101324.857	101324.869	0.00313054597	0.00604010304	0	0	0	0	3
179	152	0	1.60592968	101324.86	101324.863	101324.857	101324.869	0.00291101642	0.00604010304	0	0	0	0	3
180	152	0	1.61490135	101324.862	101324.863	101324.857	101324.869	0.00268179846	0.00604010304	0	0	0	0	3
181	153	0	1.62387302	101324.866	101324.863	101324.857	101324.869	0.00243615475	0.00604010304	0	0	0	0	3
182	154	0	1.6328447	101324.868	101324.864	101324.857	101324.869	0.00221930872	0.00604010304	0	0	0	0	3
183	155	0	1.64181637	101324.869	101324.864	101324.857	101324.869	0.00205126163	0.00604010304	0	0	0	0	3
184	156	0	1.65078805	101324.868	101324.864	101324.857	101324.869	0.00196969722	0.00604010304	0	0	0	0	3
185	156	0	1.65975972	101324.867	101324.864	101324.857	101324.869	0.00204861115	0.00604010304	0	0	0	0	3
186	157	0	1.66873139	101324.867	101324.864	101324.857	101324.869	0.00209816739	0.00604010304	0	0	0	0	3
187	158	0	1.67770307	101324.867	101324.864	101324.857	101324.869	0.00214348419	0.00604010304	0	0	0	0	3
188	159	0	1.68667474	101324.866	101324.864	101324.857	101324.869	0.00215792879	0.00604010304	0	0	0	0	3
189	160	0	1.69564642	101324.864	101324.864	101324.857	101324.869	0.00215792879	0.00604010304	0	0	0	0	3
190	160	0	1.70461809	101324.861	101324.864	101324.857	101324.869	0.00215792879	0.00604010304	0	0	0	0	3
191	161	0	1.71358977	101324.859	101324.864	101324.857	101324.869	0.00215792879	0.00604010304	0	0	0	0	3
192	162	0	1.72256144	101324.859	101324.864	101324.857	101324.869	0.00215792879	0.00604010304	0	0	0	0	3
193	163	0	1.73153311	101324.862	101324.864	101324.857	101324.869	0.00215792879	0.00604010304	0	0	0	0	3
194	164	0	1.74050479	101324.865	101324.864	101324.857	101324.869	0.00215792879	0.00604010304	0	0	0	0	3
195	164	0	1.74947646	101324.867	101324.864	101324.857	101324.869	0.00215792879	0.00604010304	0	0	0	0	3
196	165	0	1.75844814	101324.867	101324.864	101324.857	101324.869	0.00215792879	0.00604010304	0	0	0	0	3
197	166	0	1.76741981	101324.865	101324.864	101324.857	101324.869	0.00215792879	0.00604010304	0	0	0	0	3
198	167	0	1.77639148	101324.863	101324.864	101324.857	101324.869	0.00215792879	0.00604010304	0	0	0	0	3
199	168	0	1.78536316	101324.864	101324.864	101324.857	101324.869	0.00215792879	0.00604010304	0	0	0	0	3
200	169	0	1.79433483	101324.866	101324.864	101324.857	101324.869	0.00212779161	0.00604010304	0	0	0	0	3
201	173	0	1.80330651	101324.869	101324.864	101324.857	101324.869	0.00207106394	0.00604010304	0	0	0	0	3
202	174	0	1.81227818	101324.871	101324.864	101324.857	101324.871	0.00207189584	0.00604010304	0	0	0	0	3
203	174	0	1.82124986	101324.872	101324.864	101324.857	101324.872	0.00213982482	0.00604010304	0	0	0	0	3
204	175	0	1.83022153	101324.872	101324.864	101324.857	101324.872	0.00223933559	0.00604010304	0	0	0	0	3
205	176	0	1.8391932	101324.87	101324.864	101324.857	101324.872	0.00233485574	0.00604010304	0	0	0	0	3
206	177	0	1.84816488	101324.869	101324.864	101324.857	101324.872	0.00243220943	0.00604010304	0	0	0	0	3
207	178	0	1.85713655	101324.868	101324.865	101324.857	101324.872	0.00254602615	0.00604010304	0	0	0	0	3
208	178	0	1.86610823	101324.87	101324.865	101324.857	101324.872	0.00269312139	0.00604010304	0	0	0	0	3
209	179	0	1.8750799	101324.871	101324.865	101324.857	101324.872	0.00284351752	0.00604010304	0	0	0	0	3
210	180	0	1.88405157	101324.873	101324.865	101324.857	101324.873	0.00303411187	0.00604010304	0	0	0	0	3
211	181	0	1.89302325	101324.874	101324.865	101324.857	101324.874	0.00324284662	0.00604010304	0	0	0	0	3
212	182	0	1.90199492	101324.874	101324.866	101324.857	101324.874	0.0034192047	0.00604010304	0	0	0	0	3
213	182	0	1.9109666	101324.873	101324.866	101324.857	101324.874	0.00353717964	0.00604010304	0	0	0	0	3
214	183	0	1.91993827	101324.871	101324.866	101324.857	101324.874	0.00359707273	0.00604010304	0	0	0	0	3
215	184	0	1.92890995	101324.871	101324.866	101324.857	101324.874	0.00362640861	0.00604010304	0	0	0	0	3
216	185	0	1.93788162	101324.871	101324.866	101324.857	101324.874	0.00362252328	0.00604010304	0	0	0	0	3
217	186	0	1.94685329	101324.872	101324.866	101324.857	101324.874	0.00362701781	0.00604010304	0	0	0	0	3
218	186	0	1.95582497	101324.871	101324.866	101324.857	101324.874	0.00362029788	0.00604010304	0	0	0	0	3
219	187	0	1.96479664	101324.871	101324.867	101324.857	101324.874	0.00371754976	0.00604010304	0	0	0	0	3
220	188	0	1.97376832	101324.869	101324.867	101324.857	101324.874	0.00382385417	0.00604010304	0	0	0	0	3
221	189	0	1.98273999	101324.867	101324.867	101324.857	101324.874	0.00391822892	0.00604010304	0	0	0	0	3
222	189	0	1.99171166	101324.865	101324.867	101324.857	101324.874	0.00402628681	0.00604010304	0	0	0	0	3
223	190	0	2.00068334	101324.865	101324.867	101324.857	101324.874	0.00416503343	0.00604010304	0	0	0	0	3
224	191	0	2.00965501	101324.865	101324.867	101324.859	101324.874	0.00430942314	0.00604010304	0	0	0	0	3
225	192	0	2.01862669	101324.866	101324.867	101324.859	101324.874	0.00442274805	0.00604010304	0	0	0	0	3
226	193	0	2.02759836	101324.866	101324.867	101324.859	101324.874	0.00444020757	0.00604010304	0	0	0	0	3
227	193	0	2.03657004	101324.867	101324.867	101324.859	101324.874	0.0043731287	0.00604010304	0	0	0	0	3
228	194	0	2.04554171	101324.868	101324.867	101324.859	101324.874	0.00423489143	0.00604010304	0	0	0	0	3
229	195	0	2.05451338	101324.869	101324.867	101324.859	101324.874	0.00405738949	0.00604010304	0	0	0	0	3
230	196	0	2.06348506	101324.871	101324.867	101324.859	101324.874	0.00396414511	0.00604010304	0	0	0	0	3
231	197	0	2.07245673	101324.872	101324.867	101324.859	101324.874	0.00402024695	0.00604010304	0	0	0	0	3
232	198	0	2.08142841	101324.872	101324.868	101324.859	101324.874	0.00412561186	0.00604010304	0	0	0	0	3
233	198	0	2.09040008	101324.872	101324.868	101324.859	101324.874	0.0042913746	0.00604010304	0	0	0	0	3
234	199	0	2.09937175	101324.873	101324.868	101324.859	101324.874	0.00450751318	0.00604010304	0	0	0	0	3
235	200	0	2.10834343	101324.872	101324.868	101324.859	101324.874	0.0047226648	0.00604010304	0	0	0	0	3
236	201	0	2.1173151	101324.87	101324.868	101324.859	101324.874	0.00480713586	0.00604010304	0	0	0	0	3
237	201	0	2.12628678	101324.867	101324.868	101324.859	101324.874	0.0047249551	0.00604010304	0	0	0	0	3
238	202	0	2.13525845	101324.864	101324.868	101324.859	101324.874	0.00457822623	0.00604010304	0	0	0	0	3
239	203	0	2.14423013	101324.862	101324.868	101324.859	101324.874	0.00456323229	0.00604010304	0	0	0	0	3
240	204	0	2.1532018	101324.861	101324.868	101324.859	101324.874	0.00456323229	0.00604010304	0	0	0	0	3
241	205	0	2.16217347	101324.863	101324.868	101324.859	101324.874	0.00456323229	0.00604010304	0	0	0	0	3
242	205	0	2.17114515	101324.865	101324.868	101324.859	101324.874	0.00456323229	0.00604010304	0	0	0	0	3
243	206	0	2.18011682	101324.867	101324.868	101324.859	101324.874	0.00456323229	0.00604010304	0	0	0	0	3
244	207	0	2.1890885	101324.869	101324.868	101324.859	101324.874	0.00456323229	0.00604010304	0	0	0	0	3
245	208	0	2.19806017	101324.87	101324.868	101324.859	101324.874	0.00456323229	0.00604010304	0	0	0	0	3
246	209	0	2.20703184	101324.871	101324.868	101324.859	101324.874	0.00456323229	0.00604010304	0	0	0	0	3
247	209	0	2.21600352	101324.871	101324.868	101324.859	101324.874	0.00467317375	0.00604010304	0	0	0	0	3
248	210	0	2.22497519	101324.871	101324.869	101324.861	101324.874	0.00487716247	0.00604010304	0	0	0	0	3
249	211	0	2.23394687	101324.87	101324.869	101324.861	101324.874	0.00500037694	0.00604010304	0	0	0	0	3
250	212	0	2.24291854	101324.869	101324.869	101324.861	101324.874	0.00500293005	0.00604010304	0	0	0	0	3
251	212	0	2.25189022	101324.869	101324.869	101324.861	101324.874	0.00494374585	0.00604010304	0	0	0	0	3
252	213	0	2.26086189	101324.87	101324.869	101324.861	101324.874	0.00491942941	0.00604010304	0	0	0	0	3
253	214	0	2.26983356	101324.87	101324.869	101324.861	101324.874	0.00500820743	0.00604010304	0	0	0	0	3
254	215	0	2.27880524	101324.871	101324.869	101324.861	101324.874	0.00515709176	0.00604010304	0	0	0	0	3
255	216	0	2.28777691	101324.872	101324.869	101324.861	101324.874	0.00530054803	0.00604010304	0	0	0	0	3
256	216	0	2.29674859	101324.873	101324.869	101324.861	101324.874	0.00538027729	0.00604010304	0	0	0	0	3
257	217	0	2.30572026	101324.873	101324.869	101324.861	101324.874	0.00539150109	0.00604010304	0	0	0	0	3
258	218	0	2.31469193	101324.873	101324.87	101324.861	101324.874	0.00534015195	0.00604010304	0	0	0	0	3
259	219	0	2.32366361	101324.872	101324.87	101324.861	101324.874	0.00524156906	0.00604010304	0	0	0	0	3
260	220	0	2.33263528	101324.871	101324.87	101324.861	101324.874	0.0051460489	0.00604010304	0	0	0	0	3
261	220	0	2.34160696	101324.87	101324.87	101324.861	101324.874	0.00504869522	0.00604010304	0	0	0	0	3
262	221	0	2.35057863	101324.869	101324.87	101324.861	101324.874	0.0049348785	0.00604010304	0	0	0	0	3
263	222	0	2.35955031	101324.868	101324.87	101324.861	101324.874	0.00477497831	0.00604010304	0	0	0	0	3
264	223	0	2.36852198	101324.868	101324.869	101324.861	101324.874	0.00458679156	0.00604010304	0	0	0	0	3
265	224	0	2.37749365	101324.869	101324.869	101324.861	101324.874	0.00435038388	0.00604010304	0	0	0	0	3
266	224	0	2.38646533	101324.869	101324.869	101324.861	101324.874	0.00409651783	0.00604010304	0	0	0	0	3
267	225	0	2.395437	101324.868	101324.869	101324.861	101324.874	0.00386923339	0.00604010304	0	0	0	0	3
268	226	0	2.40440868	101324.868	101324.869	101324.861	101324.873	0.00369334413	0.00604010304	0	0	0	0	3
269	227	0	2.41338035	101324.868	101324.869	101324.861	101324.873	0.00357489623	0.00604010304	0	0	0	0	3
270	228	0	2.42235202	101324.868	101324.869	101324.861	101324.873	0.00347649696	0.00604010304	0	0	0	0	3
271	229	0	2.4313237	101324.867	101324.869	101324.861	101324.873	0.00338576731	0.00604010304	0	0	0	0	3
272	229	0	2.44029537	101324.867	101324.869	101324.861	101324.873	0.00327363878	0.00604010304	0	0	0	0	3
273	230	0	2.44926705	101324.867	101324.869	101324.861	101324.873	0.00314903367	0.00604010304	0	0	0	0	3
274	231	0	2.45823872	101324.866	101324.869	101324.861	101324.873	0.00302408478	0.00604010304	0	0	0	0	3
275	232	0	2.4672104	101324.865	101324.869	101324.861	101324.873	0.00291778037	0.00604010304	0	0	0	0	3
276	233	0	2.47618207	101324.864	101324.869	101324.861	101324.873	0.00282340562	0.00604010304	0	0	0	0	3
277	233	0	2.48515374	101324.863	101324.868	101324.861	101324.873	0.00271534773	0.00604010304	0	0	0	0	3
278	234	0	2.49412542	101324.863	101324.868	101324.861	101324.873	0.00257660111	0.00604010304	0	0	0	0	3
279	235	0	2.50309709	101324.863	101324.868	101324.861	101324.873	0.0024322114	0.00604010304	0	0	0	0	3
280	236	0	2.51206877	101324.864	101324.868	101324.861	101324.873	0.0023128336	0.00604010304	0	0	0	0	3
281	237	0	2.52104044	101324.865	101324.868	101324.861	101324.873	0.00223378067	0.00604010304	0	0	0	0	3
282	237	0	2.53001211	101324.866	101324.868	101324.861	101324.873	0.00219825419	0.00604010304	0	0	0	0	3
283	238	0	2.53898379	101324.867	101324.868	101324.861	101324.873	0.0021837628	0.00604010304	0	0	0	0	3
284	239	0	2.54795546	101324.868	101324.868	101324.861	101324.873	0.00218028406	0.00604010304	0	0	0	0	3
285	240	0	2.55692714	101324.867	101324.868	101324.861	101324.873	0.00214624607	0.00604010304	0	0	0	0	3
286	241	0	2.56589881	101324.868	101324.868	101324.861	101324.873	0.00209014423	0.00604010304	0	0	0	0	3
287	241	0	2.57487049	101324.868	101324.868	101324.861	101324.873	0.00198477933	0.00604010304	0	0	0	0	3
288	242	0	2.58384216	101324.868	101324.868	101324.861	101324.873	0.00181901659	0.00604010304	0	0	0	0	3
289	243	0	2.59281383	101324.868	101324.868	101324.861	101324.873	0.00167853889	0.00604010304	0	0	0	0	3
290	244	0	2.60178551	101324.868	101324.868	101324.861	101324.873	0.00167853889	0.00604010304	0	0	0	0	3
291	245	0	2.61075718	101324.867	101324.868	101324.861	101324.873	0.00167853889	0.00604010304	0	0	0	0	3
292	245	0	2.61972886	101324.864	101324.868	101324.861	101324.873	0.00173892196	0.00604010304	0	0	0	0	3
293	246	0	2.62870053	101324.863	101324.868	101324.861	101324.873	0.00181609097	0.00604010304	0	0	0	0	3
294	247	0	2.6376722	101324.863	101324.868	101324.861	101324.873	0.00183628505	0.00604010304	0	0	0	0	3
295	248	0	2.64664388	101324.862	101324.868	101324.861	101324.873	0.00183628505	0.00604010304	0	0	0	0	3
296	248	0	2.65561555	101324.862	101324.868	101324.862	101324.873	0.00183628505	0.00604010304	0	0	0	0	3
297	249	0	2.66458723	101324.862	101324.868	101324.862	101324.873	0.00183628505	0.00604010304	0	0	0	0	3
298	250	0	2.6735589	101324.862	101324.868	101324.862	101324.873	0.00186253709	0.00604010304	0	0	0	0	3
299	251	0	2.68253058	101324.861	101324.868	101324.861	101324.873	0.0019695165	0.00604010304	0	0	0	0	3
300	252	0	2.69150225	101324.861	101324.867	101324.861	101324.873	0.00210717013	0.00604010304	0	0	0	0	3
301	256	0	2.70047392	101324.861	101324.867	101324.861	101324.873	0.00227851578	0.00604010304	0	0	0	0	3
302	257	0	2.7094456	101324.861	101324.867	101324.861	101324.873	0.00245938069	0.00604010304	0	0	0	0	3
303	258	0	2.71841727	101324.86	101324.867	101324.86	101324.873	0.00264640106	0.00604010304	0	0	0	0	3
304	258	0	2.72738895	101324.861	101324.867	101324.86	101324.873	0.0028248248	0.00604010304	0	0	0	0	3
305	259	0	2.73636062	101324.861	101324.867	101324.86	101324.873	0.00298960728	0.00604010304	0	0	0	0	3
306	260	0	2.74533229	101324.861	101324.866	101324.86	101324.873	0.00312983192	0.00604010304	0	0	0	0	3
307	261	0	2.75430397	101324.862	101324.866	101324.86	101324.873	0.00325346069	0.00604010304	0	0	0	0	3
308	262	0	2.76327564	101324.863	101324.866	101324.86	101324.873	0.00337245167	0.00604010304	0	0	0	0	3
309	262	0	2.77224732	101324.864	101324.866	101324.86	101324.873	0.00349078429	0.00604010304	0	0	0	0	3
310	263	0	2.78121899	101324.863	101324.866	101324.86	101324.873	0.0036388515	0.00604010304	0	0	0	0	3
311	264	0	2.79019067	101324.862	101324.866	101324.86	101324.873	0.00381351214	0.00604010304	0	0	0	0	3
312	265	0	2.79916234	101324.862	101324.866	101324.86	101324.873	0.00400474934	0.00604010304	0	0	0	0	3
313	266	0	2.80813401	101324.861	101324.865	101324.86	101324.873	0.00421666171	0.00604010304	0	0	0	0	3
314	266	0	2.81710569	101324.861	101324.865	101324.86	101324.872	0.00443487852	0.00604010304	0	0	0	0	3
315	267	0	2.82607736	101324.861	101324.865	101324.86	101324.871	0.00463048898	0.00604010304	0	0	0	0	3
316	268	0	2.83504904	101324.861	101324.865	101324.86	101324.87	0.0048076957	0.00604010304	0	0	0	0	3
317	269	0	2.84402071	101324.862	101324.865	101324.86	101324.869	0.00495377193	0.00604010304	0	0	0	0	3
318	270	0	2.85299238	101324.863	101324.864	101324.86	101324.869	0.0050512123	0.00604010304	0	0	0	0	3
319	270	0	2.86196406	101324.865	101324.864	101324.86	101324.869	0.00508276488	0.00604010304	0	0	0	0	3
320	271	0	2.87093573	101324.866	101324.864	101324.86	101324.869	0.0050953015	0.00604010304	0	0	0	0	3
321	272	0	2.87990741	101324.867	101324.864	101324.86	101324.869	0.00507285018	0.00604010304	0	0	0	0	3
322	273	0	2.88887908	101324.866	101324.864	101324.86	101324.868	0.00502570753	0.00604010304	0	0	0	0	3
323	274	0	2.89785076	101324.865	101324.864	101324.86	101324.868	0.00498351369	0.00604010304	0	0	0	0	3
324	274	0	2.90682243	101324.865	101324.864	101324.86	101324.868	0.00495526123	0.00604010304	0	0	0	0	3
325	275	0	2.9157941	101324.866	101324.864	101324.86	101324.868	0.00492674607	0.00604010304	0	0	0	0	3
326	276	0	2.92476578	101324.867	101324.864	101324.86	101324.868	0.00487674806	0.00604010304	0	0	0	0	3
327	277	0	2.93373745	101324.867	101324.864	101324.86	101324.868	0.00481414785	0.00604010304	0	0	0	0	3
328	278	0	2.94270913	101324.868	101324.864	101324.86	101324.868	0.0047307903	0.00604010304	0	0	0	0	3
329	278	0	2.9516808	101324.868	101324.864	101324.86	101324.868	0.00463722796	0.00604010304	0	0	0	0	3
330	279	0	2.96065247	101324.868	101324.864	101324.86	101324.868	0.00453210303	0.00604010304	0	0	0	0	3
331	280	0	2.96962415	101324.869	101324.864	101324.86	101324.869	0.00444772279	0.00604010304	0	0	0	0	3
332	281	0	2.97859582	101324.869	101324.864	101324.86	101324.869	0.00438377728	0.00604010304	0	0	0	0	3
333	282	0	2.9875675	101324.869	101324.864	101324.86	101324.869	0.00434506888	0.00604010304	0	0	0	0	3
334	283	0	2.99653917	101324.868	101324.864	101324.86	101324.869	0.00431389544	0.00604010304	0	0	0	0	3
335	283	0	3.00551085	101324.868	101324.865	101324.86	101324.869	0.00430786554	0.00604010304	0	0	0	0	3
336	284	0	3.01448252	101324.868	101324.865	101324.86	101324.869	0.00430786554	0.00604010304	0	0	0	0	3
337	285	0	3.02345419	101324.868	101324.865	101324.86	101324.869	0.00430786554	0.00604010304	0	0	0	0	3
338	286	0	3.03242587	101324.867	101324.865	101324.86	101324.869	0.00430786554	0.00604010304	0	0	0	0	3
339	287	0	3.04139754	101324.867	101324.865	101324.86	101324.869	0.00430786554	0.00604010304	0	0	0	0	3
340	287	0	3.05036922	101324.867	101324.865	101324.86	101324.869	0.00428350385	0.00604010304	0	0	0	0	3
341	288	0	3.05934089	101324.868	101324.865	101324.86	101324.869	0.00422254205	0.00604010304	0	0	0	0	3
342	289	0	3.06831256	101324.871	101324.865	101324.86	101324.871	0.00415052024	0.00604010304	0	0	0	0	3
343	290	0	3.07728424	101324.872	101324.865	101324.86	101324.872	0.00407122195	0.00604010304	0	0	0	0	3
344	291	0	3.08625591	101324.873	101324.865	101324.86	101324.873	0.00398514218	0.00604010304	0	0	0	0	3
345	291	0	3.09522759	101324.871	101324.865	101324.86	101324.873	0.00389821897	0.00604010304	0	0	0	0	3
346	292	0	3.10419926	101324.869	101324.865	101324.86	101324.873	0.00379654183	0.00604010304	0	0	0	0	3
347	293	0	3.11317094	101324.867	101324.865	101324.86	101324.873	0.00370009127	0.00604010304	0	0	0	0	3
348	294	0	3.12214261	101324.866	101324.865	101324.86	101324.873	0.00363605822	0.00604010304	0	0	0	0	3
349	295	0	3.13111428	101324.865	101324.865	101324.86	101324.873	0.00363605822	0.00604010304	0	0	0	0	3
350	295	0	3.14008596	101324.867	101324.865	101324.86	101324.873	0.00363605822	0.00604010304	0	0	0	0	3
351	296	0	3.14905763	101324.868	101324.865	101324.86	101324.873	0.00363605822	0.00604010304	0	0	0	0	3
352	297	0	3.15802931	101324.868	101324.865	101324.86	101324.873	0.00362488609	0.00604010304	0	0	0	0	3
353	298	0	3.16700098	101324.868	101324.865	101324.86	101324.873	0.00357647614	0.00604010304	0	0	0	0	3
354	299	0	3.17597265	101324.867	101324.866	101324.86	101324.873	0.00346949673	0.00604010304	0	0	0	0	3
355	299	0	3.18494433	101324.866	101324.866	101324.86	101324.873	0.00333184309	0.00604010304	0	0	0	0	3
356	300	0	3.193916	101324.866	101324.866	101324.86	101324.873	0.00316049745	0.00604010304	0	0	0	0	3
357	301	0	3.20288768	101324.866	101324.866	101324.86	101324.873	0.00297963254	0.00604010304	0	0	0	0	3
358	302	0	3.21185935	101324.866	101324.866	101324.86	101324.873	0.00279261217	0.00604010304	0	0	0	0	3
359	303	0	3.22083103	101324.865	101324.866	101324.861	101324.873	0.00261418843	0.00604010304	0	0	0	0	3
360	303	0	3.2298027	101324.864	101324.866	101324.861	101324.873	0.00244940595	0.00604010304	0	0	0	0	3
361	304	0	3.23877437	101324.863	101324.866	101324.861	101324.873	0.00230918131	0.00604010304	0	0	0	0	3
362	305	0	3.24774605	101324.862	101324.866	101324.861	101324.873	0.00218555254	0.00604010304	0	0	0	0	3
363	306	0	3.25671772	101324.862	101324.866	101324.861	101324.873	0.00206656156	0.00604010304	0	0	0	0	3
364	306	0	3.2656894	101324.862	101324.866	101324.861	101324.873	0.00198745121	0.00604010304	0	0	0	0	3
365	307	0	3.27466107	101324.864	101324.866	101324.861	101324.873	0.00198745121	0.00604010304	0	0	0	0	3
366	308	0	3.28363274	101324.864	101324.866	101324.861	101324.873	0.00198745121	0.00604010304	0	0	0	0	3
367	309	0	3.29260442	101324.864	101324.866	101324.861	101324.873	0.00202379109	0.00604010304	0	0	0	0	3
368	310	0	3.30157609	101324.863	101324.866	101324.861	101324.873	0.00204371159	0.00604010304	0	0	0	0	3
369	310	0	3.31054777	101324.861	101324.866	101324.861	101324.873	0.00204371159	0.00604010304	0	0	0	0	3
370	311	0	3.31951944	101324.861	101324.866	101324.861	101324.873	0.00204371159	0.00604010304	0	0	0	0	3
371	312	0	3.32849112	101324.862	101324.866	101324.861	101324.873	0.00205302883	0.00604010304	0	0	0	0	3
372	313	0	3.33746279	101324.863	101324.866	101324.861	101324.873	0.00207766907	0.00604010304	0	0	0	0	3
373	314	0	3.34643446	101324.863	101324.866	101324.861	101324.873	0.00210134644	0.00604010304	0	0	0	0	3
374	314	0	3.35540614	101324.864	101324.866	101324.861	101324.873	0.00210507496	0.00604010304	0	0	0	0	3
375	315	0	3.36437781	101324.864	101324.866	101324.861	101324.873	0.00210507496	0.00604010304	0	0	0	0	3
376	316	0	3.37334949	101324.863	101324.866	101324.861	101324.873	0.00210507496	0.00604010304	0	0	0	0	3
377	317	0	3.38232116	101324.861	101324.866	101324.861	101324.873	0.00210507496	0.00604010304	0	0	0	0	3
378	318	0	3.39129283	101324.859	101324.866	101324.859	101324.873	0.00210507496	0.00604010304	0	0	0	0	3
379	318	0	3.40026451	101324.86	101324.866	101324.859	101324.873	0.00210507496	0.00604010304	0	0	0	0	3
380	319	0	3.40923618	101324.861	101324.866	101324.859	101324.873	0.00210507496	0.00604010304	0	0	0	0	3
381	320	0	3.41820786	101324.863	101324.866	101324.859	101324.873	0.00210507496	0.00604010304	0	0	0	0	3
382	321	0	3.42717953	101324.863	101324.866	101324.859	101324.873	0.00210299611	0.00604010304	0	0	0	0	3
383	322	0	3.43615121	101324.863	101324.866	101324.859	101324.873	0.0020958721	0.00604010304	0	0	0	0	3
384	323	0	3.44512288	101324.862	101324.865	101324.859	101324.873	0.00208341151	0.00604010304	0	0	0	0	3
385	323	0	3.45409455	101324.861	101324.865	101324.859	101324.873	0.00204916767	0.00604010304	0	0	0	0	3
386	324	0	3.46306623	101324.86	101324.865	101324.859	101324.873	0.00197514318	0.00604010304	0	0	0	0	3
387	325	0	3.4720379	101324.861	101324.865	101324.859	101324.873	0.00187923244	0.00604010304	0	0	0	0	3
388	326	0	3.48100958	101324.863	101324.865	101324.859	101324.873	0.00178267667	0.00604010304	0	0	0	0	3
389	327	0	3.48998125	101324.865	101324.865	101324.859	101324.873	0.00169286206	0.00604010304	0	0	0	0	3
390	327	0	3.49895292	101324.865	101324.865	101324.859	101324.873	0.00161158686	0.00604010304	0	0	0	0	3
391	328	0	3.5079246	101324.864	101324.865	101324.859	101324.873	0.00155535199	0.00604010304	0	0	0	0	3
392	329	0	3.51689627	101324.863	101324.865	101324.859	101324.873	0.00153501636	0.00604010304	0	0	0	0	3
393	330	0	3.52586795	101324.862	101324.865	101324.859	101324.873	0.00164183973	0.00604010304	0	0	0	0	3
394	331	0	3.53483962	101324.861	101324.864	101324.859	101324.873	0.00175996681	0.00604010304	0	0	0	0	3
395	331	0	3.5438113	101324.862	101324.864	101324.859	101324.873	0.00185055194	0.00604010304	0	0	0	0	3
396	332	0	3.55278297	101324.863	101324.864	101324.859	101324.873	0.00192208553	0.00604010304	0	0	0	0	3
397	333	0	3.56175464	101324.865	101324.864	101324.859	101324.873	0.00197127134	0.00604010304	0	0	0	0	3
398	334	0	3.57072632	101324.867	101324.864	101324.859	101324.873	0.00204956843	0.00604010304	0	0	0	0	3
399	335	0	3.57969799	101324.866	101324.864	101324.859	101324.873	0.00216923736	0.00604010304	0	0	0	0	3
400	335	0	3.58866967	101324.863	101324.864	101324.859	101324.871	0.00234748777	0.00604010304	0	0	0	0	3
401	340	0	3.59764134	101324.86	101324.864	101324.859	101324.869	0.00254602972	0.00604010304	0	0	0	0	3
402	341	0	3.60661301	101324.858	101324.863	101324.858	101324.868	0.00272736931	0.00604010304	0	0	0	0	3
403	341	0	3.61558469	101324.859	101324.863	101324.858	101324.868	0.00286464121	0.00604010304	0	0	0	0	3
404	342	0	3.62455636	101324.862	101324.863	101324.858	101324.868	0.00294022563	0.00604010304	0	0	0	0	3
405	343	0	3.63352804	101324.865	101324.863	101324.858	101324.868	0.00294711764	0.00604010304	0	0	0	0	3
406	344	0	3.64249971	101324.866	101324.863	101324.858	101324.868	0.00295335946	0.00604010304	0	0	0	0	3
407	345	0	3.65147139	101324.866	101324.863	101324.858	101324.868	0.00297895395	0.00604010304	0	0	0	0	3
408	345	0	3.66044306	101324.865	101324.863	101324.858	101324.868	0.00304196368	0.00604010304	0	0	0	0	3
409	346	0	3.66941473	101324.863	101324.863	101324.858	101324.867	0.00312540706	0.00604010304	0	0	0	0	3
410	347	0	3.67838641	101324.861	101324.863	101324.858	101324.867	0.003224074	0.00604010304	0	0	0	0	3
411	348	0	3.68735808	101324.861	101324.863	101324.858	101324.867	0.00332505512	0.00604010304	0	0	0	0	3
412	349	0	3.69632976	101324.861	101324.863	101324.858	101324.867	0.00341866503	0.00604010304	0	0	0	0	3
413	349	0	3.70530143	101324.862	101324.863	101324.858	101324.867	0.00348572021	0.00604010304	0	0	0	0	3
414	350	0	3.7142731	101324.863	101324.863	101324.858	101324.867	0.00354257683	0.00604010304	0	0	0	0	3
415	351	0	3.72324478	101324.863	101324.863	101324.858	101324.867	0.00358559749	0.00604010304	0	0	0	0	3
416	352	0	3.73221645	101324.863	101324.863	101324.858	101324.867	0.00361801205	0.00604010304	0	0	0	0	3
417	353	0	3.74118813	101324.862	101324.863	101324.858	101324.867	0.00364007839	0.00604010304	0	0	0	0	3
418	353	0	3.7501598	101324.862	101324.863	101324.858	101324.867	0.00365017774	0.00604010304	0	0	0	0	3
419	354	0	3.75913148	101324.862	101324.863	101324.858	101324.867	0.00365017774	0.00604010304	0	0	0	0	3
420	355	0	3.76810315	101324.861	101324.863	101324.858	101324.867	0.00366453583	0.00604010304	0	0	0	0	3
421	356	0	3.77707482	101324.862	101324.862	101324.858	101324.867	0.00369452212	0.00604010304	0	0	0	0	3
422	357	0	3.7860465	101324.862	101324.862	101324.858	101324.867	0.00373354698	0.00604010304	0	0	0	0	3
423	358	0	3.79501817	101324.862	101324.862	101324.858	101324.867	0.00377303417	0.00604010304	0	0	0	0	3
424	358	0	3.80398985	101324.862	101324.862	101324.858	101324.867	0.00379105304	0.00604010304	0	0	0	0	3
425	359	0	3.81296152	101324.862	101324.862	101324.858	101324.867	0.00379105304	0.00604010304	0	0	0	0	3
426	360	0	3.82193319	101324.862	101324.862	101324.858	101324.867	0.00379105304	0.00604010304	0	0	0	0	3
427	361	0	3.83090487	101324.863	101324.862	101324.858	101324.867	0.00379105304	0.00604010304	0	0	0	0	3
428	362	0	3.83987654	101324.864	101324.862	101324.858	101324.867	0.00379105304	0.00604010304	0	0	0	0	3
429	362	0	3.84884822	101324.865	101324.863	101324.858	101324.867	0.00379105304	0.00604010304	0	0	0	0	3
430	363	0	3.85781989	101324.864	101324.863	101324.858	101324.867	0.00376892736	0.00604010304	0	0	0	0	3
431	364	0	3.86679157	101324.864	101324.863	101324.858	101324.867	0.00371296366	0.00604010304	0	0	0	0	3
432	365	0	3.87576324	101324.863	101324.863	101324.858	101324.867	0.00360976455	0.00604010304	0	0	0	0	3
433	366	0	3.88473491	101324.864	101324.863	101324.858	101324.867	0.00348774785	0.00604010304	0	0	0	0	3
434	366	0	3.89370659	101324.864	101324.863	101324.858	101324.867	0.00339562623	0.00604010304	0	0	0	0	3
435	367	0	3.90267826	101324.864	101324.863	101324.858	101324.867	0.00332215027	0.00604010304	0	0	0	0	3
436	368	0	3.91164994	101324.864	101324.863	101324.858	101324.867	0.0032733386	0.00604010304	0	0	0	0	3
437	369	0	3.92062161	101324.866	101324.863	101324.858	101324.867	0.00321184436	0.00604010304	0	0	0	0	3
438	369	0	3.92959328	101324.867	101324.863	101324.858	101324.867	0.00313885213	0.00604010304	0	0	0	0	3
439	370	0	3.93856496	101324.865	101324.863	101324.858	101324.867	0.00304319324	0.00604010304	0	0	0	0	3
440	371	0	3.94753663	101324.864	101324.863	101324.858	101324.867	0.00292386537	0.00604010304	0	0	0	0	3
441	372	0	3.95650831	101324.862	101324.863	101324.858	101324.867	0.00278503051	0.00604010304	0	0	0	0	3
442	373	0	3.96547998	101324.86	101324.863	101324.858	101324.867	0.00265169059	0.00604010304	0	0	0	0	3
443	374	0	3.97445166	101324.859	101324.863	101324.858	101324.867	0.00253782258	0.00604010304	0	0	0	0	3
444	374	0	3.98342333	101324.861	101324.863	101324.858	101324.867	0.00246514023	0.00604010304	0	0	0	0	3
445	375	0	3.992395	101324.865	101324.863	101324.858	101324.867	0.00240205697	0.00604010304	0	0	0	0	3
446	376	0	4.00136668	101324.868	101324.863	101324.858	101324.868	0.00233422713	0.00604010304	0	0	0	0	3
