Iteration	CPUTime	PhysTime	Travels	Value	AvValue	MinValue	MaxValue	Delta	Criteria	PrevAvRefValue	Progress	CriteriaType	CriteriaVarType	CriteriaPercentage
1	6	0	0.00897203701	0.030338928	0.030338928	0.030338928	0.030338928	0	0	0	0	0	0	3
2	7	0	0.017944074	0.0062091757	0.0182740518	0.0062091757	0.030338928	0.0120648761	0	0	0	0	0	3
3	8	0	0.026916111	0.00338849155	0.0133121984	0.00338849155	0.030338928	0.0170267296	0	0	0	0	0	3
4	9	0	0.035888148	0.00222644563	0.0105407602	0.00222644563	0.030338928	0.0197981678	0	0	0	0	0	3
5	10	0	0.044860185	0.00231498064	0.0088956043	0.00222644563	0.030338928	0.0214433237	0	0	0	0	0	3
6	11	0	0.053832222	0.00207813358	0.00775935918	0.00207813358	0.030338928	0.0225795688	0	0	0	0	0	3
7	12	0	0.062804259	0.00183819045	0.00691347793	0.00183819045	0.030338928	0.02342545	0	0	0	0	0	3
8	14	0	0.0717762961	0.00206422041	0.00630732074	0.00183819045	0.030338928	0.0240316072	0	0	0	0	0	3
9	15	0	0.0807483331	0.00192449508	0.00582034011	0.00183819045	0.030338928	0.0245185879	0	0	0	0	0	3
10	16	0	0.0897203701	0.00238386002	0.0054766921	0.00183819045	0.030338928	0.0248622359	0	0	0	0	0	3
11	17	0	0.0986924071	0.00218864867	0.00517777906	0.00183819045	0.030338928	0.0251611489	0	0	0	0	0	3
12	18	0	0.107664444	0.00233886096	0.00494120256	0.00183819045	0.030338928	0.0253977254	0	0	0	0	0	3
13	19	0	0.116636481	0.00193611799	0.0047100422	0.00183819045	0.030338928	0.0256288858	0	0	0	0	0	3
14	20	0	0.125608518	0.00212872439	0.00452566236	0.00183819045	0.030338928	0.0258132656	0	0	0	0	0	3
15	22	0	0.134580555	0.00203856131	0.00435985562	0.00183819045	0.030338928	0.0259790724	0	0	0	0	0	3
16	23	0	0.143552592	0.00211501089	0.00421955283	0.00183819045	0.030338928	0.0261193751	0	0	0	0	0	3
17	24	0	0.152524629	0.00202697449	0.00409057763	0.00183819045	0.030338928	0.0262483503	0	0	0	0	0	3
18	25	0	0.161496666	0.00205847151	0.00397768285	0.00183819045	0.030338928	0.0263612451	0	0	0	0	0	3
19	26	0	0.170468703	0.00195969916	0.00387147318	0.00183819045	0.030338928	0.0264674548	0	0	0	0	0	3
20	27	0	0.17944074	0.00204859703	0.00378032937	0.00183819045	0.030338928	0.0265585986	0	0	0	0	0	3
21	28	0	0.188412777	0.00200690054	0.00369588038	0.00183819045	0.030338928	0.0266430476	0	0	0	0	0	3
22	29	0	0.197384814	0.00205086718	0.00362110705	0.00183819045	0.030338928	0.0267178209	0	0	0	0	0	3
23	30	0	0.206356851	0.0020836735	0.00355426212	0.00183819045	0.030338928	0.0267846659	0	0	0	0	0	3
24	31	0	0.215328888	0.00210026916	0.00349367908	0.00183819045	0.030338928	0.0268452489	0	0	0	0	0	3
25	32	0	0.224300925	0.00209245142	0.00343762997	0.00183819045	0.030338928	0.026901298	0	0	0	0	0	3
26	33	0	0.233272962	0.00213057396	0.00338735858	0.00183819045	0.030338928	0.0269515694	0	0	0	0	0	3
27	34	0	0.242244999	0.00210767286	0.00333996282	0.00183819045	0.030338928	0.0269989652	0	0	0	0	0	3
28	36	0	0.251217036	0.00212052374	0.00329641142	0.00183819045	0.030338928	0.0270425166	0	0	0	0	0	3
29	37	0	0.260189073	0.00209069864	0.00325483512	0.00183819045	0.030338928	0.0270840929	0	0	0	0	0	3
30	38	0	0.26916111	0.00211793844	0.00321693856	0.00183819045	0.030338928	0.0271219894	0	0	0	0	0	3
31	39	0	0.278133147	0.00209040087	0.00318059864	0.00183819045	0.030338928	0.0271583293	0	0	0	0	0	3
32	40	0	0.287105184	0.00212131995	0.00314749618	0.00183819045	0.030338928	0.0271914318	0	0	0	0	0	3
33	41	0	0.296077221	0.00206864629	0.00311480376	0.00183819045	0.030338928	0.0272241242	0	0	0	0	0	3
34	42	0	0.305049258	0.00210819625	0.00308519765	0.00183819045	0.030338928	0.0272537303	0	0	0	0	0	3
35	44	0	0.314021295	0.00204304476	0.00305542186	0.00183819045	0.030338928	0.0272835061	0	0	0	0	0	3
36	45	0	0.322993332	0.00207042568	0.00302806085	0.00183819045	0.030338928	0.0273108671	0	0	0	0	0	3
37	46	0	0.331965369	0.00198672509	0.00299991664	0.00183819045	0.030338928	0.0273390113	0	0	0	0	0	3
38	47	0	0.340937406	0.00197615219	0.00297297547	0.00183819045	0.030338928	0.0273659525	0	0	0	0	0	3
39	48	0	0.349909443	0.00188784285	0.00294515156	0.00183819045	0.030338928	0.0273937764	0	0	0	0	0	3
40	49	0	0.35888148	0.00190673822	0.00291919123	0.00183819045	0.030338928	0.0274197368	0	0	0	0	0	3
41	51	0	0.367853517	0.00184235244	0.00289292686	0.00183819045	0.030338928	0.0274460011	0	0	0	0	0	3
42	52	0	0.376825554	0.00185052282	0.00286810772	0.00183819045	0.030338928	0.0274708203	0	0	0	0	0	3
43	53	0	0.385797591	0.00180878659	0.00284347235	0.00180878659	0.030338928	0.0274954556	0	0	0	0	0	3
44	54	0	0.394769628	0.00179426322	0.00281962668	0.00179426322	0.030338928	0.0275193013	0	0	0	0	0	3
45	55	0	0.403741665	0.00178169337	0.0027965615	0.00178169337	0.030338928	0.0275423665	0	0	0	0	0	3
46	57	0	0.412713702	0.00176465296	0.0027741287	0.00176465296	0.030338928	0.0275647993	0	0	0	0	0	3
47	58	0	0.421685739	0.00171553747	0.00275160549	0.00171553747	0.030338928	0.0275873225	0	0	0	0	0	3
48	59	0	0.430657776	0.00173360707	0.00273039719	0.00171553747	0.030338928	0.0276085308	0	0	0	0	0	3
49	60	0	0.439629813	0.00166933013	0.00270874276	0.00166933013	0.030338928	0.0276301852	0	0	0	0	0	3
50	62	0	0.44860185	0.0016608044	0.00268778399	0.0016608044	0.030338928	0.027651144	0	0	0	0	0	3
51	63	0	0.457573887	0.00166367731	0.00266770347	0.0016608044	0.030338928	0.0276712245	0	0	0	0	0	3
52	64	0	0.466545924	0.00159178921	0.00264701281	0.00159178921	0.030338928	0.0276919152	0	0	0	0	0	3
53	65	0	0.475517961	0.00161784912	0.00262759463	0.00159178921	0.030338928	0.0277113334	0	0	0	0	0	3
54	66	0	0.484489998	0.00153883442	0.0026074324	0.00153883442	0.030338928	0.0277314956	0	0	0	0	0	3
55	68	0	0.493462035	0.00160831511	0.00258926663	0.00153883442	0.030338928	0.0277496613	0	0	0	0	0	3
56	69	0	0.502434072	0.00147327142	0.00256933814	0.00147327142	0.030338928	0.0277695898	0	0	0	0	0	3
57	70	0	0.511406109	0.0016320053	0.00205671453	0.00147327142	0.0062091757	0.00473590428	0	0	0	0	0	3
58	71	0	0.520378146	0.00146104798	0.00197192653	0.00146104798	0.00338849155	0.00192744357	0	0	0	0	0	3
59	72	0	0.529350183	0.00157899322	0.00193961406	0.00146104798	0.00238386002	0.000922812041	0	0	0	0	0	3
60	73	0	0.53832222	0.00145704023	0.00192587468	0.00145704023	0.00238386002	0.000926819794	0	0	0	0	0	3
61	75	0	0.547294257	0.00155313373	0.00191227027	0.00145704023	0.00238386002	0.000926819794	0	0	0	0	0	3
62	76	0	0.556266294	0.00145856505	0.00190120655	0.00145704023	0.00238386002	0.000926819794	0	0	0	0	0	3
63	77	0	0.565238331	0.00152302084	0.00189557852	0.00145704023	0.00238386002	0.000926819794	0	0	0	0	0	3
64	78	0	0.574210368	0.00147548605	0.0018850654	0.00145704023	0.00238386002	0.000926819794	0	0	0	0	0	3
65	79	0	0.583182405	0.00152307755	0.00187789723	0.00145704023	0.00238386002	0.000926819794	0	0	0	0	0	3
66	81	0	0.592154442	0.0014825498	0.00186180241	0.00145704023	0.00233886096	0.000881820732	0	0	0	0	0	3
67	82	0	0.601126479	0.00152916945	0.00185002599	0.00145704023	0.00233886096	0.000881820732	0	0	0	0	0	3
68	83	0	0.610098516	0.00149043415	0.00183487551	0.00145704023	0.00213057396	0.000673533733	0	0	0	0	0	3
69	84	0	0.619070553	0.00153065586	0.00182763512	0.00145704023	0.00213057396	0.000673533733	0	0	0	0	0	3
70	85	0	0.62804259	0.00149043779	0.00181623714	0.00145704023	0.00213057396	0.000673533733	0	0	0	0	0	3
71	87	0	0.637014627	0.00153391642	0.00180722563	0.00145704023	0.00213057396	0.000673533733	0	0	0	0	0	3
72	88	0	0.645986664	0.00149859791	0.00179621825	0.00145704023	0.00213057396	0.000673533733	0	0	0	0	0	3
73	89	0	0.654958701	0.00153535829	0.00178743939	0.00145704023	0.00213057396	0.000673533733	0	0	0	0	0	3
74	90	0	0.663930738	0.00149760769	0.00177742397	0.00145704023	0.00213057396	0.000673533733	0	0	0	0	0	3
75	92	0	0.672902775	0.00154887614	0.00177008784	0.00145704023	0.00213057396	0.000673533733	0	0	0	0	0	3
76	93	0	0.681874812	0.00148655814	0.00176005143	0.00145704023	0.00213057396	0.000673533733	0	0	0	0	0	3
77	94	0	0.69084685	0.00153862374	0.00175168935	0.00145704023	0.00213057396	0.000673533733	0	0	0	0	0	3
78	95	0	0.699818887	0.00150890214	0.0017420114	0.00145704023	0.00213057396	0.000673533733	0	0	0	0	0	3
79	96	0	0.708790924	0.00153185739	0.00173215754	0.00145704023	0.00213057396	0.000673533733	0	0	0	0	0	3
80	98	0	0.717762961	0.00150512397	0.00172152995	0.00145704023	0.00213057396	0.000673533733	0	0	0	0	0	3
81	99	0	0.726734998	0.00155548513	0.00171194126	0.00145704023	0.00213057396	0.000673533733	0	0	0	0	0	3
82	100	0	0.735707035	0.00149855269	0.00170065517	0.00145704023	0.00212131995	0.000664279724	0	0	0	0	0	3
83	101	0	0.744679072	0.00154946225	0.00169068712	0.00145704023	0.00212131995	0.000664279724	0	0	0	0	0	3
84	103	0	0.753651109	0.00151215598	0.00167982341	0.00145704023	0.00212131995	0.000664279724	0	0	0	0	0	3
85	104	0	0.762623146	0.00151899598	0.00166961444	0.00145704023	0.00212131995	0.000664279724	0	0	0	0	0	3
86	105	0	0.771595183	0.00149680341	0.00165852274	0.00145704023	0.00212131995	0.000664279724	0	0	0	0	0	3
87	106	0	0.78056722	0.00153346101	0.00164857739	0.00145704023	0.00212131995	0.000664279724	0	0	0	0	0	3
88	108	0	0.789539257	0.00148151851	0.00163715236	0.00145704023	0.00210819625	0.000651156023	0	0	0	0	0	3
89	109	0	0.798511294	0.00153446259	0.00162761337	0.00145704023	0.00210819625	0.000651156023	0	0	0	0	0	3
90	110	0	0.807483331	0.00149368129	0.00161663988	0.00145704023	0.00207042568	0.000613385451	0	0	0	0	0	3
91	111	0	0.816455368	0.00152505393	0.00160739005	0.00145704023	0.00207042568	0.000613385451	0	0	0	0	0	3
92	113	0	0.825427405	0.00151488344	0.00159746965	0.00145704023	0.00198672509	0.000529684867	0	0	0	0	0	3
93	114	0	0.834399442	0.00154494633	0.00158958074	0.00145704023	0.00197615219	0.000519111963	0	0	0	0	0	3
94	115	0	0.843371479	0.00153435175	0.00158169145	0.00145704023	0.00190673822	0.000449697993	0	0	0	0	0	3
95	116	0	0.852343516	0.00157766486	0.00157615256	0.00145704023	0.00190673822	0.000449697993	0	0	0	0	0	3
96	118	0	0.861315553	0.00155391003	0.00156985205	0.00145704023	0.00185052282	0.000393482589	0	0	0	0	0	3
97	119	0	0.87028759	0.00158507857	0.00156525788	0.00145704023	0.00185052282	0.000393482589	0	0	0	0	0	3
98	120	0	0.879259627	0.00156368267	0.00156013573	0.00145704023	0.00180878659	0.000351746364	0	0	0	0	0	3
99	121	0	0.888231664	0.00156202438	0.00155572926	0.00145704023	0.00179426322	0.000337222993	0	0	0	0	0	3
100	122	0	0.897203701	0.00158958758	0.00155207434	0.00145704023	0.00178169337	0.000324653146	0	0	0	0	0	3
101	127	0	0.906175738	0.00152095198	0.00154741825	0.00145704023	0.00176465296	0.000307612732	0	0	0	0	0	3
102	128	0	0.915147775	0.00161630417	0.00154476916	0.00145704023	0.00173360707	0.000276566845	0	0	0	0	0	3
103	130	0	0.924119812	0.00152218105	0.00154131637	0.00145704023	0.00173360707	0.000276566845	0	0	0	0	0	3
104	131	0	0.933091849	0.00162369931	0.00153935373	0.00145704023	0.00166933013	0.000212289904	0	0	0	0	0	3
105	132	0	0.942063886	0.0015284753	0.00153683846	0.00145704023	0.00166367731	0.000206637082	0	0	0	0	0	3
106	133	0	0.951035923	0.00163393501	0.00153635865	0.00145704023	0.00166367731	0.000206637082	0	0	0	0	0	3
107	135	0	0.96000796	0.00154104886	0.00153416886	0.00145704023	0.00163393501	0.000176894779	0	0	0	0	0	3
108	136	0	0.968979997	0.00163096854	0.00153486849	0.00145704023	0.00163393501	0.000176894779	0	0	0	0	0	3
109	137	0	0.977952034	0.00154636598	0.00153359201	0.00145704023	0.00163393501	0.000176894779	0	0	0	0	0	3
110	138	0	0.986924071	0.00162115178	0.00153506196	0.00145704023	0.00163393501	0.000176894779	0	0	0	0	0	3
111	140	0	0.995896108	0.00154322272	0.00153389959	0.00145704023	0.00163393501	0.000176894779	0	0	0	0	0	3
112	141	0	1.00486814	0.00161825985	0.00153648867	0.00145704023	0.00163393501	0.000176894779	5.79435395e-05	0	32.7	0	0	3
113	142	0	1.01384018	0.00153961913	0.00153483892	0.00145704023	0.00163393501	0.000176894779	5.79435395e-05	0	32.7	0	0	3
114	143	0	1.02281222	0.00160777865	0.00153745911	0.00145704023	0.00163393501	0.000176894779	5.79435395e-05	0	32.7	0	0	3
115	145	0	1.03178426	0.00153613277	0.00153669375	0.00145704023	0.00163393501	0.000176894779	5.79435395e-05	0	32.7	0	0	3
116	146	0	1.04075629	0.00159180648	0.00153910029	0.00145856505	0.00163393501	0.00017536996	5.79435395e-05	0	33	0	0	3
117	147	0	1.04972833	0.00152557116	0.0015386081	0.00145856505	0.00163393501	0.00017536996	5.79435395e-05	0	33	0	0	3
118	148	0	1.05870037	0.00158571634	0.00154087866	0.00147548605	0.00163393501	0.000158448955	5.79435395e-05	0	36.5	0	0	3
119	149	0	1.0676724	0.00151549698	0.0015407443	0.00147548605	0.00163393501	0.000158448955	5.79435395e-05	0	36.5	0	0	3
120	151	0	1.07664444	0.00157602083	0.00154253957	0.00148151851	0.00163393501	0.000152416496	5.79435395e-05	0	38	0	0	3
121	152	0	1.08561648	0.00151012174	0.00154230821	0.00148151851	0.00163393501	0.000152416496	5.79435395e-05	0	38	0	0	3
122	153	0	1.09458851	0.0015676733	0.00154382827	0.00148151851	0.00163393501	0.000152416496	5.79435395e-05	0	38	0	0	3
123	154	0	1.10356055	0.00151072085	0.00154349884	0.00148151851	0.00163393501	0.000152416496	5.79435395e-05	0	38	0	0	3
124	156	0	1.11253259	0.00158028625	0.00154510334	0.00148151851	0.00163393501	0.000152416496	5.79435395e-05	0	38	0	0	3
125	157	0	1.12150463	0.00152326837	0.00154497142	0.00148151851	0.00163393501	0.000152416496	5.79435395e-05	0	38	0	0	3
126	158	0	1.13047666	0.00160178984	0.00154695985	0.00148151851	0.00163393501	0.000152416496	5.79435395e-05	0	38	0	0	3
127	159	0	1.1394487	0.00152887732	0.00154686986	0.00148151851	0.00163393501	0.000152416496	5.79435395e-05	0	38	0	0	3
128	161	0	1.14842074	0.00161241538	0.00154890232	0.00148151851	0.00163393501	0.000152416496	5.79435395e-05	0	38	0	0	3
129	162	0	1.15739277	0.0015434146	0.00154904618	0.00148151851	0.00163393501	0.000152416496	5.79435395e-05	0	38	0	0	3
130	163	0	1.16636481	0.00161822187	0.00155120001	0.00148151851	0.00163393501	0.000152416496	5.79435395e-05	0	38	0	0	3
131	164	0	1.17533685	0.00155920183	0.00155138439	0.00148151851	0.00163393501	0.000152416496	5.79435395e-05	0	38	0	0	3
132	166	0	1.18430888	0.00162687011	0.00155388996	0.00148151851	0.00163393501	0.000152416496	5.79435395e-05	0	38	0	0	3
133	167	0	1.19328092	0.00158250168	0.0015546735	0.00148151851	0.00163393501	0.000152416496	5.79435395e-05	0	38	0	0	3
134	168	0	1.20225296	0.00161088793	0.00155649467	0.00148151851	0.00163393501	0.000152416496	5.79435395e-05	0	38	0	0	3
135	169	0	1.211225	0.00158895412	0.00155751426	0.00148151851	0.00163393501	0.000152416496	5.79435395e-05	0	38	0	0	3
136	171	0	1.22019703	0.00162798553	0.00155970821	0.00148151851	0.00163393501	0.000152416496	5.79435395e-05	0	38	0	0	3
137	172	0	1.22916907	0.00156188125	0.00155982243	0.00148151851	0.00163393501	0.000152416496	5.79435395e-05	0	38	0	0	3
138	173	0	1.23814111	0.00162243726	0.00156203465	0.00148151851	0.00163393501	0.000152416496	5.79435395e-05	0	38	0	0	3
139	174	0	1.24711314	0.00154805181	0.00156200947	0.00148151851	0.00163393501	0.000146231408	5.79435395e-05	0	39.6	0	0	3
140	176	0	1.25608518	0.00161651868	0.00156387309	0.00148151851	0.00163393501	0.000136022432	5.79435395e-05	0	42.5	0	0	3
141	177	0	1.26505722	0.00153188064	0.00156410317	0.00148151851	0.00163393501	0.000124930735	5.79435395e-05	0	46.3	0	0	3
142	178	0	1.27402925	0.00160508836	0.00156603683	0.00148151851	0.00163393501	0.00011498538	5.79435395e-05	0	50.3	0	0	3
143	179	0	1.28300129	0.00151393961	0.00156568823	0.00148151851	0.00163393501	0.000103560354	5.79435395e-05	0	55.9	0	0	3
144	181	0	1.29197333	0.00159992393	0.00156780262	0.00149368129	0.00163393501	9.40213596e-05	5.79435395e-05	0	61.6	0	0	3
145	182	0	1.30094537	0.00150213144	0.00156722528	0.00149368129	0.00163393501	8.30478781e-05	5.79435395e-05	0	69.7	0	0	3
146	183	0	1.3099174	0.00159598437	0.00156905212	0.00150213144	0.00163393501	7.37980419e-05	5.79435395e-05	0	78.5	0	0	3
147	184	0	1.31888944	0.00149954215	0.00156859655	0.00149954215	0.00163393501	6.38776449e-05	5.79435395e-05	0	90.7	0	0	3
148	185	0	1.32786148	0.00159835388	0.00157008709	0.00149954215	0.00163393501	5.59887383e-05	5.79435395e-05	0	100	0	0	3
149	187	0	1.33683351	0.00149582327	0.00156920989	0.00149582327	0.00163393501	4.80994448e-05	5.79435395e-05	0	100	0	0	3
150	188	0	1.34580555	0.0016055636	0.00157048153	0.00149582327	0.00163393501	4.2560552e-05	5.79435395e-05	0	100	0	0	3
151	189	0	1.35477759	0.00148054345	0.00156874722	0.00148054345	0.00163393501	3.68895288e-05	5.79435395e-05	0	100	0	0	3
152	190	0	1.36374962	0.00159734777	0.0015695229	0.00148054345	0.00163393501	3.68895288e-05	5.79435395e-05	0	100	0	0	3
153	192	0	1.37272166	0.00149872086	0.0015679808	0.00148054345	0.00163393501	3.68895288e-05	5.79435395e-05	0	100	0	0	3
154	193	0	1.3816937	0.00159729526	0.00156858102	0.00148054345	0.00163393501	3.68895288e-05	5.79435395e-05	0	100	0	0	3
155	194	0	1.39066574	0.00152664736	0.00156794929	0.00148054345	0.00163393501	3.68895288e-05	5.79435395e-05	0	100	0	0	3
156	195	0	1.39963777	0.00161172186	0.00156834454	0.00148054345	0.00163393501	3.68895288e-05	5.79435395e-05	0	100	0	0	3
157	196	0	1.40860981	0.00154342573	0.00156874586	0.00148054345	0.00163393501	3.68895288e-05	5.79435395e-05	0	100	0	0	3
158	198	0	1.41758185	0.00161932621	0.00156879983	0.00148054345	0.00163393501	3.68895288e-05	5.79435395e-05	0	100	0	0	3
159	199	0	1.42655388	0.00154170568	0.00156914848	0.00148054345	0.00163393501	3.68895288e-05	5.79435395e-05	0	100	0	0	3
160	200	0	1.43552592	0.00161001019	0.00156890403	0.00148054345	0.00163393501	3.68895288e-05	5.79435395e-05	0	100	0	0	3
161	201	0	1.44449796	0.00154228571	0.00156915065	0.00148054345	0.00163393501	3.68895288e-05	5.79435395e-05	0	100	0	0	3
162	203	0	1.45347	0.00160483813	0.00156863106	0.00148054345	0.00163096854	3.68895288e-05	5.79435395e-05	0	100	0	0	3
163	204	0	1.46244203	0.0015374857	0.00156856743	0.00148054345	0.00163096854	3.68895288e-05	5.79435395e-05	0	100	0	0	3
164	205	0	1.47141407	0.00160603536	0.0015681222	0.00148054345	0.00162798553	3.68895288e-05	5.79435395e-05	0	100	0	0	3
165	207	0	1.48038611	0.00154522047	0.00156810174	0.00148054345	0.00162798553	3.65819401e-05	5.79435395e-05	0	100	0	0	3
166	208	0	1.48935814	0.00160871462	0.00156787965	0.00148054345	0.00162798553	3.65819401e-05	5.79435395e-05	0	100	0	0	3
167	209	0	1.49833018	0.00154356738	0.0015678858	0.00148054345	0.00162798553	3.5642614e-05	5.79435395e-05	0	100	0	0	3
168	210	0	1.50730222	0.00160558768	0.00156765951	0.00148054345	0.00162798553	3.5642614e-05	5.79435395e-05	0	100	0	0	3
169	211	0	1.51627425	0.00153090605	0.00156750392	0.00148054345	0.00162798553	3.37877888e-05	5.79435395e-05	0	100	0	0	3
170	213	0	1.52524629	0.00159351215	0.00156724916	0.00148054345	0.00162798553	3.37877888e-05	5.79435395e-05	0	100	0	0	3
171	214	0	1.53421833	0.00152419206	0.00156703594	0.00148054345	0.00162798553	3.18734373e-05	5.79435395e-05	0	100	0	0	3
172	217	0	1.54319037	0.0015929103	0.00156705565	0.00148054345	0.00162798553	3.18734373e-05	5.79435395e-05	0	100	0	0	3
173	218	0	1.5521624	0.00152986984	0.00156713241	0.00148054345	0.00162798553	2.97372331e-05	5.79435395e-05	0	100	0	0	3
174	219	0	1.56113444	0.00158963204	0.00156720233	0.00148054345	0.00162798553	2.97372331e-05	5.79435395e-05	0	100	0	0	3
175	220	0	1.57010648	0.00151995362	0.00156728192	0.00148054345	0.00162798553	2.81733228e-05	5.79435395e-05	0	100	0	0	3
176	222	0	1.57907851	0.00157822507	0.00156732128	0.00148054345	0.00162798553	2.81733228e-05	5.79435395e-05	0	100	0	0	3
177	224	0	1.58805055	0.00150077291	0.00156715433	0.00148054345	0.00162798553	2.69826997e-05	5.79435395e-05	0	100	0	0	3
178	225	0	1.59702259	0.00156199473	0.00156705293	0.00148054345	0.00162798553	2.69826997e-05	5.79435395e-05	0	100	0	0	3
179	226	0	1.60599462	0.0014939035	0.00156675262	0.00148054345	0.00162798553	2.55101174e-05	5.79435395e-05	0	100	0	0	3
180	228	0	1.61496666	0.00155852816	0.00156636408	0.00148054345	0.00162798553	2.55101174e-05	5.79435395e-05	0	100	0	0	3
181	229	0	1.6239387	0.00150014435	0.00156595115	0.00148054345	0.00162798553	2.36116716e-05	5.79435395e-05	0	100	0	0	3
182	230	0	1.63291074	0.00157209442	0.00156542088	0.00148054345	0.00162798553	2.36116716e-05	5.79435395e-05	0	100	0	0	3
183	232	0	1.64188277	0.00150696185	0.00156502953	0.00148054345	0.00162798553	2.15792169e-05	5.79435395e-05	0	100	0	0	3
184	233	0	1.65085481	0.00157691497	0.0015643956	0.00148054345	0.00162798553	2.14353542e-05	5.79435395e-05	0	100	0	0	3
185	235	0	1.65982685	0.00151450979	0.00156387944	0.00148054345	0.00162798553	1.92815295e-05	5.79435395e-05	0	100	0	0	3
186	236	0	1.66879888	0.00158259657	0.00156324327	0.00148054345	0.00162798553	1.90971422e-05	5.79435395e-05	0	100	0	0	3
187	238	0	1.67777092	0.00152722275	0.00156267222	0.00148054345	0.00162798553	1.65915713e-05	5.79435395e-05	0	100	0	0	3
188	239	0	1.68674296	0.00160068437	0.00156220462	0.00148054345	0.00162798553	1.58080365e-05	5.79435395e-05	0	100	0	0	3
189	241	0	1.69571499	0.0015255	0.00156118673	0.00148054345	0.00162798553	1.39868616e-05	5.79435395e-05	0	100	0	0	3
190	242	0	1.70468703	0.00160848376	0.0015611438	0.00148054345	0.00162798553	1.29672772e-05	5.79435395e-05	0	100	0	0	3
191	244	0	1.71365907	0.00155864623	0.00156060258	0.00148054345	0.00162798553	1.07733207e-05	5.79435395e-05	0	100	0	0	3
192	246	0	1.72263111	0.00160311246	0.00156015842	0.00148054345	0.00162243726	1.06591044e-05	5.79435395e-05	0	100	0	0	3
193	247	0	1.73160314	0.0015796294	0.00156047535	0.00148054345	0.00162243726	1.03231127e-05	5.79435395e-05	0	100	0	0	3
194	249	0	1.74057518	0.00161348181	0.00156031543	0.00148054345	0.00161932621	1.03231127e-05	5.79435395e-05	0	100	0	0	3
195	250	0	1.74954722	0.00154732696	0.00156030249	0.00148054345	0.00161932621	1.03231127e-05	5.79435395e-05	0	100	0	0	3
196	252	0	1.75851925	0.00163197157	0.00156057844	0.00148054345	0.00163197157	1.03231127e-05	5.79435395e-05	0	100	0	0	3
197	253	0	1.76749129	0.00152963176	0.00156053828	0.00148054345	0.00163197157	1.03231127e-05	5.79435395e-05	0	100	0	0	3
198	255	0	1.77646333	0.00162887814	0.00156096309	0.00148054345	0.00163197157	1.03231127e-05	5.79435395e-05	0	100	0	0	3
199	256	0	1.78543536	0.0015220117	0.00156110724	0.00148054345	0.00163197157	1.03231127e-05	5.79435395e-05	0	100	0	0	3
200	257	0	1.7944074	0.00160249633	0.00156115317	0.00148054345	0.00163197157	1.03231127e-05	5.79435395e-05	0	100	0	0	3
201	262	0	1.80337944	0.0015385411	0.00156180335	0.00148054345	0.00163197157	1.03231127e-05	5.79435395e-05	0	100	0	0	3
202	263	0	1.81235148	0.00159611482	0.00156180568	0.00148054345	0.00163197157	1.03231127e-05	5.79435395e-05	0	100	0	0	3
203	265	0	1.82132351	0.0015320486	0.00156238615	0.00148054345	0.00163197157	1.03231127e-05	5.79435395e-05	0	100	0	0	3
204	266	0	1.83029555	0.0016108383	0.00156260908	0.00148054345	0.00163197157	1.03231127e-05	5.79435395e-05	0	100	0	0	3
205	267	0	1.83926759	0.00153228382	0.00156326017	0.00148054345	0.00163197157	1.03231127e-05	5.79435395e-05	0	100	0	0	3
206	269	0	1.84823962	0.00159540257	0.00156307872	0.00148054345	0.00163197157	9.36447581e-06	5.79435395e-05	0	100	0	0	3
207	270	0	1.85721166	0.00155455108	0.00156440028	0.0014939035	0.00163197157	9.36447581e-06	5.79435395e-05	0	100	0	0	3
208	271	0	1.8661837	0.00160601169	0.001564555	0.0014939035	0.00163197157	8.99222337e-06	5.79435395e-05	0	100	0	0	3
209	273	0	1.87515573	0.00156820857	0.00156579585	0.0014939035	0.00163197157	8.99222337e-06	5.79435395e-05	0	100	0	0	3
210	275	0	1.88412777	0.00161401124	0.00156609435	0.0014939035	0.00163197157	8.99222337e-06	5.79435395e-05	0	100	0	0	3
211	276	0	1.89309981	0.00156122876	0.00156671187	0.0014939035	0.00163197157	8.99222337e-06	5.79435395e-05	0	100	0	0	3
212	277	0	1.90207185	0.00161565509	0.00156678211	0.0014939035	0.00163197157	8.99222337e-06	5.79435395e-05	0	100	0	0	3
213	278	0	1.91104388	0.00156051202	0.00156708722	0.0014939035	0.00163197157	8.99222337e-06	5.79435395e-05	0	100	0	0	3
214	280	0	1.92001592	0.0016148621	0.00156700751	0.0014939035	0.00163197157	8.99222337e-06	5.79435395e-05	0	100	0	0	3
215	282	0	1.92898796	0.00155272068	0.0015672042	0.0014939035	0.00163197157	8.99222337e-06	5.79435395e-05	0	100	0	0	3
216	283	0	1.93795999	0.00160866512	0.00156718018	0.0014939035	0.00163197157	8.99222337e-06	5.79435395e-05	0	100	0	0	3
217	285	0	1.94693203	0.00155381794	0.00156738612	0.0014939035	0.00163197157	8.47263626e-06	5.79435395e-05	0	100	0	0	3
218	287	0	1.95590407	0.00161000488	0.00156747838	0.0014939035	0.00163197157	8.4090084e-06	5.79435395e-05	0	100	0	0	3
219	288	0	1.9648761	0.0015462782	0.00156763539	0.0014939035	0.00163197157	7.96377296e-06	5.79435395e-05	0	100	0	0	3
220	289	0	1.97384814	0.0016063032	0.00156764017	0.0014939035	0.00163197157	7.94331737e-06	5.79435395e-05	0	100	0	0	3
221	291	0	1.98282018	0.00154214649	0.00156758528	0.0014939035	0.00163197157	7.72737984e-06	5.79435395e-05	0	100	0	0	3
222	292	0	1.99179222	0.00159613907	0.00156736071	0.0014939035	0.00163197157	7.72737984e-06	5.79435395e-05	0	100	0	0	3
223	294	0	2.00076425	0.00153626321	0.00156723028	0.0014939035	0.00163197157	7.50109109e-06	5.79435395e-05	0	100	0	0	3
224	295	0	2.00973629	0.00159588235	0.00156705697	0.0014939035	0.00163197157	7.48174849e-06	5.79435395e-05	0	100	0	0	3
225	297	0	2.01870833	0.00153023899	0.00156704506	0.0014939035	0.00163197157	7.48174849e-06	5.79435395e-05	0	100	0	0	3
226	299	0	2.02768036	0.00159041647	0.00156698978	0.0014939035	0.00163197157	7.48174849e-06	5.79435395e-05	0	100	0	0	3
227	300	0	2.0366524	0.00152615953	0.00156702492	0.0014939035	0.00163197157	7.48174849e-06	5.79435395e-05	0	100	0	0	3
228	302	0	2.04562444	0.00157453183	0.00156669673	0.0014939035	0.00163197157	7.48174849e-06	5.79435395e-05	0	100	0	0	3
229	304	0	2.05459647	0.00151428455	0.00156641842	0.0014939035	0.00163197157	7.48174849e-06	5.79435395e-05	0	100	0	0	3
230	305	0	2.06356851	0.00156950798	0.00156605906	0.0014939035	0.00163197157	7.48174849e-06	5.79435395e-05	0	100	0	0	3
231	307	0	2.07254055	0.00150883712	0.00156586055	0.0014939035	0.00163197157	7.48174849e-06	5.79435395e-05	0	100	0	0	3
232	308	0	2.08151259	0.00157066517	0.00156572555	0.0014939035	0.00163197157	7.48174849e-06	5.79435395e-05	0	100	0	0	3
233	310	0	2.09048462	0.00151832551	0.00156603899	0.0014939035	0.00163197157	7.48174849e-06	5.79435395e-05	0	100	0	0	3
234	312	0	2.09945666	0.00157939451	0.0015663497	0.0014939035	0.00163197157	7.48174849e-06	5.79435395e-05	0	100	0	0	3
235	314	0	2.1084287	0.00152016431	0.00156681865	0.00150014435	0.00163197157	7.48174849e-06	5.79435395e-05	0	100	0	0	3
236	315	0	2.11740073	0.00157370927	0.00156708974	0.00150014435	0.00163197157	7.48174849e-06	5.79435395e-05	0	100	0	0	3
237	317	0	2.12637277	0.00151217155	0.00156730451	0.00150696185	0.00163197157	7.48174849e-06	5.79435395e-05	0	100	0	0	3
238	318	0	2.13534481	0.00156612096	0.00156719784	0.00150696185	0.00163197157	7.48174849e-06	5.79435395e-05	0	100	0	0	3
239	320	0	2.14431684	0.00150770865	0.00156721118	0.00150770865	0.00163197157	7.48174849e-06	5.79435395e-05	0	100	0	0	3
240	322	0	2.15328888	0.00157564844	0.00156718856	0.00150770865	0.00163197157	7.48174849e-06	5.79435395e-05	0	100	0	0	3
241	323	0	2.16226092	0.00152430051	0.00156736339	0.00150770865	0.00163197157	7.48174849e-06	5.79435395e-05	0	100	0	0	3
242	325	0	2.17123296	0.00158864814	0.00156747146	0.00150770865	0.00163197157	7.48174849e-06	5.79435395e-05	0	100	0	0	3
243	327	0	2.18020499	0.00153477886	0.00156760639	0.00150770865	0.00163197157	7.48174849e-06	5.79435395e-05	0	100	0	0	3
244	328	0	2.18917703	0.00159239729	0.0015674584	0.00150770865	0.00163197157	7.48174849e-06	5.79435395e-05	0	100	0	0	3
245	330	0	2.19814907	0.00152681507	0.00156748189	0.00150770865	0.00163197157	7.48174849e-06	5.79435395e-05	0	100	0	0	3
246	332	0	2.2071211	0.00158036586	0.00156697978	0.00150770865	0.00163197157	7.48174849e-06	5.79435395e-05	0	100	0	0	3
247	333	0	2.21609314	0.00151849725	0.00156626284	0.00150770865	0.00163197157	7.48174849e-06	5.79435395e-05	0	100	0	0	3
248	335	0	2.22506518	0.00157268131	0.00156571942	0.00150770865	0.00163197157	7.33767963e-06	5.79435395e-05	0	100	0	0	3
249	337	0	2.23403721	0.00151715232	0.00156460376	0.00150770865	0.00163197157	7.33767963e-06	5.79435395e-05	0	100	0	0	3
250	338	0	2.24300925	0.00158283049	0.00156405642	0.00150770865	0.00163197157	7.33767963e-06	5.79435395e-05	0	100	0	0	3
251	340	0	2.25198129	0.00152428426	0.00156364494	0.00150770865	0.00163197157	7.10189378e-06	5.79435395e-05	0	100	0	0	3
252	342	0	2.26095333	0.00158322426	0.00156277445	0.00150770865	0.00162887814	7.10189378e-06	5.79435395e-05	0	100	0	0	3
253	344	0	2.26992536	0.00151911964	0.00156258673	0.00150770865	0.00162887814	6.67707617e-06	5.79435395e-05	0	100	0	0	3
254	345	0	2.2788974	0.00156814828	0.00156150227	0.00150770865	0.00161565509	6.53293177e-06	5.79435395e-05	0	100	0	0	3
255	347	0	2.28786944	0.00150580419	0.00156121285	0.00150580419	0.00161565509	6.48699607e-06	5.79435395e-05	0	100	0	0	3
256	349	0	2.29684147	0.00156519637	0.00156054678	0.00150580419	0.00161565509	7.09338793e-06	5.79435395e-05	0	100	0	0	3
257	351	0	2.30581351	0.00150277525	0.00155990811	0.00150277525	0.00161565509	7.73206374e-06	5.79435395e-05	0	100	0	0	3
258	352	0	2.31478555	0.00157098578	0.00155945937	0.00150277525	0.00161565509	8.18079658e-06	5.79435395e-05	0	100	0	0	3
259	354	0	2.32375758	0.00151354069	0.00155912888	0.00150277525	0.00161565509	8.51129498e-06	5.79435395e-05	0	100	0	0	3
260	356	0	2.33272962	0.00157452876	0.00155848049	0.00150277525	0.00161565509	9.15967965e-06	5.79435395e-05	0	100	0	0	3
261	357	0	2.34170166	0.00151186226	0.00155811582	0.00150277525	0.00161565509	9.52435023e-06	5.79435395e-05	0	100	0	0	3
262	359	0	2.3506737	0.00157303147	0.00155771634	0.00150277525	0.00161565509	9.9238342e-06	5.79435395e-05	0	100	0	0	3
263	360	0	2.35964573	0.00150289823	0.00155679396	0.00150277525	0.00161565509	1.08462064e-05	5.79435395e-05	0	100	0	0	3
264	362	0	2.36861777	0.00156832357	0.00155612096	0.00150277525	0.00161565509	1.15192085e-05	5.79435395e-05	0	100	0	0	3
265	364	0	2.37758981	0.00150583222	0.0015550071	0.00150277525	0.00161565509	1.26330719e-05	5.79435395e-05	0	100	0	0	3
266	366	0	2.38656184	0.00156978794	0.0015542174	0.00150277525	0.00161565509	1.34227736e-05	5.79435395e-05	0	100	0	0	3
267	367	0	2.39553388	0.00151384998	0.00155337135	0.00150277525	0.00161565509	1.42688231e-05	5.79435395e-05	0	100	0	0	3
268	369	0	2.40450592	0.00158539596	0.00155283101	0.00150277525	0.0016148621	1.48091647e-05	5.79435395e-05	0	100	0	0	3
269	371	0	2.41347795	0.00152095899	0.0015521247	0.00150277525	0.0016148621	1.55154688e-05	5.79435395e-05	0	100	0	0	3
270	372	0	2.42244999	0.0015903307	0.00155168664	0.00150277525	0.00161000488	1.59535295e-05	5.79435395e-05	0	100	0	0	3
271	374	0	2.43142203	0.00152891726	0.00155126158	0.00150277525	0.00161000488	1.63785906e-05	5.79435395e-05	0	100	0	0	3
272	375	0	2.44039407	0.00159060304	0.00155093904	0.00150277525	0.00161000488	1.67011278e-05	5.79435395e-05	0	100	0	0	3
273	377	0	2.4493661	0.00152996871	0.00155051316	0.00150277525	0.00161000488	1.71270069e-05	5.79435395e-05	0	100	0	0	3
274	379	0	2.45833814	0.00159417112	0.00155023042	0.00150277525	0.0016063032	1.74097526e-05	5.79435395e-05	0	100	0	0	3
275	380	0	2.46731018	0.00152391775	0.00154983112	0.00150277525	0.0016063032	1.78090463e-05	5.79435395e-05	0	100	0	0	3
276	382	0	2.47628221	0.00158434697	0.00154943905	0.00150277525	0.00159613907	1.81673393e-05	5.79435395e-05	0	100	0	0	3
277	383	0	2.48525425	0.00151487213	0.00154895201	0.00150277525	0.00159613907	1.86543814e-05	5.79435395e-05	0	100	0	0	3
278	385	0	2.49422629	0.00156882919	0.00154846433	0.00150277525	0.00159588235	1.91420577e-05	5.79435395e-05	0	100	0	0	3
279	387	0	2.50319832	0.00150289184	0.00154786841	0.00150277525	0.00159588235	1.97379751e-05	5.79435395e-05	0	100	0	0	3
280	388	0	2.51217036	0.00156455094	0.00154730892	0.00150277525	0.00159417112	2.02974646e-05	5.79435395e-05	0	100	0	0	3
281	390	0	2.5211424	0.00149729079	0.00154672056	0.00149729079	0.00159417112	2.08858253e-05	5.79435395e-05	0	100	0	0	3
282	391	0	2.53011444	0.0015625424	0.00154622281	0.00149729079	0.00159417112	2.13835766e-05	5.79435395e-05	0	100	0	0	3
283	393	0	2.53908647	0.00149875335	0.00154573342	0.00149729079	0.00159417112	2.18729727e-05	5.79435395e-05	0	100	0	0	3
284	394	0	2.54805851	0.00155839149	0.0015454452	0.00149729079	0.00159417112	2.2161193e-05	5.79435395e-05	0	100	0	0	3
285	396	0	2.55703055	0.00149841083	0.00154516174	0.00149729079	0.00159417112	2.24446523e-05	5.79435395e-05	0	100	0	0	3
286	398	0	2.56600258	0.00156366257	0.00154505735	0.00149729079	0.00159417112	2.25490346e-05	5.79435395e-05	0	100	0	0	3
287	399	0	2.57497462	0.00149620492	0.00154483178	0.00149620492	0.00159417112	2.27746095e-05	5.79435395e-05	0	100	0	0	3
288	400	0	2.58394666	0.0015603395	0.00154464739	0.00149620492	0.00159417112	2.29589963e-05	5.79435395e-05	0	100	0	0	3
289	402	0	2.59291869	0.0014971689	0.0015442696	0.00149620492	0.00159417112	2.3336793e-05	5.79435395e-05	0	100	0	0	3
290	403	0	2.60189073	0.00156020666	0.00154392695	0.00149620492	0.00159417112	2.36794331e-05	5.79435395e-05	0	100	0	0	3
291	405	0	2.61086277	0.00150032799	0.00154357273	0.00149620492	0.00159417112	2.4033653e-05	5.79435395e-05	0	100	0	0	3
292	406	0	2.61983481	0.00156920556	0.00154349231	0.00149620492	0.00159417112	2.41140764e-05	5.79435395e-05	0	100	0	0	3
293	408	0	2.62880684	0.00150161457	0.00154330379	0.00149620492	0.00159417112	2.4302594e-05	5.79435395e-05	0	100	0	0	3
294	409	0	2.63777888	0.00156874152	0.00154335059	0.00149620492	0.00159417112	2.4302594e-05	5.79435395e-05	0	100	0	0	3
295	411	0	2.64675092	0.00150332411	0.00154327229	0.00149620492	0.00159417112	2.43340936e-05	5.79435395e-05	0	100	0	0	3
296	412	0	2.65572295	0.00156377011	0.00154306018	0.00149620492	0.00159417112	2.45462067e-05	5.79435395e-05	0	100	0	0	3
297	414	0	2.66469499	0.00150254609	0.00154267171	0.00149620492	0.00159417112	2.49346784e-05	5.79435395e-05	0	100	0	0	3
298	415	0	2.67366703	0.00157025363	0.00154234324	0.00149620492	0.00159417112	2.52631517e-05	5.79435395e-05	0	100	0	0	3
299	417	0	2.68263906	0.00150468593	0.00154180586	0.00149620492	0.00159417112	2.56760252e-05	5.79435395e-05	0	100	0	0	3
300	418	0	2.6916111	0.00157026802	0.0015414107	0.00149620492	0.00159417112	2.60711907e-05	5.79435395e-05	0	100	0	0	3
301	423	0	2.70058314	0.00150413513	0.0015410057	0.00149620492	0.00159417112	2.59740842e-05	5.79435395e-05	0	100	0	0	3
302	424	0	2.70955518	0.00156821556	0.00154078873	0.00149620492	0.00159417112	2.54741077e-05	5.79435395e-05	0	100	0	0	3
303	426	0	2.71852721	0.00150186219	0.00154049167	0.00149620492	0.00159417112	2.5227749e-05	5.79435395e-05	0	100	0	0	3
304	427	0	2.72749925	0.00156311003	0.00154032076	0.00149620492	0.00159417112	2.42830025e-05	5.79435395e-05	0	100	0	0	3
305	428	0	2.73647129	0.0014956204	0.00153993626	0.0014956204	0.00159417112	2.41201561e-05	5.79435395e-05	0	100	0	0	3
306	430	0	2.74544332	0.0015601871	0.00153953191	0.0014956204	0.00159417112	2.41130255e-05	5.79435395e-05	0	100	0	0	3
307	431	0	2.75441536	0.00149727894	0.00153904968	0.0014956204	0.00159417112	2.37247757e-05	5.79435395e-05	0	100	0	0	3
308	433	0	2.7633874	0.00156793587	0.00153877667	0.0014956204	0.00159417112	2.38100662e-05	5.79435395e-05	0	100	0	0	3
309	434	0	2.77235944	0.00150649259	0.00153855119	0.0014956204	0.00159417112	2.29510876e-05	5.79435395e-05	0	100	0	0	3
310	436	0	2.78133147	0.00157551993	0.00153868282	0.0014956204	0.00159417112	2.26616678e-05	5.79435395e-05	0	100	0	0	3
311	437	0	2.79030351	0.00150903514	0.00153874052	0.0014956204	0.00159417112	2.19955973e-05	5.79435395e-05	0	100	0	0	3
312	438	0	2.79927555	0.00157047581	0.00153883479	0.0014956204	0.00159417112	2.13569214e-05	5.79435395e-05	0	100	0	0	3
313	439	0	2.80824758	0.00150084411	0.00153880031	0.0014956204	0.00159417112	2.09081886e-05	5.79435395e-05	0	100	0	0	3
314	441	0	2.81721962	0.00155794831	0.0015385675	0.0014956204	0.00159417112	2.05776902e-05	5.79435395e-05	0	100	0	0	3
315	442	0	2.82619166	0.00149330404	0.00153820613	0.00149330404	0.00159417112	2.02743632e-05	5.79435395e-05	0	100	0	0	3
316	444	0	2.83516369	0.00155484131	0.00153785457	0.00149330404	0.00159417112	2.02612544e-05	5.79435395e-05	0	100	0	0	3
317	445	0	2.84413573	0.00149300733	0.00153751787	0.00149300733	0.00159417112	2.01984656e-05	5.79435395e-05	0	100	0	0	3
318	446	0	2.85310777	0.00155891131	0.00153726573	0.00149300733	0.00159417112	1.95282391e-05	5.79435395e-05	0	100	0	0	3
319	448	0	2.86207981	0.00149470792	0.00153711947	0.00149300733	0.00159417112	1.90014926e-05	5.79435395e-05	0	100	0	0	3
320	449	0	2.87105184	0.00155703466	0.00153691788	0.00149300733	0.00159417112	1.8089217e-05	5.79435395e-05	0	100	0	0	3
321	450	0	2.88002388	0.00148921342	0.00153662112	0.00148921342	0.00159417112	1.75962796e-05	5.79435395e-05	0	100	0	0	3
322	452	0	2.88899592	0.00155204115	0.00153630421	0.00148921342	0.00159417112	1.70671371e-05	5.79435395e-05	0	100	0	0	3
323	453	0	2.89796795	0.00148814874	0.00153584526	0.00148814874	0.00159417112	1.69857463e-05	5.79435395e-05	0	100	0	0	3
324	454	0	2.90693999	0.00155753856	0.00153534781	0.00148814874	0.00159417112	1.67768957e-05	5.79435395e-05	0	100	0	0	3
325	455	0	2.91591203	0.00149533024	0.00153489015	0.00148814874	0.00159417112	1.67964913e-05	5.79435395e-05	0	100	0	0	3
326	457	0	2.92488406	0.00156643589	0.00153446346	0.00148814874	0.00159417112	1.67981233e-05	5.79435395e-05	0	100	0	0	3
327	458	0	2.9338561	0.00150607727	0.0015340556	0.00148814874	0.00159417112	1.68834431e-05	5.79435395e-05	0	100	0	0	3
328	459	0	2.94282814	0.0015708613	0.00153370307	0.00148814874	0.00159417112	1.6810095e-05	5.79435395e-05	0	100	0	0	3
329	461	0	2.95180018	0.00151079185	0.00153336062	0.00148814874	0.00159417112	1.68697932e-05	5.79435395e-05	0	100	0	0	3
330	462	0	2.96077221	0.00157842245	0.0015330794	0.00148814874	0.00158434697	1.67517256e-05	5.79435395e-05	0	100	0	0	3
331	463	0	2.96974425	0.00150887387	0.00153281076	0.00148814874	0.00158434697	1.66282908e-05	5.79435395e-05	0	100	0	0	3
332	465	0	2.97871629	0.00158169323	0.00153276337	0.00148814874	0.00158169323	1.6188637e-05	5.79435395e-05	0	100	0	0	3
333	466	0	2.98768832	0.00152962726	0.00153302685	0.00148814874	0.00158169323	1.57009606e-05	5.79435395e-05	0	100	0	0	3
334	467	0	2.99666036	0.0015939364	0.0015334752	0.00148814874	0.0015939364	1.51050433e-05	5.79435395e-05	0	100	0	0	3
335	468	0	3.0056324	0.00153873595	0.00153411527	0.00148814874	0.0015939364	1.45455537e-05	5.79435395e-05	0	100	0	0	3
336	470	0	3.01460443	0.00161507245	0.00153501744	0.00148814874	0.00161507245	1.3957193e-05	5.79435395e-05	0	100	0	0	3
337	471	0	3.02357647	0.00155083394	0.00153597357	0.00148814874	0.00161507245	1.34594418e-05	5.79435395e-05	0	100	0	0	3
338	472	0	3.03254851	0.00161810845	0.00153696582	0.00148814874	0.00161810845	1.29700457e-05	5.79435395e-05	0	100	0	0	3
339	473	0	3.04152055	0.00155076706	0.00153789464	0.00148814874	0.00161810845	1.26818253e-05	5.79435395e-05	0	100	0	0	3
340	475	0	3.05049258	0.00161959149	0.00153898749	0.00148814874	0.00161959149	1.23983661e-05	5.79435395e-05	0	100	0	0	3
341	476	0	3.05946462	0.00154940859	0.00153989817	0.00148814874	0.00161959149	1.22939838e-05	5.79435395e-05	0	100	0	0	3
342	477	0	3.06843666	0.00161373898	0.00154079239	0.00148814874	0.00161959149	1.20684089e-05	5.79435395e-05	0	100	0	0	3
343	478	0	3.07740869	0.00154465145	0.0015416575	0.00148814874	0.00161959149	1.1884022e-05	5.79435395e-05	0	100	0	0	3
344	479	0	3.08638073	0.00161393222	0.00154261452	0.00148814874	0.00161959149	1.15062253e-05	5.79435395e-05	0	100	0	0	3
345	481	0	3.09535277	0.00154153265	0.00154340673	0.00148814874	0.00161959149	1.11635852e-05	5.79435395e-05	0	100	0	0	3
346	482	0	3.1043248	0.00160404711	0.00154418959	0.00148814874	0.00161959149	1.1426223e-05	5.79435395e-05	0	100	0	0	3
347	483	0	3.11329684	0.00153403655	0.00154479153	0.00148814874	0.00161959149	1.20281615e-05	5.79435395e-05	0	100	0	0	3
348	484	0	3.12226888	0.00160184238	0.00154537433	0.00148814874	0.00161959149	1.26109618e-05	5.79435395e-05	0	100	0	0	3
349	486	0	3.13124092	0.00152788168	0.00154584339	0.00148814874	0.00161959149	1.30800175e-05	5.79435395e-05	0	100	0	0	3
350	487	0	3.14021295	0.00159688492	0.00154634595	0.00148814874	0.00161959149	1.35825781e-05	5.79435395e-05	0	100	0	0	3
351	488	0	3.14918499	0.00153182941	0.00154685497	0.00148814874	0.00161959149	1.40916012e-05	5.79435395e-05	0	100	0	0	3
352	489	0	3.15815703	0.00158753376	0.00154727932	0.00148814874	0.00161959149	1.45159522e-05	5.79435395e-05	0	100	0	0	3
353	491	0	3.16712906	0.00152826483	0.00154773859	0.00148814874	0.00161959149	1.49752154e-05	5.79435395e-05	0	100	0	0	3
354	492	0	3.1761011	0.00160051165	0.00154827891	0.00148814874	0.00161959149	1.5515537e-05	5.79435395e-05	0	100	0	0	3
355	493	0	3.18507314	0.00153251295	0.00154877582	0.00148814874	0.00161959149	1.60124481e-05	5.79435395e-05	0	100	0	0	3
356	494	0	3.19404517	0.00160487175	0.00154939374	0.00148814874	0.00161959149	1.66303718e-05	5.79435395e-05	0	100	0	0	3
357	495	0	3.20301721	0.00154351315	0.00155009692	0.00148814874	0.00161959149	1.73335508e-05	5.79435395e-05	0	100	0	0	3
358	497	0	3.21198925	0.00159765885	0.00155062269	0.00148814874	0.00161959149	1.78593239e-05	5.79435395e-05	0	100	0	0	3
359	498	0	3.22096129	0.0015292638	0.00155111201	0.00148814874	0.00161959149	1.83486384e-05	5.79435395e-05	0	100	0	0	3
360	499	0	3.22993332	0.00159026054	0.00155159684	0.00148814874	0.00161959149	1.88334688e-05	5.79435395e-05	0	100	0	0	3
361	500	0	3.23890536	0.00151705505	0.0015519796	0.00148814874	0.00161959149	1.92162305e-05	5.79435395e-05	0	100	0	0	3
362	501	0	3.2478774	0.00157957186	0.00155232576	0.00148814874	0.00161959149	1.95623869e-05	5.79435395e-05	0	100	0	0	3
363	502	0	3.25684943	0.00152263702	0.00155277858	0.00148814874	0.00161959149	2.00152097e-05	5.79435395e-05	0	100	0	0	3
364	504	0	3.26582147	0.00157670838	0.00155293523	0.00148814874	0.00161959149	2.01718617e-05	5.79435395e-05	0	100	0	0	3
365	505	0	3.27479351	0.00151793594	0.00155313958	0.00148814874	0.00161959149	2.03762073e-05	5.79435395e-05	0	100	0	0	3
366	506	0	3.28376554	0.00157875075	0.00155319727	0.00148814874	0.00161959149	2.04339003e-05	5.79435395e-05	0	100	0	0	3
367	507	0	3.29273758	0.00151468868	0.00155329823	0.00148814874	0.00161959149	2.05348564e-05	5.79435395e-05	0	100	0	0	3
368	508	0	3.30170962	0.0015800356	0.00155346894	0.00148814874	0.00161959149	2.07055669e-05	5.79435395e-05	0	100	0	0	3
369	510	0	3.31068166	0.00152294786	0.00155386365	0.00148814874	0.00161959149	2.11002768e-05	5.79435395e-05	0	100	0	0	3
370	511	0	3.31965369	0.00157838457	0.00155422858	0.00148814874	0.00161959149	2.146521e-05	5.79435395e-05	0	100	0	0	3
371	512	0	3.32862573	0.00151725507	0.00155465628	0.00148814874	0.00161959149	2.18929069e-05	5.79435395e-05	0	100	0	0	3
372	513	0	3.33759777	0.00158486563	0.00155519243	0.00148814874	0.00161959149	2.24290556e-05	5.79435395e-05	0	100	0	0	3
373	514	0	3.3465698	0.00151495982	0.00155558443	0.00148814874	0.00161959149	2.28210642e-05	5.79435395e-05	0	100	0	0	3
374	516	0	3.35554184	0.0015842026	0.00155603606	0.00148814874	0.00161959149	2.32726944e-05	5.79435395e-05	0	100	0	0	3
375	517	0	3.36451388	0.00152261594	0.00155653442	0.00148814874	0.00161959149	2.3771052e-05	5.79435395e-05	0	100	0	0	3
376	518	0	3.37348591	0.00158115208	0.00155696509	0.00148814874	0.00161959149	2.42017202e-05	5.79435395e-05	0	100	0	0	3
377	519	0	3.38245795	0.00151537678	0.00155743229	0.00148814874	0.00161959149	2.4668923e-05	5.79435395e-05	0	100	0	0	3
378	520	0	3.39142999	0.0015840229	0.0015580034	0.00148814874	0.00161959149	2.52400258e-05	5.79435395e-05	0	100	0	0	3
379	522	0	3.40040203	0.00151640591	0.00155850799	0.00149533024	0.00161959149	2.5744618e-05	5.79435395e-05	0	100	0	0	3
380	523	0	3.40937406	0.00158598755	0.00155901601	0.00149533024	0.00161959149	2.62526356e-05	5.79435395e-05	0	100	0	0	3
381	524	0	3.4183461	0.00152624254	0.00155956801	0.00150607727	0.00161959149	2.6804641e-05	5.79435395e-05	0	100	0	0	3
382	525	0	3.42731814	0.0015952747	0.00156008299	0.00150607727	0.00161959149	2.73196197e-05	5.79435395e-05	0	100	0	0	3
383	526	0	3.43629017	0.00154092078	0.0015607052	0.00150887387	0.00161959149	2.79418254e-05	5.79435395e-05	0	100	0	0	3
384	528	0	3.44526221	0.00160244084	0.00156126912	0.00150887387	0.00161959149	2.85057457e-05	5.79435395e-05	0	100	0	0	3
385	529	0	3.45423425	0.00156582475	0.00156225185	0.00150887387	0.00161959149	2.9488476e-05	5.79435395e-05	0	100	0	0	3
386	530	0	3.46320628	0.00161524626	0.00156290941	0.00150887387	0.00161959149	3.0146044e-05	5.79435395e-05	0	100	0	0	3
387	531	0	3.47217832	0.00154116624	0.00156348606	0.00151468868	0.00161959149	3.07226935e-05	5.79435395e-05	0	100	0	0	3
388	533	0	3.48115036	0.00162510893	0.00156426134	0.00151468868	0.00162510893	3.12344894e-05	5.79435395e-05	0	100	0	0	3
389	534	0	3.4901224	0.00153018224	0.00156427125	0.00151468868	0.00162510893	3.07960567e-05	5.79435395e-05	0	100	0	0	3
390	535	0	3.49909443	0.00164947152	0.00156526295	0.00151468868	0.00164947152	3.11476818e-05	5.79435395e-05	0	100	0	0	3
391	536	0	3.50806647	0.00154571882	0.00156538765	0.00151468868	0.00164947152	3.0370206e-05	5.79435395e-05	0	100	0	0	3
392	538	0	3.51703851	0.00162769609	0.00156561307	0.00151468868	0.00164947152	2.96395003e-05	5.79435395e-05	0	100	0	0	3
393	539	0	3.52601054	0.0015733202	0.00156601461	0.00151468868	0.00164947152	2.90487898e-05	5.79435395e-05	0	100	0	0	3
394	540	0	3.53498258	0.00162070016	0.00156606089	0.00151468868	0.00164947152	2.8166254e-05	5.79435395e-05	0	100	0	0	3
395	541	0	3.54395462	0.00155506141	0.00156613757	0.00151468868	0.00164947152	2.71500818e-05	5.79435395e-05	0	100	0	0	3
396	542	0	3.55292665	0.00163582375	0.00156642744	0.00151468868	0.00164947152	2.65292693e-05	5.79435395e-05	0	100	0	0	3
397	544	0	3.56189869	0.00153904382	0.00156624235	0.00151468868	0.00164947152	2.56350478e-05	5.79435395e-05	0	100	0	0	3
398	545	0	3.57087073	0.00161121761	0.00156619733	0.00151468868	0.00164947152	2.47699313e-05	5.79435395e-05	0	100	0	0	3
399	546	0	3.57984277	0.00157301174	0.00156670376	0.00151468868	0.00164947152	2.40892426e-05	5.79435395e-05	0	100	0	0	3
400	547	0	3.5888148	0.00162026106	0.00156681678	0.00151468868	0.00164947152	2.34100476e-05	5.79435395e-05	0	100	0	0	3
401	552	0	3.59778684	0.00157378766	0.00156739276	0.00151468868	0.00164947152	2.32031648e-05	5.79435395e-05	0	100	0	0	3
402	553	0	3.60675888	0.00162351401	0.00156774038	0.00151468868	0.00164947152	2.29488495e-05	5.79435395e-05	0	100	0	0	3
403	554	0	3.61573091	0.00155057701	0.00156803575	0.00151468868	0.00164947152	2.26614147e-05	5.79435395e-05	0	100	0	0	3
404	555	0	3.62470295	0.00159668659	0.00156794368	0.00151468868	0.00164947152	2.2192359e-05	5.79435395e-05	0	100	0	0	3
405	557	0	3.63367499	0.0015344658	0.00156806125	0.00151468868	0.00164947152	2.17153043e-05	5.79435395e-05	0	100	0	0	3
406	558	0	3.64264702	0.00159200033	0.00156797403	0.00151468868	0.00164947152	2.12062811e-05	5.79435395e-05	0	100	0	0	3
407	559	0	3.65161906	0.00154440756	0.00156819864	0.00151468868	0.00164947152	2.09193154e-05	5.79435395e-05	0	100	0	0	3
408	560	0	3.6605911	0.0016087767	0.00156857798	0.00151468868	0.00164947152	2.08393904e-05	5.79435395e-05	0	100	0	0	3
409	561	0	3.66956314	0.00154615295	0.00156889741	0.00151468868	0.00164947152	2.06184994e-05	5.79435395e-05	0	100	0	0	3
410	562	0	3.67853517	0.00159888712	0.0015688684	0.00151468868	0.00164947152	2.01215883e-05	5.79435395e-05	0	100	0	0	3
411	564	0	3.68750721	0.00153023343	0.00156882769	0.00151468868	0.00164947152	1.95036646e-05	5.79435395e-05	0	100	0	0	3
412	565	0	3.69647925	0.0015731963	0.00156826206	0.00151468868	0.00164947152	1.88004856e-05	5.79435395e-05	0	100	0	0	3
413	566	0	3.70545128	0.00151225116	0.00156770381	0.00151225116	0.00164947152	1.82747126e-05	5.79435395e-05	0	100	0	0	3
414	567	0	3.71442332	0.00157536029	0.00156730562	0.00151225116	0.00164947152	1.77853981e-05	5.79435395e-05	0	100	0	0	3
415	569	0	3.72339536	0.00151714443	0.0015670892	0.00151225116	0.00164947152	1.73005676e-05	5.79435395e-05	0	100	0	0	3
416	570	0	3.73236739	0.00158844301	0.00156705675	0.00151225116	0.00164947152	1.6917806e-05	5.79435395e-05	0	100	0	0	3
417	571	0	3.74133943	0.00153215382	0.00156732637	0.00151225116	0.00164947152	1.65716496e-05	5.79435395e-05	0	100	0	0	3
418	572	0	3.75031147	0.00159296335	0.0015675655	0.00151225116	0.00164947152	1.61188267e-05	5.79435395e-05	0	100	0	0	3
419	573	0	3.75928351	0.00152735641	0.00156764978	0.00151225116	0.00164947152	1.59621748e-05	5.79435395e-05	0	100	0	0	3
420	574	0	3.76825554	0.00158405003	0.00156778088	0.00151225116	0.00164947152	1.57578292e-05	5.79435395e-05	0	100	0	0	3
421	576	0	3.77722758	0.00151037768	0.00156764591	0.00151037768	0.00164947152	1.57001361e-05	5.79435395e-05	0	100	0	0	3
422	577	0	3.78619962	0.00157080952	0.0015675041	0.00151037768	0.00164947152	1.55991801e-05	5.79435395e-05	0	100	0	0	3
423	578	0	3.79517165	0.00150497263	0.0015673306	0.00150497263	0.00164947152	1.54284696e-05	5.79435395e-05	0	100	0	0	3
424	579	0	3.80414369	0.00157191801	0.00156718564	0.00150497263	0.00164947152	1.50337597e-05	5.79435395e-05	0	100	0	0	3
425	581	0	3.81311573	0.00151049957	0.00156696335	0.00150497263	0.00164947152	1.46688264e-05	5.79435395e-05	0	100	0	0	3
426	582	0	3.82208776	0.00157015959	0.00156681648	0.00150497263	0.00164947152	1.42411295e-05	5.79435395e-05	0	100	0	0	3
427	583	0	3.8310598	0.0015044851	0.00156658844	0.0015044851	0.00164947152	1.37049809e-05	5.79435395e-05	0	100	0	0	3
428	584	0	3.84003184	0.00156389683	0.001566214	0.0015044851	0.00164947152	1.33129722e-05	5.79435395e-05	0	100	0	0	3
429	586	0	3.84900388	0.00148968775	0.00156576271	0.00148968775	0.00164947152	1.2861342e-05	5.79435395e-05	0	100	0	0	3
430	587	0	3.85797591	0.00155078617	0.00156516599	0.00148968775	0.00164947152	1.23629844e-05	5.79435395e-05	0	100	0	0	3
431	588	0	3.86694795	0.001481581	0.00156443322	0.001481581	0.00164947152	1.19323163e-05	5.79435395e-05	0	100	0	0	3
432	589	0	3.87591999	0.00154143158	0.00156372393	0.001481581	0.00164947152	1.14651134e-05	5.79435395e-05	0	100	0	0	3
433	591	0	3.88489202	0.0014787314	0.00156306955	0.0014787314	0.00164947152	1.08940106e-05	5.79435395e-05	0	100	0	0	3
434	592	0	3.89386406	0.00154453851	0.00156236447	0.0014787314	0.00164947152	1.03894184e-05	5.79435395e-05	0	100	0	0	3
435	593	0	3.9028361	0.00147476659	0.00156162091	0.00147476659	0.00164947152	9.88140085e-06	5.79435395e-05	0	100	0	0	3
436	594	0	3.91180813	0.00153856696	0.00156077411	0.00147476659	0.00164947152	9.3293954e-06	5.79435395e-05	0	100	0	0	3
437	596	0	3.92078017	0.00147161519	0.00155979862	0.00147161519	0.00164947152	9.0987816e-06	5.79435395e-05	0	100	0	0	3
438	597	0	3.92975221	0.00152890894	0.00155861352	0.00147161519	0.00164947152	1.02838844e-05	5.79435395e-05	0	100	0	0	3
439	598	0	3.93872425	0.00146539785	0.0015572649	0.00146539785	0.00164947152	1.16325081e-05	5.79435395e-05	0	100	0	0	3
440	599	0	3.94769628	0.00153315014	0.00155602756	0.00146539785	0.00164947152	1.28698421e-05	5.79435395e-05	0	100	0	0	3
441	601	0	3.95666832	0.00147098088	0.00155433392	0.00146539785	0.00164947152	1.45634826e-05	5.79435395e-05	0	100	0	0	3
442	602	0	3.96564036	0.00154606179	0.00155309849	0.00146539785	0.00164947152	1.57989197e-05	5.79435395e-05	0	100	0	0	3
443	603	0	3.97461239	0.0014893938	0.00155217398	0.00146539785	0.00164947152	1.67234274e-05	5.79435395e-05	0	100	0	0	3
444	605	0	3.98358443	0.001560183	0.00155101459	0.00146539785	0.00164947152	1.7882819e-05	5.79435395e-05	0	100	0	0	3
445	606	0	3.99255647	0.00148927163	0.00155028404	0.00146539785	0.00164947152	1.86133657e-05	5.79435395e-05	0	100	0	0	3
446	608	0	4.0015285	0.00157536423	0.0015489607	0.00146539785	0.00163582375	1.99367102e-05	5.79435395e-05	0	100	0	0	3
