Iteration	CPUTime	PhysTime	Travels	Value	AvValue	MinValue	MaxValue	Delta	Criteria	PrevAvRefValue	Progress	CriteriaType	CriteriaVarType	CriteriaPercentage
1	6	0	0.00897264187	0.0426062035	0.0426062035	0.0426062035	0.0426062035	0	0	0	0	0	0	3
2	6	0	0.0179452837	0.00890624167	0.0257562226	0.00890624167	0.0426062035	0.0168499809	0	0	0	0	0	3
3	7	0	0.0269179256	0.00472352767	0.0187453243	0.00472352767	0.0426062035	0.0238608792	0	0	0	0	0	3
4	8	0	0.0358905675	0.00344964105	0.0149214035	0.00344964105	0.0426062035	0.0276848	0	0	0	0	0	3
5	9	0	0.0448632094	0.0025541543	0.0124479536	0.0025541543	0.0426062035	0.0301582498	0	0	0	0	0	3
6	10	0	0.0538358512	0.00316839444	0.0109013604	0.0025541543	0.0426062035	0.031704843	0	0	0	0	0	3
7	10	0	0.0628084931	0.00255070878	0.0097084102	0.00255070878	0.0426062035	0.0328977933	0	0	0	0	0	3
8	11	0	0.071781135	0.00278859394	0.00884343316	0.00255070878	0.0426062035	0.0337627703	0	0	0	0	0	3
9	12	0	0.0807537769	0.00267062962	0.0081575661	0.00255070878	0.0426062035	0.0344486374	0	0	0	0	0	3
10	13	0	0.0897264187	0.00339535975	0.00768134547	0.00255070878	0.0426062035	0.034924858	0	0	0	0	0	3
11	13	0	0.0986990606	0.00312895738	0.00726749201	0.00255070878	0.0426062035	0.0353387115	0	0	0	0	0	3
12	14	0	0.107671702	0.00317887455	0.00692677388	0.00255070878	0.0426062035	0.0356794296	0	0	0	0	0	3
13	15	0	0.116644344	0.00290115918	0.00661711122	0.00255070878	0.0426062035	0.0359890922	0	0	0	0	0	3
14	16	0	0.125616986	0.00301241775	0.00635963311	0.00255070878	0.0426062035	0.0362465703	0	0	0	0	0	3
15	16	0	0.134589628	0.00293508951	0.0061313302	0.00255070878	0.0426062035	0.0364748733	0	0	0	0	0	3
16	17	0	0.14356227	0.00299094702	0.00593505625	0.00255070878	0.0426062035	0.0366711472	0	0	0	0	0	3
17	18	0	0.152534912	0.00286578502	0.00575451089	0.00255070878	0.0426062035	0.0368516926	0	0	0	0	0	3
18	19	0	0.161507554	0.00293459947	0.00559784914	0.00255070878	0.0426062035	0.0370083543	0	0	0	0	0	3
19	19	0	0.170480196	0.00274714492	0.00544781208	0.00255070878	0.0426062035	0.0371583914	0	0	0	0	0	3
20	20	0	0.179452837	0.00283660205	0.00531725158	0.00255070878	0.0426062035	0.0372889519	0	0	0	0	0	3
21	21	0	0.188425479	0.0027820722	0.00519652875	0.00255070878	0.0426062035	0.0374096747	0	0	0	0	0	3
22	22	0	0.197398121	0.00294331369	0.00509410988	0.00255070878	0.0426062035	0.0375120936	0	0	0	0	0	3
23	22	0	0.206370763	0.00294920025	0.00500085294	0.00255070878	0.0426062035	0.0376053505	0	0	0	0	0	3
24	23	0	0.215343405	0.00302468363	0.00491851255	0.00255070878	0.0426062035	0.0376876909	0	0	0	0	0	3
25	24	0	0.224316047	0.00299537159	0.00484158692	0.00255070878	0.0426062035	0.0377646165	0	0	0	0	0	3
26	25	0	0.233288689	0.00300968196	0.00477112903	0.00255070878	0.0426062035	0.0378350744	0	0	0	0	0	3
27	26	0	0.242261331	0.00296693222	0.00470430693	0.00255070878	0.0426062035	0.0379018965	0	0	0	0	0	3
28	27	0	0.251233972	0.00299293503	0.0046431865	0.00255070878	0.0426062035	0.037963017	0	0	0	0	0	3
29	28	0	0.260206614	0.00295245377	0.00458488537	0.00255070878	0.0426062035	0.0380213181	0	0	0	0	0	3
30	29	0	0.269179256	0.00301373835	0.00453251381	0.00255070878	0.0426062035	0.0380736896	0	0	0	0	0	3
31	30	0	0.278151898	0.0029615223	0.00448183666	0.00255070878	0.0426062035	0.0381243668	0	0	0	0	0	3
32	31	0	0.28712454	0.00300815591	0.00443578414	0.00255070878	0.0426062035	0.0381704193	0	0	0	0	0	3
33	32	0	0.296097182	0.00291909994	0.00438982401	0.00255070878	0.0426062035	0.0382163794	0	0	0	0	0	3
34	33	0	0.305069824	0.0030038949	0.00434906139	0.00255070878	0.0426062035	0.0382571421	0	0	0	0	0	3
35	34	0	0.314042466	0.00288011003	0.00430709135	0.00255070878	0.0426062035	0.0382991121	0	0	0	0	0	3
36	35	0	0.323015107	0.00292213519	0.00426862035	0.00255070878	0.0426062035	0.0383375831	0	0	0	0	0	3
37	35	0	0.331987749	0.00279758567	0.00422886265	0.00255070878	0.0426062035	0.0383773408	0	0	0	0	0	3
38	36	0	0.340960391	0.00280035082	0.00419127024	0.00255070878	0.0426062035	0.0384149332	0	0	0	0	0	3
39	37	0	0.349933033	0.00269042039	0.00415278691	0.00255070878	0.0426062035	0.0384534166	0	0	0	0	0	3
40	38	0	0.358905675	0.00272113032	0.00411699549	0.00255070878	0.0426062035	0.038489208	0	0	0	0	0	3
41	39	0	0.367878317	0.00262439808	0.00408059068	0.00255070878	0.0426062035	0.0385256128	0	0	0	0	0	3
42	39	0	0.376850959	0.00264680751	0.00404645298	0.00255070878	0.0426062035	0.0385597505	0	0	0	0	0	3
43	40	0	0.385823601	0.00252720441	0.00401112162	0.00252720441	0.0426062035	0.0385950818	0	0	0	0	0	3
44	41	0	0.394796242	0.0026483734	0.00398015007	0.00252720441	0.0426062035	0.0386260534	0	0	0	0	0	3
45	42	0	0.403768884	0.00245059765	0.00394616002	0.00245059765	0.0426062035	0.0386600434	0	0	0	0	0	3
46	43	0	0.412741526	0.00255948818	0.00391601498	0.00245059765	0.0426062035	0.0386901885	0	0	0	0	0	3
47	44	0	0.421714168	0.00246796789	0.00388520546	0.00245059765	0.0426062035	0.038720998	0	0	0	0	0	3
48	44	0	0.43068681	0.00251318621	0.00385662173	0.00245059765	0.0426062035	0.0387495817	0	0	0	0	0	3
49	45	0	0.439659452	0.00241781581	0.00382725834	0.00241781581	0.0426062035	0.0387789451	0	0	0	0	0	3
50	46	0	0.448632094	0.00247106337	0.00380013444	0.00241781581	0.0426062035	0.038806069	0	0	0	0	0	3
51	47	0	0.457604736	0.00238156892	0.00377231943	0.00238156892	0.0426062035	0.038833884	0	0	0	0	0	3
52	48	0	0.466577377	0.00236706594	0.00374529533	0.00236706594	0.0426062035	0.0388609081	0	0	0	0	0	3
53	49	0	0.475550019	0.00239472084	0.00371981279	0.00236706594	0.0426062035	0.0388863907	0	0	0	0	0	3
54	49	0	0.484522661	0.00235576792	0.0036945527	0.00235576792	0.0426062035	0.0389116508	0	0	0	0	0	3
55	50	0	0.493495303	0.00230844437	0.00366935073	0.00230844437	0.0426062035	0.0389368527	0	0	0	0	0	3
56	51	0	0.502467945	0.00233551284	0.0036455322	0.00230844437	0.0426062035	0.0389606713	0	0	0	0	0	3
57	52	0	0.511440587	0.00227675252	0.00292536343	0.00227675252	0.00890624167	0.00662948915	0	0	0	0	0	3
58	52	0	0.520413229	0.00230707004	0.00280752108	0.00227675252	0.00472352767	0.00244677515	0	0	0	0	0	3
59	53	0	0.529385871	0.00224207251	0.00276320938	0.00224207251	0.00344964105	0.00120756854	0	0	0	0	0	3
60	54	0	0.538358512	0.00225473762	0.00274187182	0.00224207251	0.00339535975	0.00115328724	0	0	0	0	0	3
61	55	0	0.547331154	0.0022346242	0.00273616592	0.0022346242	0.00339535975	0.00116073555	0	0	0	0	0	3
62	56	0	0.556303796	0.00223204657	0.00271944543	0.00223204657	0.00339535975	0.00116331318	0	0	0	0	0	3
63	56	0	0.565276438	0.00231144453	0.00271517285	0.00223204657	0.00339535975	0.00116331318	0	0	0	0	0	3
64	57	0	0.57424908	0.00216323758	0.00270400577	0.00216323758	0.00339535975	0.00123212218	0	0	0	0	0	3
65	58	0	0.583221722	0.00235296758	0.00269833324	0.00216323758	0.00339535975	0.00123212218	0	0	0	0	0	3
66	59	0	0.592194364	0.00216822857	0.00267642018	0.00216323758	0.00317887455	0.00101563697	0	0	0	0	0	3
67	60	0	0.601167005	0.00237236292	0.00266290956	0.00216323758	0.00317887455	0.00101563697	0	0	0	0	0	3
68	60	0	0.610139647	0.00214759346	0.00264449383	0.00214759346	0.00302468363	0.000877090162	0	0	0	0	0	3
69	61	0	0.619112289	0.00234546088	0.00263457065	0.00214759346	0.00302468363	0.000877090162	0	0	0	0	0	3
70	62	0	0.628084931	0.00216671961	0.00261946889	0.00214759346	0.00302468363	0.000877090162	0	0	0	0	0	3
71	63	0	0.637057573	0.00235996011	0.00260919873	0.00214759346	0.00302468363	0.000877090162	0	0	0	0	0	3
72	63	0	0.646030215	0.00215712621	0.00259430907	0.00214759346	0.00302468363	0.000877090162	0	0	0	0	0	3
73	64	0	0.655002857	0.00234660689	0.00258503803	0.00214759346	0.00302468363	0.000877090162	0	0	0	0	0	3
74	65	0	0.663975499	0.00213754865	0.00257080498	0.00213754865	0.00302468363	0.000887134976	0	0	0	0	0	3
75	66	0	0.67294814	0.00232917754	0.00256334128	0.00213754865	0.00302468363	0.000887134976	0	0	0	0	0	3
76	67	0	0.681920782	0.00213019692	0.0025507269	0.00213019692	0.00302468363	0.000894486708	0	0	0	0	0	3
77	68	0	0.690893424	0.00233355394	0.00254271765	0.00213019692	0.00302468363	0.000894486708	0	0	0	0	0	3
78	68	0	0.699866066	0.00213698718	0.00252831896	0.00213019692	0.00302468363	0.000894486708	0	0	0	0	0	3
79	69	0	0.708838708	0.00233741408	0.00251739421	0.00213019692	0.00302468363	0.000894486708	0	0	0	0	0	3
80	70	0	0.71781135	0.0021318465	0.00250145069	0.00213019692	0.00301373835	0.000883541429	0	0	0	0	0	3
81	71	0	0.726783992	0.00232151797	0.00248941758	0.00213019692	0.00301373835	0.000883541429	0	0	0	0	0	3
82	72	0	0.735756634	0.00213850907	0.00247386093	0.00213019692	0.00301373835	0.000883541429	0	0	0	0	0	3
83	72	0	0.744729275	0.00230367955	0.00246201713	0.00213019692	0.00301373835	0.000883541429	0	0	0	0	0	3
84	73	0	0.753701917	0.00213173925	0.00244663863	0.00213019692	0.00301373835	0.000883541429	0	0	0	0	0	3
85	74	0	0.762674559	0.00233203775	0.00243555978	0.00213019692	0.00301373835	0.000883541429	0	0	0	0	0	3
86	75	0	0.771647201	0.00215100927	0.0024201539	0.00213019692	0.00300815591	0.000877958991	0	0	0	0	0	3
87	76	0	0.780619843	0.00231473181	0.00240860407	0.00213019692	0.00300815591	0.000877958991	0	0	0	0	0	3
88	76	0	0.789592485	0.0021424253	0.00239314459	0.00213019692	0.0030038949	0.000873697986	0	0	0	0	0	3
89	77	0	0.798565127	0.00229375468	0.00238197771	0.00213019692	0.0030038949	0.000873697986	0	0	0	0	0	3
90	78	0	0.807537769	0.00211169667	0.0023660456	0.00211169667	0.00292213519	0.000810438522	0	0	0	0	0	3
91	79	0	0.81651041	0.00227701418	0.00235527603	0.00211169667	0.00292213519	0.000810438522	0	0	0	0	0	3
92	79	0	0.825483052	0.00209912903	0.0023405795	0.00209912903	0.00280035082	0.000701221783	0	0	0	0	0	3
93	80	0	0.834455694	0.00224370216	0.00233068872	0.00209912903	0.00280035082	0.000701221783	0	0	0	0	0	3
94	81	0	0.843428336	0.00210265715	0.0023182299	0.00209912903	0.00272113032	0.000622001291	0	0	0	0	0	3
95	82	0	0.852400978	0.00225781973	0.00231050489	0.00209912903	0.00272113032	0.000622001291	0	0	0	0	0	3
96	83	0	0.86137362	0.00209469352	0.00229931852	0.00209469352	0.0026483734	0.000553679881	0	0	0	0	0	3
97	83	0	0.870346262	0.00225270811	0.0022926812	0.00209469352	0.0026483734	0.000553679881	0	0	0	0	0	3
98	84	0	0.879318904	0.0020949735	0.00228282702	0.00209469352	0.0026483734	0.000553679881	0	0	0	0	0	3
99	85	0	0.888291545	0.002252564	0.00227792273	0.00209469352	0.0026483734	0.000553679881	0	0	0	0	0	3
100	86	0	0.897264187	0.00212971449	0.00226866096	0.00209469352	0.00255948818	0.000464794662	0	0	0	0	0	3
101	90	0	0.906236829	0.00227889135	0.00226559478	0.00209469352	0.00255948818	0.000464794662	0	0	0	0	0	3
102	91	0	0.915209471	0.00213560259	0.00225802539	0.00209469352	0.00251318621	0.000418492693	0	0	0	0	0	3
103	92	0	0.924182113	0.0023010271	0.00225504431	0.00209469352	0.00251318621	0.000418492693	0	0	0	0	0	3
104	92	0	0.933154755	0.00213967327	0.00224837443	0.00209469352	0.00247106337	0.000376369848	0	0	0	0	0	3
105	93	0	0.942127397	0.00232492677	0.0022467157	0.00209469352	0.00247106337	0.000376369848	0	0	0	0	0	3
106	94	0	0.951100039	0.00212460088	0.00224052887	0.00209469352	0.00239472084	0.000300027323	0	0	0	0	0	3
107	95	0	0.96007268	0.00231844529	0.00223940166	0.00209469352	0.00239472084	0.000300027323	0	0	0	0	0	3
108	96	0	0.969045322	0.00215822857	0.00223567242	0.00209469352	0.00239472084	0.000300027323	0	0	0	0	0	3
109	96	0	0.978017964	0.00233469269	0.00223460049	0.00209469352	0.00237236292	0.000277669404	0	0	0	0	0	3
110	97	0	0.986990606	0.00217283615	0.00223133385	0.00209469352	0.00237236292	0.000277669404	0	0	0	0	0	3
111	98	0	0.995963248	0.0023598096	0.00223225109	0.00209469352	0.00237236292	0.000277669404	0	0	0	0	0	3
112	99	0	1.00493589	0.00222882229	0.0022303459	0.00209469352	0.00237236292	0.000277669404	7.88650246e-05	0	28.4	0	0	3
113	100	0	1.01390853	0.00226521368	0.00223013985	0.00209469352	0.00237236292	0.000277669404	7.88650246e-05	0	28.4	0	0	3
114	100	0	1.02288117	0.00235217904	0.00223094537	0.00209469352	0.00237236292	0.000277669404	7.88650246e-05	0	28.4	0	0	3
115	101	0	1.03185382	0.00224933017	0.00223107497	0.00209469352	0.00237236292	0.000277669404	7.88650246e-05	0	28.4	0	0	3
116	102	0	1.04082646	0.00236930978	0.0022331209	0.00209469352	0.00237236292	0.000277669404	7.88650246e-05	0	28.4	0	0	3
117	103	0	1.0497991	0.00224795543	0.00223335896	0.00209469352	0.00237236292	0.000277669404	7.88650246e-05	0	28.4	0	0	3
118	103	0	1.05877174	0.00236100954	0.00223566187	0.00209469352	0.00237236292	0.000277669404	7.88650246e-05	0	28.4	0	0	3
119	104	0	1.06774438	0.00223365865	0.00223427283	0.00209469352	0.00237236292	0.000277669404	7.88650246e-05	0	28.4	0	0	3
120	105	0	1.07671702	0.00232914825	0.00223723552	0.00209469352	0.00237236292	0.000277669404	7.88650246e-05	0	28.4	0	0	3
121	106	0	1.08568967	0.00220119692	0.00223452533	0.00209469352	0.00237236292	0.000277669404	7.88650246e-05	0	28.4	0	0	3
122	107	0	1.09466231	0.00231918037	0.0022372209	0.00209469352	0.00237236292	0.000277669404	7.88650246e-05	0	28.4	0	0	3
123	107	0	1.10363495	0.00217536883	0.00223370315	0.00209469352	0.00236930978	0.00027461626	7.88650246e-05	0	28.7	0	0	3
124	108	0	1.11260759	0.0023026002	0.00223647113	0.00209469352	0.00236930978	0.00027461626	7.88650246e-05	0	28.7	0	0	3
125	109	0	1.12158023	0.00218463741	0.00223359928	0.00209469352	0.00236930978	0.00027461626	7.88650246e-05	0	28.7	0	0	3
126	110	0	1.13055288	0.00232587791	0.00223644139	0.00209469352	0.00236930978	0.00027461626	7.88650246e-05	0	28.7	0	0	3
127	111	0	1.13952552	0.00219114774	0.00223342688	0.00209469352	0.00236930978	0.00027461626	7.88650246e-05	0	28.7	0	0	3
128	111	0	1.14849816	0.00232176439	0.00223636685	0.00209469352	0.00236930978	0.00027461626	7.88650246e-05	0	28.7	0	0	3
129	112	0	1.1574708	0.00218773462	0.00223352985	0.00209469352	0.00236930978	0.00027461626	7.88650246e-05	0	28.7	0	0	3
130	113	0	1.16644344	0.00230909524	0.00223659318	0.00209469352	0.00236930978	0.00027461626	7.88650246e-05	0	28.7	0	0	3
131	114	0	1.17541609	0.00218184215	0.00223396219	0.00209469352	0.00236930978	0.00027461626	7.88650246e-05	0	28.7	0	0	3
132	115	0	1.18438873	0.00230016926	0.00223699741	0.00209469352	0.00236930978	0.00027461626	7.88650246e-05	0	28.7	0	0	3
133	115	0	1.19336137	0.00217984556	0.00223425262	0.00209469352	0.00236930978	0.00027461626	7.88650246e-05	0	28.7	0	0	3
134	116	0	1.20233401	0.00231238251	0.00223738468	0.00209469352	0.00236930978	0.00027461626	7.88650246e-05	0	28.7	0	0	3
135	117	0	1.21130665	0.0021934613	0.00223481409	0.00209469352	0.00236930978	0.000271310836	7.88650246e-05	0	29	0	0	3
136	118	0	1.22027929	0.00231810372	0.00223814011	0.00209469352	0.00236930978	0.000259277736	7.88650246e-05	0	30.4	0	0	3
137	118	0	1.22925194	0.0022076355	0.0022361065	0.00209469352	0.00236930978	0.000243721077	7.88650246e-05	0	32.3	0	0	3
138	119	0	1.23822458	0.00229582201	0.00223891566	0.00209469352	0.00236930978	0.00023187728	7.88650246e-05	0	34	0	0	3
139	120	0	1.24719722	0.00221162219	0.00223727178	0.00209469352	0.00236930978	0.000216498784	7.88650246e-05	0	36.4	0	0	3
140	121	0	1.25616986	0.00232227866	0.00224067427	0.00209469352	0.00236930978	0.000205419926	7.88650246e-05	0	38.3	0	0	3
141	122	0	1.2651425	0.00220333763	0.00223837605	0.00209469352	0.00236930978	0.00019001405	7.88650246e-05	0	41.5	0	0	3
142	122	0	1.27411515	0.00231429379	0.00224129184	0.00209469352	0.00236930978	0.00017846422	7.88650246e-05	0	44.1	0	0	3
143	123	0	1.28308779	0.00221250225	0.00223946632	0.00209469352	0.00236930978	0.000163004744	7.88650246e-05	0	48.3	0	0	3
144	124	0	1.29206043	0.00231291803	0.00224251083	0.00209469352	0.00236930978	0.000151837865	7.88650246e-05	0	51.9	0	0	3
145	125	0	1.30103307	0.00220684978	0.00224095896	0.00209469352	0.00236930978	0.000135905753	7.88650246e-05	0	58	0	0	3
146	126	0	1.31000571	0.00229224903	0.00224418311	0.00209469352	0.00236930978	0.000125136185	7.88650246e-05	0	63	0	0	3
147	126	0	1.31897836	0.00218950665	0.00224262047	0.00209469352	0.00236930978	0.000110439646	7.88650246e-05	0	71.4	0	0	3
148	127	0	1.327951	0.00227175485	0.00224570308	0.00209469352	0.00236930978	0.000100548869	7.88650246e-05	0	78.4	0	0	3
149	128	0	1.33692364	0.00218247933	0.00224460981	0.00209469352	0.00236930978	8.80900538e-05	7.88650246e-05	0	89.5	0	0	3
150	129	0	1.34589628	0.00226669169	0.002247539	0.00209469352	0.00236930978	8.03650419e-05	7.88650246e-05	0	98.1	0	0	3
151	130	0	1.35486892	0.0021883647	0.00224629873	0.00209469352	0.00236930978	6.91786704e-05	7.88650246e-05	0	100	0	0	3
152	130	0	1.36384156	0.00227027354	0.00224943409	0.0020949735	0.00236930978	6.25413494e-05	7.88650246e-05	0	100	0	0	3
153	131	0	1.37281421	0.00220319029	0.00224854984	0.0020949735	0.00236930978	5.26871706e-05	7.88650246e-05	0	100	0	0	3
154	132	0	1.38178685	0.00227936139	0.00225184248	0.00212460088	0.00236930978	4.77828776e-05	7.88650246e-05	0	100	0	0	3
155	133	0	1.39075949	0.00219859556	0.00225087876	0.00212460088	0.00236930978	3.85211114e-05	7.88650246e-05	0	100	0	0	3
156	134	0	1.39973213	0.00230146971	0.00225394582	0.00212460088	0.00236930978	3.54549275e-05	7.88650246e-05	0	100	0	0	3
157	134	0	1.40870477	0.00220108098	0.00225255635	0.00212460088	0.00236930978	2.7885542e-05	7.88650246e-05	0	100	0	0	3
158	135	0	1.41767742	0.00228204747	0.00225517143	0.00212460088	0.00236930978	2.50315844e-05	7.88650246e-05	0	100	0	0	3
159	136	0	1.42665006	0.002241523	0.00225410886	0.00212460088	0.00236930978	2.50315844e-05	7.88650246e-05	0	100	0	0	3
160	137	0	1.4356227	0.00227890926	0.00225659522	0.00212460088	0.00236930978	2.64553683e-05	7.88650246e-05	0	100	0	0	3
161	138	0	1.44459534	0.00231756166	0.0022564637	0.00212460088	0.00236930978	2.64553683e-05	7.88650246e-05	0	100	0	0	3
162	138	0	1.45356798	0.00222759211	0.00225830283	0.00215822857	0.00236930978	2.81629777e-05	7.88650246e-05	0	100	0	0	3
163	139	0	1.46254063	0.00236083219	0.00225905974	0.00215822857	0.00236930978	2.89198867e-05	7.88650246e-05	0	100	0	0	3
164	140	0	1.47151327	0.00226289234	0.00226092873	0.00217283615	0.00236930978	3.07888826e-05	7.88650246e-05	0	100	0	0	3
165	141	0	1.48048591	0.00235147684	0.00226122845	0.00217283615	0.00236930978	3.10885996e-05	7.88650246e-05	0	100	0	0	3
166	142	0	1.48945855	0.0023315229	0.00226406214	0.00217536883	0.00236930978	3.39222915e-05	7.88650246e-05	0	100	0	0	3
167	142	0	1.49843119	0.00237223276	0.00226428398	0.00217536883	0.00237223276	3.41441336e-05	7.88650246e-05	0	100	0	0	3
168	143	0	1.50740383	0.00229983467	0.00226555206	0.00217536883	0.00237223276	3.54122117e-05	7.88650246e-05	0	100	0	0	3
169	144	0	1.51637648	0.00237074127	0.00226743648	0.00217536883	0.00237223276	3.64911152e-05	7.88650246e-05	0	100	0	0	3
170	145	0	1.52534912	0.0022659787	0.00226589719	0.00217536883	0.00237223276	3.63615142e-05	7.88650246e-05	0	100	0	0	3
171	146	0	1.53432176	0.00236217828	0.00226791233	0.00217536883	0.00237223276	3.47914359e-05	7.88650246e-05	0	100	0	0	3
172	146	0	1.5432944	0.00226742022	0.00226609288	0.00217536883	0.00237223276	3.45533783e-05	7.88650246e-05	0	100	0	0	3
173	147	0	1.55226704	0.00234511359	0.00226782785	0.00217536883	0.00237223276	3.44854502e-05	7.88650246e-05	0	100	0	0	3
174	148	0	1.56123969	0.00224082366	0.00226568167	0.00217536883	0.00237223276	3.44854502e-05	7.88650246e-05	0	100	0	0	3
175	149	0	1.57021233	0.00233031877	0.00226740774	0.00217536883	0.00237223276	3.44854502e-05	7.88650246e-05	0	100	0	0	3
176	150	0	1.57918497	0.00220354215	0.00226516478	0.00217536883	0.00237223276	3.44854502e-05	7.88650246e-05	0	100	0	0	3
177	150	0	1.58815761	0.00234458876	0.00226772535	0.00217536883	0.00237223276	3.44854502e-05	7.88650246e-05	0	100	0	0	3
178	151	0	1.59713025	0.00220513561	0.00226568883	0.00217536883	0.00237223276	3.44854502e-05	7.88650246e-05	0	100	0	0	3
179	152	0	1.6061029	0.00234933664	0.0022687954	0.00217984556	0.00237223276	3.5368515e-05	7.88650246e-05	0	100	0	0	3
180	153	0	1.61507554	0.00222169078	0.00226735059	0.00217984556	0.00237223276	3.5368515e-05	7.88650246e-05	0	100	0	0	3
181	154	0	1.62404818	0.00233959731	0.00227011773	0.00217984556	0.00237223276	3.6690845e-05	7.88650246e-05	0	100	0	0	3
182	154	0	1.63302082	0.00222387352	0.00226829622	0.00217984556	0.00237223276	3.6690845e-05	7.88650246e-05	0	100	0	0	3
183	155	0	1.64199346	0.00232191017	0.00227063127	0.00217984556	0.00237223276	3.71014188e-05	7.88650246e-05	0	100	0	0	3
184	156	0	1.6509661	0.00222180581	0.00226884629	0.00217984556	0.00237223276	3.71014188e-05	7.88650246e-05	0	100	0	0	3
185	157	0	1.65993875	0.00232358965	0.00227127227	0.00217984556	0.00237223276	3.73100839e-05	7.88650246e-05	0	100	0	0	3
186	158	0	1.66891139	0.00226052389	0.00227040493	0.00217984556	0.00237223276	3.73100839e-05	7.88650246e-05	0	100	0	0	3
187	158	0	1.67788403	0.00224411695	0.00227151698	0.00217984556	0.00237223276	3.72643605e-05	7.88650246e-05	0	100	0	0	3
188	159	0	1.68685667	0.00231606297	0.00227180079	0.00217984556	0.00237223276	3.75481767e-05	7.88650246e-05	0	100	0	0	3
189	160	0	1.69582931	0.00225940956	0.00227322158	0.00218247933	0.00237223276	3.84074884e-05	7.88650246e-05	0	100	0	0	3
190	161	0	1.70480196	0.00223976432	0.00227192483	0.00218247933	0.00237223276	3.84074884e-05	7.88650246e-05	0	100	0	0	3
191	162	0	1.7137746	0.00231589876	0.00227411121	0.00218247933	0.00237223276	3.8004712e-05	7.88650246e-05	0	100	0	0	3
192	162	0	1.72274724	0.00226301726	0.00227312752	0.00218247933	0.00237223276	3.8004712e-05	7.88650246e-05	0	100	0	0	3
193	163	0	1.73171988	0.00222427974	0.00227342474	0.00218247933	0.00237223276	3.6839434e-05	7.88650246e-05	0	100	0	0	3
194	164	0	1.74069252	0.00231874182	0.00227383402	0.00218247933	0.00237223276	3.6839434e-05	7.88650246e-05	0	100	0	0	3
195	165	0	1.74966517	0.00226320647	0.00227475517	0.00218247933	0.00237223276	3.63791232e-05	7.88650246e-05	0	100	0	0	3
196	166	0	1.75863781	0.00221236777	0.00227279248	0.00218247933	0.00237223276	3.63791232e-05	7.88650246e-05	0	100	0	0	3
197	166	0	1.76761045	0.00231046761	0.00227470551	0.00218247933	0.00237223276	3.5288856e-05	7.88650246e-05	0	100	0	0	3
198	167	0	1.77658309	0.00225633551	0.00227367054	0.00218247933	0.00237223276	3.5288856e-05	7.88650246e-05	0	100	0	0	3
199	168	0	1.78555573	0.00223880952	0.00227414032	0.00218247933	0.00237223276	3.37962163e-05	7.88650246e-05	0	100	0	0	3
200	169	0	1.79452837	0.00232797784	0.00227440924	0.00218247933	0.00237223276	3.37962163e-05	7.88650246e-05	0	100	0	0	3
201	173	0	1.80350102	0.00228398984	0.00227578674	0.00218247933	0.00237223276	3.31662719e-05	7.88650246e-05	0	100	0	0	3
202	174	0	1.81247366	0.00229809199	0.00227589108	0.00218247933	0.00237223276	3.32706104e-05	7.88650246e-05	0	100	0	0	3
203	175	0	1.8214463	0.00232078609	0.00227823536	0.00218247933	0.00237223276	3.36255471e-05	7.88650246e-05	0	100	0	0	3
204	176	0	1.83041894	0.00228653227	0.00227849924	0.00218247933	0.00237223276	3.38894295e-05	7.88650246e-05	0	100	0	0	3
205	176	0	1.83939158	0.00236842677	0.00228181973	0.0021883647	0.00237223276	3.55209995e-05	7.88650246e-05	0	100	0	0	3
206	177	0	1.84836423	0.00226858793	0.00228185359	0.0021883647	0.00237223276	3.5554861e-05	7.88650246e-05	0	100	0	0	3
207	178	0	1.85733687	0.0023686859	0.00228507361	0.00219859556	0.00237223276	3.65237716e-05	7.88650246e-05	0	100	0	0	3
208	179	0	1.86630951	0.00227220946	0.00228510818	0.00219859556	0.00237223276	3.65583416e-05	7.88650246e-05	0	100	0	0	3
209	180	0	1.87528215	0.00237023878	0.00228809119	0.00219859556	0.00237223276	3.72124315e-05	7.88650246e-05	0	100	0	0	3
210	180	0	1.88425479	0.00228678062	0.00228822368	0.00219859556	0.00237223276	3.73449178e-05	7.88650246e-05	0	100	0	0	3
211	181	0	1.89322744	0.00238607975	0.00229157161	0.00220108098	0.00238607975	3.90152633e-05	7.88650246e-05	0	100	0	0	3
212	182	0	1.90220008	0.00230989567	0.00229172207	0.00220108098	0.00238607975	3.91657269e-05	7.88650246e-05	0	100	0	0	3
213	183	0	1.91117272	0.00240592155	0.00229537994	0.00220354215	0.00240592155	4.12710805e-05	7.88650246e-05	0	100	0	0	3
214	184	0	1.92014536	0.00232604415	0.0022961656	0.00220354215	0.00240592155	4.20567356e-05	7.88650246e-05	0	100	0	0	3
215	184	0	1.929118	0.00241413731	0.00229924799	0.00220354215	0.00241413731	4.27842966e-05	7.88650246e-05	0	100	0	0	3
216	185	0	1.93809064	0.00232916475	0.00230014541	0.00220354215	0.00241413731	4.3681716e-05	7.88650246e-05	0	100	0	0	3
217	186	0	1.94706329	0.00241726637	0.00230192585	0.00220354215	0.00241726637	4.3623028e-05	7.88650246e-05	0	100	0	0	3
218	187	0	1.95603593	0.00231062945	0.00230340866	0.00220354215	0.00241726637	4.43489285e-05	7.88650246e-05	0	100	0	0	3
219	188	0	1.96500857	0.00241461858	0.00230436914	0.00220354215	0.00241726637	4.34404038e-05	7.88650246e-05	0	100	0	0	3
220	188	0	1.97398121	0.00233230817	0.0023056087	0.00220354215	0.00241726637	4.43802554e-05	7.88650246e-05	0	100	0	0	3
221	189	0	1.98295385	0.00238880607	0.0023062753	0.00220354215	0.00241726637	4.22131567e-05	7.88650246e-05	0	100	0	0	3
222	190	0	1.9919265	0.00233767396	0.00230638514	0.00220354215	0.00241726637	4.21011549e-05	7.88650246e-05	0	100	0	0	3
223	191	0	2.00089914	0.00242103349	0.00230725658	0.00220354215	0.00242103349	4.20918024e-05	7.88650246e-05	0	100	0	0	3
224	192	0	2.00987178	0.00231566067	0.00230753919	0.00220354215	0.00242103349	4.23744097e-05	7.88650246e-05	0	100	0	0	3
225	192	0	2.01884442	0.00240504491	0.00230815175	0.00220354215	0.00242103349	4.29869749e-05	7.88650246e-05	0	100	0	0	3
226	193	0	2.02781706	0.00233549008	0.00230939303	0.00220354215	0.00242103349	4.42282496e-05	7.88650246e-05	0	100	0	0	3
227	194	0	2.03678971	0.00241257707	0.002310293	0.00220354215	0.00242103349	4.51282279e-05	7.88650246e-05	0	100	0	0	3
228	195	0	2.04576235	0.00237385793	0.00231219368	0.00220354215	0.00242103349	4.70289014e-05	7.88650246e-05	0	100	0	0	3
229	196	0	2.05473499	0.00238168967	0.00231284682	0.00220354215	0.00242103349	4.76820458e-05	7.88650246e-05	0	100	0	0	3
230	196	0	2.06370763	0.00240055728	0.00231569921	0.00220354215	0.00242103349	5.05344318e-05	7.88650246e-05	0	100	0	0	3
231	197	0	2.07268027	0.00235811228	0.00231619552	0.00220354215	0.00242103349	5.10307446e-05	7.88650246e-05	0	100	0	0	3
232	198	0	2.08165291	0.00243726687	0.00232036918	0.00220513561	0.00243726687	5.46803452e-05	7.88650246e-05	0	100	0	0	3
233	199	0	2.09062556	0.00232896612	0.0023200902	0.00220513561	0.00243726687	5.46803452e-05	7.88650246e-05	0	100	0	0	3
234	200	0	2.0995982	0.00241905839	0.00232391025	0.00221236777	0.00243726687	5.65596622e-05	7.88650246e-05	0	100	0	0	3
235	200	0	2.10857084	0.0023710888	0.00232429868	0.00221236777	0.00243726687	5.69480937e-05	7.88650246e-05	0	100	0	0	3
236	201	0	2.11754348	0.00238645882	0.00232724097	0.00221236777	0.00243726687	5.89447462e-05	7.88650246e-05	0	100	0	0	3
237	202	0	2.12651612	0.00240915862	0.00232848314	0.00221236777	0.00243726687	6.01869124e-05	7.88650246e-05	0	100	0	0	3
238	203	0	2.13548877	0.00241414023	0.00233188075	0.00221236777	0.00243726687	6.30344635e-05	7.88650246e-05	0	100	0	0	3
239	204	0	2.14446141	0.0024357995	0.00233391449	0.00221236777	0.00243726687	6.50682016e-05	7.88650246e-05	0	100	0	0	3
240	204	0	2.15343405	0.0024364979	0.00233774828	0.00221236777	0.00243726687	6.73433517e-05	7.88650246e-05	0	100	0	0	3
241	205	0	2.16240669	0.00244589783	0.00233993236	0.00221236777	0.00244589783	6.95274264e-05	7.88650246e-05	0	100	0	0	3
242	206	0	2.17137933	0.00243524631	0.0023430524	0.00221236777	0.00244589783	7.15354196e-05	7.88650246e-05	0	100	0	0	3
243	207	0	2.18035198	0.00243638984	0.00234648584	0.00221236777	0.00244589783	7.46850479e-05	7.88650246e-05	0	100	0	0	3
244	207	0	2.18932462	0.00242118737	0.00234836306	0.00221236777	0.00244589783	7.64382371e-05	7.88650246e-05	0	100	0	0	3
245	208	0	2.19829726	0.00241929922	0.00235121824	0.00221236777	0.00244589783	7.92934097e-05	7.88650246e-05	0	99.4	0	0	3
246	209	0	2.2072699	0.00240652532	0.00235419611	0.00221236777	0.00244589783	8.14036339e-05	7.88650246e-05	0	96.8	0	0	3
247	210	0	2.21624254	0.00241247481	0.00235592068	0.00221236777	0.00244589783	8.31282062e-05	7.88650246e-05	0	94.8	0	0	3
248	211	0	2.22521518	0.00240638233	0.00235848077	0.00221236777	0.00244589783	8.56882967e-05	7.88650246e-05	0	92	0	0	3
249	212	0	2.23418783	0.00241396932	0.00236186809	0.00221236777	0.00244589783	8.90756107e-05	7.88650246e-05	0	88.5	0	0	3
250	212	0	2.24316047	0.00240914711	0.00236348247	0.00221236777	0.00244589783	9.06899907e-05	7.88650246e-05	0	86.9	0	0	3
251	213	0	2.25213311	0.00241370902	0.00236617001	0.00221236777	0.00244589783	9.33775362e-05	7.88650246e-05	0	84.4	0	0	3
252	214	0	2.26110575	0.00240374716	0.0023695875	0.00223880952	0.00244589783	9.59169593e-05	7.88650246e-05	0	82.2	0	0	3
253	215	0	2.27007839	0.00240564898	0.00237128717	0.00223880952	0.00244589783	9.76166267e-05	7.88650246e-05	0	80.7	0	0	3
254	216	0	2.27905104	0.00239474412	0.00237375875	0.00223880952	0.00244589783	9.96184363e-05	7.88650246e-05	0	79.1	0	0	3
255	216	0	2.28802368	0.0023987459	0.00237661476	0.00226858793	0.00244589783	0.000102205518	7.88650246e-05	0	77.1	0	0	3
256	217	0	2.29699632	0.00238788048	0.00237768445	0.00226858793	0.00244589783	0.000101897707	7.88650246e-05	0	77.3	0	0	3
257	218	0	2.30596896	0.00239256839	0.00237962335	0.00226858793	0.00244589783	0.000103732271	7.88650246e-05	0	76	0	0	3
258	219	0	2.3149416	0.00238906503	0.00238124787	0.00226858793	0.00244589783	0.000103012514	7.88650246e-05	0	76.5	0	0	3
259	220	0	2.32391425	0.00239806593	0.00238262787	0.00226858793	0.00244589783	0.000104128628	7.88650246e-05	0	75.7	0	0	3
260	221	0	2.33288689	0.00239092081	0.00238449195	0.00226858793	0.00244589783	0.000102672219	7.88650246e-05	0	76.8	0	0	3
261	222	0	2.34185953	0.00239430724	0.0023849541	0.00226858793	0.00244589783	0.000103100509	7.88650246e-05	0	76.4	0	0	3
262	223	0	2.35083217	0.00238492824	0.00238703161	0.00227220946	0.00244589783	0.000101957993	7.88650246e-05	0	77.3	0	0	3
263	224	0	2.35980481	0.00238804798	0.00238737736	0.00227220946	0.00244589783	0.000102269175	7.88650246e-05	0	77.1	0	0	3
264	225	0	2.36877745	0.00237823341	0.00238927064	0.00228678062	0.00244589783	0.000101179451	7.88650246e-05	0	77.9	0	0	3
265	226	0	2.3777501	0.0023847798	0.0023895303	0.00228678062	0.00244589783	0.000101306626	7.88650246e-05	0	77.8	0	0	3
266	227	0	2.38672274	0.0023803696	0.00239120154	0.00230989567	0.00244589783	9.96299255e-05	7.88650246e-05	0	79.1	0	0	3
267	228	0	2.39569538	0.00238731044	0.00239122351	0.00230989567	0.00244589783	9.95014384e-05	7.88650246e-05	0	79.2	0	0	3
268	229	0	2.40466802	0.00238444348	0.00239255472	0.00231062945	0.00244589783	9.71747819e-05	7.88650246e-05	0	81.1	0	0	3
269	230	0	2.41364066	0.00235577786	0.0023916593	0.00231062945	0.00244589783	9.63891268e-05	7.88650246e-05	0	81.8	0	0	3
270	231	0	2.42261331	0.00239941294	0.00239296946	0.00231062945	0.00244589783	9.37214622e-05	7.88650246e-05	0	84.1	0	0	3
271	232	0	2.43158595	0.00234708378	0.00239177207	0.00231062945	0.00244589783	9.28240429e-05	7.88650246e-05	0	84.9	0	0	3
272	233	0	2.44055859	0.00235128484	0.00239216707	0.00231062945	0.00244589783	9.10436017e-05	7.88650246e-05	0	86.6	0	0	3
273	233	0	2.44953123	0.00235735266	0.00239109719	0.00231062945	0.00244589783	8.95607922e-05	7.88650246e-05	0	88	0	0	3
274	234	0	2.45850387	0.00234732904	0.00239175254	0.00231566067	0.00244589783	8.8600321e-05	7.88650246e-05	0	89	0	0	3
275	235	0	2.46747652	0.002351884	0.00239063228	0.00231566067	0.00244589783	8.73607524e-05	7.88650246e-05	0	90.2	0	0	3
276	236	0	2.47644916	0.0023432388	0.00239082746	0.00231566067	0.00244589783	8.66941591e-05	7.88650246e-05	0	90.9	0	0	3
277	237	0	2.4854218	0.00231363503	0.00238948513	0.00231363503	0.00244589783	8.65843188e-05	7.88650246e-05	0	91	0	0	3
278	238	0	2.49439444	0.00235943039	0.00238987363	0.00231363503	0.00244589783	8.57128772e-05	7.88650246e-05	0	92	0	0	3
279	238	0	2.50336708	0.00230839334	0.0023878622	0.00230839334	0.00244589783	8.54302699e-05	7.88650246e-05	0	92.3	0	0	3
280	239	0	2.51233972	0.00227877763	0.00238720358	0.00227877763	0.00244589783	8.48177048e-05	7.88650246e-05	0	92.9	0	0	3
281	240	0	2.52131237	0.0023431746	0.00238609875	0.00227877763	0.00244589783	8.35764301e-05	7.88650246e-05	0	94.3	0	0	3
282	241	0	2.53028501	0.00228771418	0.00238524561	0.00227877763	0.00244589783	8.26764517e-05	7.88650246e-05	0	95.3	0	0	3
283	242	0	2.53925765	0.00226903345	0.00238268233	0.00226903345	0.00244589783	8.07757782e-05	7.88650246e-05	0	97.6	0	0	3
284	243	0	2.54823029	0.00231922982	0.00238170683	0.00226903345	0.00244589783	8.01226339e-05	7.88650246e-05	0	98.4	0	0	3
285	243	0	2.55720293	0.00223064633	0.00237900962	0.00223064633	0.00244589783	7.72702478e-05	7.88650246e-05	0	100	0	0	3
286	244	0	2.56617558	0.00229407535	0.00237710816	0.00223064633	0.00244589783	7.6773935e-05	7.88650246e-05	0	100	0	0	3
287	245	0	2.57514822	0.00220866911	0.00237443953	0.00220866911	0.00244589783	7.2879255e-05	7.88650246e-05	0	100	0	0	3
288	246	0	2.58412086	0.00225500075	0.00237118478	0.00220866911	0.00244589783	7.2879255e-05	7.88650246e-05	0	100	0	0	3
289	247	0	2.5930935	0.00224328509	0.00236965476	0.00220866911	0.00244589783	6.90592054e-05	7.88650246e-05	0	100	0	0	3
290	248	0	2.60206614	0.00221431252	0.00236599859	0.00220866911	0.00244589783	6.86707739e-05	7.88650246e-05	0	100	0	0	3
291	249	0	2.61103879	0.00227153621	0.00236422086	0.00220866911	0.00244589783	6.57284874e-05	7.88650246e-05	0	100	0	0	3
292	250	0	2.62001143	0.00222132804	0.0023612721	0.00220866911	0.00244589783	6.44863212e-05	7.88650246e-05	0	100	0	0	3
293	251	0	2.62898407	0.00230695843	0.00235944709	0.00220866911	0.00244589783	6.10887013e-05	7.88650246e-05	0	100	0	0	3
294	252	0	2.63795671	0.00219634651	0.00235555792	0.00219634651	0.00244589783	5.90549632e-05	7.88650246e-05	0	100	0	0	3
295	252	0	2.64692935	0.00232213581	0.00235352821	0.00219634651	0.00244589783	5.52211759e-05	7.88650246e-05	0	100	0	0	3
296	253	0	2.65590199	0.00227322008	0.00235061254	0.00219634651	0.00244589783	5.30371012e-05	7.88650246e-05	0	100	0	0	3
297	254	0	2.66487464	0.0022443314	0.00234701314	0.00219634651	0.00243638984	4.9917058e-05	7.88650246e-05	0	100	0	0	3
298	255	0	2.67384728	0.00238940376	0.00234619452	0.00219634651	0.00243638984	4.67749375e-05	7.88650246e-05	0	100	0	0	3
299	256	0	2.68281992	0.00224770464	0.00234282514	0.00219634651	0.00242118737	5.01443161e-05	7.88650246e-05	0	100	0	0	3
300	257	0	2.69179256	0.00238083339	0.00234210453	0.00219634651	0.00241929922	5.08649228e-05	7.88650246e-05	0	100	0	0	3
301	261	0	2.7007652	0.00230913044	0.00234013723	0.00219634651	0.00241396932	5.28322224e-05	7.88650246e-05	0	100	0	0	3
302	262	0	2.70973785	0.00237110563	0.00233950474	0.00219634651	0.00241396932	5.34647169e-05	7.88650246e-05	0	100	0	0	3
303	263	0	2.71871049	0.00240027363	0.00233928686	0.00219634651	0.00241396932	5.36825951e-05	7.88650246e-05	0	100	0	0	3
304	264	0	2.72768313	0.00232622185	0.00233785542	0.00219634651	0.00241396932	5.51140322e-05	7.88650246e-05	0	100	0	0	3
305	265	0	2.73665577	0.00241642261	0.00233789923	0.00219634651	0.00241642261	5.51140322e-05	7.88650246e-05	0	100	0	0	3
306	266	0	2.74562841	0.00238968698	0.00233755173	0.00219634651	0.00241642261	5.54177258e-05	7.88650246e-05	0	100	0	0	3
307	266	0	2.75460106	0.0024078532	0.00233744716	0.00219634651	0.00241642261	5.55222939e-05	7.88650246e-05	0	100	0	0	3
308	267	0	2.7635737	0.00242300964	0.00233779114	0.00219634651	0.00242300964	5.55222939e-05	7.88650246e-05	0	100	0	0	3
309	268	0	2.77254634	0.00239298959	0.00233756507	0.00219634651	0.00242300964	5.55222939e-05	7.88650246e-05	0	100	0	0	3
310	269	0	2.78151898	0.00243904303	0.00233835613	0.00219634651	0.00243904303	5.55222939e-05	7.88650246e-05	0	100	0	0	3
311	270	0	2.79049162	0.00238035948	0.0023380278	0.00219634651	0.00243904303	5.55222939e-05	7.88650246e-05	0	100	0	0	3
312	271	0	2.79946426	0.00240036429	0.00233825072	0.00219634651	0.00243904303	5.55222939e-05	7.88650246e-05	0	100	0	0	3
313	272	0	2.80843691	0.0023608949	0.00233768512	0.00219634651	0.00243904303	5.55222939e-05	7.88650246e-05	0	100	0	0	3
314	273	0	2.81740955	0.00242367151	0.0023383031	0.00219634651	0.00243904303	5.55222939e-05	7.88650246e-05	0	100	0	0	3
315	274	0	2.82638219	0.00236513225	0.002337715	0.00219634651	0.00243904303	5.55222939e-05	7.88650246e-05	0	100	0	0	3
316	275	0	2.83535483	0.00234457388	0.00233688737	0.00219634651	0.00243904303	5.60820836e-05	7.88650246e-05	0	100	0	0	3
317	276	0	2.84432747	0.00240162017	0.00233701796	0.00219634651	0.00243904303	5.60820836e-05	7.88650246e-05	0	100	0	0	3
318	276	0	2.85330012	0.00234561901	0.00233631601	0.00219634651	0.00243904303	5.6653446e-05	7.88650246e-05	0	100	0	0	3
319	278	0	2.86227276	0.00236029817	0.00233582048	0.00219634651	0.00243904303	5.71489783e-05	7.88650246e-05	0	100	0	0	3
320	279	0	2.8712454	0.0023353059	0.00233505392	0.00219634651	0.00243904303	5.79155409e-05	7.88650246e-05	0	100	0	0	3
321	279	0	2.88021804	0.00239301838	0.00233520103	0.00219634651	0.00243904303	5.79155409e-05	7.88650246e-05	0	100	0	0	3
322	280	0	2.88919068	0.0023390759	0.00233446365	0.00219634651	0.00243904303	5.8505811e-05	7.88650246e-05	0	100	0	0	3
323	281	0	2.89816332	0.00234871361	0.00233377442	0.00219634651	0.00243904303	5.91950401e-05	7.88650246e-05	0	100	0	0	3
324	282	0	2.90713597	0.00235003947	0.00233316006	0.00219634651	0.00243904303	5.98093974e-05	7.88650246e-05	0	100	0	0	3
325	283	0	2.91610861	0.00234454576	0.00233295949	0.00219634651	0.00243904303	6.00099706e-05	7.88650246e-05	0	100	0	0	3
326	284	0	2.92508125	0.00231206551	0.00233139971	0.00219634651	0.00243904303	6.0767363e-05	7.88650246e-05	0	100	0	0	3
327	285	0	2.93405389	0.00236609381	0.00233173918	0.00219634651	0.00243904303	6.0767363e-05	7.88650246e-05	0	100	0	0	3
328	285	0	2.94302653	0.00231753282	0.00233113646	0.00219634651	0.00243904303	6.06160751e-05	7.88650246e-05	0	100	0	0	3
329	286	0	2.95199918	0.00232803049	0.00233061285	0.00219634651	0.00243904303	6.11396852e-05	7.88650246e-05	0	100	0	0	3
330	287	0	2.96097182	0.00233674495	0.00233042385	0.00219634651	0.00243904303	6.04036163e-05	7.88650246e-05	0	100	0	0	3
331	288	0	2.96994446	0.00229761636	0.00232945478	0.00219634651	0.00243904303	6.13726812e-05	7.88650246e-05	0	100	0	0	3
332	289	0	2.9789171	0.00234962997	0.00232956891	0.00219634651	0.00243904303	6.04188491e-05	7.88650246e-05	0	100	0	0	3
333	290	0	2.98788974	0.00228737999	0.00232910007	0.00219634651	0.00243904303	6.07735611e-05	7.88650246e-05	0	100	0	0	3
334	290	0	2.99686239	0.00230076911	0.00232805255	0.00219634651	0.00243904303	5.98096527e-05	7.88650246e-05	0	100	0	0	3
335	291	0	3.00583503	0.00231082543	0.00232809598	0.00219634651	0.00243904303	5.91510269e-05	7.88650246e-05	0	100	0	0	3
336	292	0	3.01480767	0.00232457375	0.00232891377	0.00219634651	0.00243904303	5.80461998e-05	7.88650246e-05	0	100	0	0	3
337	293	0	3.02378031	0.00231143712	0.00232834703	0.00219634651	0.00243904303	5.71930587e-05	7.88650246e-05	0	100	0	0	3
338	294	0	3.03275295	0.0023711226	0.00232983646	0.00219634651	0.00243904303	5.46297798e-05	7.88650246e-05	0	100	0	0	3
339	294	0	3.04172559	0.00228896845	0.00233019244	0.00219634651	0.00243904303	5.36542777e-05	7.88650246e-05	0	100	0	0	3
340	295	0	3.05069824	0.00233665872	0.00233050368	0.00219634651	0.00243904303	5.09570751e-05	7.88650246e-05	0	100	0	0	3
341	296	0	3.05967088	0.00231546945	0.00233201837	0.00219634651	0.00243904303	4.90556121e-05	7.88650246e-05	0	100	0	0	3
342	297	0	3.06864352	0.00228673604	0.00233188731	0.00219634651	0.00243904303	4.6386984e-05	7.88650246e-05	0	100	0	0	3
343	298	0	3.07761616	0.00233369909	0.00233411999	0.00219634651	0.00243904303	4.31322319e-05	7.88650246e-05	0	100	0	0	3
344	299	0	3.0865888	0.00233079785	0.00233547351	0.00219634651	0.00243904303	4.16022135e-05	7.88650246e-05	0	100	0	0	3
345	299	0	3.09556145	0.0022973224	0.00233643846	0.00219634651	0.00243904303	3.79460373e-05	7.88650246e-05	0	100	0	0	3
346	300	0	3.10453409	0.00234798716	0.00233882551	0.00219634651	0.00243904303	3.61683125e-05	7.88650246e-05	0	100	0	0	3
347	301	0	3.11350673	0.00235420118	0.00234030167	0.00219634651	0.00243904303	3.32195485e-05	7.88650246e-05	0	100	0	0	3
348	302	0	3.12247937	0.00232227813	0.00234210435	0.00219634651	0.00243904303	3.13945451e-05	7.88650246e-05	0	100	0	0	3
349	303	0	3.13145201	0.0023837699	0.00234347599	0.00219634651	0.00243904303	2.75053715e-05	7.88650246e-05	0	100	0	0	3
