Iteration	CPUTime	PhysTime	Travels	Value	AvValue	MinValue	MaxValue	Delta	Criteria	PrevAvRefValue	Progress	CriteriaType	CriteriaVarType	CriteriaPercentage
1	12	0	0.00897239991	0.0494673731	0.0494673731	0.0494673731	0.0494673731	0	0	0	0	0	0	3
2	14	0	0.0179447998	0.0105745371	0.0300209551	0.0105745371	0.0494673731	0.019446418	0	0	0	0	0	3
3	16	0	0.0269171997	0.0055378655	0.0218599252	0.0055378655	0.0494673731	0.0276074479	0	0	0	0	0	3
4	18	0	0.0358895996	0.00389542231	0.0173687995	0.00389542231	0.0494673731	0.0320985736	0	0	0	0	0	3
5	19	0	0.0448619995	0.00385100203	0.01466524	0.00385100203	0.0494673731	0.0348021331	0	0	0	0	0	3
6	21	0	0.0538343994	0.00359037739	0.0128194296	0.00359037739	0.0494673731	0.0366479435	0	0	0	0	0	3
7	23	0	0.0628067993	0.00309660606	0.0114304548	0.00309660606	0.0494673731	0.0380369183	0	0	0	0	0	3
8	25	0	0.0717791993	0.00345591231	0.010433637	0.00309660606	0.0494673731	0.0390337361	0	0	0	0	0	3
9	26	0	0.0807515992	0.00332033648	0.00964327025	0.00309660606	0.0494673731	0.0398241028	0	0	0	0	0	3
10	28	0	0.0897239991	0.00394012041	0.00907295526	0.00309660606	0.0494673731	0.0403944178	0	0	0	0	0	3
11	30	0	0.098696399	0.00366339417	0.00858117698	0.00309660606	0.0494673731	0.0408861961	0	0	0	0	0	3
12	31	0	0.107668799	0.00386279198	0.00818797823	0.00309660606	0.0494673731	0.0412793948	0	0	0	0	0	3
13	33	0	0.116641199	0.0033852843	0.00781854024	0.00309660606	0.0494673731	0.0416488328	0	0	0	0	0	3
14	35	0	0.125613599	0.00356539258	0.00751474397	0.00309660606	0.0494673731	0.0419526291	0	0	0	0	0	3
15	36	0	0.134585999	0.0035421554	0.00724990474	0.00309660606	0.0494673731	0.0422174683	0	0	0	0	0	3
16	38	0	0.143558399	0.00356708112	0.00701972826	0.00309660606	0.0494673731	0.0424476448	0	0	0	0	0	3
17	39	0	0.152530798	0.0034605087	0.0068103624	0.00309660606	0.0494673731	0.0426570107	0	0	0	0	0	3
18	41	0	0.161503198	0.00336919579	0.00661918648	0.00309660606	0.0494673731	0.0428481866	0	0	0	0	0	3
19	42	0	0.170475598	0.00336136982	0.00644772245	0.00309660606	0.0494673731	0.0430196506	0	0	0	0	0	3
20	44	0	0.179447998	0.00348125547	0.0062993991	0.00309660606	0.0494673731	0.043167974	0	0	0	0	0	3
21	45	0	0.188420398	0.00345239914	0.00616382767	0.00309660606	0.0494673731	0.0433035454	0	0	0	0	0	3
22	47	0	0.197392798	0.00347861796	0.00604177268	0.00309660606	0.0494673731	0.0434256004	0	0	0	0	0	3
23	48	0	0.206365198	0.00349243573	0.00593093195	0.00309660606	0.0494673731	0.0435364411	0	0	0	0	0	3
24	50	0	0.215337598	0.00357219725	0.00583265133	0.00309660606	0.0494673731	0.0436347217	0	0	0	0	0	3
25	51	0	0.224309998	0.00354669318	0.00574121301	0.00309660606	0.0494673731	0.0437261601	0	0	0	0	0	3
26	53	0	0.233282398	0.00356854036	0.00565764868	0.00309660606	0.0494673731	0.0438097244	0	0	0	0	0	3
27	54	0	0.242254797	0.00352091971	0.00557851057	0.00309660606	0.0494673731	0.0438888625	0	0	0	0	0	3
28	56	0	0.251227197	0.00353920251	0.00550567814	0.00309660606	0.0494673731	0.0439616949	0	0	0	0	0	3
29	57	0	0.260199597	0.00349714084	0.00543641823	0.00309660606	0.0494673731	0.0440309548	0	0	0	0	0	3
30	58	0	0.269171997	0.00355036573	0.00537354981	0.00309660606	0.0494673731	0.0440938233	0	0	0	0	0	3
31	60	0	0.278144397	0.00350914375	0.00531340768	0.00309660606	0.0494673731	0.0441539654	0	0	0	0	0	3
32	62	0	0.287116797	0.00355330932	0.00525840461	0.00309660606	0.0494673731	0.0442089685	0	0	0	0	0	3
33	64	0	0.296089197	0.00345904388	0.00520387852	0.00309660606	0.0494673731	0.0442634945	0	0	0	0	0	3
34	65	0	0.305061597	0.00350757867	0.00515398735	0.00309660606	0.0494673731	0.0443133857	0	0	0	0	0	3
35	67	0	0.314033997	0.00339629662	0.00510376762	0.00309660606	0.0494673731	0.0443636054	0	0	0	0	0	3
36	69	0	0.323006397	0.00339958585	0.00505642924	0.00309660606	0.0494673731	0.0444109438	0	0	0	0	0	3
37	70	0	0.331978797	0.00327406102	0.00500825712	0.00309660606	0.0494673731	0.0444591159	0	0	0	0	0	3
38	71	0	0.340951196	0.00327575323	0.00496266491	0.00309660606	0.0494673731	0.0445047082	0	0	0	0	0	3
39	73	0	0.349923596	0.00316355216	0.00491653382	0.00309660606	0.0494673731	0.0445508392	0	0	0	0	0	3
40	74	0	0.358895996	0.00320582475	0.00487376609	0.00309660606	0.0494673731	0.044593607	0	0	0	0	0	3
41	75	0	0.367868396	0.00308492059	0.00483013571	0.00308492059	0.0494673731	0.0446372374	0	0	0	0	0	3
42	77	0	0.376840796	0.00317471638	0.00479072097	0.00308492059	0.0494673731	0.0446766521	0	0	0	0	0	3
43	78	0	0.385813196	0.0029801963	0.00474861574	0.0029801963	0.0494673731	0.0447187573	0	0	0	0	0	3
44	79	0	0.394785596	0.00314355313	0.00471213705	0.0029801963	0.0494673731	0.044755236	0	0	0	0	0	3
45	81	0	0.403757996	0.00291450429	0.00467218965	0.00291450429	0.0494673731	0.0447951834	0	0	0	0	0	3
46	82	0	0.412730396	0.00305139766	0.00463695504	0.00291450429	0.0494673731	0.044830418	0	0	0	0	0	3
47	83	0	0.421702796	0.00287359299	0.0045994367	0.00287359299	0.0494673731	0.0448679364	0	0	0	0	0	3
48	85	0	0.430675196	0.00297341375	0.00456556122	0.00287359299	0.0494673731	0.0449018118	0	0	0	0	0	3
49	86	0	0.439647595	0.0028280172	0.00453010114	0.0028280172	0.0494673731	0.0449372719	0	0	0	0	0	3
50	87	0	0.448619995	0.00290244256	0.00449754797	0.0028280172	0.0494673731	0.0449698251	0	0	0	0	0	3
51	88	0	0.457592395	0.00274106179	0.00446310706	0.00274106179	0.0494673731	0.045004266	0	0	0	0	0	3
52	89	0	0.466564795	0.00286831763	0.00443243804	0.00274106179	0.0494673731	0.045034935	0	0	0	0	0	3
53	90	0	0.475537195	0.00267902301	0.00439935473	0.00267902301	0.0494673731	0.0450680183	0	0	0	0	0	3
54	91	0	0.484509595	0.00278584712	0.00436947496	0.00267902301	0.0494673731	0.0450978981	0	0	0	0	0	3
55	92	0	0.493481995	0.00267811387	0.00433872294	0.00267811387	0.0494673731	0.0451286501	0	0	0	0	0	3
56	93	0	0.502454395	0.00272331794	0.00430987643	0.00267811387	0.0494673731	0.0451574966	0	0	0	0	0	3
57	94	0	0.511426795	0.00266578473	0.00347413378	0.00266578473	0.0105745371	0.00790875233	0	0	0	0	0	3
58	96	0	0.520399195	0.00268229803	0.00333320094	0.00266578473	0.0055378655	0.00287208077	0	0	0	0	0	3
59	97	0	0.529371595	0.00256689476	0.00328014789	0.00256689476	0.00394012041	0.00137322565	0	0	0	0	0	3
60	98	0	0.538343994	0.00265659532	0.00325802598	0.00256689476	0.00394012041	0.00137322565	0	0	0	0	0	3
61	99	0	0.547316394	0.00251938314	0.00323424707	0.00251938314	0.00394012041	0.00142073727	0	0	0	0	0	3
62	100	0	0.556288794	0.002637531	0.00321723195	0.00251938314	0.00394012041	0.00142073727	0	0	0	0	0	3
63	102	0	0.565261194	0.00248061021	0.00320623203	0.00248061021	0.00394012041	0.0014595102	0	0	0	0	0	3
64	103	0	0.574233594	0.00264253744	0.00319170748	0.00248061021	0.00394012041	0.0014595102	0	0	0	0	0	3
65	104	0	0.583205994	0.0024608101	0.00317635879	0.0024608101	0.00394012041	0.00147931031	0	0	0	0	0	3
66	105	0	0.592178394	0.00266416214	0.00315357382	0.0024608101	0.00386279198	0.00140198188	0	0	0	0	0	3
67	107	0	0.601150794	0.00245184537	0.00313193902	0.00245184537	0.00386279198	0.00141094661	0	0	0	0	0	3
68	108	0	0.610123194	0.00266365838	0.00311052592	0.00245184537	0.00357219725	0.00112035188	0	0	0	0	0	3
69	109	0	0.619095594	0.002432347	0.00309350919	0.002432347	0.00357219725	0.00113985026	0	0	0	0	0	3
70	110	0	0.628067993	0.0026546233	0.00307724545	0.002432347	0.00357219725	0.00113985026	0	0	0	0	0	3
71	112	0	0.637040393	0.00243692734	0.00305750923	0.002432347	0.00357219725	0.00113985026	0	0	0	0	0	3
72	113	0	0.646012793	0.00266561985	0.00304141171	0.002432347	0.00357219725	0.00113985026	0	0	0	0	0	3
73	114	0	0.654985193	0.00244584271	0.00302329267	0.002432347	0.00357219725	0.00113985026	0	0	0	0	0	3
74	115	0	0.663957593	0.00266392506	0.00301069855	0.002432347	0.00357219725	0.00113985026	0	0	0	0	0	3
75	117	0	0.672929993	0.00243523891	0.0029941605	0.002432347	0.00357219725	0.00113985026	0	0	0	0	0	3
76	118	0	0.681902393	0.0026573677	0.00297944822	0.002432347	0.00357219725	0.00113985026	0	0	0	0	0	3
77	120	0	0.690874793	0.0024325636	0.00296123687	0.002432347	0.00357219725	0.00113985026	0	0	0	0	0	3
78	121	0	0.699847193	0.00266519705	0.0029467115	0.002432347	0.00357219725	0.00113985026	0	0	0	0	0	3
79	122	0	0.708819593	0.00245461033	0.0029281789	0.002432347	0.00357219725	0.00113985026	0	0	0	0	0	3
80	124	0	0.717791993	0.00269472205	0.0029125097	0.002432347	0.00356854036	0.00113619336	0	0	0	0	0	3
81	125	0	0.726764392	0.00250006164	0.00289381985	0.002432347	0.00356854036	0.00113619336	0	0	0	0	0	3
82	126	0	0.735736792	0.0027183054	0.00287863709	0.002432347	0.00355330932	0.00112096233	0	0	0	0	0	3
83	128	0	0.744709192	0.00252346528	0.0028608254	0.002432347	0.00355330932	0.00112096233	0	0	0	0	0	3
84	129	0	0.753681592	0.00272841483	0.00284634705	0.002432347	0.00355330932	0.00112096233	0	0	0	0	0	3
85	131	0	0.762653992	0.00254150087	0.00282928205	0.002432347	0.00355330932	0.00112096233	0	0	0	0	0	3
86	132	0	0.771626392	0.00276772879	0.00281530639	0.002432347	0.00355330932	0.00112096233	0	0	0	0	0	3
87	134	0	0.780598792	0.00255122793	0.00279820075	0.002432347	0.00355330932	0.00112096233	0	0	0	0	0	3
88	135	0	0.789571192	0.00270707998	0.00278308951	0.002432347	0.00350757867	0.00107523168	0	0	0	0	0	3
89	137	0	0.798543592	0.00257240904	0.00276725675	0.002432347	0.00350757867	0.00107523168	0	0	0	0	0	3
90	138	0	0.807515992	0.00274924517	0.00275371508	0.002432347	0.00339958585	0.000967238853	0	0	0	0	0	3
91	140	0	0.816488392	0.00254021373	0.00273842788	0.002432347	0.00339958585	0.000967238853	0	0	0	0	0	3
92	141	0	0.825460791	0.00271907334	0.00272627587	0.002432347	0.00327575323	0.000843406231	0	0	0	0	0	3
93	143	0	0.834433191	0.00254693413	0.00271329146	0.002432347	0.00327575323	0.000843406231	0	0	0	0	0	3
94	144	0	0.843405591	0.00272199806	0.00270340298	0.002432347	0.00320582475	0.00077347775	0	0	0	0	0	3
95	146	0	0.852377991	0.00257814822	0.00269294934	0.002432347	0.00320582475	0.00077347775	0	0	0	0	0	3
96	147	0	0.861350391	0.00273490367	0.00268454003	0.002432347	0.00317471638	0.000742369381	0	0	0	0	0	3
97	149	0	0.870322791	0.00260445816	0.00267596035	0.002432347	0.00317471638	0.000742369381	0	0	0	0	0	3
98	151	0	0.879295191	0.00274686593	0.00266832016	0.002432347	0.00314355313	0.000711206134	0	0	0	0	0	3
99	152	0	0.888267591	0.00261572758	0.00266181179	0.002432347	0.00314355313	0.000711206134	0	0	0	0	0	3
100	154	0	0.897239991	0.00274203652	0.00265464185	0.002432347	0.00305139766	0.000619050666	0	0	0	0	0	3
101	160	0	0.906212391	0.00262011287	0.00264938486	0.002432347	0.00305139766	0.000619050666	0	0	0	0	0	3
102	162	0	0.915184791	0.0027427715	0.00264387368	0.002432347	0.00297341375	0.000541066754	0	0	0	0	0	3
103	164	0	0.92415719	0.00263833201	0.00263967259	0.002432347	0.00297341375	0.000541066754	0	0	0	0	0	3
104	165	0	0.93312959	0.00275173557	0.00263571405	0.002432347	0.00290244256	0.000470095562	0	0	0	0	0	3
105	167	0	0.94210199	0.00266248778	0.00263275817	0.002432347	0.00290244256	0.000470095562	0	0	0	0	0	3
106	169	0	0.95107439	0.00276056766	0.00263022469	0.002432347	0.00286831763	0.000435970637	0	0	0	0	0	3
107	171	0	0.96004679	0.00267145493	0.00262898171	0.002432347	0.00286831763	0.000435970637	0	0	0	0	0	3
108	173	0	0.96901919	0.00275738511	0.00262700077	0.002432347	0.00278584712	0.00035350012	0	0	0	0	0	3
109	175	0	0.97799159	0.00265573679	0.00262658495	0.002432347	0.00278584712	0.00035350012	0	0	0	0	0	3
110	177	0	0.98696399	0.00273263185	0.00262563467	0.002432347	0.00276772879	0.000335381793	0	0	0	0	0	3
111	179	0	0.99593639	0.00264815052	0.00262509961	0.002432347	0.00276772879	0.000335381793	0	0	0	0	0	3
112	181	0	1.00490879	0.00271934336	0.00262502864	0.002432347	0.00276772879	0.000335381793	9.31655552e-05	0	27.7	0	0	3
113	183	0	1.01388119	0.00264051437	0.00262457738	0.002432347	0.00276772879	0.000335381793	9.31655552e-05	0	27.7	0	0	3
114	184	0	1.02285359	0.0026970713	0.00262484119	0.002432347	0.00276772879	0.000335381793	9.31655552e-05	0	27.7	0	0	3
115	186	0	1.03182599	0.00262357047	0.00262585326	0.002432347	0.00276772879	0.000335381793	9.31655552e-05	0	27.7	0	0	3
116	188	0	1.04079839	0.00268974281	0.00262644518	0.002432347	0.00276772879	0.000335381793	9.31655552e-05	0	27.7	0	0	3
117	190	0	1.04977079	0.00260431464	0.00262796181	0.002432347	0.00276772879	0.000335381793	9.31655552e-05	0	27.7	0	0	3
118	192	0	1.05874319	0.00270131527	0.00262910081	0.002432347	0.00276772879	0.000335381793	9.31655552e-05	0	27.7	0	0	3
119	194	0	1.06771559	0.00260157973	0.00263126098	0.002432347	0.00276772879	0.000335381793	9.31655552e-05	0	27.7	0	0	3
120	196	0	1.07668799	0.00267923761	0.00263191634	0.002432347	0.00276772879	0.000335381793	9.31655552e-05	0	27.7	0	0	3
121	198	0	1.08566039	0.00259549235	0.00263432138	0.002432347	0.00276772879	0.000335381793	9.31655552e-05	0	27.7	0	0	3
122	199	0	1.09463279	0.00269805832	0.00263492667	0.002432347	0.00276772879	0.000335381793	9.31655552e-05	0	27.7	0	0	3
123	201	0	1.10360519	0.00258057676	0.00263722545	0.002432347	0.00276772879	0.000335381793	9.31655552e-05	0	27.7	0	0	3
124	203	0	1.11257759	0.002660496	0.00263716898	0.002432347	0.00276772879	0.000335381793	9.31655552e-05	0	27.7	0	0	3
125	205	0	1.12154999	0.00258002511	0.00263980609	0.0024325636	0.00276772879	0.000335165193	9.31655552e-05	0	27.7	0	0	3
126	207	0	1.13052239	0.00268998655	0.00264043757	0.0024325636	0.00276772879	0.000335165193	9.31655552e-05	0	27.7	0	0	3
127	208	0	1.13949479	0.00255563085	0.00264255728	0.0024325636	0.00276772879	0.000335165193	9.31655552e-05	0	27.7	0	0	3
128	210	0	1.14846719	0.00265192463	0.00264231272	0.0024325636	0.00276772879	0.000335165193	9.31655552e-05	0	27.7	0	0	3
129	212	0	1.15743959	0.002554957	0.00264426119	0.0024325636	0.00276772879	0.000335165193	9.31655552e-05	0	27.7	0	0	3
130	214	0	1.16641199	0.00264417201	0.00264390846	0.0024325636	0.00276772879	0.000335165193	9.31655552e-05	0	27.7	0	0	3
131	216	0	1.17538439	0.00254639158	0.00264589333	0.0024325636	0.00276772879	0.000335165193	9.31655552e-05	0	27.7	0	0	3
132	218	0	1.18435679	0.00264517708	0.00264567564	0.0024325636	0.00276772879	0.000335165193	9.31655552e-05	0	27.7	0	0	3
133	220	0	1.19332919	0.00255227586	0.00264781336	0.00245461033	0.00276772879	0.000313118459	9.31655552e-05	0	29.7	0	0	3
134	222	0	1.20230159	0.00267909771	0.00264806158	0.00245461033	0.00276772879	0.00030360152	9.31655552e-05	0	30.6	0	0	3
135	224	0	1.21127399	0.00258246041	0.00265034462	0.00250006164	0.00276772879	0.000267667147	9.31655552e-05	0	34.8	0	0	3
136	225	0	1.22024639	0.00269615687	0.00265037024	0.00250006164	0.00276772879	0.000267667147	9.31655552e-05	0	34.8	0	0	3
137	227	0	1.22921879	0.00258247664	0.00265184194	0.00252346528	0.00276772879	0.000244263507	9.31655552e-05	0	38.1	0	0	3
138	229	0	1.23819119	0.00271814157	0.00265183901	0.00252346528	0.00276772879	0.000236248018	9.31655552e-05	0	39.4	0	0	3
139	231	0	1.24716359	0.00261233988	0.00265342606	0.00254021373	0.00276772879	0.000221769667	9.31655552e-05	0	42	0	0	3
140	233	0	1.25613599	0.00275359571	0.00265387572	0.00254021373	0.00276772879	0.000204704667	9.31655552e-05	0	45.5	0	0	3
141	235	0	1.26510839	0.00262316785	0.00265533406	0.00254021373	0.00276772879	0.000190729007	9.31655552e-05	0	48.8	0	0	3
142	237	0	1.27408079	0.00275989129	0.0026551941	0.00254021373	0.00276056766	0.000173623368	9.31655552e-05	0	53.6	0	0	3
143	239	0	1.28305319	0.00263547372	0.00265669849	0.00254021373	0.00276056766	0.000158512129	9.31655552e-05	0	58.7	0	0	3
144	241	0	1.29202559	0.00275897772	0.00265762524	0.00254021373	0.00276056766	0.000142679364	9.31655552e-05	0	65.2	0	0	3
145	243	0	1.30099799	0.00265910203	0.00265917332	0.00254021373	0.00276056766	0.000129137695	9.31655552e-05	0	72.1	0	0	3
146	244	0	1.30997039	0.00277974037	0.00265971788	0.00254021373	0.00277974037	0.0001138505	9.31655552e-05	0	81.8	0	0	3
147	246	0	1.31894279	0.00269305165	0.00266244713	0.00254639158	0.00277974037	0.000101698491	9.31655552e-05	0	91.6	0	0	3
148	248	0	1.32791519	0.00281136131	0.00266409513	0.00254639158	0.00281136131	8.87140824e-05	9.31655552e-05	0	100	0	0	3
149	250	0	1.33688759	0.00271607576	0.00266711552	0.00254639158	0.00281136131	7.88255974e-05	9.31655552e-05	0	100	0	0	3
150	252	0	1.34585999	0.00281984812	0.00266886284	0.00254639158	0.00281984812	6.83719556e-05	9.31655552e-05	0	100	0	0	3
151	254	0	1.35483239	0.0027268992	0.00267151911	0.00254639158	0.00281984812	5.99626506e-05	9.31655552e-05	0	100	0	0	3
152	256	0	1.36380479	0.00281437609	0.00267293826	0.00254639158	0.00281984812	5.13829643e-05	9.31655552e-05	0	100	0	0	3
153	258	0	1.37277719	0.00272347838	0.00267506362	0.00254639158	0.00281984812	5.04862353e-05	9.31655552e-05	0	100	0	0	3
154	260	0	1.38174959	0.00281369443	0.00267625698	0.00254639158	0.00281984812	5.16796013e-05	9.31655552e-05	0	100	0	0	3
155	262	0	1.39072199	0.002718576	0.00267809356	0.00254639158	0.00281984812	5.35161803e-05	9.31655552e-05	0	100	0	0	3
156	264	0	1.39969439	0.002788434	0.00267892209	0.00254639158	0.00281984812	5.43447068e-05	9.31655552e-05	0	100	0	0	3
157	266	0	1.40866679	0.00271171079	0.00268055777	0.00254639158	0.00281984812	5.59803838e-05	9.31655552e-05	0	100	0	0	3
158	267	0	1.41763919	0.00279438378	0.00268147941	0.00254639158	0.00281984812	5.69020318e-05	9.31655552e-05	0	100	0	0	3
159	270	0	1.42661159	0.00266854295	0.00268201889	0.00254639158	0.00281984812	5.74415129e-05	9.31655552e-05	0	100	0	0	3
160	271	0	1.43558399	0.00275765449	0.00268212459	0.00254639158	0.00281984812	5.75472079e-05	9.31655552e-05	0	100	0	0	3
161	273	0	1.44455639	0.00266194614	0.00268211492	0.00254639158	0.00281984812	5.75472079e-05	9.31655552e-05	0	100	0	0	3
162	275	0	1.45352878	0.00272043203	0.00268139821	0.00254639158	0.00281984812	5.75472079e-05	9.31655552e-05	0	100	0	0	3
163	277	0	1.46250118	0.00264333342	0.00268089604	0.00254639158	0.00281984812	5.75472079e-05	9.31655552e-05	0	100	0	0	3
164	279	0	1.47147358	0.00272821069	0.00268037507	0.00254639158	0.00281984812	5.75472079e-05	9.31655552e-05	0	100	0	0	3
165	281	0	1.48044598	0.00259671386	0.00267932109	0.00254639158	0.00281984812	5.75472079e-05	9.31655552e-05	0	100	0	0	3
166	283	0	1.48941838	0.00271827299	0.00267906468	0.00254639158	0.00281984812	5.75472079e-05	9.31655552e-05	0	100	0	0	3
167	285	0	1.49839078	0.00262560942	0.00267866216	0.00254639158	0.00281984812	5.75472079e-05	9.31655552e-05	0	100	0	0	3
168	287	0	1.50736318	0.00269142682	0.00267816365	0.00254639158	0.00281984812	5.75472079e-05	9.31655552e-05	0	100	0	0	3
169	289	0	1.51633558	0.00264655976	0.0026782716	0.00254639158	0.00281984812	5.72833996e-05	9.31655552e-05	0	100	0	0	3
170	291	0	1.52530798	0.00274081954	0.00267905282	0.00254639158	0.00281984812	5.62713334e-05	9.31655552e-05	0	100	0	0	3
171	295	0	1.53428038	0.00263540555	0.00267926416	0.00254639158	0.00281984812	5.56794139e-05	9.31655552e-05	0	100	0	0	3
172	298	0	1.54325278	0.00273365912	0.00268004838	0.00254639158	0.00281984812	5.416278e-05	9.31655552e-05	0	100	0	0	3
173	300	0	1.55222518	0.00264529062	0.0026807801	0.00254639158	0.00281984812	5.30237753e-05	9.31655552e-05	0	100	0	0	3
174	302	0	1.56119758	0.00272513554	0.00268120546	0.00254639158	0.00281984812	5.08636052e-05	9.31655552e-05	0	100	0	0	3
175	304	0	1.57016998	0.00263808534	0.00268185734	0.00254639158	0.00281984812	5.0208245e-05	9.31655552e-05	0	100	0	0	3
176	307	0	1.57914238	0.0027014512	0.00268225402	0.00254639158	0.00281984812	4.79326306e-05	9.31655552e-05	0	100	0	0	3
177	309	0	1.58811478	0.00262842265	0.00268284206	0.00254639158	0.00281984812	4.79153826e-05	9.31655552e-05	0	100	0	0	3
178	311	0	1.59708718	0.00272297528	0.002683287	0.00254639158	0.00281984812	4.61180246e-05	9.31655552e-05	0	100	0	0	3
179	313	0	1.60605958	0.00261617582	0.0026839227	0.00254639158	0.00281984812	4.6753722e-05	9.31655552e-05	0	100	0	0	3
180	315	0	1.61503198	0.0027014656	0.0026846543	0.00254639158	0.00281984812	4.48482129e-05	9.31655552e-05	0	100	0	0	3
181	317	0	1.62400438	0.00260477771	0.00268509631	0.00254639158	0.00281984812	4.4658737e-05	9.31655552e-05	0	100	0	0	3
182	320	0	1.63297678	0.0026846217	0.00268500051	0.00254639158	0.00281984812	4.2783589e-05	9.31655552e-05	0	100	0	0	3
183	322	0	1.64194918	0.0025855669	0.00268553508	0.00254639158	0.00281984812	4.32223606e-05	9.31655552e-05	0	100	0	0	3
184	324	0	1.65092158	0.00265198682	0.00268553619	0.00254639158	0.00281984812	4.16277348e-05	9.31655552e-05	0	100	0	0	3
185	326	0	1.65989398	0.00259194886	0.00268619676	0.00254639158	0.00281984812	4.22883037e-05	9.31655552e-05	0	100	0	0	3
186	328	0	1.66886638	0.00268416507	0.00268691092	0.00254639158	0.00281984812	4.12352859e-05	9.31655552e-05	0	100	0	0	3
187	330	0	1.67783878	0.00258384476	0.00268757973	0.00255227586	0.00281984812	4.19040927e-05	9.31655552e-05	0	100	0	0	3
188	332	0	1.68681118	0.00265285673	0.00268771687	0.00255227586	0.00281984812	3.99035101e-05	9.31655552e-05	0	100	0	0	3
189	334	0	1.69578358	0.00257429826	0.00268811012	0.00257429826	0.00281984812	4.00485411e-05	9.31655552e-05	0	100	0	0	3
190	336	0	1.70475598	0.00266902948	0.00268793033	0.00257429826	0.00281984812	3.77655039e-05	9.31655552e-05	0	100	0	0	3
191	338	0	1.71372838	0.00256379514	0.00268759703	0.00256379514	0.00281984812	3.77398821e-05	9.31655552e-05	0	100	0	0	3
192	341	0	1.72270078	0.00264076309	0.00268660785	0.00256379514	0.00281984812	3.62711113e-05	9.31655552e-05	0	100	0	0	3
193	343	0	1.73167318	0.00259215622	0.0026867807	0.00256379514	0.00281984812	3.62711113e-05	9.31655552e-05	0	100	0	0	3
194	345	0	1.74064558	0.00267883769	0.00268607885	0.00256379514	0.00281984812	3.46840648e-05	9.31655552e-05	0	100	0	0	3
195	347	0	1.74961798	0.0025628598	0.00268519527	0.0025628598	0.00281984812	3.42344062e-05	9.31655552e-05	0	100	0	0	3
196	349	0	1.75859038	0.00270166609	0.00268426796	0.0025628598	0.00281984812	3.29160227e-05	9.31655552e-05	0	100	0	0	3
197	351	0	1.76756278	0.00256916584	0.00268330364	0.0025628598	0.00281984812	3.29160227e-05	9.31655552e-05	0	100	0	0	3
198	353	0	1.77653518	0.00267477833	0.00268178376	0.0025628598	0.00281984812	3.14116336e-05	9.31655552e-05	0	100	0	0	3
199	355	0	1.78550758	0.00254512074	0.00268017032	0.00254512074	0.00281984812	3.04848882e-05	9.31655552e-05	0	100	0	0	3
200	357	0	1.79447998	0.00270000182	0.00267911717	0.00254512074	0.00281984812	2.89367992e-05	9.31655552e-05	0	100	0	0	3
201	365	0	1.80345238	0.00256402263	0.00267741933	0.00254512074	0.00281984812	2.83922421e-05	9.31655552e-05	0	100	0	0	3
202	367	0	1.81242478	0.00268739635	0.00267577033	0.00254512074	0.00281984812	2.56629934e-05	9.31655552e-05	0	100	0	0	3
203	370	0	1.82139718	0.00262727766	0.00267459579	0.00254512074	0.00281984812	2.4014994e-05	9.31655552e-05	0	100	0	0	3
204	372	0	1.83036958	0.0026878698	0.00267239059	0.00254512074	0.00281984812	2.09946078e-05	9.31655552e-05	0	100	0	0	3
205	374	0	1.83934198	0.00262040062	0.0026706821	0.00254512074	0.00281984812	1.92472854e-05	9.31655552e-05	0	100	0	0	3
206	376	0	1.84831438	0.0026872908	0.00266831501	0.00254512074	0.00281437609	1.97951159e-05	9.31655552e-05	0	100	0	0	3
207	378	0	1.85728678	0.00260609971	0.00266615787	0.00254512074	0.00281437609	2.19522497e-05	9.31655552e-05	0	100	0	0	3
208	380	0	1.86625918	0.00268843536	0.00266390893	0.00254512074	0.00281369443	2.42011914e-05	9.31655552e-05	0	100	0	0	3
209	382	0	1.87523158	0.00259563635	0.00266162604	0.00254512074	0.00281369443	2.64840847e-05	9.31655552e-05	0	100	0	0	3
210	384	0	1.88420398	0.00269266478	0.0026594648	0.00254512074	0.00279438378	2.86453284e-05	9.31655552e-05	0	100	0	0	3
211	386	0	1.89317638	0.00261906843	0.00265768787	0.00254512074	0.00279438378	3.04222494e-05	9.31655552e-05	0	100	0	0	3
212	388	0	1.90214878	0.00268312083	0.00265580728	0.00254512074	0.00279438378	3.23028417e-05	9.31655552e-05	0	100	0	0	3
213	390	0	1.91112118	0.00260978233	0.00265398713	0.00254512074	0.00279438378	3.41229929e-05	9.31655552e-05	0	100	0	0	3
214	392	0	1.92009358	0.0026767301	0.00265188617	0.00254512074	0.00275765449	3.62239515e-05	9.31655552e-05	0	100	0	0	3
215	394	0	1.92906598	0.00260198273	0.0026506976	0.00254512074	0.00275765449	3.74125269e-05	9.31655552e-05	0	100	0	0	3
216	396	0	1.93803838	0.00267317909	0.00264918911	0.00254512074	0.00274081954	3.89210162e-05	9.31655552e-05	0	100	0	0	3
217	398	0	1.94701078	0.00259208769	0.00264794164	0.00254512074	0.00274081954	4.01684885e-05	9.31655552e-05	0	100	0	0	3
218	401	0	1.95598318	0.00270398928	0.00264764801	0.00254512074	0.00274081954	4.0462109e-05	9.31655552e-05	0	100	0	0	3
219	403	0	1.96495558	0.00261621607	0.00264716378	0.00254512074	0.00274081954	4.09463475e-05	9.31655552e-05	0	100	0	0	3
220	405	0	1.97392798	0.00271064864	0.00264685017	0.00254512074	0.00274081954	4.12599555e-05	9.31655552e-05	0	100	0	0	3
221	407	0	1.98290038	0.00264932678	0.00264778968	0.00254512074	0.00274081954	4.12599555e-05	9.31655552e-05	0	100	0	0	3
222	409	0	1.99187278	0.00270321337	0.00264752076	0.00254512074	0.00274081954	4.12599555e-05	9.31655552e-05	0	100	0	0	3
223	411	0	2.00084518	0.00261056185	0.00264725206	0.00254512074	0.00274081954	4.12599555e-05	9.31655552e-05	0	100	0	0	3
224	413	0	2.00981758	0.00270367834	0.00264747083	0.00254512074	0.00274081954	4.12599555e-05	9.31655552e-05	0	100	0	0	3
225	415	0	2.01878998	0.00264561342	0.00264745393	0.00254512074	0.00274081954	4.12599555e-05	9.31655552e-05	0	100	0	0	3
226	417	0	2.02776238	0.00271769256	0.00264704095	0.00254512074	0.00273365912	4.12599555e-05	9.31655552e-05	0	100	0	0	3
227	419	0	2.03673478	0.00264753009	0.00264725746	0.00254512074	0.00273365912	4.12599555e-05	9.31655552e-05	0	100	0	0	3
228	422	0	2.04570718	0.00273698859	0.00264731692	0.00254512074	0.00273698859	4.12599555e-05	9.31655552e-05	0	100	0	0	3
229	424	0	2.05467958	0.00265885872	0.0026475592	0.00254512074	0.00273698859	4.12599555e-05	9.31655552e-05	0	100	0	0	3
230	426	0	2.06365198	0.00271862081	0.00264744287	0.00254512074	0.00273698859	4.12599555e-05	9.31655552e-05	0	100	0	0	3
231	428	0	2.07262438	0.00265729557	0.00264778591	0.00254512074	0.00273698859	4.12599555e-05	9.31655552e-05	0	100	0	0	3
232	430	0	2.08159678	0.00271625688	0.0026480503	0.00254512074	0.00273698859	4.12599555e-05	9.31655552e-05	0	100	0	0	3
233	432	0	2.09056918	0.00265212794	0.00264847361	0.00254512074	0.00273698859	4.12599555e-05	9.31655552e-05	0	100	0	0	3
234	434	0	2.09954158	0.00272633414	0.00264853359	0.00254512074	0.00273698859	4.12599555e-05	9.31655552e-05	0	100	0	0	3
235	436	0	2.10851398	0.00264137369	0.00264898355	0.00254512074	0.00273698859	4.12599555e-05	9.31655552e-05	0	100	0	0	3
236	438	0	2.11748638	0.002717903	0.00264927707	0.00254512074	0.00273698859	4.12599555e-05	9.31655552e-05	0	100	0	0	3
237	440	0	2.12645878	0.00261868061	0.00264952534	0.00254512074	0.00273698859	4.12599555e-05	9.31655552e-05	0	100	0	0	3
238	442	0	2.13543118	0.00269556319	0.00264972072	0.00254512074	0.00273698859	4.12599555e-05	9.31655552e-05	0	100	0	0	3
239	444	0	2.14440358	0.00260528773	0.00265007288	0.00254512074	0.00273698859	4.12599555e-05	9.31655552e-05	0	100	0	0	3
240	446	0	2.15337598	0.00269946912	0.00265092078	0.00254512074	0.00273698859	4.12599555e-05	9.31655552e-05	0	100	0	0	3
241	448	0	2.16234838	0.00262234263	0.00265146352	0.00254512074	0.00273698859	4.12599555e-05	9.31655552e-05	0	100	0	0	3
242	450	0	2.17132078	0.00272121675	0.00265212516	0.00254512074	0.00273698859	4.12599555e-05	9.31655552e-05	0	100	0	0	3
243	452	0	2.18029318	0.0026150161	0.00265268179	0.00254512074	0.00273698859	4.12599555e-05	9.31655552e-05	0	100	0	0	3
244	454	0	2.18926558	0.00270569723	0.00265362537	0.00254512074	0.00273698859	4.12599555e-05	9.31655552e-05	0	100	0	0	3
245	456	0	2.19823798	0.00261461691	0.00265434535	0.00254512074	0.00273698859	4.10801659e-05	9.31655552e-05	0	100	0	0	3
246	458	0	2.20721038	0.00267226678	0.00265440316	0.00254512074	0.00273698859	4.07468575e-05	9.31655552e-05	0	100	0	0	3
247	460	0	2.21618278	0.00259531388	0.00265496599	0.00254512074	0.00273698859	3.99305323e-05	9.31655552e-05	0	100	0	0	3
248	462	0	2.22515518	0.00266655837	0.00265542662	0.00254512074	0.00273698859	3.99305323e-05	9.31655552e-05	0	100	0	0	3
249	464	0	2.23412758	0.002588095	0.0026553541	0.00254512074	0.00273698859	3.92286773e-05	9.31655552e-05	0	100	0	0	3
250	466	0	2.24309998	0.0026629123	0.00265506972	0.00254512074	0.00273698859	3.83451045e-05	9.31655552e-05	0	100	0	0	3
251	468	0	2.25207238	0.0025768635	0.00265531978	0.00254512074	0.00273698859	3.74177898e-05	9.31655552e-05	0	100	0	0	3
252	470	0	2.26104478	0.00265324789	0.00265445517	0.00254512074	0.00273698859	3.64534683e-05	9.31655552e-05	0	100	0	0	3
253	473	0	2.27001718	0.00256293736	0.00265434395	0.00254512074	0.00273698859	3.4933594e-05	9.31655552e-05	0	100	0	0	3
254	475	0	2.27898958	0.00263882361	0.0026537019	0.00254512074	0.00273698859	3.33201481e-05	9.31655552e-05	0	100	0	0	3
255	477	0	2.28796198	0.00254157301	0.00265363855	0.00254157301	0.00273698859	3.2267007e-05	9.31655552e-05	0	100	0	0	3
256	479	0	2.29693438	0.00261858452	0.00265218467	0.00254157301	0.00273698859	3.05691607e-05	9.31655552e-05	0	100	0	0	3
257	481	0	2.30590678	0.00252859265	0.00265155199	0.00252859265	0.00273698859	2.89201604e-05	9.31655552e-05	0	100	0	0	3
258	483	0	2.31487918	0.0026259938	0.00265045552	0.00252859265	0.00273698859	2.77456248e-05	9.31655552e-05	0	100	0	0	3
259	484	0	2.32385158	0.00253616142	0.00264882844	0.00252859265	0.00273698859	2.55404193e-05	9.31655552e-05	0	100	0	0	3
260	486	0	2.33282398	0.00262090565	0.00264763265	0.00252859265	0.00273698859	2.38319347e-05	9.31655552e-05	0	100	0	0	3
261	488	0	2.34179638	0.00252722789	0.00264596885	0.00252722789	0.00273698859	2.23461539e-05	9.31655552e-05	0	100	0	0	3
262	491	0	2.35076878	0.00260372864	0.00264447667	0.00252722789	0.00273698859	2.16812015e-05	9.31655552e-05	0	100	0	0	3
263	493	0	2.35974118	0.00250664771	0.00264270074	0.00250664771	0.00273698859	2.12081884e-05	9.31655552e-05	0	100	0	0	3
264	495	0	2.36871358	0.002587484	0.00264089804	0.00250664771	0.00273698859	2.07279979e-05	9.31655552e-05	0	100	0	0	3
265	496	0	2.37768598	0.00249539447	0.00263910801	0.00249539447	0.00273698859	2.0356788e-05	9.31655552e-05	0	100	0	0	3
266	499	0	2.38665838	0.00259036259	0.00263728118	0.00249539447	0.00273698859	2.04066919e-05	9.31655552e-05	0	100	0	0	3
267	501	0	2.39563078	0.00249927191	0.00263514196	0.00249539447	0.00273698859	2.06653231e-05	9.31655552e-05	0	100	0	0	3
268	503	0	2.40460318	0.00258492964	0.00263338854	0.00249539447	0.00273698859	2.20380771e-05	9.31655552e-05	0	100	0	0	3
269	505	0	2.41357557	0.00250123501	0.0026314502	0.00249539447	0.00273698859	2.39764221e-05	9.31655552e-05	0	100	0	0	3
270	507	0	2.42254797	0.00258673892	0.00262984321	0.00249539447	0.00273698859	2.55834075e-05	9.31655552e-05	0	100	0	0	3
271	509	0	2.43152037	0.00250282853	0.0026280726	0.00249539447	0.00273698859	2.73540182e-05	9.31655552e-05	0	100	0	0	3
272	511	0	2.44049277	0.00259887136	0.00262674568	0.00249539447	0.00273698859	2.86809419e-05	9.31655552e-05	0	100	0	0	3
273	513	0	2.44946517	0.00251060834	0.00262529069	0.00249539447	0.00273698859	3.01359303e-05	9.31655552e-05	0	100	0	0	3
274	515	0	2.45843757	0.00260205346	0.00262347041	0.00249539447	0.00273698859	3.19562129e-05	9.31655552e-05	0	100	0	0	3
275	517	0	2.46740997	0.00251684021	0.00262169584	0.00249539447	0.00273698859	3.37307818e-05	9.31655552e-05	0	100	0	0	3
276	519	0	2.47638237	0.00260355743	0.0026197835	0.00249539447	0.00273698859	3.56431249e-05	9.31655552e-05	0	100	0	0	3
277	521	0	2.48535477	0.00252393425	0.00261754434	0.00249539447	0.00273698859	3.78822772e-05	9.31655552e-05	0	100	0	0	3
278	524	0	2.49432717	0.00262703769	0.00261618406	0.00249539447	0.00273698859	3.92425572e-05	9.31655552e-05	0	100	0	0	3
279	526	0	2.50329957	0.00254678443	0.00261504518	0.00249539447	0.00273698859	4.03814397e-05	9.31655552e-05	0	100	0	0	3
280	528	0	2.51227197	0.0026556459	0.00261418746	0.00249539447	0.00273698859	4.12391619e-05	9.31655552e-05	0	100	0	0	3
281	530	0	2.52124437	0.00257400116	0.00261290867	0.00249539447	0.00273698859	4.25179523e-05	9.31655552e-05	0	100	0	0	3
282	532	0	2.53021677	0.00267961603	0.00261222873	0.00249539447	0.00273698859	4.31978904e-05	9.31655552e-05	0	100	0	0	3
283	534	0	2.53918917	0.00260842415	0.00261153041	0.00249539447	0.00273698859	4.38962107e-05	9.31655552e-05	0	100	0	0	3
284	536	0	2.54816157	0.00270598325	0.00261097674	0.00249539447	0.00272633414	4.44498774e-05	9.31655552e-05	0	100	0	0	3
285	538	0	2.55713397	0.00261313339	0.00261016022	0.00249539447	0.00272633414	4.52664011e-05	9.31655552e-05	0	100	0	0	3
286	540	0	2.56610637	0.00274059699	0.00261055265	0.00249539447	0.00274059699	4.52664011e-05	9.31655552e-05	0	100	0	0	3
287	542	0	2.57507877	0.00266280981	0.00261065112	0.00249539447	0.00274059699	4.52664011e-05	9.31655552e-05	0	100	0	0	3
288	544	0	2.58405117	0.00273150056	0.00261092333	0.00249539447	0.00274059699	4.52664011e-05	9.31655552e-05	0	100	0	0	3
289	547	0	2.59302357	0.00269485137	0.00261168625	0.00249539447	0.00274059699	4.52664011e-05	9.31655552e-05	0	100	0	0	3
290	549	0	2.60199597	0.00278993903	0.00261282205	0.00249539447	0.00278993903	4.52664011e-05	9.31655552e-05	0	100	0	0	3
291	551	0	2.61096837	0.00268338806	0.00261357231	0.00249539447	0.00278993903	4.52664011e-05	9.31655552e-05	0	100	0	0	3
292	553	0	2.61994077	0.00282868198	0.0026155505	0.00249539447	0.00282868198	4.52664011e-05	9.31655552e-05	0	100	0	0	3
293	555	0	2.62891317	0.00271301211	0.00261723499	0.00249539447	0.00282868198	4.52664011e-05	9.31655552e-05	0	100	0	0	3
294	557	0	2.63788557	0.00282065545	0.00261946878	0.00249539447	0.00282868198	4.52664011e-05	9.31655552e-05	0	100	0	0	3
295	559	0	2.64685797	0.00275008984	0.00262205454	0.00249539447	0.00282868198	4.52664011e-05	9.31655552e-05	0	100	0	0	3
296	561	0	2.65583037	0.00283624845	0.00262449702	0.00249539447	0.00283624845	4.52664011e-05	9.31655552e-05	0	100	0	0	3
297	563	0	2.66480277	0.00275345173	0.00262683826	0.00249539447	0.00283624845	4.52664011e-05	9.31655552e-05	0	100	0	0	3
298	565	0	2.67377517	0.00283124806	0.0026288031	0.00249539447	0.00283624845	4.52664011e-05	9.31655552e-05	0	100	0	0	3
299	567	0	2.68274757	0.00275134742	0.00263123759	0.00249539447	0.00283624845	4.52664011e-05	9.31655552e-05	0	100	0	0	3
300	569	0	2.69171997	0.00283480003	0.002633543	0.00249539447	0.00283624845	4.52664011e-05	9.31655552e-05	0	100	0	0	3
301	576	0	2.70069237	0.00276969136	0.00263631218	0.00249539447	0.00283624845	4.52664011e-05	9.31655552e-05	0	100	0	0	3
302	578	0	2.70966477	0.00281865023	0.00263892617	0.00249539447	0.00283624845	4.52664011e-05	9.31655552e-05	0	100	0	0	3
303	580	0	2.71863717	0.00271442263	0.00264105312	0.00249539447	0.00283624845	4.52664011e-05	9.31655552e-05	0	100	0	0	3
304	582	0	2.72760957	0.00279626546	0.00264336931	0.00249539447	0.00283624845	4.51938795e-05	9.31655552e-05	0	100	0	0	3
305	584	0	2.73658197	0.00271627448	0.00264565823	0.00249539447	0.00283624845	4.51595636e-05	9.31655552e-05	0	100	0	0	3
306	586	0	2.74555437	0.00276616187	0.00264750198	0.00249539447	0.00283624845	4.51595636e-05	9.31655552e-05	0	100	0	0	3
307	588	0	2.75452677	0.0026960344	0.00264963003	0.00249539447	0.00283624845	4.42949528e-05	9.31655552e-05	0	100	0	0	3
308	590	0	2.76349917	0.00274594493	0.00265128533	0.00249539447	0.00283624845	4.41837299e-05	9.31655552e-05	0	100	0	0	3
309	592	0	2.77247157	0.00266202473	0.00265305475	0.00249539447	0.00283624845	4.35416813e-05	9.31655552e-05	0	100	0	0	3
310	594	0	2.78144397	0.00271002969	0.00265432629	0.00249539447	0.00283624845	4.41660656e-05	9.31655552e-05	0	100	0	0	3
311	596	0	2.79041637	0.0026204679	0.00265573512	0.00249539447	0.00283624845	4.55749029e-05	9.31655552e-05	0	100	0	0	3
312	598	0	2.79938877	0.00268305677	0.00265688641	0.00249539447	0.00283624845	4.67261931e-05	9.31655552e-05	0	100	0	0	3
313	600	0	2.80836117	0.00260081613	0.00265817612	0.00249539447	0.00283624845	4.80158981e-05	9.31655552e-05	0	100	0	0	3
314	602	0	2.81733357	0.0026724962	0.00265900652	0.00249539447	0.00283624845	4.88462982e-05	9.31655552e-05	0	100	0	0	3
315	604	0	2.82630597	0.00259036934	0.00265997452	0.00249539447	0.00283624845	4.98142967e-05	9.31655552e-05	0	100	0	0	3
316	606	0	2.83527837	0.00266675163	0.0026607932	0.00249539447	0.00283624845	5.06329751e-05	9.31655552e-05	0	100	0	0	3
317	608	0	2.84425077	0.00258323536	0.00266179333	0.00249539447	0.00283624845	5.16331084e-05	9.31655552e-05	0	100	0	0	3
318	610	0	2.85322317	0.0026576112	0.00266275552	0.00249539447	0.00283624845	5.25952969e-05	9.31655552e-05	0	100	0	0	3
319	612	0	2.86219557	0.00257160806	0.00266391552	0.00249539447	0.00283624845	5.37553032e-05	9.31655552e-05	0	100	0	0	3
320	614	0	2.87116797	0.00264608539	0.00266496198	0.00249539447	0.00283624845	5.48017567e-05	9.31655552e-05	0	100	0	0	3
321	616	0	2.88014037	0.00255974288	0.00266611106	0.00249927191	0.00283624845	5.59508355e-05	9.31655552e-05	0	100	0	0	3
322	618	0	2.88911277	0.00264167881	0.00266702742	0.00249927191	0.00283624845	5.68671965e-05	9.31655552e-05	0	100	0	0	3
323	620	0	2.89808517	0.00256409057	0.00266818489	0.00250123501	0.00283624845	5.80246726e-05	9.31655552e-05	0	100	0	0	3
324	621	0	2.90705757	0.00264938597	0.0026693359	0.00250123501	0.00283624845	5.91756785e-05	9.31655552e-05	0	100	0	0	3
325	623	0	2.91602997	0.00256587906	0.00267049026	0.00250282853	0.00283624845	6.03300366e-05	9.31655552e-05	0	100	0	0	3
326	625	0	2.92500237	0.00264753727	0.00267157594	0.00250282853	0.00283624845	6.14157214e-05	9.31655552e-05	0	100	0	0	3
327	627	0	2.93397477	0.00255841435	0.00267256855	0.00251060834	0.00283624845	6.24083253e-05	9.31655552e-05	0	100	0	0	3
328	629	0	2.94294717	0.0026397071	0.00267329776	0.00251060834	0.00283624845	6.31375349e-05	9.31655552e-05	0	100	0	0	3
329	630	0	2.95191957	0.00255181713	0.00267403363	0.00251684021	0.00283624845	6.38734062e-05	9.31655552e-05	0	100	0	0	3
330	632	0	2.96089197	0.00263769712	0.00267467012	0.00251684021	0.00283624845	6.45099001e-05	9.31655552e-05	0	100	0	0	3
331	634	0	2.96986437	0.00255971475	0.00267543574	0.00252393425	0.00283624845	6.5275517e-05	9.31655552e-05	0	100	0	0	3
332	636	0	2.97883677	0.00265306893	0.00267631987	0.00252393425	0.00283624845	6.6159651e-05	9.31655552e-05	0	100	0	0	3
333	638	0	2.98780917	0.00257862045	0.00267729641	0.00254678443	0.00283624845	6.71361904e-05	9.31655552e-05	0	100	0	0	3
334	640	0	2.99678157	0.00267348494	0.00267812583	0.00254678443	0.00283624845	6.79656055e-05	9.31655552e-05	0	100	0	0	3
335	642	0	3.00575397	0.00258542138	0.00267881577	0.00255181713	0.00283624845	6.8655551e-05	9.31655552e-05	0	100	0	0	3
336	644	0	3.01472637	0.00267501895	0.00267916172	0.00255181713	0.00283624845	6.90014983e-05	9.31655552e-05	0	100	0	0	3
337	645	0	3.02369877	0.00257880803	0.00267924756	0.00255181713	0.00283624845	6.90873354e-05	9.31655552e-05	0	100	0	0	3
338	647	0	3.03267117	0.00266173896	0.00267892832	0.00255181713	0.00283624845	6.90873354e-05	9.31655552e-05	0	100	0	0	3
339	649	0	3.04164357	0.00256256077	0.00267810933	0.00255181713	0.00283624845	6.90873354e-05	9.31655552e-05	0	100	0	0	3
340	651	0	3.05061597	0.00264269416	0.00267697917	0.00255181713	0.00283624845	6.90873354e-05	9.31655552e-05	0	100	0	0	3
341	653	0	3.05958837	0.00255248339	0.00267589614	0.00255181713	0.00283624845	6.86949037e-05	9.31655552e-05	0	100	0	0	3
342	655	0	3.06856077	0.00263930445	0.00267408734	0.00255181713	0.00283624845	6.8596435e-05	9.31655552e-05	0	100	0	0	3
343	656	0	3.07753317	0.0025551433	0.00267216472	0.00255181713	0.00283624845	6.83242264e-05	9.31655552e-05	0	100	0	0	3
344	658	0	3.08650557	0.00264125699	0.00267055323	0.00255181713	0.00283624845	6.75613081e-05	9.31655552e-05	0	100	0	0	3
345	660	0	3.09547797	0.00255364966	0.00266803177	0.00255181713	0.00283624845	6.64255065e-05	9.31655552e-05	0	100	0	0	3
346	662	0	3.10445037	0.00263159867	0.00266520427	0.00255181713	0.00283624845	6.56752499e-05	9.31655552e-05	0	100	0	0	3
347	664	0	3.11342277	0.00253859575	0.00266261869	0.00253859575	0.00283624845	6.36970538e-05	9.31655552e-05	0	100	0	0	3
348	666	0	3.12239517	0.00261593019	0.00265881955	0.00253859575	0.00283624845	6.20125627e-05	9.31655552e-05	0	100	0	0	3
349	668	0	3.13136757	0.00252032383	0.00265537869	0.00252032383	0.00283624845	5.97787725e-05	9.31655552e-05	0	100	0	0	3
350	670	0	3.14033997	0.00259734169	0.00265139094	0.00252032383	0.00283624845	5.71930205e-05	9.31655552e-05	0	100	0	0	3
351	671	0	3.14931237	0.00250334113	0.00264698472	0.00250334113	0.00283624845	5.47505325e-05	9.31655552e-05	0	100	0	0	3
352	673	0	3.15828477	0.0025984229	0.00264273783	0.00250334113	0.00283480003	5.24092986e-05	9.31655552e-05	0	100	0	0	3
353	675	0	3.16725717	0.00250895657	0.00263837185	0.00250334113	0.00283480003	5.04444537e-05	9.31655552e-05	0	100	0	0	3
354	677	0	3.17622957	0.00260646764	0.00263435791	0.00250334113	0.00283480003	4.80099657e-05	9.31655552e-05	0	100	0	0	3
355	679	0	3.18520197	0.0025312015	0.00263042673	0.00250334113	0.00283480003	4.88208238e-05	9.31655552e-05	0	100	0	0	3
356	681	0	3.19417437	0.00264347844	0.00262701028	0.00250334113	0.00281865023	5.22372806e-05	9.31655552e-05	0	100	0	0	3
357	683	0	3.20314677	0.00255269357	0.00262313531	0.00250334113	0.00281865023	5.61122412e-05	9.31655552e-05	0	100	0	0	3
358	685	0	3.21211917	0.00268698878	0.00262078422	0.00250334113	0.00279626546	5.84633385e-05	9.31655552e-05	0	100	0	0	3
359	686	0	3.22109157	0.00261108113	0.00261893883	0.00250334113	0.00279626546	6.03087223e-05	9.31655552e-05	0	100	0	0	3
360	688	0	3.23006397	0.00274157663	0.00261796225	0.00250334113	0.00276616187	6.12853085e-05	9.31655552e-05	0	100	0	0	3
361	690	0	3.23903637	0.00268123245	0.0026173365	0.00250334113	0.00276616187	6.1911059e-05	9.31655552e-05	0	100	0	0	3
362	692	0	3.24800877	0.00280140431	0.00261796583	0.00250334113	0.00280140431	6.1911059e-05	9.31655552e-05	0	100	0	0	3
363	694	0	3.25698117	0.00273644269	0.0026186874	0.00250334113	0.00280140431	6.1911059e-05	9.31655552e-05	0	100	0	0	3
364	696	0	3.26595357	0.00284411004	0.00262044035	0.00250334113	0.00284411004	6.1911059e-05	9.31655552e-05	0	100	0	0	3
365	698	0	3.27492597	0.00276272767	0.00262223862	0.00250334113	0.00284411004	6.1911059e-05	9.31655552e-05	0	100	0	0	3
366	699	0	3.28389837	0.00284882786	0.00262471716	0.00250334113	0.00284882786	6.1911059e-05	9.31655552e-05	0	100	0	0	3
367	701	0	3.29287077	0.00277480838	0.00262747324	0.00250334113	0.00284882786	6.1911059e-05	9.31655552e-05	0	100	0	0	3
368	703	0	3.30184317	0.00284638313	0.00263038978	0.00250334113	0.00284882786	6.1911059e-05	9.31655552e-05	0	100	0	0	3
369	705	0	3.31081557	0.00276286758	0.00263328355	0.00250334113	0.00284882786	6.1911059e-05	9.31655552e-05	0	100	0	0	3
370	707	0	3.31978797	0.00282978528	0.00263609229	0.00250334113	0.00284882786	6.1911059e-05	9.31655552e-05	0	100	0	0	3
371	709	0	3.32876037	0.00275001525	0.00263894311	0.00250334113	0.00284882786	6.1911059e-05	9.31655552e-05	0	100	0	0	3
372	711	0	3.33773277	0.00282870891	0.0026418352	0.00250334113	0.00284882786	6.1911059e-05	9.31655552e-05	0	100	0	0	3
373	713	0	3.34670517	0.00272397047	0.00264434833	0.00250334113	0.00284882786	6.1911059e-05	9.31655552e-05	0	100	0	0	3
374	715	0	3.35567757	0.00280072089	0.00264690386	0.00250334113	0.00284882786	6.1911059e-05	9.31655552e-05	0	100	0	0	3
375	716	0	3.36464997	0.002726511	0.00264966998	0.00250334113	0.00284882786	6.1911059e-05	9.31655552e-05	0	100	0	0	3
376	718	0	3.37362236	0.00278623752	0.0026521727	0.00250334113	0.00284882786	6.1911059e-05	9.31655552e-05	0	100	0	0	3
377	720	0	3.38259476	0.00268614882	0.00265442995	0.00250334113	0.00284882786	6.1911059e-05	9.31655552e-05	0	100	0	0	3
378	722	0	3.39156716	0.00277734403	0.00265685254	0.00250334113	0.00284882786	6.1911059e-05	9.31655552e-05	0	100	0	0	3
379	724	0	3.40053956	0.00269862454	0.00265925493	0.00250334113	0.00284882786	6.1911059e-05	9.31655552e-05	0	100	0	0	3
380	725	0	3.40951196	0.00275802328	0.00266119489	0.00250334113	0.00284882786	6.1911059e-05	9.31655552e-05	0	100	0	0	3
381	727	0	3.41848436	0.00266699956	0.00266300061	0.00250334113	0.00284882786	6.1911059e-05	9.31655552e-05	0	100	0	0	3
382	729	0	3.42745676	0.0027554548	0.00266492771	0.00250334113	0.00284882786	6.1911059e-05	9.31655552e-05	0	100	0	0	3
383	731	0	3.43642916	0.00267407497	0.00266699308	0.00250334113	0.00284882786	6.1911059e-05	9.31655552e-05	0	100	0	0	3
384	733	0	3.44540156	0.00273994018	0.00266878295	0.00250334113	0.00284882786	6.1911059e-05	9.31655552e-05	0	100	0	0	3
385	735	0	3.45437396	0.00265739846	0.00267066833	0.00250334113	0.00284882786	6.1911059e-05	9.31655552e-05	0	100	0	0	3
386	736	0	3.46334636	0.00273567761	0.00267241799	0.00250334113	0.00284882786	6.1911059e-05	9.31655552e-05	0	100	0	0	3
387	738	0	3.47231876	0.00265953852	0.00267420055	0.00250334113	0.00284882786	6.1911059e-05	9.31655552e-05	0	100	0	0	3
388	740	0	3.48129116	0.00271770896	0.00267535484	0.00250334113	0.00284882786	6.1911059e-05	9.31655552e-05	0	100	0	0	3
389	742	0	3.49026356	0.00264650215	0.00267656701	0.00250334113	0.00284882786	6.1911059e-05	9.31655552e-05	0	100	0	0	3
390	744	0	3.49923596	0.00270910987	0.00267720317	0.00250334113	0.00284882786	6.1911059e-05	9.31655552e-05	0	100	0	0	3
391	745	0	3.50820836	0.00262375041	0.00267788762	0.00250334113	0.00284882786	6.1911059e-05	9.31655552e-05	0	100	0	0	3
392	747	0	3.51718076	0.00269131715	0.00267817866	0.00250334113	0.00284882786	6.1911059e-05	9.31655552e-05	0	100	0	0	3
393	749	0	3.52615316	0.00260433497	0.0026786345	0.00250334113	0.00284882786	6.15918258e-05	9.31655552e-05	0	100	0	0	3
394	751	0	3.53512556	0.0026786499	0.00267893648	0.00250334113	0.00284882786	6.15999803e-05	9.31655552e-05	0	100	0	0	3
395	753	0	3.54409796	0.00259079916	0.00267944073	0.00250334113	0.00284882786	6.21042373e-05	9.31655552e-05	0	100	0	0	3
396	755	0	3.55307036	0.00266897743	0.00267991008	0.00250334113	0.00284882786	6.25735815e-05	9.31655552e-05	0	100	0	0	3
397	756	0	3.56204276	0.00257432531	0.00268030011	0.00250334113	0.00284882786	6.29636158e-05	9.31655552e-05	0	100	0	0	3
398	758	0	3.57101516	0.00265099607	0.00268050889	0.00250334113	0.00284882786	6.31723947e-05	9.31655552e-05	0	100	0	0	3
399	760	0	3.57998756	0.00255513288	0.00268050871	0.00250334113	0.00284882786	6.31723947e-05	9.31655552e-05	0	100	0	0	3
400	762	0	3.58895996	0.0026440258	0.00268055815	0.00250334113	0.00284882786	6.32216517e-05	9.31655552e-05	0	100	0	0	3
401	770	0	3.59793236	0.00254697506	0.00268043896	0.00250334113	0.00284882786	6.32216517e-05	9.31655552e-05	0	100	0	0	3
402	772	0	3.60690476	0.00262894136	0.00268039151	0.00250334113	0.00284882786	6.32216517e-05	9.31655552e-05	0	100	0	0	3
403	773	0	3.61587716	0.00253791831	0.00268037941	0.00250334113	0.00284882786	6.32216517e-05	9.31655552e-05	0	100	0	0	3
404	775	0	3.62484956	0.00262413992	0.00268052601	0.00250334113	0.00284882786	6.32216517e-05	9.31655552e-05	0	100	0	0	3
405	777	0	3.63382196	0.00253023771	0.00268070305	0.00250334113	0.00284882786	6.33665491e-05	9.31655552e-05	0	100	0	0	3
406	779	0	3.64279436	0.00261578997	0.00268103248	0.00250334113	0.00284882786	6.36959828e-05	9.31655552e-05	0	100	0	0	3
407	781	0	3.65176676	0.00252182989	0.00268136264	0.00250895657	0.00284882786	6.40261391e-05	9.31655552e-05	0	100	0	0	3
408	783	0	3.66073916	0.00262272185	0.00268179655	0.00250895657	0.00284882786	6.44600489e-05	9.31655552e-05	0	100	0	0	3
409	784	0	3.66971156	0.00253070656	0.00268218494	0.00252182989	0.00284882786	6.48484415e-05	9.31655552e-05	0	100	0	0	3
410	786	0	3.67868396	0.00264086513	0.00268279918	0.00252182989	0.00284882786	6.54626823e-05	9.31655552e-05	0	100	0	0	3
411	788	0	3.68765636	0.00254964748	0.00268312857	0.00252182989	0.00284882786	6.57920748e-05	9.31655552e-05	0	100	0	0	3
412	790	0	3.69662876	0.00264352135	0.00268312934	0.00252182989	0.00284882786	6.57928411e-05	9.31655552e-05	0	100	0	0	3
413	792	0	3.70560116	0.00254828504	0.00268305061	0.00252182989	0.00284882786	6.57928411e-05	9.31655552e-05	0	100	0	0	3
414	794	0	3.71457356	0.00263626552	0.00268214484	0.00252182989	0.00284882786	6.57928411e-05	9.31655552e-05	0	100	0	0	3
415	796	0	3.72354596	0.00255084091	0.00268106912	0.00252182989	0.00284882786	6.57928411e-05	9.31655552e-05	0	100	0	0	3
416	798	0	3.73251836	0.00264119684	0.00267927663	0.00252182989	0.00284882786	6.57928411e-05	9.31655552e-05	0	100	0	0	3
417	800	0	3.74149076	0.00257111955	0.00267731033	0.00252182989	0.00284882786	6.51635119e-05	9.31655552e-05	0	100	0	0	3
418	802	0	3.75046316	0.00266917985	0.00267494917	0.00252182989	0.00284882786	6.44419354e-05	9.31655552e-05	0	100	0	0	3
419	803	0	3.75943556	0.00259087971	0.00267234984	0.00252182989	0.00284882786	6.2688987e-05	9.31655552e-05	0	100	0	0	3
420	805	0	3.76840796	0.0026884103	0.00266956948	0.00252182989	0.00284882786	6.08907202e-05	9.31655552e-05	0	100	0	0	3
421	807	0	3.77738036	0.00261016615	0.00266684517	0.00252182989	0.00284882786	5.84121815e-05	9.31655552e-05	0	100	0	0	3
422	809	0	3.78635276	0.00269224152	0.00266404899	0.00252182989	0.00284638313	5.56561016e-05	9.31655552e-05	0	100	0	0	3
423	811	0	3.79532516	0.00261734239	0.00266123709	0.00252182989	0.00284638313	5.27395594e-05	9.31655552e-05	0	100	0	0	3
424	813	0	3.80429756	0.00270141637	0.0026586484	0.00252182989	0.00282978528	4.98457836e-05	9.31655552e-05	0	100	0	0	3
425	815	0	3.81326996	0.00259436853	0.00265563949	0.00252182989	0.00282978528	4.703705e-05	9.31655552e-05	0	100	0	0	3
426	817	0	3.82224236	0.00270015066	0.00265332459	0.00252182989	0.00282870891	4.41862301e-05	9.31655552e-05	0	100	0	0	3
427	819	0	3.83121476	0.00262812346	0.00265114795	0.00252182989	0.00282870891	4.12941359e-05	9.31655552e-05	0	100	0	0	3
428	821	0	3.84018716	0.00270848112	0.00264900102	0.00252182989	0.00280072089	3.87810088e-05	9.31655552e-05	0	100	0	0	3
429	823	0	3.84915956	0.00262500206	0.00264723373	0.00252182989	0.00280072089	3.62254786e-05	9.31655552e-05	0	100	0	0	3
430	825	0	3.85813196	0.00272383855	0.00264586083	0.00252182989	0.00278623752	3.72685085e-05	9.31655552e-05	0	100	0	0	3
431	827	0	3.86710436	0.0026501008	0.00264449636	0.00252182989	0.00278623752	3.86329764e-05	9.31655552e-05	0	100	0	0	3
432	829	0	3.87607676	0.00272555036	0.00264341266	0.00252182989	0.00277734403	3.97166758e-05	9.31655552e-05	0	100	0	0	3
433	831	0	3.88504916	0.00263874152	0.0026425661	0.00252182989	0.00277734403	4.05632347e-05	9.31655552e-05	0	100	0	0	3
434	833	0	3.89402156	0.00273312223	0.00264177643	0.00252182989	0.00275802328	4.13529097e-05	9.31655552e-05	0	100	0	0	3
