Iteration	CPUTime	PhysTime	Travels	Value	AvValue	MinValue	MaxValue	Delta	Criteria	PrevAvRefValue	Progress	CriteriaType	CriteriaVarType	CriteriaPercentage
1	6	0	0.00897264187	293.200014	293.200014	293.200014	293.200014	0	0	0	0	0	0	3
2	7	0	0.0179452837	293.200017	293.200015	293.200014	293.200017	1.44312639e-06	0	0	0	0	0	3
3	8	0	0.0269179256	293.200019	293.200016	293.200014	293.200019	2.69475828e-06	0	0	0	0	0	3
4	8	0	0.0358905675	293.20002	293.200017	293.200014	293.20002	3.66098288e-06	0	0	0	0	0	3
5	9	0	0.0448632094	293.200022	293.200018	293.200014	293.200022	4.58854822e-06	0	0	0	0	0	3
6	10	0	0.0538358512	293.200024	293.200019	293.200014	293.200024	5.58772268e-06	0	0	0	0	0	3
7	11	0	0.0628084931	293.200028	293.20002	293.200014	293.200028	6.805689e-06	0	0	0	0	0	3
8	11	0	0.071781135	293.200031	293.200022	293.200014	293.200031	8.06570807e-06	0	0	0	0	0	3
9	12	0	0.0807537769	293.200034	293.200023	293.200014	293.200034	9.44250212e-06	0	0	0	0	0	3
10	13	0	0.0897264187	293.200037	293.200025	293.200014	293.200037	1.08133178e-05	0	0	0	0	0	3
11	14	0	0.0986990606	293.200042	293.200026	293.200014	293.200042	1.23951166e-05	0	0	0	0	0	3
12	14	0	0.107671702	293.200046	293.200028	293.200014	293.200046	1.40598496e-05	0	0	0	0	0	3
13	15	0	0.116644344	293.200051	293.20003	293.200014	293.200051	1.58274056e-05	0	0	0	0	0	3
14	16	0	0.125616986	293.200055	293.200031	293.200014	293.200055	1.76413061e-05	0	0	0	0	0	3
15	17	0	0.134589628	293.200059	293.200033	293.200014	293.200059	1.95119311e-05	0	0	0	0	0	3
16	17	0	0.14356227	293.200066	293.200035	293.200014	293.200066	2.15373192e-05	0	0	0	0	0	3
17	18	0	0.152534912	293.200072	293.200037	293.200014	293.200072	2.36986828e-05	0	0	0	0	0	3
18	19	0	0.161507554	293.200078	293.20004	293.200014	293.200078	2.59561873e-05	0	0	0	0	0	3
19	20	0	0.170480196	293.200084	293.200042	293.200014	293.200084	2.82954709e-05	0	0	0	0	0	3
20	20	0	0.179452837	293.20009	293.200044	293.200014	293.20009	3.06933247e-05	0	0	0	0	0	3
21	21	0	0.188425479	293.200099	293.200047	293.200014	293.200099	3.32724677e-05	0	0	0	0	0	3
22	22	0	0.197398121	293.200107	293.20005	293.200014	293.200107	3.59952081e-05	0	0	0	0	0	3
23	23	0	0.206370763	293.200115	293.200053	293.200014	293.200115	3.88271363e-05	0	0	0	0	0	3
24	23	0	0.215343405	293.200122	293.200055	293.200014	293.200122	4.17404519e-05	0	0	0	0	0	3
25	24	0	0.224316047	293.20013	293.200058	293.200014	293.20013	4.47090786e-05	0	0	0	0	0	3
26	25	0	0.233288689	293.200139	293.200062	293.200014	293.200139	4.78282831e-05	0	0	0	0	0	3
27	26	0	0.242261331	293.200148	293.200065	293.200014	293.200148	5.10390034e-05	0	0	0	0	0	3
28	27	0	0.251233972	293.200156	293.200068	293.200014	293.200156	5.42935879e-05	0	0	0	0	0	3
29	27	0	0.260206614	293.200162	293.200071	293.200014	293.200162	5.75468408e-05	0	0	0	0	0	3
30	28	0	0.269179256	293.200168	293.200074	293.200014	293.200168	6.0762422e-05	0	0	0	0	0	3
31	29	0	0.278151898	293.200173	293.200078	293.200014	293.200173	6.3954536e-05	0	0	0	0	0	3
32	30	0	0.28712454	293.200177	293.200081	293.200014	293.200177	6.70708403e-05	0	0	0	0	0	3
33	30	0	0.296097182	293.20018	293.200084	293.200014	293.20018	7.00700701e-05	0	0	0	0	0	3
34	31	0	0.305069824	293.200181	293.200087	293.200014	293.200181	7.2929832e-05	0	0	0	0	0	3
35	32	0	0.314042466	293.200182	293.200089	293.200014	293.200182	7.56447411e-05	0	0	0	0	0	3
36	33	0	0.323015107	293.200182	293.200092	293.200014	293.200182	7.82256761e-05	0	0	0	0	0	3
37	34	0	0.331987749	293.200184	293.200094	293.200014	293.200184	8.07013988e-05	0	0	0	0	0	3
38	34	0	0.340960391	293.200185	293.200097	293.200014	293.200185	8.30963007e-05	0	0	0	0	0	3
39	35	0	0.349933033	293.200188	293.200099	293.200014	293.200188	8.54349086e-05	0	0	0	0	0	3
40	36	0	0.358905675	293.200191	293.200101	293.200014	293.200191	8.77357941e-05	0	0	0	0	0	3
41	37	0	0.367878317	293.200196	293.200104	293.200014	293.200196	9.00510848e-05	0	0	0	0	0	3
42	38	0	0.376850959	293.200202	293.200106	293.200014	293.200202	9.23892117e-05	0	0	0	0	0	3
43	38	0	0.385823601	293.200207	293.200108	293.200014	293.200207	9.47371711e-05	0	0	0	0	0	3
44	39	0	0.394796242	293.200211	293.200111	293.200014	293.200211	9.70778804e-05	0	0	0	0	0	3
45	40	0	0.403768884	293.200215	293.200113	293.200014	293.200215	9.93939503e-05	0	0	0	0	0	3
46	41	0	0.412741526	293.200218	293.200115	293.200014	293.200218	0.000101674938	0	0	0	0	0	3
47	41	0	0.421714168	293.200221	293.200118	293.200014	293.200221	0.000103918112	0	0	0	0	0	3
48	42	0	0.43068681	293.200223	293.20012	293.200014	293.200223	0.000106120432	0	0	0	0	0	3
49	43	0	0.439659452	293.200226	293.200122	293.200014	293.200226	0.000108280621	0	0	0	0	0	3
50	44	0	0.448632094	293.200228	293.200124	293.200014	293.200228	0.000110392765	0	0	0	0	0	3
51	45	0	0.457604736	293.200229	293.200126	293.200014	293.200229	0.000112457206	0	0	0	0	0	3
52	45	0	0.466577377	293.200231	293.200128	293.200014	293.200231	0.000114466719	0	0	0	0	0	3
53	46	0	0.475550019	293.200232	293.20013	293.200014	293.200232	0.000116421314	0	0	0	0	0	3
54	47	0	0.484522661	293.200233	293.200132	293.200014	293.200233	0.000118319568	0	0	0	0	0	3
55	48	0	0.493495303	293.200233	293.200134	293.200014	293.200233	0.000120160044	0	0	0	0	0	3
56	49	0	0.502467945	293.200234	293.200136	293.200014	293.200234	0.000121942533	0	0	0	0	0	3
57	49	0	0.511440587	293.200234	293.20014	293.200017	293.200234	0.000124432526	0	0	0	0	0	3
58	50	0	0.520413229	293.200234	293.200143	293.200019	293.200234	0.000127066683	0	0	0	0	0	3
59	51	0	0.529385871	293.200235	293.200147	293.20002	293.200235	0.000129952752	0	0	0	0	0	3
60	52	0	0.538358512	293.200235	293.200151	293.200022	293.200235	0.000132862586	0	0	0	0	0	3
61	52	0	0.547331154	293.200235	293.200155	293.200024	293.200235	0.000135674585	0	0	0	0	0	3
62	53	0	0.556303796	293.200236	293.200159	293.200028	293.200236	0.000138236873	0	0	0	0	0	3
63	54	0	0.565276438	293.200236	293.200162	293.200031	293.200236	0.000140703319	0	0	0	0	0	3
64	55	0	0.57424908	293.200237	293.200166	293.200034	293.200237	0.000143010712	0	0	0	0	0	3
65	56	0	0.583221722	293.200237	293.20017	293.200037	293.200237	0.000145264617	0	0	0	0	0	3
66	56	0	0.592194364	293.200237	293.200173	293.200042	293.200237	0.000147258473	0	0	0	0	0	3
67	57	0	0.601167005	293.200237	293.200177	293.200046	293.200237	0.000149072038	0	0	0	0	0	3
68	58	0	0.610139647	293.200236	293.20018	293.200051	293.200237	0.000150696969	0	0	0	0	0	3
69	59	0	0.619112289	293.200235	293.200184	293.200055	293.200237	0.000152181888	0	0	0	0	0	3
70	60	0	0.628084931	293.200235	293.200187	293.200059	293.200237	0.000153527766	0	0	0	0	0	3
71	60	0	0.637057573	293.200235	293.20019	293.200066	293.200237	0.000154634283	0	0	0	0	0	3
72	61	0	0.646030215	293.200235	293.200193	293.200072	293.200237	0.000155496127	0	0	0	0	0	3
73	62	0	0.655002857	293.200235	293.200196	293.200078	293.200237	0.000156148676	0	0	0	0	0	3
74	63	0	0.663975499	293.200235	293.200199	293.200084	293.200237	0.000153038675	0	0	0	0	0	3
75	64	0	0.67294814	293.200235	293.200201	293.20009	293.200237	0.000147188704	0	0	0	0	0	3
76	64	0	0.681920782	293.200235	293.200204	293.200099	293.200237	0.000138585921	0	0	0	0	0	3
77	65	0	0.690893424	293.200235	293.200206	293.200107	293.200237	0.000130268494	0	0	0	0	0	3
78	66	0	0.699866066	293.200234	293.200209	293.200115	293.200237	0.000122311695	0	0	0	0	0	3
79	67	0	0.708838708	293.200233	293.200211	293.200122	293.200237	0.00011469454	0	0	0	0	0	3
80	67	0	0.71781135	293.200232	293.200213	293.20013	293.200237	0.000107485131	0	0	0	0	0	3
81	68	0	0.726783992	293.200232	293.200214	293.200139	293.200237	9.76328524e-05	0	0	0	0	0	3
82	69	0	0.735756634	293.200231	293.200216	293.200148	293.200237	8.89235201e-05	0	0	0	0	0	3
83	70	0	0.744729275	293.200231	293.200218	293.200156	293.200237	8.12738821e-05	0	0	0	0	0	3
84	71	0	0.753701917	293.200231	293.200219	293.200162	293.200237	7.48033306e-05	0	0	0	0	0	3
85	72	0	0.762674559	293.200231	293.20022	293.200168	293.200237	6.94269745e-05	0	0	0	0	0	3
86	72	0	0.771647201	293.200231	293.200221	293.200173	293.200237	6.37232918e-05	0	0	0	0	0	3
87	73	0	0.780619843	293.20023	293.200222	293.200177	293.200237	5.97649743e-05	0	0	0	0	0	3
88	74	0	0.789592485	293.20023	293.200223	293.20018	293.200237	5.73958281e-05	0	0	0	0	0	3
89	75	0	0.798565127	293.20023	293.200224	293.200181	293.200237	5.61392766e-05	0	0	0	0	0	3
90	75	0	0.807537769	293.200229	293.200225	293.200182	293.200237	5.54895968e-05	0	0	0	0	0	3
91	76	0	0.81651041	293.200229	293.200226	293.200182	293.200237	5.48828533e-05	0	0	0	0	0	3
92	77	0	0.825483052	293.200229	293.200227	293.200184	293.200237	5.36138303e-05	0	0	0	0	0	3
93	78	0	0.834455694	293.200229	293.200228	293.200185	293.200237	5.17335789e-05	0	0	0	0	0	3
94	79	0	0.843428336	293.200229	293.200228	293.200188	293.200237	4.91392428e-05	0	0	0	0	0	3
95	79	0	0.852400978	293.200228	293.200229	293.200191	293.200237	4.5970922e-05	0	0	0	0	0	3
96	80	0	0.86137362	293.200228	293.20023	293.200196	293.200237	4.07785389e-05	0	0	0	0	0	3
97	81	0	0.870346262	293.200228	293.20023	293.200202	293.200237	3.51888359e-05	0	0	0	0	0	3
98	82	0	0.879318904	293.200227	293.200231	293.200207	293.200237	3.0089779e-05	0	0	0	0	0	3
99	83	0	0.888291545	293.200227	293.200231	293.200211	293.200237	2.57128698e-05	0	0	0	0	0	3
100	83	0	0.897264187	293.200227	293.200231	293.200215	293.200237	2.21402268e-05	0	0	0	0	0	3
101	88	0	0.906236829	293.200226	293.200232	293.200218	293.200237	1.9121884e-05	0	0	0	0	0	3
102	89	0	0.915209471	293.200226	293.200232	293.200221	293.200237	1.63371434e-05	0	0	0	0	0	3
103	89	0	0.924182113	293.200227	293.200232	293.200223	293.200237	1.38117504e-05	0	0	0	0	0	3
104	90	0	0.933154755	293.200227	293.200232	293.200226	293.200237	1.14715818e-05	0	0	0	0	0	3
105	91	0	0.942127397	293.200227	293.200232	293.200226	293.200237	1.06660426e-05	0	0	0	0	0	3
106	92	0	0.951100039	293.200227	293.200232	293.200226	293.200237	1.06660426e-05	0	0	0	0	0	3
107	92	0	0.96007268	293.200227	293.200232	293.200226	293.200237	1.06660426e-05	0	0	0	0	0	3
108	93	0	0.969045322	293.200228	293.200232	293.200226	293.200237	1.06660426e-05	0	0	0	0	0	3
109	94	0	0.978017964	293.200227	293.200232	293.200226	293.200237	1.06660426e-05	0	0	0	0	0	3
110	95	0	0.986990606	293.200227	293.200232	293.200226	293.200237	1.06660426e-05	0	0	0	0	0	3
111	96	0	0.995963248	293.200227	293.200231	293.200226	293.200237	1.06660426e-05	0	0	0	0	0	3
112	96	0	1.00493589	293.200227	293.200231	293.200226	293.200237	1.06660426e-05	6.54729685e-06	0	0	0	0	3
113	97	0	1.01390853	293.200226	293.200231	293.200226	293.200237	1.0740342e-05	6.54729685e-06	0	0	0	0	3
114	98	0	1.02288117	293.200226	293.200231	293.200226	293.200237	1.09062695e-05	6.54729685e-06	0	0	0	0	3
115	99	0	1.03185382	293.200226	293.200231	293.200226	293.200237	1.10195355e-05	6.54729685e-06	0	0	0	0	3
116	100	0	1.04082646	293.200226	293.200231	293.200226	293.200237	1.10195355e-05	6.54729685e-06	0	0	0	0	3
117	100	0	1.0497991	293.200227	293.200231	293.200226	293.200237	1.10195355e-05	6.54729685e-06	0	0	0	0	3
118	101	0	1.05877174	293.200227	293.20023	293.200226	293.200237	1.10195355e-05	6.54729685e-06	0	0	0	0	3
119	102	0	1.06774438	293.200228	293.20023	293.200226	293.200237	1.10195355e-05	6.54729685e-06	0	0	0	0	3
120	103	0	1.07671702	293.200228	293.20023	293.200226	293.200237	1.10195355e-05	6.54729685e-06	0	0	0	0	3
121	104	0	1.08568967	293.200228	293.20023	293.200226	293.200237	1.09655779e-05	6.54729685e-06	0	0	0	0	3
122	104	0	1.09466231	293.200229	293.20023	293.200226	293.200237	1.0576074e-05	6.54729685e-06	0	0	0	0	3
123	105	0	1.10363495	293.200229	293.20023	293.200226	293.200236	9.92946929e-06	6.54729685e-06	0	0	0	0	3
124	106	0	1.11260759	293.200229	293.20023	293.200226	293.200235	9.35030107e-06	6.54729685e-06	0	0	0	0	3
125	107	0	1.12158023	293.200229	293.200229	293.200226	293.200235	9.12772208e-06	6.54729685e-06	0	0	0	0	3
126	108	0	1.13055288	293.200229	293.200229	293.200226	293.200235	9.12772208e-06	6.54729685e-06	0	0	0	0	3
127	108	0	1.13952552	293.200228	293.200229	293.200226	293.200235	9.12772208e-06	6.54729685e-06	0	0	0	0	3
128	109	0	1.14849816	293.200228	293.200229	293.200226	293.200235	9.12772208e-06	6.54729685e-06	0	0	0	0	3
129	110	0	1.1574708	293.200228	293.200229	293.200226	293.200235	9.12772208e-06	6.54729685e-06	0	0	0	0	3
130	111	0	1.16644344	293.200228	293.200229	293.200226	293.200235	9.12772208e-06	6.54729685e-06	0	0	0	0	3
131	112	0	1.17541609	293.200229	293.200229	293.200226	293.200235	8.90196537e-06	6.54729685e-06	0	0	0	0	3
132	112	0	1.18438873	293.200229	293.200229	293.200226	293.200235	8.42529022e-06	6.54729685e-06	0	0	0	0	3
133	113	0	1.19336137	293.200229	293.200228	293.200226	293.200234	7.58381054e-06	6.54729685e-06	0	0	0	0	3
134	114	0	1.20233401	293.200228	293.200228	293.200226	293.200233	6.78415591e-06	6.54729685e-06	0	0	0	0	3
135	115	0	1.21130665	293.200228	293.200228	293.200226	293.200232	6.01635861e-06	6.54729685e-06	0	0	0	0	3
136	116	0	1.22027929	293.200228	293.200228	293.200226	293.200232	5.63636922e-06	6.54729685e-06	0	0	0	0	3
137	116	0	1.22925194	293.200228	293.200228	293.200226	293.200231	5.33945024e-06	6.54729685e-06	0	0	0	0	3
138	117	0	1.23822458	293.200228	293.200228	293.200226	293.200231	5.28034298e-06	6.54729685e-06	0	0	0	0	3
139	118	0	1.24719722	293.200227	293.200228	293.200226	293.200231	5.18875788e-06	6.54729685e-06	0	0	0	0	3
140	119	0	1.25616986	293.200227	293.200228	293.200226	293.200231	5.05373021e-06	6.54729685e-06	0	0	0	0	3
141	120	0	1.2651425	293.200227	293.200228	293.200226	293.200231	4.67540406e-06	6.54729685e-06	0	0	0	0	3
142	120	0	1.27411515	293.200227	293.200228	293.200226	293.20023	4.26810374e-06	6.54729685e-06	0	0	0	0	3
143	121	0	1.28308779	293.200227	293.200228	293.200226	293.20023	3.81699567e-06	6.54729685e-06	0	0	0	0	3
144	122	0	1.29206043	293.200228	293.200228	293.200226	293.20023	3.53270531e-06	6.54729685e-06	0	0	0	0	3
145	123	0	1.30103307	293.200228	293.200228	293.200226	293.200229	3.30612033e-06	6.54729685e-06	0	0	0	0	3
146	124	0	1.31000571	293.200229	293.200228	293.200226	293.200229	3.16484494e-06	6.54729685e-06	0	0	0	0	3
147	124	0	1.31897836	293.20023	293.200228	293.200226	293.20023	3.78699912e-06	6.54729685e-06	0	0	0	0	3
148	125	0	1.327951	293.20023	293.200228	293.200226	293.20023	4.01195575e-06	6.54729685e-06	0	0	0	0	3
149	126	0	1.33692364	293.20023	293.200228	293.200226	293.20023	4.01195575e-06	6.54729685e-06	0	0	0	0	3
150	127	0	1.34589628	293.200229	293.200228	293.200226	293.20023	4.01195575e-06	6.54729685e-06	0	0	0	0	3
151	128	0	1.35486892	293.200229	293.200228	293.200226	293.20023	4.01195575e-06	6.54729685e-06	0	0	0	0	3
152	128	0	1.36384156	293.200229	293.200228	293.200226	293.20023	4.01195575e-06	6.54729685e-06	0	0	0	0	3
153	129	0	1.37281421	293.20023	293.200228	293.200226	293.20023	4.01195575e-06	6.54729685e-06	0	0	0	0	3
154	130	0	1.38178685	293.20023	293.200228	293.200226	293.20023	4.01195575e-06	6.54729685e-06	0	0	0	0	3
155	131	0	1.39075949	293.20023	293.200228	293.200226	293.20023	4.15781972e-06	6.54729685e-06	0	0	0	0	3
156	132	0	1.39973213	293.20023	293.200228	293.200226	293.20023	4.15781972e-06	6.54729685e-06	0	0	0	0	3
157	132	0	1.40870477	293.20023	293.200228	293.200226	293.20023	4.15781972e-06	6.54729685e-06	0	0	0	0	3
158	133	0	1.41767742	293.200229	293.200228	293.200226	293.20023	4.15781972e-06	6.54729685e-06	0	0	0	0	3
159	134	0	1.42665006	293.200228	293.200228	293.200226	293.20023	4.15781972e-06	6.54729685e-06	0	0	0	0	3
160	135	0	1.4356227	293.200228	293.200228	293.200226	293.20023	4.15781972e-06	6.54729685e-06	0	0	0	0	3
161	136	0	1.44459534	293.200228	293.200228	293.200226	293.20023	4.14926427e-06	6.54729685e-06	0	0	0	0	3
162	136	0	1.45356798	293.200228	293.200228	293.200226	293.20023	4.11269423e-06	6.54729685e-06	0	0	0	0	3
163	137	0	1.46254063	293.200228	293.200228	293.200226	293.20023	4.05715667e-06	6.54729685e-06	0	0	0	0	3
164	138	0	1.47151327	293.200228	293.200228	293.200226	293.20023	3.97921985e-06	6.54729685e-06	0	0	0	0	3
165	139	0	1.48048591	293.200228	293.200228	293.200226	293.20023	3.88248912e-06	6.54729685e-06	0	0	0	0	3
166	140	0	1.48945855	293.200228	293.200228	293.200226	293.20023	3.76996758e-06	6.54729685e-06	0	0	0	0	3
167	140	0	1.49843119	293.200228	293.200228	293.200226	293.20023	3.64526869e-06	6.54729685e-06	0	0	0	0	3
168	141	0	1.50740383	293.200227	293.200228	293.200226	293.20023	3.51038022e-06	6.54729685e-06	0	0	0	0	3
169	142	0	1.51637648	293.200227	293.200228	293.200226	293.20023	3.36831908e-06	6.54729685e-06	0	0	0	0	3
170	143	0	1.52534912	293.200226	293.200228	293.200226	293.20023	3.21644785e-06	6.54729685e-06	0	0	0	0	3
171	144	0	1.53432176	293.200227	293.200228	293.200226	293.20023	3.05745073e-06	6.54729685e-06	0	0	0	0	3
172	144	0	1.5432944	293.200227	293.200228	293.200226	293.20023	2.89923531e-06	6.54729685e-06	0	0	0	0	3
173	145	0	1.55226704	293.200227	293.200228	293.200226	293.20023	2.73968624e-06	6.54729685e-06	0	0	0	0	3
174	146	0	1.56123969	293.200227	293.200228	293.200226	293.20023	2.58062545e-06	6.54729685e-06	0	0	0	0	3
175	147	0	1.57021233	293.200227	293.200228	293.200226	293.20023	2.4232433e-06	6.54729685e-06	0	0	0	0	3
176	148	0	1.57918497	293.200228	293.200228	293.200226	293.20023	2.26878785e-06	6.54729685e-06	0	0	0	0	3
177	148	0	1.58815761	293.200228	293.200228	293.200226	293.20023	2.12114634e-06	6.54729685e-06	0	0	0	0	3
178	149	0	1.59713025	293.200228	293.200228	293.200226	293.20023	1.98463641e-06	6.54729685e-06	0	0	0	0	3
179	150	0	1.6061029	293.200228	293.200228	293.200226	293.20023	1.86198594e-06	6.54729685e-06	0	0	0	0	3
180	151	0	1.61507554	293.200228	293.200228	293.200226	293.20023	1.74710283e-06	6.54729685e-06	0	0	0	0	3
181	152	0	1.62404818	293.200228	293.200228	293.200226	293.20023	1.63411676e-06	6.54729685e-06	0	0	0	0	3
182	152	0	1.63302082	293.200228	293.200228	293.200226	293.20023	1.52013382e-06	6.54729685e-06	0	0	0	0	3
183	153	0	1.64199346	293.200229	293.200228	293.200226	293.20023	1.40051776e-06	6.54729685e-06	0	0	0	0	3
184	154	0	1.6509661	293.200229	293.200228	293.200226	293.20023	1.27827417e-06	6.54729685e-06	0	0	0	0	3
185	155	0	1.65993875	293.200229	293.200228	293.200226	293.20023	1.15484829e-06	6.54729685e-06	0	0	0	0	3
186	156	0	1.66891139	293.20023	293.200228	293.200226	293.20023	1.03457933e-06	6.54729685e-06	0	0	0	0	3
187	157	0	1.67788403	293.20023	293.200228	293.200226	293.20023	9.2108769e-07	6.54729685e-06	0	0	0	0	3
188	157	0	1.68685667	293.20023	293.200228	293.200226	293.20023	8.15118653e-07	6.54729685e-06	0	0	0	0	3
189	158	0	1.69582931	293.20023	293.200228	293.200226	293.20023	7.19232446e-07	6.54729685e-06	0	0	0	0	3
190	159	0	1.70480196	293.200229	293.200228	293.200226	293.20023	6.70191753e-07	6.54729685e-06	0	0	0	0	3
191	160	0	1.7137746	293.200229	293.200228	293.200226	293.20023	6.83078724e-07	6.54729685e-06	0	0	0	0	3
192	161	0	1.72274724	293.200229	293.200228	293.200226	293.20023	6.92039919e-07	6.54729685e-06	0	0	0	0	3
193	161	0	1.73171988	293.200228	293.200228	293.200226	293.20023	6.95048925e-07	6.54729685e-06	0	0	0	0	3
194	162	0	1.74069252	293.200228	293.200228	293.200226	293.20023	6.95048925e-07	6.54729685e-06	0	0	0	0	3
195	163	0	1.74966517	293.200227	293.200228	293.200226	293.20023	6.95048925e-07	6.54729685e-06	0	0	0	0	3
196	164	0	1.75863781	293.200227	293.200228	293.200226	293.20023	6.97288669e-07	6.54729685e-06	0	0	0	0	3
197	165	0	1.76761045	293.200227	293.200228	293.200226	293.20023	7.11032499e-07	6.54729685e-06	0	0	0	0	3
198	165	0	1.77658309	293.200228	293.200228	293.200226	293.20023	7.31675868e-07	6.54729685e-06	0	0	0	0	3
199	166	0	1.78555573	293.200229	293.200228	293.200226	293.20023	7.59865713e-07	6.54729685e-06	0	0	0	0	3
200	167	0	1.79452837	293.200229	293.200228	293.200226	293.20023	7.91792047e-07	6.54729685e-06	0	0	0	0	3
201	172	0	1.80350102	293.20023	293.200228	293.200226	293.20023	8.20098592e-07	6.54729685e-06	0	0	0	0	3
202	173	0	1.81247366	293.20023	293.200229	293.200226	293.20023	8.28911936e-07	6.54729685e-06	0	0	0	0	3
203	175	0	1.8214463	293.20023	293.200229	293.200226	293.20023	8.17114596e-07	6.54729685e-06	0	0	0	0	3
204	178	0	1.83041894	293.20023	293.200229	293.200226	293.20023	8.00653709e-07	6.54729685e-06	0	0	0	0	3
205	180	0	1.83939158	293.200229	293.200229	293.200226	293.20023	7.8480025e-07	6.54729685e-06	0	0	0	0	3
206	182	0	1.84836423	293.200229	293.200228	293.200226	293.20023	7.66854612e-07	6.54729685e-06	0	0	0	0	3
207	184	0	1.85733687	293.200229	293.200228	293.200226	293.20023	7.42154555e-07	6.54729685e-06	0	0	0	0	3
208	186	0	1.86630951	293.200229	293.200228	293.200226	293.20023	7.08413097e-07	6.54729685e-06	0	0	0	0	3
209	188	0	1.87528215	293.20023	293.200228	293.200226	293.20023	6.5826606e-07	6.54729685e-06	0	0	0	0	3
210	190	0	1.88425479	293.200231	293.200228	293.200226	293.200231	5.97571329e-07	6.54729685e-06	0	0	0	0	3
211	192	0	1.89322744	293.200231	293.200229	293.200226	293.200231	5.29095701e-07	6.54729685e-06	0	0	0	0	3
212	195	0	1.90220008	293.200231	293.200229	293.200226	293.200231	4.67042469e-07	6.54729685e-06	0	0	0	0	3
213	197	0	1.91117272	293.20023	293.200229	293.200226	293.200231	4.24047926e-07	6.54729685e-06	0	0	0	0	3
214	199	0	1.92014536	293.20023	293.200229	293.200226	293.200231	3.95443578e-07	6.54729685e-06	0	0	0	0	3
215	201	0	1.929118	293.200229	293.200229	293.200226	293.200231	3.82060193e-07	6.54729685e-06	0	0	0	0	3
216	203	0	1.93809064	293.200228	293.200229	293.200226	293.200231	3.81169798e-07	6.54729685e-06	0	0	0	0	3
217	206	0	1.94706329	293.200228	293.200229	293.200226	293.200231	3.83618953e-07	6.54729685e-06	0	0	0	0	3
218	208	0	1.95603593	293.200228	293.200229	293.200226	293.200231	3.89074216e-07	6.54729685e-06	0	0	0	0	3
219	210	0	1.96500857	293.200228	293.200229	293.200226	293.200231	3.91933099e-07	6.54729685e-06	0	0	0	0	3
220	212	0	1.97398121	293.200228	293.200229	293.200226	293.200231	3.91933099e-07	6.54729685e-06	0	0	0	0	3
221	214	0	1.98295385	293.200228	293.200229	293.200226	293.200231	3.91933099e-07	6.54729685e-06	0	0	0	0	3
222	216	0	1.9919265	293.200227	293.200229	293.200226	293.200231	3.91933099e-07	6.54729685e-06	0	0	0	0	3
223	218	0	2.00089914	293.200227	293.200229	293.200226	293.200231	3.91933099e-07	6.54729685e-06	0	0	0	0	3
224	220	0	2.00987178	293.200227	293.200229	293.200226	293.200231	3.91933099e-07	6.54729685e-06	0	0	0	0	3
225	222	0	2.01884442	293.200227	293.200229	293.200226	293.200231	3.91933099e-07	6.54729685e-06	0	0	0	0	3
226	224	0	2.02781706	293.200227	293.200229	293.200227	293.200231	3.91933099e-07	6.54729685e-06	0	0	0	0	3
227	226	0	2.03678971	293.200227	293.200229	293.200227	293.200231	3.91933099e-07	6.54729685e-06	0	0	0	0	3
228	228	0	2.04576235	293.200227	293.200229	293.200227	293.200231	3.91933099e-07	6.54729685e-06	0	0	0	0	3
229	230	0	2.05473499	293.200227	293.200229	293.200227	293.200231	3.91933099e-07	6.54729685e-06	0	0	0	0	3
230	232	0	2.06370763	293.200228	293.200229	293.200227	293.200231	3.91933099e-07	6.54729685e-06	0	0	0	0	3
231	234	0	2.07268027	293.200228	293.200229	293.200227	293.200231	3.91933099e-07	6.54729685e-06	0	0	0	0	3
232	236	0	2.08165291	293.200228	293.200229	293.200227	293.200231	3.91933099e-07	6.54729685e-06	0	0	0	0	3
233	238	0	2.09062556	293.200227	293.200229	293.200227	293.200231	3.91933099e-07	6.54729685e-06	0	0	0	0	3
234	240	0	2.0995982	293.200227	293.200229	293.200227	293.200231	3.91933099e-07	6.54729685e-06	0	0	0	0	3
235	242	0	2.10857084	293.200227	293.200229	293.200227	293.200231	3.91933099e-07	6.54729685e-06	0	0	0	0	3
236	244	0	2.11754348	293.200226	293.200229	293.200226	293.200231	3.91933099e-07	6.54729685e-06	0	0	0	0	3
237	246	0	2.12651612	293.200226	293.200228	293.200226	293.200231	3.91933099e-07	6.54729685e-06	0	0	0	0	3
238	248	0	2.13548877	293.200226	293.200228	293.200226	293.200231	3.88428873e-07	6.54729685e-06	0	0	0	0	3
239	250	0	2.14446141	293.200226	293.200228	293.200226	293.200231	3.75169293e-07	6.54729685e-06	0	0	0	0	3
240	253	0	2.15343405	293.200226	293.200228	293.200226	293.200231	3.53082214e-07	6.54729685e-06	0	0	0	0	3
241	255	0	2.16240669	293.200227	293.200228	293.200226	293.200231	3.27441228e-07	6.54729685e-06	0	0	0	0	3
242	257	0	2.17137933	293.200227	293.200228	293.200226	293.200231	3.27335385e-07	6.54729685e-06	0	0	0	0	3
243	259	0	2.18035198	293.200227	293.200228	293.200226	293.200231	3.81900747e-07	6.54729685e-06	0	0	0	0	3
244	261	0	2.18932462	293.200227	293.200228	293.200226	293.200231	4.37336837e-07	6.54729685e-06	0	0	0	0	3
245	263	0	2.19829726	293.200227	293.200228	293.200226	293.200231	4.87879163e-07	6.54729685e-06	0	0	0	0	3
246	265	0	2.2072699	293.200227	293.200228	293.200226	293.200231	5.35849551e-07	6.54729685e-06	0	0	0	0	3
247	267	0	2.21624254	293.200227	293.200228	293.200226	293.200231	5.73297257e-07	6.54729685e-06	0	0	0	0	3
248	268	0	2.22521518	293.200227	293.200228	293.200226	293.200231	6.03842636e-07	6.54729685e-06	0	0	0	0	3
249	270	0	2.23418783	293.200227	293.200228	293.200226	293.200231	6.23732944e-07	6.54729685e-06	0	0	0	0	3
250	272	0	2.24316047	293.200227	293.200228	293.200226	293.200231	6.33926561e-07	6.54729685e-06	0	0	0	0	3
251	274	0	2.25213311	293.200227	293.200228	293.200226	293.200231	6.34087769e-07	6.54729685e-06	0	0	0	0	3
252	277	0	2.26110575	293.200228	293.200228	293.200226	293.200231	6.34087769e-07	6.54729685e-06	0	0	0	0	3
253	278	0	2.27007839	293.200228	293.200228	293.200226	293.200231	6.34087769e-07	6.54729685e-06	0	0	0	0	3
254	281	0	2.27905104	293.200228	293.200228	293.200226	293.200231	6.34087769e-07	6.54729685e-06	0	0	0	0	3
255	282	0	2.28802368	293.200228	293.200228	293.200226	293.200231	6.36944435e-07	6.54729685e-06	0	0	0	0	3
256	285	0	2.29699632	293.200228	293.200228	293.200226	293.200231	6.60150818e-07	6.54729685e-06	0	0	0	0	3
257	287	0	2.30596896	293.200228	293.200228	293.200226	293.200231	6.93296045e-07	6.54729685e-06	0	0	0	0	3
258	289	0	2.3149416	293.200228	293.200228	293.200226	293.200231	7.30793545e-07	6.54729685e-06	0	0	0	0	3
259	291	0	2.32391425	293.200228	293.200228	293.200226	293.200231	7.65511231e-07	6.54729685e-06	0	0	0	0	3
260	293	0	2.33288689	293.200228	293.200228	293.200226	293.200231	7.91889875e-07	6.54729685e-06	0	0	0	0	3
261	295	0	2.34185953	293.200228	293.200228	293.200226	293.200231	8.06787739e-07	6.54729685e-06	0	0	0	0	3
262	297	0	2.35083217	293.200228	293.200228	293.200226	293.200231	8.11057021e-07	6.54729685e-06	0	0	0	0	3
263	299	0	2.35980481	293.200229	293.200228	293.200226	293.200231	8.11057021e-07	6.54729685e-06	0	0	0	0	3
264	301	0	2.36877745	293.200229	293.200228	293.200226	293.200231	8.11057021e-07	6.54729685e-06	0	0	0	0	3
265	303	0	2.3777501	293.200229	293.200228	293.200226	293.200231	8.26628593e-07	6.54729685e-06	0	0	0	0	3
266	305	0	2.38672274	293.200229	293.200228	293.200226	293.200231	8.61568424e-07	6.54729685e-06	0	0	0	0	3
267	307	0	2.39569538	293.200228	293.200228	293.200226	293.200231	9.11738482e-07	6.54729685e-06	0	0	0	0	3
268	309	0	2.40466802	293.200228	293.200228	293.200226	293.20023	9.6242087e-07	6.54729685e-06	0	0	0	0	3
269	311	0	2.41364066	293.200228	293.200228	293.200226	293.20023	1.00382846e-06	6.54729685e-06	0	0	0	0	3
270	313	0	2.42261331	293.200228	293.200228	293.200226	293.200229	1.03505079e-06	6.54729685e-06	0	0	0	0	3
271	315	0	2.43158595	293.200227	293.200228	293.200226	293.200229	1.06156824e-06	6.54729685e-06	0	0	0	0	3
272	317	0	2.44055859	293.200227	293.200227	293.200226	293.200229	1.09355892e-06	6.54729685e-06	0	0	0	0	3
273	319	0	2.44953123	293.200226	293.200227	293.200226	293.200229	1.1428387e-06	6.54729685e-06	0	0	0	0	3
274	321	0	2.45850387	293.200225	293.200227	293.200225	293.200229	1.20423402e-06	6.54729685e-06	0	0	0	0	3
275	324	0	2.46747652	293.200225	293.200227	293.200225	293.200229	1.25978028e-06	6.54729685e-06	0	0	0	0	3
276	326	0	2.47644916	293.200226	293.200227	293.200225	293.200229	1.30130059e-06	6.54729685e-06	0	0	0	0	3
277	328	0	2.4854218	293.200227	293.200227	293.200225	293.200229	1.31831428e-06	6.54729685e-06	0	0	0	0	3
278	330	0	2.49439444	293.200228	293.200227	293.200225	293.200229	1.31831428e-06	6.54729685e-06	0	0	0	0	3
279	332	0	2.50336708	293.200229	293.200227	293.200225	293.200229	1.31831428e-06	6.54729685e-06	0	0	0	0	3
280	334	0	2.51233972	293.200229	293.200227	293.200225	293.200229	1.31831428e-06	6.54729685e-06	0	0	0	0	3
281	336	0	2.52131237	293.200229	293.200227	293.200225	293.200229	1.31831428e-06	6.54729685e-06	0	0	0	0	3
282	338	0	2.53028501	293.200229	293.200227	293.200225	293.200229	1.31831428e-06	6.54729685e-06	0	0	0	0	3
283	340	0	2.53925765	293.200228	293.200227	293.200225	293.200229	1.31831428e-06	6.54729685e-06	0	0	0	0	3
284	342	0	2.54823029	293.200228	293.200227	293.200225	293.200229	1.31831428e-06	6.54729685e-06	0	0	0	0	3
285	344	0	2.55720293	293.200228	293.200227	293.200225	293.200229	1.31831428e-06	6.54729685e-06	0	0	0	0	3
286	346	0	2.56617558	293.200229	293.200227	293.200225	293.200229	1.31831428e-06	6.54729685e-06	0	0	0	0	3
287	348	0	2.57514822	293.200229	293.200228	293.200225	293.200229	1.31829245e-06	6.54729685e-06	0	0	0	0	3
288	350	0	2.58412086	293.200229	293.200228	293.200225	293.200229	1.31446899e-06	6.54729685e-06	0	0	0	0	3
289	352	0	2.5930935	293.200229	293.200228	293.200225	293.200229	1.30493879e-06	6.54729685e-06	0	0	0	0	3
290	354	0	2.60206614	293.200228	293.200228	293.200225	293.200229	1.28884642e-06	6.54729685e-06	0	0	0	0	3
291	356	0	2.61103879	293.200227	293.200228	293.200225	293.200229	1.26293594e-06	6.54729685e-06	0	0	0	0	3
292	358	0	2.62001143	293.200227	293.200228	293.200225	293.200229	1.22916282e-06	6.54729685e-06	0	0	0	0	3
293	360	0	2.62898407	293.200227	293.200228	293.200225	293.200229	1.187988e-06	6.54729685e-06	0	0	0	0	3
294	363	0	2.63795671	293.200227	293.200228	293.200225	293.200229	1.14479758e-06	6.54729685e-06	0	0	0	0	3
295	365	0	2.64692935	293.200227	293.200228	293.200225	293.200229	1.09759441e-06	6.54729685e-06	0	0	0	0	3
296	367	0	2.65590199	293.200228	293.200228	293.200225	293.200229	1.04829297e-06	6.54729685e-06	0	0	0	0	3
297	369	0	2.66487464	293.200227	293.200228	293.200225	293.200229	9.95030234e-07	6.54729685e-06	0	0	0	0	3
298	371	0	2.67384728	293.200227	293.200228	293.200225	293.200229	9.40464872e-07	6.54729685e-06	0	0	0	0	3
299	373	0	2.68281992	293.200227	293.200228	293.200225	293.200229	8.85028783e-07	6.54729685e-06	0	0	0	0	3
300	375	0	2.69179256	293.200227	293.200228	293.200225	293.200229	8.34486457e-07	6.54729685e-06	0	0	0	0	3
301	382	0	2.7007652	293.200227	293.200228	293.200225	293.200229	7.86516068e-07	6.54729685e-06	0	0	0	0	3
302	384	0	2.70973785	293.200227	293.200228	293.200225	293.200229	7.49068363e-07	6.54729685e-06	0	0	0	0	3
303	386	0	2.71871049	293.200228	293.200228	293.200225	293.200229	7.18522983e-07	6.54729685e-06	0	0	0	0	3
304	388	0	2.72768313	293.200228	293.200228	293.200225	293.200229	6.9885624e-07	6.54729685e-06	0	0	0	0	3
305	390	0	2.73665577	293.200227	293.200228	293.200225	293.200229	6.9885624e-07	6.54729685e-06	0	0	0	0	3
306	392	0	2.74562841	293.200227	293.200228	293.200225	293.200229	6.9885624e-07	6.54729685e-06	0	0	0	0	3
307	394	0	2.75460106	293.200227	293.200228	293.200225	293.200229	6.9885624e-07	6.54729685e-06	0	0	0	0	3
308	396	0	2.7635737	293.200227	293.200228	293.200225	293.200229	6.9885624e-07	6.54729685e-06	0	0	0	0	3
309	398	0	2.77254634	293.200228	293.200228	293.200225	293.200229	6.97520875e-07	6.54729685e-06	0	0	0	0	3
310	400	0	2.78151898	293.200229	293.200228	293.200225	293.200229	6.85421185e-07	6.54729685e-06	0	0	0	0	3
311	402	0	2.79049162	293.20023	293.200228	293.200225	293.20023	6.62214802e-07	6.54729685e-06	0	0	0	0	3
312	404	0	2.79946426	293.20023	293.200228	293.200225	293.20023	6.29069575e-07	6.54729685e-06	0	0	0	0	3
313	406	0	2.80843691	293.20023	293.200228	293.200225	293.20023	5.91572075e-07	6.54729685e-06	0	0	0	0	3
314	408	0	2.81740955	293.200229	293.200228	293.200225	293.20023	5.68814642e-07	6.54729685e-06	0	0	0	0	3
315	410	0	2.82638219	293.200228	293.200228	293.200225	293.20023	5.68814642e-07	6.54729685e-06	0	0	0	0	3
316	412	0	2.83535483	293.200228	293.200228	293.200225	293.20023	5.68814642e-07	6.54729685e-06	0	0	0	0	3
317	414	0	2.84432747	293.200228	293.200228	293.200225	293.20023	5.68814642e-07	6.54729685e-06	0	0	0	0	3
318	417	0	2.85330012	293.20023	293.200228	293.200225	293.20023	5.73927764e-07	6.54729685e-06	0	0	0	0	3
319	419	0	2.86227276	293.200231	293.200228	293.200225	293.200231	6.13669613e-07	6.54729685e-06	0	0	0	0	3
320	421	0	2.8712454	293.200232	293.200228	293.200225	293.200232	6.63730248e-07	6.54729685e-06	0	0	0	0	3
321	423	0	2.88021804	293.200232	293.200228	293.200225	293.200232	7.12731037e-07	6.54729685e-06	0	0	0	0	3
322	425	0	2.88919068	293.200231	293.200228	293.200225	293.200232	7.51021446e-07	6.54729685e-06	0	0	0	0	3
323	427	0	2.89816332	293.20023	293.200228	293.200225	293.200232	7.79579068e-07	6.54729685e-06	0	0	0	0	3
324	429	0	2.90713597	293.20023	293.200228	293.200225	293.200232	8.02708541e-07	6.54729685e-06	0	0	0	0	3
325	431	0	2.91610861	293.20023	293.200228	293.200225	293.200232	8.29979228e-07	6.54729685e-06	0	0	0	0	3
326	433	0	2.92508125	293.20023	293.200228	293.200225	293.200232	8.7173504e-07	6.54729685e-06	0	0	0	0	3
327	435	0	2.93405389	293.200231	293.200228	293.200225	293.200232	9.31769591e-07	6.54729685e-06	0	0	0	0	3
328	437	0	2.94302653	293.200231	293.200228	293.200225	293.200232	1.0087698e-06	6.54729685e-06	0	0	0	0	3
329	439	0	2.95199918	293.200231	293.200228	293.200225	293.200232	1.09953402e-06	6.54729685e-06	0	0	0	0	3
330	441	0	2.96097182	293.20023	293.200228	293.200225	293.200232	1.19351773e-06	6.54729685e-06	0	0	0	0	3
331	443	0	2.96994446	293.20023	293.200229	293.200226	293.200232	1.27471617e-06	6.54729685e-06	0	0	0	0	3
332	445	0	2.9789171	293.200229	293.200229	293.200227	293.200232	1.3319094e-06	6.54729685e-06	0	0	0	0	3
333	447	0	2.98788974	293.200229	293.200229	293.200227	293.200232	1.35661878e-06	6.54729685e-06	0	0	0	0	3
334	449	0	2.99686239	293.200229	293.200229	293.200227	293.200232	1.34490341e-06	6.54729685e-06	0	0	0	0	3
335	451	0	3.00583503	293.200229	293.200229	293.200227	293.200232	1.31056339e-06	6.54729685e-06	0	0	0	0	3
336	453	0	3.01480767	293.200229	293.200229	293.200227	293.200232	1.27027891e-06	6.54729685e-06	0	0	0	0	3
337	455	0	3.02378031	293.200229	293.200229	293.200227	293.200232	1.23828761e-06	6.54729685e-06	0	0	0	0	3
338	457	0	3.03275295	293.200228	293.200229	293.200227	293.200232	1.21788662e-06	6.54729685e-06	0	0	0	0	3
339	459	0	3.04172559	293.200228	293.200229	293.200227	293.200232	1.20384078e-06	6.54729685e-06	0	0	0	0	3
340	461	0	3.05069824	293.200227	293.200229	293.200227	293.200232	1.18969621e-06	6.54729685e-06	0	0	0	0	3
341	464	0	3.05967088	293.200227	293.200229	293.200227	293.200232	1.17151359e-06	6.54729685e-06	0	0	0	0	3
342	467	0	3.06864352	293.200227	293.200229	293.200227	293.200232	1.14727197e-06	6.54729685e-06	0	0	0	0	3
343	469	0	3.07761616	293.200227	293.200229	293.200227	293.200232	1.12054835e-06	6.54729685e-06	0	0	0	0	3
344	472	0	3.0865888	293.200228	293.200229	293.200227	293.200232	1.09772077e-06	6.54729685e-06	0	0	0	0	3
345	474	0	3.09556145	293.200228	293.200228	293.200227	293.200232	1.08333643e-06	6.54729685e-06	0	0	0	0	3
346	476	0	3.10453409	293.200227	293.200228	293.200227	293.200232	1.07636299e-06	6.54729685e-06	0	0	0	0	3
347	478	0	3.11350673	293.200227	293.200228	293.200227	293.200232	1.07124305e-06	6.54729685e-06	0	0	0	0	3
348	481	0	3.12247937	293.200227	293.200228	293.200227	293.200232	1.06250661e-06	6.54729685e-06	0	0	0	0	3
349	483	0	3.13145201	293.200227	293.200228	293.200227	293.200232	1.04678907e-06	6.54729685e-06	0	0	0	0	3
350	485	0	3.14042466	293.200227	293.200228	293.200227	293.200232	1.0274764e-06	6.54729685e-06	0	0	0	0	3
351	487	0	3.1493973	293.200227	293.200228	293.200227	293.200232	1.00603427e-06	6.54729685e-06	0	0	0	0	3
352	489	0	3.15836994	293.200226	293.200228	293.200226	293.200232	9.89633236e-07	6.54729685e-06	0	0	0	0	3
353	491	0	3.16734258	293.200226	293.200228	293.200226	293.200232	9.79268577e-07	6.54729685e-06	0	0	0	0	3
354	493	0	3.17631522	293.200226	293.200228	293.200226	293.200232	9.78015123e-07	6.54729685e-06	0	0	0	0	3
355	495	0	3.18528786	293.200225	293.200228	293.200225	293.200232	9.78015123e-07	6.54729685e-06	0	0	0	0	3
356	497	0	3.19426051	293.200225	293.200228	293.200225	293.200232	9.74852696e-07	6.54729685e-06	0	0	0	0	3
357	499	0	3.20323315	293.200225	293.200228	293.200225	293.200232	9.63240097e-07	6.54729685e-06	0	0	0	0	3
358	501	0	3.21220579	293.200225	293.200228	293.200225	293.200232	9.46133923e-07	6.54729685e-06	0	0	0	0	3
359	502	0	3.22117843	293.200225	293.200228	293.200225	293.200232	9.42652889e-07	6.54729685e-06	0	0	0	0	3
360	504	0	3.23015107	293.200225	293.200228	293.200225	293.200232	9.42652889e-07	6.54729685e-06	0	0	0	0	3
361	506	0	3.23912372	293.200225	293.200228	293.200225	293.200232	9.42652889e-07	6.54729685e-06	0	0	0	0	3
362	508	0	3.24809636	293.200224	293.200228	293.200224	293.200232	9.42652889e-07	6.54729685e-06	0	0	0	0	3
363	510	0	3.257069	293.200224	293.200228	293.200224	293.200232	9.42652889e-07	6.54729685e-06	0	0	0	0	3
364	512	0	3.26604164	293.200224	293.200228	293.200224	293.200232	9.3734792e-07	6.54729685e-06	0	0	0	0	3
365	513	0	3.27501428	293.200223	293.200228	293.200223	293.200232	9.1644506e-07	6.54729685e-06	0	0	0	0	3
366	515	0	3.28398693	293.200223	293.200228	293.200223	293.200232	8.95516223e-07	6.54729685e-06	0	0	0	0	3
367	517	0	3.29295957	293.200223	293.200228	293.200223	293.200232	1.00904555e-06	6.54729685e-06	0	0	0	0	3
368	519	0	3.30193221	293.200223	293.200228	293.200223	293.200232	1.12909652e-06	6.54729685e-06	0	0	0	0	3
369	520	0	3.31090485	293.200223	293.200227	293.200223	293.200232	1.24371547e-06	6.54729685e-06	0	0	0	0	3
370	522	0	3.31987749	293.200223	293.200227	293.200223	293.200232	1.34506428e-06	6.54729685e-06	0	0	0	0	3
371	524	0	3.32885013	293.200223	293.200227	293.200223	293.200232	1.43042075e-06	6.54729685e-06	0	0	0	0	3
372	526	0	3.33782278	293.200223	293.200227	293.200223	293.200232	1.51366623e-06	6.54729685e-06	0	0	0	0	3
373	527	0	3.34679542	293.200223	293.200227	293.200223	293.200232	1.60991135e-06	6.54729685e-06	0	0	0	0	3
374	529	0	3.35576806	293.200223	293.200227	293.200223	293.200232	1.73193843e-06	6.54729685e-06	0	0	0	0	3
375	531	0	3.3647407	293.200223	293.200227	293.200223	293.200232	1.88024006e-06	6.54729685e-06	0	0	0	0	3
376	532	0	3.37371334	293.200222	293.200227	293.200222	293.200232	2.04856235e-06	6.54729685e-06	0	0	0	0	3
377	534	0	3.38268599	293.200222	293.200226	293.200222	293.200231	2.22140125e-06	6.54729685e-06	0	0	0	0	3
378	536	0	3.39165863	293.200222	293.200226	293.200222	293.200231	2.38570465e-06	6.54729685e-06	0	0	0	0	3
379	537	0	3.40063127	293.200222	293.200226	293.200222	293.200231	2.53873412e-06	6.54729685e-06	0	0	0	0	3
380	539	0	3.40960391	293.200221	293.200226	293.200221	293.200231	2.68491544e-06	6.54729685e-06	0	0	0	0	3
381	540	0	3.41857655	293.200221	293.200226	293.200221	293.200231	2.833586e-06	6.54729685e-06	0	0	0	0	3
382	542	0	3.4275492	293.200221	293.200226	293.200221	293.200231	2.99496901e-06	6.54729685e-06	0	0	0	0	3
383	544	0	3.43652184	293.200221	293.200225	293.200221	293.200231	3.16898542e-06	6.54729685e-06	0	0	0	0	3
384	545	0	3.44549448	293.200221	293.200225	293.200221	293.200231	3.34984725e-06	6.54729685e-06	0	0	0	0	3
385	547	0	3.45446712	293.200221	293.200225	293.200221	293.20023	3.52877362e-06	6.54729685e-06	0	0	0	0	3
386	548	0	3.46343976	293.200221	293.200225	293.200221	293.20023	3.69979892e-06	6.54729685e-06	0	0	0	0	3
387	550	0	3.4724124	293.200221	293.200225	293.200221	293.200229	3.85952637e-06	6.54729685e-06	0	0	0	0	3
388	551	0	3.48138505	293.200221	293.200225	293.200221	293.200229	4.00844323e-06	6.54729685e-06	0	0	0	0	3
389	553	0	3.49035769	293.200221	293.200225	293.200221	293.200229	4.14716192e-06	6.54729685e-06	0	0	0	0	3
390	555	0	3.49933033	293.200221	293.200224	293.200221	293.200229	4.27950391e-06	6.54729685e-06	0	0	0	0	3
391	556	0	3.50830297	293.200222	293.200224	293.200221	293.200229	4.4065452e-06	6.54729685e-06	0	0	0	0	3
392	558	0	3.51727561	293.200222	293.200224	293.200221	293.200229	4.52799759e-06	6.54729685e-06	0	0	0	0	3
393	559	0	3.52624826	293.200223	293.200224	293.200221	293.200228	4.63867508e-06	6.54729685e-06	0	0	0	0	3
394	561	0	3.5352209	293.200223	293.200224	293.200221	293.200228	4.73045333e-06	6.54729685e-06	0	0	0	0	3
395	562	0	3.54419354	293.200223	293.200224	293.200221	293.200228	4.79138851e-06	6.54729685e-06	0	0	0	0	3
396	564	0	3.55316618	293.200224	293.200224	293.200221	293.200228	4.82529333e-06	6.54729685e-06	0	0	0	0	3
397	565	0	3.56213882	293.200224	293.200224	293.200221	293.200228	4.84224091e-06	6.54729685e-06	0	0	0	0	3
398	567	0	3.57111147	293.200225	293.200224	293.200221	293.200228	4.85437658e-06	6.54729685e-06	0	0	0	0	3
399	568	0	3.58008411	293.200225	293.200224	293.200221	293.200228	4.87005764e-06	6.54729685e-06	0	0	0	0	3
400	570	0	3.58905675	293.200225	293.200224	293.200221	293.200228	4.89210652e-06	6.54729685e-06	0	0	0	0	3
401	575	0	3.59802939	293.200226	293.200224	293.200221	293.200227	4.91803934e-06	6.54729685e-06	0	0	0	0	3
402	576	0	3.60700203	293.200226	293.200224	293.200221	293.200227	4.94145161e-06	6.54729685e-06	0	0	0	0	3
403	578	0	3.61597467	293.200226	293.200224	293.200221	293.200227	4.9566807e-06	6.54729685e-06	0	0	0	0	3
404	579	0	3.62494732	293.200226	293.200224	293.200221	293.200227	4.96374417e-06	6.54729685e-06	0	0	0	0	3
405	581	0	3.63391996	293.200226	293.200224	293.200221	293.200227	4.96099364e-06	6.54729685e-06	0	0	0	0	3
406	582	0	3.6428926	293.200227	293.200224	293.200221	293.200227	4.94874251e-06	6.54729685e-06	0	0	0	0	3
407	584	0	3.65186524	293.200227	293.200224	293.200221	293.200227	4.92898585e-06	6.54729685e-06	0	0	0	0	3
408	585	0	3.66083788	293.200227	293.200224	293.200221	293.200227	4.90380444e-06	6.54729685e-06	0	0	0	0	3
409	587	0	3.66981053	293.200227	293.200224	293.200221	293.200227	4.87435102e-06	6.54729685e-06	0	0	0	0	3
410	588	0	3.67878317	293.200227	293.200224	293.200221	293.200227	4.84282469e-06	6.54729685e-06	0	0	0	0	3
411	590	0	3.68775581	293.200228	293.200224	293.200221	293.200228	4.80910433e-06	6.54729685e-06	0	0	0	0	3
412	591	0	3.69672845	293.200228	293.200224	293.200221	293.200228	4.77202155e-06	6.54729685e-06	0	0	0	0	3
413	593	0	3.70570109	293.200228	293.200224	293.200221	293.200228	4.72941764e-06	6.54729685e-06	0	0	0	0	3
414	594	0	3.71467374	293.200228	293.200224	293.200221	293.200228	4.68131805e-06	6.54729685e-06	0	0	0	0	3
415	596	0	3.72364638	293.200228	293.200224	293.200221	293.200228	4.63159768e-06	6.54729685e-06	0	0	0	0	3
416	597	0	3.73261902	293.200228	293.200224	293.200221	293.200228	4.58206586e-06	6.54729685e-06	0	0	0	0	3
417	599	0	3.74159166	293.200229	293.200224	293.200221	293.200229	4.53458011e-06	6.54729685e-06	0	0	0	0	3
418	600	0	3.7505643	293.200229	293.200224	293.200221	293.200229	4.48162928e-06	6.54729685e-06	0	0	0	0	3
419	602	0	3.75953694	293.20023	293.200224	293.200221	293.20023	4.41627401e-06	6.54729685e-06	0	0	0	0	3
420	603	0	3.76850959	293.20023	293.200224	293.200221	293.20023	4.33419802e-06	6.54729685e-06	0	0	0	0	3
421	605	0	3.77748223	293.20023	293.200224	293.200221	293.20023	4.23428622e-06	6.54729685e-06	0	0	0	0	3
422	606	0	3.78645487	293.200231	293.200225	293.200221	293.200231	4.1207569e-06	6.54729685e-06	0	0	0	0	3
423	607	0	3.79542751	293.200231	293.200225	293.200221	293.200231	4.00070593e-06	6.54729685e-06	0	0	0	0	3
424	609	0	3.80440015	293.20023	293.200225	293.200221	293.200231	3.88608697e-06	6.54729685e-06	0	0	0	0	3
425	610	0	3.8133728	293.20023	293.200225	293.200221	293.200231	3.78473817e-06	6.54729685e-06	0	0	0	0	3
426	612	0	3.82234544	293.20023	293.200225	293.200221	293.200231	3.69938169e-06	6.54729685e-06	0	0	0	0	3
427	613	0	3.83131808	293.200229	293.200225	293.200221	293.200231	3.61613621e-06	6.54729685e-06	0	0	0	0	3
428	614	0	3.84029072	293.200228	293.200225	293.200221	293.200231	3.5198911e-06	6.54729685e-06	0	0	0	0	3
429	616	0	3.84926336	293.200228	293.200225	293.200221	293.200231	3.39786402e-06	6.54729685e-06	0	0	0	0	3
430	617	0	3.85823601	293.200228	293.200225	293.200221	293.200231	3.24956238e-06	6.54729685e-06	0	0	0	0	3
431	619	0	3.86720865	293.200227	293.200225	293.200221	293.200231	3.0812401e-06	6.54729685e-06	0	0	0	0	3
432	620	0	3.87618129	293.200227	293.200226	293.200221	293.200231	2.9084012e-06	6.54729685e-06	0	0	0	0	3
433	622	0	3.88515393	293.200228	293.200226	293.200221	293.200231	2.7440978e-06	6.54729685e-06	0	0	0	0	3
434	623	0	3.89412657	293.200228	293.200226	293.200221	293.200231	2.59106832e-06	6.54729685e-06	0	0	0	0	3
435	625	0	3.90309921	293.200228	293.200226	293.200221	293.200231	2.444887e-06	6.54729685e-06	0	0	0	0	3
436	626	0	3.91207186	293.200229	293.200226	293.200221	293.200231	2.51251333e-06	6.54729685e-06	0	0	0	0	3
437	628	0	3.9210445	293.20023	293.200226	293.200221	293.200231	2.65790368e-06	6.54729685e-06	0	0	0	0	3
438	629	0	3.93001714	293.20023	293.200226	293.200221	293.200231	2.81805228e-06	6.54729685e-06	0	0	0	0	3
439	630	0	3.93898978	293.200231	293.200227	293.200221	293.200231	2.99275894e-06	6.54729685e-06	0	0	0	0	3
440	632	0	3.94796242	293.200231	293.200227	293.200221	293.200231	3.17651921e-06	6.54729685e-06	0	0	0	0	3
441	633	0	3.95693507	293.200231	293.200227	293.200221	293.200231	3.3635219e-06	6.54729685e-06	0	0	0	0	3
442	634	0	3.96590771	293.200231	293.200227	293.200221	293.200231	3.54776506e-06	6.54729685e-06	0	0	0	0	3
443	636	0	3.97488035	293.200231	293.200227	293.200221	293.200231	3.72499494e-06	6.54729685e-06	0	0	0	0	3
444	637	0	3.98385299	293.20023	293.200227	293.200221	293.200231	3.89603622e-06	6.54729685e-06	0	0	0	0	3
445	639	0	3.99282563	293.20023	293.200228	293.200221	293.200231	4.05969354e-06	6.54729685e-06	0	0	0	0	3
446	640	0	4.00179828	293.20023	293.200228	293.200222	293.200231	4.21691777e-06	6.54729685e-06	0	0	0	0	3
