Iteration	CPUTime	PhysTime	Travels	Value	AvValue	MinValue	MaxValue	Delta	Criteria	PrevAvRefValue	Progress	CriteriaType	CriteriaVarType	CriteriaPercentage
1	7	0	0.00897179511	-33.825862	-33.825862	-33.825862	-33.825862	0	0	0	0	0	0	3
2	8	0	0.0179435902	-6.07287657	-19.9493693	-33.825862	-6.07287657	13.8764927	0	0	0	0	0	3
3	9	0	0.0269153853	-4.00677888	-14.6351725	-33.825862	-4.00677888	19.1906895	0	0	0	0	0	3
4	10	0	0.0358871804	-1.61336333	-11.3797202	-33.825862	-1.61336333	22.4461418	0	0	0	0	0	3
5	12	0	0.0448589755	-3.40160437	-9.78409703	-33.825862	-1.61336333	24.041765	0	0	0	0	0	3
6	13	0	0.0538307706	-1.6084322	-8.42148622	-33.825862	-1.6084322	25.4043758	0	0	0	0	0	3
7	14	0	0.0628025657	-2.83076377	-7.62281159	-33.825862	-1.6084322	26.2030504	0	0	0	0	0	3
8	15	0	0.0717743608	-1.4956655	-6.85691833	-33.825862	-1.4956655	26.9689437	0	0	0	0	0	3
9	16	0	0.080746156	-2.58721222	-6.38250654	-33.825862	-1.4956655	27.4433555	0	0	0	0	0	3
10	17	0	0.0897179511	-1.50778326	-5.89503421	-33.825862	-1.4956655	27.9308278	0	0	0	0	0	3
11	19	0	0.0986897462	-2.30164157	-5.56836215	-33.825862	-1.4956655	28.2574998	0	0	0	0	0	3
12	20	0	0.107661541	-1.72473259	-5.24805969	-33.825862	-1.4956655	28.5778023	0	0	0	0	0	3
13	21	0	0.116633336	-2.22955846	-5.01586729	-33.825862	-1.4956655	28.8099947	0	0	0	0	0	3
14	22	0	0.125605131	-1.83159225	-4.78841907	-33.825862	-1.4956655	29.0374429	0	0	0	0	0	3
15	23	0	0.134576927	-2.14564768	-4.61223431	-33.825862	-1.4956655	29.2136277	0	0	0	0	0	3
16	24	0	0.143548722	-1.92725684	-4.44442322	-33.825862	-1.4956655	29.3814388	0	0	0	0	0	3
17	26	0	0.152520517	-2.01882437	-4.30174093	-33.825862	-1.4956655	29.5241211	0	0	0	0	0	3
18	27	0	0.161492312	-1.91179749	-4.1689663	-33.825862	-1.4956655	29.6568957	0	0	0	0	0	3
19	28	0	0.170464107	-1.9260023	-4.05091556	-33.825862	-1.4956655	29.7749464	0	0	0	0	0	3
20	29	0	0.179435902	-1.87192076	-3.94196582	-33.825862	-1.4956655	29.8838962	0	0	0	0	0	3
21	30	0	0.188407697	-1.85839239	-3.84274804	-33.825862	-1.4956655	29.983114	0	0	0	0	0	3
22	32	0	0.197379492	-1.8357899	-3.75152267	-33.825862	-1.4956655	30.0743393	0	0	0	0	0	3
23	33	0	0.206351287	-1.81838559	-3.66747323	-33.825862	-1.4956655	30.1583888	0	0	0	0	0	3
24	34	0	0.215323083	-1.80342427	-3.58980452	-33.825862	-1.4956655	30.2360575	0	0	0	0	0	3
25	36	0	0.224294878	-1.79224681	-3.51790221	-33.825862	-1.4956655	30.3079598	0	0	0	0	0	3
26	37	0	0.233266673	-1.781473	-3.45111648	-33.825862	-1.4956655	30.3747455	0	0	0	0	0	3
27	38	0	0.242238468	-1.77061435	-3.38887566	-33.825862	-1.4956655	30.4369863	0	0	0	0	0	3
28	40	0	0.251210263	-1.76304256	-3.33081019	-33.825862	-1.4956655	30.4950518	0	0	0	0	0	3
29	41	0	0.260182058	-1.75251336	-3.27638616	-33.825862	-1.4956655	30.5494758	0	0	0	0	0	3
30	42	0	0.269153853	-1.74383647	-3.22530117	-33.825862	-1.4956655	30.6005608	0	0	0	0	0	3
31	44	0	0.278125648	-1.73677051	-3.17728405	-33.825862	-1.4956655	30.6485779	0	0	0	0	0	3
32	46	0	0.287097443	-1.7299883	-3.13205606	-33.825862	-1.4956655	30.6938059	0	0	0	0	0	3
33	47	0	0.296069238	-1.7235664	-3.08937455	-33.825862	-1.4956655	30.7364874	0	0	0	0	0	3
34	49	0	0.305041034	-1.71891161	-3.04906682	-33.825862	-1.4956655	30.7767952	0	0	0	0	0	3
35	51	0	0.314012829	-1.71267733	-3.01088426	-33.825862	-1.4956655	30.8149777	0	0	0	0	0	3
36	52	0	0.322984624	-1.70787917	-2.97468968	-33.825862	-1.4956655	30.8511723	0	0	0	0	0	3
37	54	0	0.331956419	-1.70082286	-2.94026085	-33.825862	-1.4956655	30.8856011	0	0	0	0	0	3
38	56	0	0.340928214	-1.69492883	-2.90748895	-33.825862	-1.4956655	30.918373	0	0	0	0	0	3
39	57	0	0.349900009	-1.68970984	-2.87626385	-33.825862	-1.4956655	30.9495981	0	0	0	0	0	3
40	59	0	0.358871804	-1.68514448	-2.84648586	-33.825862	-1.4956655	30.9793761	0	0	0	0	0	3
41	62	0	0.367843599	-1.68156729	-2.81807321	-33.825862	-1.4956655	31.0077888	0	0	0	0	0	3
42	63	0	0.376815394	-1.67742788	-2.79091499	-33.825862	-1.4956655	31.034947	0	0	0	0	0	3
43	64	0	0.38578719	-1.67334725	-2.76492504	-33.825862	-1.4956655	31.0609369	0	0	0	0	0	3
44	66	0	0.394758985	-1.67014117	-2.74004359	-33.825862	-1.4956655	31.0858184	0	0	0	0	0	3
45	67	0	0.40373078	-1.66687298	-2.71619536	-33.825862	-1.4956655	31.1096666	0	0	0	0	0	3
46	69	0	0.412702575	-1.66353631	-2.69331146	-33.825862	-1.4956655	31.1325505	0	0	0	0	0	3
47	71	0	0.42167437	-1.66004537	-2.67132708	-33.825862	-1.4956655	31.1545349	0	0	0	0	0	3
48	72	0	0.430646165	-1.65702157	-2.65019571	-33.825862	-1.4956655	31.1756663	0	0	0	0	0	3
49	74	0	0.43961796	-1.65359412	-2.62985691	-33.825862	-1.4956655	31.1960051	0	0	0	0	0	3
50	75	0	0.448589755	-1.65048748	-2.61026952	-33.825862	-1.4956655	31.2155925	0	0	0	0	0	3
51	77	0	0.45756155	-1.64769044	-2.59139542	-33.825862	-1.4956655	31.2344666	0	0	0	0	0	3
52	78	0	0.466533345	-1.64560714	-2.57320718	-33.825862	-1.4956655	31.2526548	0	0	0	0	0	3
53	80	0	0.475505141	-1.64386855	-2.55567249	-33.825862	-1.4956655	31.2701895	0	0	0	0	0	3
54	81	0	0.484476936	-1.64220903	-2.5387565	-33.825862	-1.4956655	31.2871055	0	0	0	0	0	3
55	83	0	0.493448731	-1.64022542	-2.52241957	-33.825862	-1.4956655	31.3034424	0	0	0	0	0	3
56	84	0	0.502420526	-1.63882228	-2.50664105	-33.825862	-1.4956655	31.3192209	0	0	0	0	0	3
57	86	0	0.511392321	-1.63688505	-1.93183789	-6.07287657	-1.4956655	4.57721108	0	0	0	0	0	3
58	87	0	0.520364116	-1.6358594	-1.85260544	-4.00677888	-1.4956655	2.51111339	0	0	0	0	0	3
59	89	0	0.529335911	-1.63418137	-1.81023763	-3.40160437	-1.4956655	1.90593887	0	0	0	0	0	3
60	90	0	0.538307706	-1.6327612	-1.81058402	-3.40160437	-1.4956655	1.90593887	0	0	0	0	0	3
61	92	0	0.547279501	-1.63175343	-1.77897954	-2.83076377	-1.4956655	1.33509827	0	0	0	0	0	3
62	93	0	0.556251297	-1.63068058	-1.77937683	-2.83076377	-1.4956655	1.33509827	0	0	0	0	0	3
63	95	0	0.565223092	-1.62941122	-1.7579241	-2.58721222	-1.4956655	1.09154672	0	0	0	0	0	3
64	96	0	0.574194887	-1.62764506	-1.76028088	-2.58721222	-1.50778326	1.07942896	0	0	0	0	0	3
65	98	0	0.583166682	-1.62672352	-1.7431293	-2.30164157	-1.50778326	0.793858307	0	0	0	0	0	3
66	100	0	0.592138477	-1.6261932	-1.74524376	-2.30164157	-1.6261932	0.675448371	0	0	0	0	0	3
67	101	0	0.601110272	-1.62466297	-1.73315486	-2.22955846	-1.62466297	0.604895489	0	0	0	0	0	3
68	103	0	0.610082067	-1.62465566	-1.73136777	-2.22955846	-1.62465566	0.604902798	0	0	0	0	0	3
69	104	0	0.619053862	-1.62389837	-1.72055241	-2.14564768	-1.62389837	0.52174931	0	0	0	0	0	3
70	106	0	0.628025657	-1.62327678	-1.71683249	-2.14564768	-1.62327678	0.5223709	0	0	0	0	0	3
71	108	0	0.636997452	-1.62227622	-1.70748657	-2.01882437	-1.62227622	0.396548149	0	0	0	0	0	3
72	109	0	0.645969248	-1.62151989	-1.70202698	-2.01882437	-1.62151989	0.397304484	0	0	0	0	0	3
73	111	0	0.654941043	-1.62068223	-1.6949173	-1.9260023	-1.62068223	0.305320071	0	0	0	0	0	3
74	112	0	0.663912838	-1.61983877	-1.68970376	-1.9260023	-1.61983877	0.306163532	0	0	0	0	0	3
75	114	0	0.672884633	-1.61940587	-1.68422882	-1.87192076	-1.61940587	0.252514893	0	0	0	0	0	3
76	116	0	0.681856428	-1.61830296	-1.67969993	-1.85839239	-1.61830296	0.240089421	0	0	0	0	0	3
77	117	0	0.690828223	-1.61783283	-1.67540422	-1.8357899	-1.61783283	0.217957072	0	0	0	0	0	3
78	119	0	0.699800018	-1.61656614	-1.67148951	-1.81838559	-1.61656614	0.201819453	0	0	0	0	0	3
79	121	0	0.708771813	-1.61582365	-1.66787234	-1.80342427	-1.61582365	0.187600626	0	0	0	0	0	3
80	122	0	0.717743608	-1.6146548	-1.66450145	-1.79224681	-1.6146548	0.177592014	0	0	0	0	0	3
81	124	0	0.726715404	-1.61535116	-1.6613426	-1.781473	-1.6146548	0.166818198	0	0	0	0	0	3
82	126	0	0.735687199	-1.61467298	-1.65836403	-1.77061435	-1.6146548	0.155959551	0	0	0	0	0	3
83	127	0	0.744658994	-1.61401395	-1.65556759	-1.76304256	-1.61401395	0.149028607	0	0	0	0	0	3
84	129	0	0.753630789	-1.61190684	-1.65286874	-1.75251336	-1.61190684	0.140606523	0	0	0	0	0	3
85	131	0	0.762602584	-1.61119494	-1.6503452	-1.74383647	-1.61119494	0.132641524	0	0	0	0	0	3
86	132	0	0.771574379	-1.61110277	-1.64797495	-1.73677051	-1.61110277	0.125667734	0	0	0	0	0	3
87	134	0	0.780546174	-1.61206006	-1.64574798	-1.7299883	-1.61110277	0.118885525	0	0	0	0	0	3
88	136	0	0.789517969	-1.61254784	-1.64365083	-1.7235664	-1.61110277	0.112463632	0	0	0	0	0	3
89	137	0	0.798489764	-1.61405669	-1.6416953	-1.71891161	-1.61110277	0.10780884	0	0	0	0	0	3
90	139	0	0.80746156	-1.6148772	-1.63983754	-1.71267733	-1.61110277	0.101574558	0	0	0	0	0	3
91	141	0	0.816433355	-1.61567192	-1.6381053	-1.70787917	-1.61110277	0.0967763943	0	0	0	0	0	3
92	142	0	0.82540515	-1.6147002	-1.63644139	-1.70082286	-1.61110277	0.0897200904	0	0	0	0	0	3
93	144	0	0.834376945	-1.61359738	-1.6348838	-1.69492883	-1.61110277	0.0838260601	0	0	0	0	0	3
94	146	0	0.84334874	-1.61263663	-1.63341429	-1.68970984	-1.61110277	0.0786070689	0	0	0	0	0	3
95	147	0	0.852320535	-1.61313863	-1.63204695	-1.68514448	-1.61110277	0.0740417074	0	0	0	0	0	3
96	149	0	0.86129233	-1.61223461	-1.63074499	-1.68156729	-1.61110277	0.0704645169	0	0	0	0	0	3
97	151	0	0.870264125	-1.61241334	-1.62951009	-1.67742788	-1.61110277	0.0663251096	0	0	0	0	0	3
98	152	0	0.87923592	-1.61275245	-1.62835518	-1.67334725	-1.61110277	0.0622444765	0	0	0	0	0	3
99	154	0	0.888207715	-1.61368356	-1.62728975	-1.67014117	-1.61110277	0.059038399	0	0	0	0	0	3
100	156	0	0.897179511	-1.6139085	-1.6262856	-1.66687298	-1.61110277	0.0557702119	0	0	0	0	0	3
101	161	0	0.906151306	-1.61350037	-1.62533252	-1.66353631	-1.61110277	0.0524335383	0	0	0	0	0	3
102	163	0	0.915123101	-1.61438221	-1.62445476	-1.66004537	-1.61110277	0.0489425976	0	0	0	0	0	3
103	165	0	0.924094896	-1.61492936	-1.62364912	-1.65702157	-1.61110277	0.0459187933	0	0	0	0	0	3
104	166	0	0.933066691	-1.61515491	-1.6229015	-1.65359412	-1.61110277	0.0424913451	0	0	0	0	0	3
105	168	0	0.942038486	-1.61547354	-1.62222078	-1.65048748	-1.61110277	0.0393847116	0	0	0	0	0	3
106	169	0	0.951010281	-1.61636871	-1.62161151	-1.64769044	-1.61110277	0.0365876647	0	0	0	0	0	3
107	171	0	0.959982076	-1.61675162	-1.62105904	-1.64560714	-1.61110277	0.0345043668	0	0	0	0	0	3
108	173	0	0.968953871	-1.6164157	-1.62053776	-1.64386855	-1.61110277	0.0327657826	0	0	0	0	0	3
109	174	0	0.977925667	-1.61590754	-1.62003846	-1.64220903	-1.61110277	0.0311062606	0	0	0	0	0	3
110	176	0	0.986897462	-1.6144604	-1.61954294	-1.64022542	-1.61110277	0.0291226438	0	0	0	0	0	3
111	177	0	0.995869257	-1.61449066	-1.61908339	-1.63882228	-1.61110277	0.0277195112	0	0	0	0	0	3
112	179	0	1.00484105	-1.6142211	-1.61864409	-1.63688505	-1.61110277	0.0257822799	0.0753334016	0	100	0	0	3
113	181	0	1.01381285	-1.61407149	-1.6182367	-1.6358594	-1.61110277	0.0247566252	0.0753334016	0	100	0	0	3
114	182	0	1.02278464	-1.61357437	-1.61783876	-1.63418137	-1.61110277	0.0230785984	0.0753334016	0	100	0	0	3
115	184	0	1.03175644	-1.61321229	-1.61746431	-1.6327612	-1.61110277	0.0216584322	0.0753334016	0	100	0	0	3
116	185	0	1.04072823	-1.61239208	-1.61710057	-1.63175343	-1.61110277	0.0206506598	0.0753334016	0	100	0	0	3
117	187	0	1.04970003	-1.611665	-1.61674185	-1.63068058	-1.61110277	0.0195778077	0.0753334016	0	100	0	0	3
118	188	0	1.05867182	-1.61068237	-1.61638474	-1.62941122	-1.61068237	0.0187288439	0.0753334016	0	100	0	0	3
119	190	0	1.06764362	-1.61029208	-1.61604333	-1.62764506	-1.61029208	0.017352974	0.0753334016	0	100	0	0	3
120	191	0	1.07661541	-1.61026566	-1.61573298	-1.62672352	-1.61026566	0.0164578665	0.0753334016	0	100	0	0	3
121	193	0	1.08558721	-1.61024745	-1.61543877	-1.6261932	-1.61024745	0.0159457449	0.0753334016	0	100	0	0	3
122	194	0	1.094559	-1.6107752	-1.61516344	-1.62466297	-1.61024745	0.014415515	0.0753334016	0	100	0	0	3
123	196	0	1.1035308	-1.6122349	-1.61494151	-1.62465566	-1.61024745	0.0144082062	0.0753334016	0	100	0	0	3
124	197	0	1.11250259	-1.61231273	-1.61472111	-1.62389837	-1.61024745	0.0136509157	0.0753334016	0	100	0	0	3
125	199	0	1.12147439	-1.6113267	-1.61449661	-1.62327678	-1.61024745	0.0130293254	0.0753334016	0	100	0	0	3
126	200	0	1.13044618	-1.61040824	-1.61426682	-1.62227622	-1.61024745	0.0120287696	0.0753334016	0	100	0	0	3
127	202	0	1.13941798	-1.60978466	-1.61404375	-1.62151989	-1.60978466	0.0117352293	0.0753334016	0	100	0	0	3
128	203	0	1.14838977	-1.60920132	-1.61382378	-1.62068223	-1.60920132	0.0114809091	0.0753334016	0	100	0	0	3
129	205	0	1.15736157	-1.60954729	-1.61362494	-1.61983877	-1.60920132	0.0106374483	0.0753334016	0	100	0	0	3
130	206	0	1.16633336	-1.60991608	-1.61344775	-1.61940587	-1.60920132	0.0102045505	0.0753334016	0	100	0	0	3
131	208	0	1.17530516	-1.6099753	-1.61327935	-1.61830296	-1.60920132	0.00910164729	0.0753334016	0	100	0	0	3
132	209	0	1.18427695	-1.6090058	-1.61311333	-1.61783283	-1.6090058	0.00882702345	0.0753334016	0	100	0	0	3
133	211	0	1.19324875	-1.6088733	-1.61295333	-1.61675162	-1.6088733	0.00787832252	0.0753334016	0	100	0	0	3
134	212	0	1.20222054	-1.60838638	-1.61280727	-1.61675162	-1.60838638	0.00836523995	0.0753334016	0	100	0	0	3
135	213	0	1.21119234	-1.60822981	-1.61267166	-1.61675162	-1.60822981	0.0085218192	0.0753334016	0	100	0	0	3
136	215	0	1.22016413	-1.60938311	-1.61257753	-1.61675162	-1.60822981	0.0085218192	0.0753334016	0	100	0	0	3
137	216	0	1.22913593	-1.61161246	-1.61251076	-1.61675162	-1.60822981	0.0085218192	0.0753334016	0	100	0	0	3
138	218	0	1.23810772	-1.61239749	-1.61247013	-1.61675162	-1.60822981	0.0085218192	0.0753334016	0	100	0	0	3
139	219	0	1.24707952	-1.61228962	-1.61243934	-1.61675162	-1.60822981	0.0085218192	0.0753334016	0	100	0	0	3
140	221	0	1.25605131	-1.61038627	-1.61241218	-1.61675162	-1.60822981	0.0085218192	0.0753334016	0	100	0	0	3
141	222	0	1.26502311	-1.6103693	-1.61239744	-1.61675162	-1.60822981	0.0085218192	0.0753334016	0	100	0	0	3
142	224	0	1.2739949	-1.60916205	-1.61236278	-1.61675162	-1.60822981	0.0085218192	0.0753334016	0	100	0	0	3
143	225	0	1.2829667	-1.61022258	-1.61232997	-1.61675162	-1.60822981	0.0085218192	0.0753334016	0	100	0	0	3
144	226	0	1.2919385	-1.61101152	-1.61230254	-1.61675162	-1.60822981	0.0085218192	0.0753334016	0	100	0	0	3
145	228	0	1.30091029	-1.61216069	-1.61226868	-1.61675162	-1.60822981	0.0085218192	0.0753334016	0	100	0	0	3
146	229	0	1.30988209	-1.61251618	-1.61222652	-1.61675162	-1.60822981	0.0085218192	0.0753334016	0	100	0	0	3
147	231	0	1.31885388	-1.61279305	-1.61217511	-1.61675162	-1.60822981	0.0085218192	0.0753334016	0	100	0	0	3
148	232	0	1.32782568	-1.61192911	-1.61212563	-1.61675162	-1.60822981	0.0085218192	0.0753334016	0	100	0	0	3
149	234	0	1.33679747	-1.61195297	-1.61209626	-1.61675162	-1.60822981	0.0085218192	0.0753334016	0	100	0	0	3
150	235	0	1.34576927	-1.61190544	-1.61208321	-1.61675162	-1.60822981	0.0085218192	0.0753334016	0	100	0	0	3
151	236	0	1.35474106	-1.61377541	-1.61209458	-1.61675162	-1.60822981	0.0085218192	0.0753334016	0	100	0	0	3
152	238	0	1.36371286	-1.61549714	-1.61215284	-1.61675162	-1.60822981	0.0085218192	0.0753334016	0	100	0	0	3
153	239	0	1.37268465	-1.61629315	-1.61222212	-1.61675162	-1.60822981	0.0085218192	0.0753334016	0	100	0	0	3
154	241	0	1.38165645	-1.61571082	-1.61227495	-1.61675162	-1.60822981	0.0085218192	0.0753334016	0	100	0	0	3
155	242	0	1.39062824	-1.61463684	-1.61229197	-1.61675162	-1.60822981	0.0085218192	0.0753334016	0	100	0	0	3
156	243	0	1.39960004	-1.61334848	-1.61228197	-1.61675162	-1.60822981	0.0085218192	0.0753334016	0	100	0	0	3
157	245	0	1.40857183	-1.61336799	-1.61227961	-1.61675162	-1.60822981	0.0085218192	0.0753334016	0	100	0	0	3
158	246	0	1.41754363	-1.61402872	-1.61227329	-1.61675162	-1.60822981	0.0085218192	0.0753334016	0	100	0	0	3
159	248	0	1.42651542	-1.61686577	-1.61230787	-1.61686577	-1.60822981	0.00863596036	0.0753334016	0	100	0	0	3
160	249	0	1.43548722	-1.61906271	-1.61237765	-1.61906271	-1.60822981	0.0101375712	0.0753334016	0	100	0	0	3
161	250	0	1.44445901	-1.62087741	-1.61247415	-1.62087741	-1.60822981	0.00952830751	0.0753334016	0	100	0	0	3
162	252	0	1.45343081	-1.620221	-1.61254294	-1.62087741	-1.60822981	0.00897582872	0.0753334016	0	100	0	0	3
163	253	0	1.4624026	-1.61792465	-1.61256389	-1.62087741	-1.60822981	0.008454553	0.0753334016	0	100	0	0	3
164	254	0	1.4713744	-1.61389637	-1.6125189	-1.62087741	-1.60822981	0.00795524911	0.0753334016	0	100	0	0	3
165	256	0	1.48034619	-1.61133298	-1.61243721	-1.62087741	-1.60822981	0.00745973775	0.0753334016	0	100	0	0	3
166	257	0	1.48931799	-1.61085008	-1.61237274	-1.62087741	-1.60822981	0.00700018849	0.0753334016	0	100	0	0	3
167	258	0	1.49828978	-1.61267998	-1.61234041	-1.62087741	-1.60822981	0.00656088173	0.0753334016	0	100	0	0	3
168	260	0	1.50726158	-1.61533492	-1.6123603	-1.62087741	-1.60822981	0.00615349675	0.0753334016	0	100	0	0	3
169	261	0	1.51623337	-1.61732261	-1.61241836	-1.62087741	-1.60822981	0.00575554976	0.0753334016	0	100	0	0	3
170	262	0	1.52520517	-1.61660694	-1.61247251	-1.62087741	-1.60822981	0.00538110185	0.0753334016	0	100	0	0	3
171	264	0	1.53417696	-1.61439063	-1.61249355	-1.62087741	-1.60822981	0.00501736757	0.0753334016	0	100	0	0	3
172	265	0	1.54314876	-1.6109175	-1.61246722	-1.62087741	-1.60822981	0.00465864549	0.0753334016	0	100	0	0	3
173	267	0	1.55212055	-1.60806393	-1.61240291	-1.62087741	-1.60806393	0.00430153465	0.0753334016	0	100	0	0	3
174	268	0	1.56109235	-1.60680461	-1.61233367	-1.62087741	-1.60680461	0.00396012156	0.0753334016	0	100	0	0	3
175	269	0	1.57006414	-1.60918733	-1.61231394	-1.62087741	-1.60680461	0.00364977511	0.0753334016	0	100	0	0	3
176	271	0	1.57903594	-1.61134702	-1.61233325	-1.62087741	-1.60680461	0.00335555959	0.0753334016	0	100	0	0	3
177	272	0	1.58800773	-1.61309107	-1.61238403	-1.62087741	-1.60680461	0.00308023824	0.0753334016	0	100	0	0	3
178	273	0	1.59697953	-1.61310529	-1.61242564	-1.62087741	-1.60680461	0.00285830849	0.0753334016	0	100	0	0	3
179	275	0	1.60595132	-1.61177428	-1.61241741	-1.62087741	-1.60680461	0.00263789894	0.0753334016	0	100	0	0	3
180	276	0	1.61492312	-1.60935067	-1.61236452	-1.62087741	-1.60680461	0.00241340492	0.0753334016	0	100	0	0	3
181	278	0	1.62389491	-1.60627177	-1.61227425	-1.62087741	-1.60627177	0.0021836095	0.0753334016	0	100	0	0	3
182	279	0	1.63286671	-1.60414496	-1.61216241	-1.62087741	-1.60414496	0.00196054585	0.0753334016	0	100	0	0	3
183	280	0	1.6418385	-1.60466083	-1.61207091	-1.62087741	-1.60414496	0.00175286688	0.0753334016	0	100	0	0	3
184	282	0	1.6508103	-1.6065176	-1.61202299	-1.62087741	-1.60414496	0.00160195216	0.0753334016	0	100	0	0	3
185	283	0	1.65978209	-1.60856527	-1.61200545	-1.62087741	-1.60414496	0.00144229751	0.0753334016	0	100	0	0	3
186	285	0	1.66875389	-1.60950479	-1.61199811	-1.62087741	-1.60414496	0.00128123913	0.0753334016	0	100	0	0	3
187	286	0	1.67772568	-1.60937634	-1.61198741	-1.62087741	-1.60414496	0.00112591416	0.0753334016	0	100	0	0	3
188	287	0	1.68669748	-1.60744732	-1.61195958	-1.62087741	-1.60414496	0.000993752687	0.0753334016	0	100	0	0	3
189	289	0	1.69566927	-1.60542485	-1.611898	-1.62087741	-1.60414496	0.000909265077	0.0753334016	0	100	0	0	3
190	290	0	1.70464107	-1.60294187	-1.61180078	-1.62087741	-1.60294187	0.000870884301	0.0753334016	0	100	0	0	3
191	291	0	1.71361287	-1.60364469	-1.6117189	-1.62087741	-1.60294187	0.000858624079	0.0753334016	0	100	0	0	3
192	293	0	1.72258466	-1.60429982	-1.61162813	-1.62087741	-1.60294187	0.000935762488	0.0753334016	0	100	0	0	3
193	294	0	1.73155646	-1.60638853	-1.61153484	-1.62087741	-1.60294187	0.00102904701	0.0753334016	0	100	0	0	3
194	295	0	1.74052825	-1.60678642	-1.61143465	-1.62087741	-1.60294187	0.0011292446	0.0753334016	0	100	0	0	3
195	297	0	1.74950005	-1.60668825	-1.61133462	-1.62087741	-1.60294187	0.00122926912	0.0753334016	0	100	0	0	3
196	298	0	1.75847184	-1.60552873	-1.61124788	-1.62087741	-1.60294187	0.00131601104	0.0753334016	0	100	0	0	3
197	299	0	1.76744364	-1.60442424	-1.61114172	-1.62087741	-1.60294187	0.00142217293	0.0753334016	0	100	0	0	3
198	301	0	1.77641543	-1.6032027	-1.6110353	-1.62087741	-1.60294187	0.00152858987	0.0753334016	0	100	0	0	3
199	302	0	1.78538723	-1.60215392	-1.61089122	-1.62087741	-1.60215392	0.00167267312	0.0753334016	0	100	0	0	3
200	303	0	1.79435902	-1.60317368	-1.61075126	-1.62087741	-1.60215392	0.0018126346	0.0753334016	0	100	0	0	3
201	308	0	1.80333082	-1.60328608	-1.61059278	-1.62087741	-1.60215392	0.0019711097	0.0753334016	0	100	0	0	3
202	309	0	1.81230261	-1.6045411	-1.61045037	-1.62087741	-1.60215392	0.00211352183	0.0753334016	0	100	0	0	3
203	311	0	1.82127441	-1.6053036	-1.61031663	-1.62087741	-1.60215392	0.00224726196	0.0753334016	0	100	0	0	3
204	312	0	1.8302462	-1.6056189	-1.61020395	-1.62087741	-1.60215392	0.00235994421	0.0753334016	0	100	0	0	3
205	314	0	1.839218	-1.60673672	-1.6101108	-1.62087741	-1.60215392	0.00245309143	0.0753334016	0	100	0	0	3
206	315	0	1.84818979	-1.60807236	-1.61004235	-1.62087741	-1.60215392	0.0025215394	0.0753334016	0	100	0	0	3
207	316	0	1.85716159	-1.60861399	-1.60995018	-1.62087741	-1.60215392	0.00261370774	0.0753334016	0	100	0	0	3
208	318	0	1.86613338	-1.60938873	-1.6098411	-1.62087741	-1.60215392	0.00272278659	0.0753334016	0	100	0	0	3
209	319	0	1.87510518	-1.61046334	-1.609737	-1.62087741	-1.60215392	0.00282689038	0.0753334016	0	100	0	0	3
210	320	0	1.88407697	-1.61178646	-1.60966692	-1.62087741	-1.60215392	0.0028969683	0.0753334016	0	100	0	0	3
211	322	0	1.89304877	-1.61307399	-1.60963901	-1.62087741	-1.60215392	0.00292487641	0.0753334016	0	100	0	0	3
212	323	0	1.90202056	-1.61348433	-1.60964144	-1.62087741	-1.60215392	0.00292487641	0.0753334016	0	100	0	0	3
213	324	0	1.91099236	-1.61420333	-1.60965636	-1.62087741	-1.60215392	0.00292487641	0.0753334016	0	100	0	0	3
214	326	0	1.91996415	-1.61527848	-1.60967867	-1.62087741	-1.60215392	0.00292487641	0.0753334016	0	100	0	0	3
215	327	0	1.92893595	-1.61532189	-1.6096511	-1.62087741	-1.60215392	0.00292487641	0.0753334016	0	100	0	0	3
216	328	0	1.93790774	-1.61420405	-1.60956434	-1.62087741	-1.60215392	0.00299954792	0.0753334016	0	100	0	0	3
217	329	0	1.94687954	-1.61431194	-1.6094471	-1.620221	-1.60215392	0.00311678834	0.0753334016	0	100	0	0	3
218	331	0	1.95585133	-1.61361924	-1.60932921	-1.61792465	-1.60215392	0.00323467686	0.0753334016	0	100	0	0	3
219	332	0	1.96482313	-1.61261144	-1.60923433	-1.61732261	-1.60215392	0.00328456766	0.0753334016	0	100	0	0	3
220	333	0	1.97379492	-1.61226717	-1.60920524	-1.61732261	-1.60215392	0.00328830876	0.0753334016	0	100	0	0	3
221	335	0	1.98276672	-1.61215847	-1.60921998	-1.61732261	-1.60215392	0.00328830876	0.0753334016	0	100	0	0	3
222	337	0	1.99173851	-1.61154577	-1.60923241	-1.61732261	-1.60215392	0.00328830876	0.0753334016	0	100	0	0	3
223	339	0	2.00071031	-1.61106998	-1.60920366	-1.61732261	-1.60215392	0.00328989476	0.0753334016	0	100	0	0	3
224	340	0	2.0096821	-1.60927385	-1.60909542	-1.61732261	-1.60215392	0.00339812822	0.0753334016	0	100	0	0	3
225	342	0	2.0186539	-1.60918494	-1.60895011	-1.61660694	-1.60215392	0.00354344379	0.0753334016	0	100	0	0	3
226	343	0	2.02762569	-1.6088509	-1.60881161	-1.61532189	-1.60215392	0.00368194453	0.0753334016	0	100	0	0	3
227	345	0	2.03659749	-1.60951892	-1.60872461	-1.61532189	-1.60215392	0.00374260765	0.0753334016	0	100	0	0	3
228	346	0	2.04556928	-1.61000758	-1.60870836	-1.61532189	-1.60215392	0.00371727547	0.0753334016	0	100	0	0	3
229	348	0	2.05454108	-1.61059633	-1.60875358	-1.61532189	-1.60215392	0.00371727547	0.0753334016	0	100	0	0	3
230	350	0	2.06351287	-1.611016	-1.60882879	-1.61532189	-1.60215392	0.00371727547	0.0753334016	0	100	0	0	3
231	351	0	2.07248467	-1.61194942	-1.60887811	-1.61532189	-1.60215392	0.00371727547	0.0753334016	0	100	0	0	3
232	352	0	2.08145646	-1.61120266	-1.60887553	-1.61532189	-1.60215392	0.00371727547	0.0753334016	0	100	0	0	3
233	354	0	2.09042826	-1.61177959	-1.60885211	-1.61532189	-1.60215392	0.00371727547	0.0753334016	0	100	0	0	3
234	355	0	2.09940005	-1.61269501	-1.60884479	-1.61532189	-1.60215392	0.00370905008	0.0753334016	0	100	0	0	3
235	357	0	2.10837185	-1.61301952	-1.60886702	-1.61532189	-1.60215392	0.00365615618	0.0753334016	0	100	0	0	3
236	358	0	2.11734364	-1.61384983	-1.60894737	-1.61532189	-1.60215392	0.00356588955	0.0753334016	0	100	0	0	3
237	359	0	2.12631544	-1.61367357	-1.60907954	-1.61532189	-1.60215392	0.00345404525	0.0753334016	0	100	0	0	3
238	361	0	2.13528724	-1.61344379	-1.60924559	-1.61532189	-1.60215392	0.00336254837	0.0753334016	0	100	0	0	3
239	362	0	2.14425903	-1.61352992	-1.60940397	-1.61532189	-1.60215392	0.00331462493	0.0753334016	0	100	0	0	3
240	363	0	2.15323083	-1.61353301	-1.60952924	-1.61532189	-1.60215392	0.00329708882	0.0753334016	0	100	0	0	3
241	365	0	2.16220262	-1.61370629	-1.60962105	-1.61532189	-1.60215392	0.00328974425	0.0753334016	0	100	0	0	3
242	366	0	2.17117442	-1.61479142	-1.60971545	-1.61532189	-1.60215392	0.00327904851	0.0753334016	0	100	0	0	3
243	367	0	2.18014621	-1.61617762	-1.6098369	-1.61617762	-1.60215392	0.00325121845	0.0753334016	0	100	0	0	3
244	369	0	2.18911801	-1.61656302	-1.60999968	-1.61656302	-1.60215392	0.00318963898	0.0753334016	0	100	0	0	3
245	370	0	2.1980898	-1.61705234	-1.61020732	-1.61705234	-1.60215392	0.00309241544	0.0753334016	0	100	0	0	3
246	371	0	2.2070616	-1.61624719	-1.61044491	-1.61705234	-1.60215392	0.0030105384	0.0753334016	0	100	0	0	3
247	372	0	2.21603339	-1.616644	-1.61067704	-1.61705234	-1.60215392	0.00291976531	0.0753334016	0	100	0	0	3
248	374	0	2.22500519	-1.61674181	-1.61089922	-1.61705234	-1.60215392	0.00282648078	0.0753334016	0	100	0	0	3
249	375	0	2.23397698	-1.61777002	-1.61110246	-1.61777002	-1.60215392	0.0027262832	0.0753334016	0	100	0	0	3
250	376	0	2.24294878	-1.61899385	-1.61132045	-1.61899385	-1.60215392	0.00262625868	0.0753334016	0	100	0	0	3
251	378	0	2.25192057	-1.61916474	-1.61154325	-1.61916474	-1.60215392	0.00283488315	0.0753334016	0	100	0	0	3
252	379	0	2.26089237	-1.61852556	-1.61177533	-1.61916474	-1.60215392	0.0030669695	0.0753334016	0	100	0	0	3
253	380	0	2.26986416	-1.61700968	-1.61200007	-1.61916474	-1.60215392	0.00329170951	0.0753334016	0	100	0	0	3
254	382	0	2.27883596	-1.61531945	-1.61221644	-1.61916474	-1.60215392	0.00350807993	0.0753334016	0	100	0	0	3
255	383	0	2.28780775	-1.61575666	-1.61245935	-1.61916474	-1.60317368	0.00375098596	0.0753334016	0	100	0	0	3
256	384	0	2.29677955	-1.61671889	-1.61270123	-1.61916474	-1.60328608	0.00399286477	0.0753334016	0	100	0	0	3
257	386	0	2.30575134	-1.61731605	-1.61295176	-1.61916474	-1.6045411	0.00424339984	0.0753334016	0	100	0	0	3
258	387	0	2.31472314	-1.61726825	-1.61317903	-1.61916474	-1.6053036	0.00447067032	0.0753334016	0	100	0	0	3
259	388	0	2.32369493	-1.61630587	-1.6133755	-1.61916474	-1.6056189	0.00466713938	0.0753334016	0	100	0	0	3
260	390	0	2.33266673	-1.61463308	-1.61353647	-1.61916474	-1.60673672	0.00482810693	0.0753334016	0	100	0	0	3
261	391	0	2.34163852	-1.61306746	-1.61364952	-1.61916474	-1.60807236	0.00494115589	0.0753334016	0	100	0	0	3
262	392	0	2.35061032	-1.61268488	-1.61373188	-1.61916474	-1.60861399	0.0050235224	0.0753334016	0	100	0	0	3
263	394	0	2.35958211	-1.61254084	-1.61380201	-1.61916474	-1.6088509	0.00509364473	0.0753334016	0	100	0	0	3
264	395	0	2.36855391	-1.61371887	-1.61387933	-1.61916474	-1.6088509	0.00517096867	0.0753334016	0	100	0	0	3
265	396	0	2.3775257	-1.61460483	-1.61395329	-1.61916474	-1.6088509	0.00524492396	0.0753334016	0	100	0	0	3
266	398	0	2.3864975	-1.61472497	-1.61400576	-1.61916474	-1.6088509	0.00529739733	0.0753334016	0	100	0	0	3
267	399	0	2.39546929	-1.61357499	-1.61401471	-1.61916474	-1.6088509	0.00530634376	0.0753334016	0	100	0	0	3
268	401	0	2.40444109	-1.61124646	-1.61397474	-1.61916474	-1.6088509	0.00530634376	0.0753334016	0	100	0	0	3
269	402	0	2.41341288	-1.60968483	-1.61389406	-1.61916474	-1.6088509	0.00530634376	0.0753334016	0	100	0	0	3
270	403	0	2.42238468	-1.60870254	-1.61377663	-1.61916474	-1.60870254	0.00530634376	0.0753334016	0	100	0	0	3
271	405	0	2.43135647	-1.60817149	-1.61364894	-1.61916474	-1.60817149	0.00530634376	0.0753334016	0	100	0	0	3
272	406	0	2.44032827	-1.60858743	-1.61354865	-1.61916474	-1.60817149	0.00530634376	0.0753334016	0	100	0	0	3
273	407	0	2.44930006	-1.60905635	-1.6134548	-1.61916474	-1.60817149	0.00530634376	0.0753334016	0	100	0	0	3
274	409	0	2.45827186	-1.60923053	-1.61337643	-1.61916474	-1.60817149	0.00530634376	0.0753334016	0	100	0	0	3
275	410	0	2.46724365	-1.60887484	-1.6133097	-1.61916474	-1.60817149	0.00530634376	0.0753334016	0	100	0	0	3
276	412	0	2.47621545	-1.60780415	-1.61323001	-1.61916474	-1.60780415	0.00530634376	0.0753334016	0	100	0	0	3
277	413	0	2.48518724	-1.60628961	-1.6131252	-1.61916474	-1.60628961	0.00530634376	0.0753334016	0	100	0	0	3
278	415	0	2.49415904	-1.60498536	-1.61300805	-1.61916474	-1.60498536	0.00530634376	0.0753334016	0	100	0	0	3
279	416	0	2.50313083	-1.60511261	-1.61290167	-1.61916474	-1.60498536	0.00530634376	0.0753334016	0	100	0	0	3
280	417	0	2.51210263	-1.60496665	-1.61282476	-1.61916474	-1.60496665	0.00530634376	0.0753334016	0	100	0	0	3
281	419	0	2.52107442	-1.60450079	-1.61274111	-1.61916474	-1.60450079	0.00530634376	0.0753334016	0	100	0	0	3
282	420	0	2.53004622	-1.60488279	-1.61267025	-1.61916474	-1.60450079	0.00530634376	0.0753334016	0	100	0	0	3
283	422	0	2.53901801	-1.60465364	-1.61258337	-1.61916474	-1.60450079	0.00530634376	0.0753334016	0	100	0	0	3
284	423	0	2.54798981	-1.60316177	-1.61246113	-1.61916474	-1.60316177	0.00526112235	0.0753334016	0	100	0	0	3
285	424	0	2.55696161	-1.60099405	-1.61228966	-1.61916474	-1.60099405	0.00518591884	0.0753334016	0	100	0	0	3
286	426	0	2.5659334	-1.59951493	-1.61208428	-1.61916474	-1.59951493	0.00516991931	0.0753334016	0	100	0	0	3
287	427	0	2.5749052	-1.59902025	-1.6118534	-1.61916474	-1.59902025	0.00516991931	0.0753334016	0	100	0	0	3
288	429	0	2.58387699	-1.59883033	-1.61163247	-1.61916474	-1.59883033	0.00516991931	0.0753334016	0	100	0	0	3
289	430	0	2.59284879	-1.6005516	-1.61143197	-1.61916474	-1.59883033	0.00516991931	0.0753334016	0	100	0	0	3
290	432	0	2.60182058	-1.60192037	-1.61123957	-1.61916474	-1.59883033	0.00514768295	0.0753334016	0	100	0	0	3
291	433	0	2.61079238	-1.60242524	-1.61105038	-1.61916474	-1.59883033	0.00506734069	0.0753334016	0	100	0	0	3
292	435	0	2.61976417	-1.60220226	-1.61084239	-1.61916474	-1.59883033	0.00493516578	0.0753334016	0	100	0	0	3
293	436	0	2.62873597	-1.60087687	-1.61061388	-1.61916474	-1.59883033	0.00476911515	0.0753334016	0	100	0	0	3
294	437	0	2.63770776	-1.60018747	-1.61037716	-1.61916474	-1.59883033	0.00461073869	0.0753334016	0	100	0	0	3
295	439	0	2.64667956	-1.59957892	-1.61012803	-1.61916474	-1.59883033	0.00448546365	0.0753334016	0	100	0	0	3
296	440	0	2.65565135	-1.59947541	-1.609877	-1.61916474	-1.59883033	0.00439365958	0.0753334016	0	100	0	0	3
297	442	0	2.66462315	-1.59912075	-1.60961655	-1.61916474	-1.59883033	0.00439815853	0.0753334016	0	100	0	0	3
298	443	0	2.67359494	-1.59953523	-1.60934412	-1.61916474	-1.59883033	0.0046705905	0.0753334016	0	100	0	0	3
299	445	0	2.68256674	-1.59972473	-1.60905031	-1.61916474	-1.59883033	0.00496439211	0.0753334016	0	100	0	0	3
300	446	0	2.69153853	-1.5995251	-1.60874607	-1.61916474	-1.59883033	0.0052686407	0.0753334016	0	100	0	0	3
301	451	0	2.70051033	-1.59939903	-1.60843083	-1.61916474	-1.59883033	0.00558387833	0.0753334016	0	100	0	0	3
302	452	0	2.70948212	-1.59923002	-1.60812695	-1.61916474	-1.59883033	0.0058877564	0.0753334016	0	100	0	0	3
303	454	0	2.71845392	-1.59878202	-1.60780799	-1.61916474	-1.59878202	0.0062067203	0.0753334016	0	100	0	0	3
304	455	0	2.72742571	-1.59927679	-1.60749611	-1.61916474	-1.59878202	0.00651859568	0.0753334016	0	100	0	0	3
305	457	0	2.73639751	-1.60046881	-1.60718716	-1.61916474	-1.59878202	0.00682754584	0.0753334016	0	100	0	0	3
306	458	0	2.7453693	-1.60210498	-1.60688557	-1.61916474	-1.59878202	0.00712913288	0.0753334016	0	100	0	0	3
307	460	0	2.7543411	-1.60421278	-1.60661857	-1.61852556	-1.59878202	0.00739613232	0.0753334016	0	100	0	0	3
308	461	0	2.76331289	-1.60608033	-1.60639634	-1.61731605	-1.59878202	0.00761836857	0.0753334016	0	100	0	0	3
309	462	0	2.77228469	-1.6086016	-1.60624619	-1.61731605	-1.59878202	0.0077685128	0.0753334016	0	100	0	0	3
310	464	0	2.78125648	-1.61086259	-1.60616661	-1.61731605	-1.59878202	0.00784809946	0.0753334016	0	100	0	0	3
311	465	0	2.79022828	-1.61310763	-1.6061193	-1.61731605	-1.59878202	0.00789540345	0.0753334016	0	100	0	0	3
312	467	0	2.79920007	-1.61542687	-1.60609623	-1.61731605	-1.59878202	0.00791847524	0.0753334016	0	100	0	0	3
313	468	0	2.80817187	-1.61719764	-1.60609412	-1.61726825	-1.59878202	0.0079205896	0.0753334016	0	100	0	0	3
314	469	0	2.81714366	-1.61851126	-1.60611631	-1.61851126	-1.59878202	0.0079205896	0.0753334016	0	100	0	0	3
315	471	0	2.82611546	-1.62013851	-1.60618475	-1.62013851	-1.59878202	0.0079205896	0.0753334016	0	100	0	0	3
316	472	0	2.83508725	-1.62120722	-1.60630215	-1.62120722	-1.59878202	0.0079205896	0.0753334016	0	100	0	0	3
317	473	0	2.84405905	-1.62274357	-1.60647494	-1.62274357	-1.59878202	0.0079205896	0.0753334016	0	100	0	0	3
318	475	0	2.85303084	-1.62495262	-1.606694	-1.62495262	-1.59878202	0.0079205896	0.0753334016	0	100	0	0	3
319	476	0	2.86200264	-1.62669514	-1.60694676	-1.62669514	-1.59878202	0.0079205896	0.0753334016	0	100	0	0	3
320	478	0	2.87097443	-1.62761305	-1.60719487	-1.62761305	-1.59878202	0.0079205896	0.0753334016	0	100	0	0	3
321	479	0	2.87994623	-1.62820475	-1.60743772	-1.62820475	-1.59878202	0.0079205896	0.0753334016	0	100	0	0	3
322	480	0	2.88891802	-1.62891492	-1.60769112	-1.62891492	-1.59878202	0.0079205896	0.0753334016	0	100	0	0	3
323	482	0	2.89788982	-1.62910961	-1.60796852	-1.62910961	-1.59878202	0.00788062763	0.0753334016	0	100	0	0	3
324	483	0	2.90686161	-1.62892525	-1.60828421	-1.62910961	-1.59878202	0.00779994014	0.0753334016	0	100	0	0	3
325	485	0	2.91583341	-1.62831641	-1.60861692	-1.62910961	-1.59878202	0.00768251275	0.0753334016	0	100	0	0	3
326	486	0	2.9248052	-1.62731011	-1.6089492	-1.62910961	-1.59878202	0.00755482706	0.0753334016	0	100	0	0	3
327	487	0	2.933777	-1.62607741	-1.60926895	-1.62910961	-1.59878202	0.00745453031	0.0753334016	0	100	0	0	3
328	489	0	2.94274879	-1.6241423	-1.60954671	-1.62910961	-1.59878202	0.00736068041	0.0753334016	0	100	0	0	3
329	490	0	2.95172059	-1.62332376	-1.60980149	-1.62910961	-1.59878202	0.00728231051	0.0753334016	0	100	0	0	3
330	492	0	2.96069238	-1.62222881	-1.6100336	-1.62910961	-1.59878202	0.00721558553	0.0753334016	0	100	0	0	3
331	493	0	2.96966418	-1.62159066	-1.61026067	-1.62910961	-1.59878202	0.0071358888	0.0753334016	0	100	0	0	3
332	494	0	2.97863598	-1.62196084	-1.61051347	-1.62910961	-1.59878202	0.00703108779	0.0753334016	0	100	0	0	3
333	496	0	2.98760777	-1.62190028	-1.61079223	-1.62910961	-1.59878202	0.00691393762	0.0753334016	0	100	0	0	3
334	497	0	2.99657957	-1.62034134	-1.61106644	-1.62910961	-1.59878202	0.00680755587	0.0753334016	0	100	0	0	3
335	498	0	3.00555136	-1.62023056	-1.61133641	-1.62910961	-1.59878202	0.0067306416	0.0753334016	0	100	0	0	3
336	500	0	3.01452316	-1.61945044	-1.61159504	-1.62910961	-1.59878202	0.00664699612	0.0753334016	0	100	0	0	3
337	501	0	3.02349495	-1.62036141	-1.61187827	-1.62910961	-1.59878202	0.00657613708	0.0753334016	0	100	0	0	3
338	503	0	3.03246675	-1.62086488	-1.61216366	-1.62910961	-1.59878202	0.00648925722	0.0753334016	0	100	0	0	3
339	504	0	3.04143854	-1.6220237	-1.61247384	-1.62910961	-1.59878202	0.006379727	0.0753334016	0	100	0	0	3
340	505	0	3.05041034	-1.62325698	-1.61283269	-1.62910961	-1.59878202	0.0067385699	0.0753334016	0	100	0	0	3
341	507	0	3.05938213	-1.62333696	-1.61323167	-1.62910961	-1.59878202	0.00713755037	0.0753334016	0	100	0	0	3
342	508	0	3.06835393	-1.62165567	-1.61362704	-1.62910961	-1.59878202	0.0075329207	0.0753334016	0	100	0	0	3
343	509	0	3.07732572	-1.6205414	-1.61401134	-1.62910961	-1.59878202	0.00791722695	0.0753334016	0	100	0	0	3
344	511	0	3.08629752	-1.61835043	-1.61435992	-1.62910961	-1.59878202	0.00826580012	0.0753334016	0	100	0	0	3
345	512	0	3.09526931	-1.61651174	-1.61464492	-1.62910961	-1.59878202	0.00855080255	0.0753334016	0	100	0	0	3
346	513	0	3.10424111	-1.61428494	-1.61486572	-1.62910961	-1.59878202	0.00877159848	0.0753334016	0	100	0	0	3
347	515	0	3.1132129	-1.61348515	-1.61506321	-1.62910961	-1.59878202	0.00896909689	0.0753334016	0	100	0	0	3
348	516	0	3.1221847	-1.61235597	-1.61524453	-1.62910961	-1.59878202	0.00915041311	0.0753334016	0	100	0	0	3
349	517	0	3.13115649	-1.61289244	-1.61545909	-1.62910961	-1.59878202	0.00936497682	0.0753334016	0	100	0	0	3
350	519	0	3.14012829	-1.61159213	-1.61566275	-1.62910961	-1.59878202	0.00956863144	0.0753334016	0	100	0	0	3
351	520	0	3.14910008	-1.61118153	-1.61586994	-1.62910961	-1.59878202	0.00977582087	0.0753334016	0	100	0	0	3
352	521	0	3.15807188	-1.60990412	-1.61605616	-1.62910961	-1.59878202	0.00996204776	0.0753334016	0	100	0	0	3
353	523	0	3.16704367	-1.6091394	-1.61623507	-1.62910961	-1.59878202	0.0101409521	0.0753334016	0	100	0	0	3
354	524	0	3.17601547	-1.60793799	-1.61638512	-1.62910961	-1.59878202	0.0102910013	0.0753334016	0	100	0	0	3
355	525	0	3.18498726	-1.60704545	-1.61651585	-1.62910961	-1.59878202	0.0104217283	0.0753334016	0	100	0	0	3
356	527	0	3.19395906	-1.60634537	-1.61663764	-1.62910961	-1.59878202	0.0105435188	0.0753334016	0	100	0	0	3
357	528	0	3.20293085	-1.60547978	-1.61674622	-1.62910961	-1.59878202	0.0106521036	0.0753334016	0	100	0	0	3
358	529	0	3.21190265	-1.60538423	-1.61685612	-1.62910961	-1.59878202	0.0107620002	0.0753334016	0	100	0	0	3
359	531	0	3.22087444	-1.60495446	-1.61696634	-1.62910961	-1.59927679	0.0108722223	0.0753334016	0	100	0	0	3
360	532	0	3.22984624	-1.60404077	-1.61705141	-1.62910961	-1.60046881	0.0109572934	0.0753334016	0	100	0	0	3
361	533	0	3.23881803	-1.60329517	-1.61710188	-1.62910961	-1.60210498	0.0110077642	0.0753334016	0	100	0	0	3
362	535	0	3.24778983	-1.60251984	-1.61710929	-1.62910961	-1.60251984	0.0110151725	0.0753334016	0	100	0	0	3
363	536	0	3.25676162	-1.60246423	-1.61707807	-1.62910961	-1.60246423	0.0110151725	0.0753334016	0	100	0	0	3
364	537	0	3.26573342	-1.60303976	-1.61702377	-1.62910961	-1.60246423	0.0110151725	0.0753334016	0	100	0	0	3
365	538	0	3.27470521	-1.60480674	-1.616956	-1.62910961	-1.60246423	0.0110151725	0.0753334016	0	100	0	0	3
366	540	0	3.28367701	-1.60557087	-1.61686151	-1.62910961	-1.60246423	0.0110151725	0.0753334016	0	100	0	0	3
367	541	0	3.2926488	-1.60626953	-1.6167394	-1.62910961	-1.60246423	0.0110151725	0.0753334016	0	100	0	0	3
368	542	0	3.3016206	-1.60575288	-1.61656665	-1.62910961	-1.60246423	0.0110151725	0.0753334016	0	100	0	0	3
369	544	0	3.31059239	-1.60576252	-1.61636245	-1.62910961	-1.60246423	0.0109929759	0.0753334016	0	100	0	0	3
370	545	0	3.31956419	-1.60506577	-1.61612235	-1.62910961	-1.60246423	0.0109245357	0.0753334016	0	100	0	0	3
371	546	0	3.32853598	-1.60447698	-1.61584268	-1.62910961	-1.60246423	0.0108071405	0.0753334016	0	100	0	0	3
372	547	0	3.33750778	-1.60462673	-1.6155466	-1.62910961	-1.60246423	0.0106343528	0.0753334016	0	100	0	0	3
373	549	0	3.34647957	-1.60475676	-1.61522541	-1.62910961	-1.60246423	0.0104152859	0.0753334016	0	100	0	0	3
374	550	0	3.35545137	-1.60506578	-1.61487029	-1.62910961	-1.60246423	0.0101625305	0.0753334016	0	100	0	0	3
375	551	0	3.36442316	-1.60541793	-1.61449034	-1.62910961	-1.60246423	0.00991442008	0.0753334016	0	100	0	0	3
376	553	0	3.37339496	-1.6051885	-1.6140899	-1.62910961	-1.60246423	0.00967156442	0.0753334016	0	100	0	0	3
377	554	0	3.38236675	-1.6046985	-1.61367014	-1.62910961	-1.60246423	0.00941817241	0.0753334016	0	100	0	0	3
378	555	0	3.39133855	-1.60333256	-1.61321332	-1.62910961	-1.60246423	0.00914076838	0.0753334016	0	100	0	0	3
379	557	0	3.40031035	-1.60224947	-1.61273367	-1.62892525	-1.60224947	0.00882507559	0.0753334016	0	100	0	0	3
380	558	0	3.40928214	-1.60261053	-1.61226377	-1.62831641	-1.60224947	0.00849236884	0.0753334016	0	100	0	0	3
381	559	0	3.41825394	-1.60253982	-1.61180347	-1.62731011	-1.60224947	0.00816009082	0.0753334016	0	100	0	0	3
382	560	0	3.42722573	-1.6016312	-1.61134492	-1.62607741	-1.6016312	0.00784034221	0.0753334016	0	100	0	0	3
383	562	0	3.43619753	-1.60124533	-1.61090149	-1.6241423	-1.60124533	0.00756257681	0.0753334016	0	100	0	0	3
384	563	0	3.44516932	-1.60079069	-1.61048449	-1.62333696	-1.60079069	0.00730780165	0.0753334016	0	100	0	0	3
385	564	0	3.45414112	-1.60031848	-1.61007369	-1.62333696	-1.60031848	0.00707568953	0.0753334016	0	100	0	0	3
386	566	0	3.46311291	-1.6009891	-1.60969441	-1.62333696	-1.60031848	0.00741488387	0.0753334016	0	100	0	0	3
387	567	0	3.47208471	-1.60187595	-1.60934236	-1.62333696	-1.60031848	0.00776693222	0.0753334016	0	100	0	0	3
388	568	0	3.4810565	-1.60235128	-1.60899219	-1.62333696	-1.60031848	0.0081171029	0.0753334016	0	100	0	0	3
389	569	0	3.4900283	-1.60318355	-1.60865796	-1.62333696	-1.60031848	0.00845133028	0.0753334016	0	100	0	0	3
390	570	0	3.49900009	-1.60381375	-1.60836282	-1.62333696	-1.60031848	0.00874646585	0.0753334016	0	100	0	0	3
391	572	0	3.50797189	-1.60405085	-1.6080739	-1.62333696	-1.60031848	0.0090353893	0.0753334016	0	100	0	0	3
392	573	0	3.51694368	-1.60582609	-1.60783061	-1.62333696	-1.60031848	0.00927868121	0.0753334016	0	100	0	0	3
393	574	0	3.52591548	-1.60650171	-1.60758311	-1.62333696	-1.60031848	0.00952617595	0.0753334016	0	100	0	0	3
394	575	0	3.53488727	-1.60821579	-1.60735724	-1.62333696	-1.60031848	0.00975205264	0.0753334016	0	100	0	0	3
395	577	0	3.54385907	-1.60931198	-1.60713024	-1.62333696	-1.60031848	0.0099790476	0.0753334016	0	100	0	0	3
396	578	0	3.55283086	-1.61087538	-1.60690914	-1.62333696	-1.60031848	0.0102001476	0.0753334016	0	100	0	0	3
397	579	0	3.56180266	-1.61245074	-1.60671474	-1.62165567	-1.60031848	0.0103945445	0.0753334016	0	100	0	0	3
398	581	0	3.57077445	-1.61387074	-1.60657573	-1.6205414	-1.60031848	0.010533561	0.0753334016	0	100	0	0	3
399	582	0	3.57974625	-1.61537893	-1.60648354	-1.61835043	-1.60031848	0.0106257481	0.0753334016	0	100	0	0	3
400	583	0	3.58871804	-1.61741291	-1.6064668	-1.61741291	-1.60031848	0.0106424896	0.0753334016	0	100	0	0	3
401	588	0	3.59768984	-1.61990051	-1.60652731	-1.61990051	-1.60031848	0.0106424896	0.0753334016	0	100	0	0	3
402	589	0	3.60666163	-1.6226131	-1.60667603	-1.6226131	-1.60031848	0.0106424896	0.0753334016	0	100	0	0	3
403	590	0	3.61563343	-1.62505913	-1.60688271	-1.62505913	-1.60031848	0.0106424896	0.0753334016	0	100	0	0	3
404	591	0	3.62460522	-1.62769009	-1.60715653	-1.62769009	-1.60031848	0.0106424896	0.0753334016	0	100	0	0	3
405	592	0	3.63357702	-1.63007731	-1.60746341	-1.63007731	-1.60031848	0.0106424896	0.0753334016	0	100	0	0	3
406	594	0	3.64254881	-1.63153667	-1.60781956	-1.63153667	-1.60031848	0.0106424896	0.0753334016	0	100	0	0	3
407	595	0	3.65152061	-1.63293984	-1.6082081	-1.63293984	-1.60031848	0.0106424896	0.0753334016	0	100	0	0	3
408	596	0	3.6604924	-1.63300556	-1.60862062	-1.63300556	-1.60031848	0.0106424896	0.0753334016	0	100	0	0	3
409	597	0	3.6694642	-1.63257256	-1.60903907	-1.63300556	-1.60031848	0.0106424896	0.0753334016	0	100	0	0	3
410	599	0	3.67843599	-1.63136258	-1.60945737	-1.63300556	-1.60031848	0.0106424896	0.0753334016	0	100	0	0	3
411	600	0	3.68740779	-1.63083673	-1.60988221	-1.63300556	-1.60031848	0.0106424896	0.0753334016	0	100	0	0	3
412	601	0	3.69637958	-1.63001387	-1.61030487	-1.63300556	-1.60031848	0.0106424896	0.0753334016	0	100	0	0	3
413	603	0	3.70535138	-1.62985112	-1.61074007	-1.63300556	-1.60031848	0.0106424896	0.0753334016	0	100	0	0	3
414	604	0	3.71432317	-1.62899275	-1.61116165	-1.63300556	-1.60031848	0.0106424896	0.0753334016	0	100	0	0	3
415	605	0	3.72329497	-1.62889883	-1.61158923	-1.63300556	-1.60031848	0.0106424896	0.0753334016	0	100	0	0	3
416	606	0	3.73226676	-1.62816273	-1.61201998	-1.63300556	-1.60031848	0.0106424896	0.0753334016	0	100	0	0	3
417	608	0	3.74123856	-1.62790459	-1.61245943	-1.63300556	-1.60031848	0.0106424896	0.0753334016	0	100	0	0	3
418	609	0	3.75021035	-1.62703641	-1.61289723	-1.63300556	-1.60031848	0.0106112656	0.0753334016	0	100	0	0	3
419	610	0	3.75918215	-1.62593561	-1.61331636	-1.63300556	-1.60031848	0.0105569696	0.0753334016	0	100	0	0	3
420	611	0	3.76815394	-1.62402546	-1.6136911	-1.63300556	-1.60031848	0.0104892043	0.0753334016	0	100	0	0	3
421	613	0	3.77712574	-1.622831	-1.61401296	-1.63300556	-1.60031848	0.0103947092	0.0753334016	0	100	0	0	3
422	614	0	3.78609753	-1.62047113	-1.61427904	-1.63300556	-1.60031848	0.0102726001	0.0753334016	0	100	0	0	3
423	615	0	3.79506933	-1.61830623	-1.61449398	-1.63300556	-1.60031848	0.0100998504	0.0753334016	0	100	0	0	3
424	617	0	3.80404112	-1.61712689	-1.61469709	-1.63300556	-1.60031848	0.00989565184	0.0753334016	0	100	0	0	3
425	618	0	3.81301292	-1.61649228	-1.61488869	-1.63300556	-1.60031848	0.00965555375	0.0753334016	0	100	0	0	3
426	619	0	3.82198471	-1.61653297	-1.61509346	-1.63300556	-1.60031848	0.00937588359	0.0753334016	0	100	0	0	3
427	620	0	3.83095651	-1.61694619	-1.61531613	-1.63300556	-1.60031848	0.00907980338	0.0753334016	0	100	0	0	3
428	622	0	3.83992831	-1.61662475	-1.61553038	-1.63300556	-1.60031848	0.00906357846	0.0753334016	0	100	0	0	3
429	623	0	3.8489001	-1.61545428	-1.61572141	-1.63300556	-1.60031848	0.00925460557	0.0753334016	0	100	0	0	3
430	624	0	3.8578719	-1.61298146	-1.61586276	-1.63300556	-1.60031848	0.00939595704	0.0753334016	0	100	0	0	3
431	625	0	3.86684369	-1.61116116	-1.61596531	-1.63300556	-1.60031848	0.00949851457	0.0753334016	0	100	0	0	3
432	627	0	3.87581549	-1.60999648	-1.61605117	-1.63300556	-1.60031848	0.00958437132	0.0753334016	0	100	0	0	3
433	628	0	3.88478728	-1.60950558	-1.61613701	-1.63300556	-1.60031848	0.00967021209	0.0753334016	0	100	0	0	3
434	629	0	3.89375908	-1.60893017	-1.61623697	-1.63300556	-1.60031848	0.00977016932	0.0753334016	0	100	0	0	3
435	630	0	3.90273087	-1.60890729	-1.61635586	-1.63300556	-1.60031848	0.00988905906	0.0753334016	0	100	0	0	3
436	632	0	3.91170267	-1.60842018	-1.6164596	-1.63300556	-1.60031848	0.00999280279	0.0753334016	0	100	0	0	3
437	633	0	3.92067446	-1.60704088	-1.61653998	-1.63300556	-1.60031848	0.0100731788	0.0753334016	0	100	0	0	3
438	634	0	3.92964626	-1.60553159	-1.61660963	-1.63300556	-1.60031848	0.0101428286	0.0753334016	0	100	0	0	3
439	635	0	3.93861805	-1.60429533	-1.61666409	-1.63300556	-1.60031848	0.010197293	0.0753334016	0	100	0	0	3
440	637	0	3.94758985	-1.60346103	-1.61671178	-1.63300556	-1.60031848	0.0102449776	0.0753334016	0	100	0	0	3
441	638	0	3.95656164	-1.60332768	-1.61676551	-1.63300556	-1.6009891	0.0102987134	0.0753334016	0	100	0	0	3
442	639	0	3.96553344	-1.60409245	-1.61682093	-1.63300556	-1.60187595	0.0103541303	0.0753334016	0	100	0	0	3
443	640	0	3.97450523	-1.60501235	-1.61687694	-1.63300556	-1.60235128	0.0104101375	0.0753334016	0	100	0	0	3
444	642	0	3.98347703	-1.60579153	-1.61693837	-1.63300556	-1.60318355	0.0104715706	0.0753334016	0	100	0	0	3
445	643	0	3.99244882	-1.60578482	-1.61698482	-1.63300556	-1.60332768	0.0105180218	0.0753334016	0	100	0	0	3
446	644	0	4.00142062	-1.60601844	-1.61702419	-1.63300556	-1.60332768	0.0105573912	0.0753334016	0	100	0	0	3
