Iteration	CPUTime	PhysTime	Travels	Value	AvValue	MinValue	MaxValue	Delta	Criteria	PrevAvRefValue	Progress	CriteriaType	CriteriaVarType	CriteriaPercentage
1	7	0	0.00897179511	33.8276675	33.8276675	33.8276675	33.8276675	0	0	0	0	0	0	3
2	8	0	0.0179435902	6.09535252	19.96151	6.09535252	33.8276675	13.8661575	0	0	0	0	0	3
3	9	0	0.0269153853	4.01649188	14.646504	4.01649188	33.8276675	19.1811635	0	0	0	0	0	3
4	10	0	0.0358871804	1.62308709	11.3906497	1.62308709	33.8276675	22.4370178	0	0	0	0	0	3
5	12	0	0.0448589755	3.40350826	9.79322145	1.62308709	33.8276675	24.0344461	0	0	0	0	0	3
6	13	0	0.0538307706	1.61157086	8.42961302	1.61157086	33.8276675	25.3980545	0	0	0	0	0	3
7	14	0	0.0628025657	2.83089975	7.62979684	1.61157086	33.8276675	26.1978707	0	0	0	0	0	3
8	15	0	0.0717743608	1.50247562	6.86388168	1.50247562	33.8276675	26.9637858	0	0	0	0	0	3
9	16	0	0.080746156	2.58731947	6.3887081	1.50247562	33.8276675	27.4389594	0	0	0	0	0	3
10	17	0	0.0897179511	1.51156049	5.90099334	1.50247562	33.8276675	27.9266742	0	0	0	0	0	3
11	19	0	0.0986897462	2.30201894	5.57381385	1.50247562	33.8276675	28.2538537	0	0	0	0	0	3
12	20	0	0.107661541	1.72898855	5.25341174	1.50247562	33.8276675	28.5742558	0	0	0	0	0	3
13	21	0	0.116633336	2.23063985	5.02089083	1.50247562	33.8276675	28.8067767	0	0	0	0	0	3
14	22	0	0.125605131	1.83568686	4.79337626	1.50247562	33.8276675	29.0342912	0	0	0	0	0	3
15	23	0	0.134576927	2.1461352	4.61689352	1.50247562	33.8276675	29.210774	0	0	0	0	0	3
16	24	0	0.143548722	1.93025341	4.44897852	1.50247562	33.8276675	29.378689	0	0	0	0	0	3
17	26	0	0.152520517	2.02022448	4.30611063	1.50247562	33.8276675	29.5215569	0	0	0	0	0	3
18	27	0	0.161492312	1.914242	4.17322904	1.50247562	33.8276675	29.6544385	0	0	0	0	0	3
19	28	0	0.170464107	1.92849692	4.05508524	1.50247562	33.8276675	29.7725823	0	0	0	0	0	3
20	29	0	0.179435902	1.8752232	3.94609214	1.50247562	33.8276675	29.8815754	0	0	0	0	0	3
21	30	0	0.188407697	1.86126919	3.84681486	1.50247562	33.8276675	29.9808526	0	0	0	0	0	3
22	32	0	0.197379492	1.83879269	3.75554112	1.50247562	33.8276675	30.0721264	0	0	0	0	0	3
23	33	0	0.206351287	1.82148718	3.67145182	1.50247562	33.8276675	30.1562157	0	0	0	0	0	3
24	34	0	0.215323083	1.80626843	3.59373585	1.50247562	33.8276675	30.2339317	0	0	0	0	0	3
25	36	0	0.224294878	1.79556211	3.5218089	1.50247562	33.8276675	30.3058586	0	0	0	0	0	3
26	37	0	0.233266673	1.78460845	3.4549935	1.50247562	33.8276675	30.372674	0	0	0	0	0	3
27	38	0	0.242238468	1.77361612	3.39272026	1.50247562	33.8276675	30.4349472	0	0	0	0	0	3
28	40	0	0.251210263	1.76576744	3.3346148	1.50247562	33.8276675	30.4930527	0	0	0	0	0	3
29	41	0	0.260182058	1.75485964	3.28014049	1.50247562	33.8276675	30.547527	0	0	0	0	0	3
30	42	0	0.269153853	1.74599468	3.22900229	1.50247562	33.8276675	30.5986652	0	0	0	0	0	3
31	44	0	0.278125648	1.73867594	3.18092725	1.50247562	33.8276675	30.6467403	0	0	0	0	0	3
32	46	0	0.287097443	1.7318871	3.13564474	1.50247562	33.8276675	30.6920228	0	0	0	0	0	3
33	47	0	0.296069238	1.72545388	3.09291169	1.50247562	33.8276675	30.7347558	0	0	0	0	0	3
34	49	0	0.305041034	1.72104204	3.05256258	1.50247562	33.8276675	30.7751049	0	0	0	0	0	3
35	51	0	0.314012829	1.7144172	3.01432986	1.50247562	33.8276675	30.8133376	0	0	0	0	0	3
36	52	0	0.322984624	1.70966769	2.97808924	1.50247562	33.8276675	30.8495783	0	0	0	0	0	3
37	54	0	0.331956419	1.70256885	2.94361572	1.50247562	33.8276675	30.8840518	0	0	0	0	0	3
38	56	0	0.340928214	1.69665889	2.91080106	1.50247562	33.8276675	30.9168664	0	0	0	0	0	3
39	57	0	0.349900009	1.69147777	2.87953636	1.50247562	33.8276675	30.9481311	0	0	0	0	0	3
40	59	0	0.358871804	1.68690855	2.84972067	1.50247562	33.8276675	30.9779468	0	0	0	0	0	3
41	62	0	0.367843599	1.68319245	2.82126876	1.50247562	33.8276675	31.0063987	0	0	0	0	0	3
42	63	0	0.376815394	1.67889489	2.79406938	1.50247562	33.8276675	31.0335981	0	0	0	0	0	3
43	64	0	0.38578719	1.6746927	2.76803737	1.50247562	33.8276675	31.0596301	0	0	0	0	0	3
44	66	0	0.394758985	1.67139863	2.74311376	1.50247562	33.8276675	31.0845537	0	0	0	0	0	3
45	67	0	0.40373078	1.66800756	2.71922251	1.50247562	33.8276675	31.108445	0	0	0	0	0	3
46	69	0	0.412702575	1.66466134	2.69629727	1.50247562	33.8276675	31.1313702	0	0	0	0	0	3
47	71	0	0.42167437	1.66099229	2.6742695	1.50247562	33.8276675	31.153398	0	0	0	0	0	3
48	72	0	0.430646165	1.65789548	2.65309504	1.50247562	33.8276675	31.1745725	0	0	0	0	0	3
49	74	0	0.43961796	1.65431704	2.63271182	1.50247562	33.8276675	31.1949557	0	0	0	0	0	3
50	75	0	0.448589755	1.65118758	2.61308133	1.50247562	33.8276675	31.2145862	0	0	0	0	0	3
51	77	0	0.45756155	1.64827035	2.59416347	1.50247562	33.8276675	31.233504	0	0	0	0	0	3
52	78	0	0.466533345	1.64618857	2.57593318	1.50247562	33.8276675	31.2517343	0	0	0	0	0	3
53	80	0	0.475505141	1.64440975	2.55835727	1.50247562	33.8276675	31.2693102	0	0	0	0	0	3
54	81	0	0.484476936	1.64276869	2.54140193	1.50247562	33.8276675	31.2862656	0	0	0	0	0	3
55	83	0	0.493448731	1.64081704	2.52502766	1.50247562	33.8276675	31.3026398	0	0	0	0	0	3
56	84	0	0.502420526	1.63942246	2.50921328	1.50247562	33.8276675	31.3184542	0	0	0	0	0	3
57	86	0	0.511392321	1.63749297	1.93438873	1.50247562	6.09535252	4.5928769	0	0	0	0	0	3
58	87	0	0.520364116	1.63649783	1.85476633	1.50247562	4.01649188	2.51401626	0	0	0	0	0	3
59	89	0	0.529335911	1.63487416	1.81223744	1.50247562	3.40350826	1.90103264	0	0	0	0	0	3
60	90	0	0.538307706	1.63352687	1.81242386	1.50247562	3.40350826	1.90103264	0	0	0	0	0	3
61	92	0	0.547279501	1.63257658	1.78080008	1.50247562	2.83089975	1.32842413	0	0	0	0	0	3
62	93	0	0.556251297	1.63160782	1.78115789	1.50247562	2.83089975	1.32842413	0	0	0	0	0	3
63	95	0	0.565223092	1.63037541	1.75971995	1.50247562	2.58731947	1.08484385	0	0	0	0	0	3
64	96	0	0.574194887	1.62866244	1.76197329	1.51156049	2.58731947	1.07575898	0	0	0	0	0	3
65	98	0	0.583166682	1.62775835	1.74483827	1.51156049	2.30201894	0.790458447	0	0	0	0	0	3
66	100	0	0.592138477	1.62739798	1.74690679	1.62739798	2.30201894	0.674620961	0	0	0	0	0	3
67	101	0	0.601110272	1.62595591	1.73483424	1.62595591	2.23063985	0.604683941	0	0	0	0	0	3
68	103	0	0.610082067	1.62612556	1.7329974	1.62595591	2.23063985	0.604683941	0	0	0	0	0	3
69	104	0	0.619053862	1.62543511	1.72219017	1.62543511	2.1461352	0.520700086	0	0	0	0	0	3
70	106	0	0.628025657	1.62497944	1.71842754	1.62497944	2.1461352	0.521155759	0	0	0	0	0	3
71	108	0	0.636997452	1.62406001	1.70910477	1.62406001	2.02022448	0.396164462	0	0	0	0	0	3
72	109	0	0.645969248	1.6234222	1.70362564	1.6234222	2.02022448	0.396802273	0	0	0	0	0	3
73	111	0	0.654941043	1.62262717	1.69652569	1.62262717	1.92849692	0.305869743	0	0	0	0	0	3
74	112	0	0.663912838	1.62184232	1.69130427	1.62184232	1.92849692	0.306654597	0	0	0	0	0	3
75	114	0	0.672884633	1.6213935	1.68582028	1.6213935	1.8752232	0.253829704	0	0	0	0	0	3
76	116	0	0.681856428	1.6204774	1.68127125	1.6204774	1.86126919	0.240791788	0	0	0	0	0	3
77	117	0	0.690828223	1.62000913	1.67696303	1.62000913	1.83879269	0.21878356	0	0	0	0	0	3
78	119	0	0.699800018	1.6189387	1.67303707	1.6189387	1.82148718	0.20254848	0	0	0	0	0	3
79	121	0	0.708771813	1.61805986	1.66940444	1.61805986	1.80626843	0.188208572	0	0	0	0	0	3
80	122	0	0.717743608	1.61700031	1.66602465	1.61700031	1.79556211	0.178561804	0	0	0	0	0	3
81	124	0	0.726715404	1.61759925	1.66284674	1.61700031	1.78460845	0.167608141	0	0	0	0	0	3
82	126	0	0.735687199	1.61701928	1.65985408	1.61700031	1.77361612	0.156615813	0	0	0	0	0	3
83	127	0	0.744658994	1.61622159	1.65704346	1.61622159	1.76576744	0.149545842	0	0	0	0	0	3
84	129	0	0.753630789	1.61406048	1.65433441	1.61406048	1.75485964	0.140799156	0	0	0	0	0	3
85	131	0	0.762602584	1.61322179	1.65180516	1.61322179	1.74599468	0.132772888	0	0	0	0	0	3
86	132	0	0.771574379	1.61304081	1.64943098	1.61304081	1.73867594	0.12563514	0	0	0	0	0	3
87	134	0	0.780546174	1.61375319	1.64720022	1.61304081	1.7318871	0.118846292	0	0	0	0	0	3
88	136	0	0.789517969	1.61418768	1.64509844	1.61304081	1.72545388	0.112413075	0	0	0	0	0	3
89	137	0	0.798489764	1.61552334	1.6431354	1.61304081	1.72104204	0.108001236	0	0	0	0	0	3
90	139	0	0.80746156	1.61634373	1.64126579	1.61304081	1.7144172	0.101376396	0	0	0	0	0	3
91	141	0	0.816433355	1.61707603	1.63952755	1.61304081	1.70966769	0.096626887	0	0	0	0	0	3
92	142	0	0.82540515	1.61614657	1.63785753	1.61304081	1.70256885	0.0895280418	0	0	0	0	0	3
93	144	0	0.834376945	1.61493415	1.63629263	1.61304081	1.69665889	0.0836180817	0	0	0	0	0	3
94	146	0	0.84334874	1.6140579	1.63481761	1.61304081	1.69147777	0.0784369635	0	0	0	0	0	3
95	147	0	0.852320535	1.61439759	1.63344118	1.61304081	1.68690855	0.0738677464	0	0	0	0	0	3
96	149	0	0.86129233	1.61361585	1.63213238	1.61304081	1.68319245	0.0701516415	0	0	0	0	0	3
97	151	0	0.870264125	1.61367455	1.63089099	1.61304081	1.67889489	0.0658540878	0	0	0	0	0	3
98	152	0	0.87923592	1.61410162	1.62973396	1.61304081	1.6746927	0.0616518957	0	0	0	0	0	3
99	154	0	0.888207715	1.61490164	1.62866627	1.61304081	1.67139863	0.058357824	0	0	0	0	0	3
100	156	0	0.897179511	1.615183	1.62766242	1.61304081	1.66800756	0.05496675	0	0	0	0	0	3
101	161	0	0.906151306	1.6146117	1.62670892	1.61304081	1.66466134	0.0516205382	0	0	0	0	0	3
102	163	0	0.915123101	1.61550807	1.62583118	1.61304081	1.66099229	0.0479514862	0	0	0	0	0	3
103	165	0	0.924094896	1.61596383	1.6250271	1.61304081	1.65789548	0.0448546793	0	0	0	0	0	3
104	166	0	0.933066691	1.61618245	1.62428223	1.61304081	1.65431704	0.0412762328	0	0	0	0	0	3
105	168	0	0.942038486	1.61638974	1.62360495	1.61304081	1.65118758	0.0381467779	0	0	0	0	0	3
106	169	0	0.951010281	1.6173623	1.62300093	1.61304081	1.64827035	0.0352295456	0	0	0	0	0	3
107	171	0	0.959982076	1.61770213	1.62245507	1.61304081	1.64618857	0.0331477667	0	0	0	0	0	3
108	173	0	0.968953871	1.61746832	1.62194221	1.61304081	1.64440975	0.031368946	0	0	0	0	0	3
109	174	0	0.977925667	1.61689773	1.62145092	1.61304081	1.64276869	0.0297278885	0	0	0	0	0	3
110	176	0	0.986897462	1.61548114	1.62096364	1.61304081	1.64081704	0.0277762306	0	0	0	0	0	3
111	177	0	0.995869257	1.61550844	1.6205117	1.61304081	1.63942246	0.0263816572	0	0	0	0	0	3
112	179	0	1.00484105	1.615251	1.62008007	1.61304081	1.63749297	0.0244521666	0.0754204879	0	100	0	0	3
113	181	0	1.01381285	1.61498257	1.6196781	1.61304081	1.63649783	0.0234570265	0.0754204879	0	100	0	0	3
114	182	0	1.02278464	1.61456873	1.61928651	1.61304081	1.63487416	0.0218333519	0.0754204879	0	100	0	0	3
115	184	0	1.03175644	1.61406799	1.61891497	1.61304081	1.63352687	0.0204860688	0.0754204879	0	100	0	0	3
116	185	0	1.04072823	1.61327355	1.6185533	1.61304081	1.63257658	0.0195357794	0.0754204879	0	100	0	0	3
117	187	0	1.04970003	1.61236883	1.61819245	1.61236883	1.63160782	0.0192389927	0.0754204879	0	100	0	0	3
118	188	0	1.05867182	1.61136957	1.61783105	1.61136957	1.63037541	0.01900584	0.0754204879	0	100	0	0	3
119	190	0	1.06764362	1.61088082	1.61748294	1.61088082	1.62866244	0.017781623	0.0754204879	0	100	0	0	3
120	191	0	1.07661541	1.61089561	1.61716567	1.61088082	1.62775835	0.016877527	0.0754204879	0	100	0	0	3
121	193	0	1.08558721	1.61087753	1.61686423	1.61087753	1.62739798	0.0165204478	0.0754204879	0	100	0	0	3
122	194	0	1.094559	1.61148635	1.61658009	1.61087753	1.62612556	0.0152480335	0.0754204879	0	100	0	0	3
123	196	0	1.1035308	1.61294903	1.61634783	1.61087753	1.62612556	0.0152480335	0.0754204879	0	100	0	0	3
124	197	0	1.11250259	1.61305299	1.61611439	1.61087753	1.62543511	0.0145575858	0.0754204879	0	100	0	0	3
125	199	0	1.12147439	1.61195428	1.61587366	1.61087753	1.62497944	0.0141019125	0.0754204879	0	100	0	0	3
126	200	0	1.13044618	1.61100211	1.61562406	1.61087753	1.62406001	0.0131824853	0.0754204879	0	100	0	0	3
127	202	0	1.13941798	1.61025666	1.61537757	1.61025666	1.6234222	0.0131655471	0.0754204879	0	100	0	0	3
128	203	0	1.14838977	1.60970339	1.61513259	1.60970339	1.62262717	0.0129237875	0.0754204879	0	100	0	0	3
129	205	0	1.15736157	1.61003117	1.61490767	1.60970339	1.62184232	0.012138934	0.0754204879	0	100	0	0	3
130	206	0	1.16633336	1.61047542	1.61470469	1.60970339	1.6213935	0.0116901139	0.0754204879	0	100	0	0	3
131	208	0	1.17530516	1.61049091	1.61451	1.60970339	1.6204774	0.010774017	0.0754204879	0	100	0	0	3
132	209	0	1.18427695	1.60951522	1.61431424	1.60951522	1.62000913	0.0104939115	0.0754204879	0	100	0	0	3
133	211	0	1.19324875	1.60922778	1.61412172	1.60922778	1.6189387	0.00971092275	0.0754204879	0	100	0	0	3
134	212	0	1.20222054	1.60868873	1.61393868	1.60868873	1.61805986	0.00937112522	0.0754204879	0	100	0	0	3
135	213	0	1.21119234	1.60842821	1.61376669	1.60842821	1.61770213	0.00927391601	0.0754204879	0	100	0	0	3
136	215	0	1.22016413	1.60960095	1.61363456	1.60842821	1.61770213	0.00927391601	0.0754204879	0	100	0	0	3
137	216	0	1.22913593	1.6118155	1.61353128	1.60842821	1.61770213	0.00927391601	0.0754204879	0	100	0	0	3
138	218	0	1.23810772	1.61269042	1.61345398	1.60842821	1.61770213	0.00927391601	0.0754204879	0	100	0	0	3
139	219	0	1.24707952	1.61261538	1.61338958	1.60842821	1.61770213	0.00927391601	0.0754204879	0	100	0	0	3
140	221	0	1.25605131	1.61080355	1.61333142	1.60842821	1.61770213	0.00927391601	0.0754204879	0	100	0	0	3
141	222	0	1.26502311	1.61077216	1.61328768	1.60842821	1.61770213	0.00927391601	0.0754204879	0	100	0	0	3
142	224	0	1.2739949	1.60964838	1.6132271	1.60842821	1.61770213	0.00927391601	0.0754204879	0	100	0	0	3
143	225	0	1.2829667	1.61074024	1.6131733	1.60842821	1.61770213	0.00927391601	0.0754204879	0	100	0	0	3
144	226	0	1.2919385	1.6116424	1.61312784	1.60842821	1.61770213	0.00927391601	0.0754204879	0	100	0	0	3
145	228	0	1.30091029	1.61285902	1.61308027	1.60842821	1.61770213	0.00927391601	0.0754204879	0	100	0	0	3
146	229	0	1.30988209	1.61339919	1.61302769	1.60842821	1.61770213	0.00927391601	0.0754204879	0	100	0	0	3
147	231	0	1.31885388	1.61374291	1.61296817	1.60842821	1.61770213	0.00927391601	0.0754204879	0	100	0	0	3
148	232	0	1.32782568	1.61300637	1.61291209	1.60842821	1.61770213	0.00927391601	0.0754204879	0	100	0	0	3
149	234	0	1.33679747	1.61293849	1.61287645	1.60842821	1.61770213	0.00927391601	0.0754204879	0	100	0	0	3
150	235	0	1.34576927	1.61295176	1.6128567	1.60842821	1.61770213	0.00927391601	0.0754204879	0	100	0	0	3
151	236	0	1.35474106	1.6147692	1.61286334	1.60842821	1.61770213	0.00927391601	0.0754204879	0	100	0	0	3
152	238	0	1.36371286	1.61654903	1.61291571	1.60842821	1.61770213	0.00927391601	0.0754204879	0	100	0	0	3
153	239	0	1.37268465	1.61740167	1.61298227	1.60842821	1.61770213	0.00927391601	0.0754204879	0	100	0	0	3
154	241	0	1.38165645	1.61697879	1.61303365	1.60842821	1.61770213	0.00927391601	0.0754204879	0	100	0	0	3
155	242	0	1.39062824	1.61590511	1.61305157	1.60842821	1.61770213	0.00927391601	0.0754204879	0	100	0	0	3
156	243	0	1.39960004	1.61475303	1.61304389	1.60842821	1.61770213	0.00927391601	0.0754204879	0	100	0	0	3
157	245	0	1.40857183	1.61471606	1.61304575	1.60842821	1.61770213	0.00927391601	0.0754204879	0	100	0	0	3
158	246	0	1.41754363	1.61555043	1.61304651	1.60842821	1.61770213	0.00927391601	0.0754204879	0	100	0	0	3
159	248	0	1.42651542	1.61839865	1.61308999	1.60842821	1.61839865	0.00997043562	0.0754204879	0	100	0	0	3
160	249	0	1.43548722	1.62079706	1.61317239	1.60842821	1.62079706	0.010748252	0.0754204879	0	100	0	0	3
161	250	0	1.44445901	1.62269985	1.61328507	1.60842821	1.62269985	0.0101442291	0.0754204879	0	100	0	0	3
162	252	0	1.45343081	1.62226546	1.61337263	1.60842821	1.62269985	0.00959836801	0.0754204879	0	100	0	0	3
163	253	0	1.4624026	1.6199464	1.61341271	1.60842821	1.62269985	0.00908550634	0.0754204879	0	100	0	0	3
164	254	0	1.4713744	1.61591923	1.61338504	1.60842821	1.62269985	0.00859422021	0.0754204879	0	100	0	0	3
165	256	0	1.48034619	1.61320116	1.61331903	1.60842821	1.62269985	0.00810694255	0.0754204879	0	100	0	0	3
166	257	0	1.48931799	1.61274294	1.61327014	1.60842821	1.62269985	0.00765500331	0.0754204879	0	100	0	0	3
167	258	0	1.49828978	1.61457857	1.61325353	1.60842821	1.62269985	0.00722337006	0.0754204879	0	100	0	0	3
168	260	0	1.50726158	1.61736267	1.61329124	1.60842821	1.62269985	0.00682139862	0.0754204879	0	100	0	0	3
169	261	0	1.51623337	1.61932831	1.61336884	1.60842821	1.62269985	0.00642980752	0.0754204879	0	100	0	0	3
170	262	0	1.52520517	1.6188734	1.61344571	1.60842821	1.62269985	0.00605826875	0.0754204879	0	100	0	0	3
171	264	0	1.53417696	1.61669197	1.61349257	1.60842821	1.62269985	0.0056966022	0.0754204879	0	100	0	0	3
172	265	0	1.54314876	1.61333735	1.61349371	1.60842821	1.62269985	0.00533574942	0.0754204879	0	100	0	0	3
173	267	0	1.55212055	1.61034704	1.6134576	1.60842821	1.62269985	0.00497435205	0.0754204879	0	100	0	0	3
174	268	0	1.56109235	1.6091245	1.61341751	1.60842821	1.62269985	0.00462623441	0.0754204879	0	100	0	0	3
175	269	0	1.57006414	1.61135683	1.61342601	1.60842821	1.62269985	0.0043089696	0.0754204879	0	100	0	0	3
176	271	0	1.57903594	1.61354391	1.61347331	1.60842821	1.62269985	0.00400752639	0.0754204879	0	100	0	0	3
177	272	0	1.58800773	1.61518691	1.61355026	1.60842821	1.62269985	0.00372339018	0.0754204879	0	100	0	0	3
178	273	0	1.59697953	1.61538406	1.61361986	1.60842821	1.62269985	0.00349112434	0.0754204879	0	100	0	0	3
179	275	0	1.60595132	1.61402014	1.61363899	1.60842821	1.62269985	0.00325768551	0.0754204879	0	100	0	0	3
180	276	0	1.61492312	1.61171033	1.61361501	1.60842821	1.62269985	0.00301695627	0.0754204879	0	100	0	0	3
181	278	0	1.62389491	1.60840934	1.61355171	1.60840934	1.62269985	0.00276736112	0.0754204879	0	100	0	0	3
182	279	0	1.63286671	1.60633614	1.61346839	1.60633614	1.62269985	0.00252087257	0.0754204879	0	100	0	0	3
183	280	0	1.6418385	1.60668195	1.61340455	1.60633614	1.62269985	0.00227589372	0.0754204879	0	100	0	0	3
184	282	0	1.6508103	1.60865921	1.61338591	1.60633614	1.62269985	0.00205096513	0.0754204879	0	100	0	0	3
185	283	0	1.65978209	1.61072956	1.61339838	1.60633614	1.62269985	0.00184798467	0.0754204879	0	100	0	0	3
186	285	0	1.66875389	1.61189922	1.6134238	1.60633614	1.62269985	0.0016532956	0.0754204879	0	100	0	0	3
187	286	0	1.67772568	1.61182062	1.61344755	1.60633614	1.62269985	0.00145754235	0.0754204879	0	100	0	0	3
188	287	0	1.68669748	1.6101509	1.6134589	1.60633614	1.62269985	0.00126501809	0.0754204879	0	100	0	0	3
189	289	0	1.69566927	1.6080076	1.61343711	1.60633614	1.62269985	0.00108198297	0.0754204879	0	100	0	0	3
190	290	0	1.70464107	1.60558662	1.61338172	1.60558662	1.62269985	0.000909989336	0.0754204879	0	100	0	0	3
191	291	0	1.71361287	1.60603316	1.61333895	1.60558662	1.62269985	0.00078228681	0.0754204879	0	100	0	0	3
192	293	0	1.72258466	1.60653557	1.61328421	1.60558662	1.62269985	0.00078228681	0.0754204879	0	100	0	0	3
193	294	0	1.73155646	1.60838358	1.61322293	1.60558662	1.62269985	0.00078228681	0.0754204879	0	100	0	0	3
194	295	0	1.74052825	1.60871446	1.61315193	1.60558662	1.62269985	0.00078228681	0.0754204879	0	100	0	0	3
195	297	0	1.74950005	1.60846635	1.61307784	1.60558662	1.62269985	0.00078228681	0.0754204879	0	100	0	0	3
196	298	0	1.75847184	1.60757524	1.61302019	1.60558662	1.62269985	0.00078228681	0.0754204879	0	100	0	0	3
197	299	0	1.76744364	1.60656915	1.61294513	1.60558662	1.62269985	0.00078228681	0.0754204879	0	100	0	0	3
198	301	0	1.77641543	1.60567547	1.61287419	1.60558662	1.62269985	0.00078228681	0.0754204879	0	100	0	0	3
199	302	0	1.78538723	1.60453231	1.61276333	1.60453231	1.62269985	0.000875654457	0.0754204879	0	100	0	0	3
200	303	0	1.79435902	1.60559589	1.61265536	1.60453231	1.62269985	0.000983627803	0.0754204879	0	100	0	0	3
201	308	0	1.80333082	1.60556776	1.61252516	1.60453231	1.62269985	0.00111382893	0.0754204879	0	100	0	0	3
202	309	0	1.81230261	1.60688148	1.61240877	1.60453231	1.62269985	0.00123021665	0.0754204879	0	100	0	0	3
203	311	0	1.82127441	1.60754526	1.6122981	1.60453231	1.62269985	0.0013408889	0.0754204879	0	100	0	0	3
204	312	0	1.8302462	1.60792171	1.6122073	1.60453231	1.62269985	0.0014316864	0.0754204879	0	100	0	0	3
205	314	0	1.839218	1.60894668	1.61213602	1.60453231	1.62269985	0.00150296879	0.0754204879	0	100	0	0	3
206	315	0	1.84818979	1.61032571	1.61208913	1.60453231	1.62269985	0.00154986243	0.0754204879	0	100	0	0	3
207	316	0	1.85716159	1.61068353	1.61201617	1.60453231	1.62269985	0.00162282084	0.0754204879	0	100	0	0	3
208	318	0	1.86613338	1.61149764	1.61192596	1.60453231	1.62269985	0.00171302422	0.0754204879	0	100	0	0	3
209	319	0	1.87510518	1.61240314	1.6118367	1.60453231	1.62269985	0.0018022838	0.0754204879	0	100	0	0	3
210	320	0	1.88407697	1.61383411	1.61178055	1.60453231	1.62269985	0.00185843886	0.0754204879	0	100	0	0	3
211	322	0	1.89304877	1.61494253	1.61176336	1.60453231	1.62269985	0.00187562787	0.0754204879	0	100	0	0	3
212	323	0	1.90202056	1.61541307	1.61177515	1.60453231	1.62269985	0.00187562787	0.0754204879	0	100	0	0	3
213	324	0	1.91099236	1.61594534	1.6117971	1.60453231	1.62269985	0.00187562787	0.0754204879	0	100	0	0	3
214	326	0	1.91996415	1.61703557	1.61182362	1.60453231	1.62269985	0.00187562787	0.0754204879	0	100	0	0	3
215	327	0	1.92893595	1.61684851	1.61179594	1.60453231	1.62269985	0.00187562787	0.0754204879	0	100	0	0	3
216	328	0	1.93790774	1.61569218	1.61170478	1.60453231	1.62269985	0.00193420946	0.0754204879	0	100	0	0	3
217	329	0	1.94687954	1.61561091	1.61157819	1.60453231	1.62226546	0.00206079765	0.0754204879	0	100	0	0	3
218	331	0	1.95585133	1.61495194	1.61144759	1.60453231	1.6199464	0.00219139617	0.0754204879	0	100	0	0	3
219	332	0	1.96482313	1.61375567	1.61133704	1.60453231	1.61932831	0.00230194497	0.0754204879	0	100	0	0	3
220	333	0	1.97379492	1.61339098	1.6112919	1.60453231	1.61932831	0.00234709219	0.0754204879	0	100	0	0	3
221	335	0	1.98276672	1.61308112	1.61128975	1.60453231	1.61932831	0.00234923569	0.0754204879	0	100	0	0	3
222	337	0	1.99173851	1.61239756	1.61128358	1.60453231	1.61932831	0.00235540327	0.0754204879	0	100	0	0	3
223	339	0	2.00071031	1.61170754	1.61123232	1.60453231	1.61932831	0.00240667153	0.0754204879	0	100	0	0	3
224	340	0	2.0096821	1.60986391	1.61109841	1.60453231	1.61932831	0.00254057785	0.0754204879	0	100	0	0	3
225	342	0	2.0186539	1.60971003	1.61092665	1.60453231	1.6188734	0.00271233293	0.0754204879	0	100	0	0	3
226	343	0	2.02762569	1.60942562	1.61075794	1.60453231	1.61703557	0.00288104328	0.0754204879	0	100	0	0	3
227	345	0	2.03659749	1.61002723	1.61063893	1.60453231	1.61703557	0.00300005643	0.0754204879	0	100	0	0	3
228	346	0	2.04556928	1.61058407	1.61058977	1.60453231	1.61703557	0.0030492221	0.0754204879	0	100	0	0	3
229	348	0	2.05454108	1.61107325	1.61060273	1.60453231	1.61703557	0.0030492221	0.0754204879	0	100	0	0	3
230	350	0	2.06351287	1.61143117	1.61064392	1.60453231	1.61703557	0.0030492221	0.0754204879	0	100	0	0	3
231	351	0	2.07248467	1.61222563	1.61065944	1.60453231	1.61703557	0.0030492221	0.0754204879	0	100	0	0	3
232	352	0	2.08145646	1.6114322	1.61062173	1.60453231	1.61703557	0.0030492221	0.0754204879	0	100	0	0	3
233	354	0	2.09042826	1.61197583	1.61056439	1.60453231	1.61703557	0.00307459893	0.0754204879	0	100	0	0	3
234	355	0	2.09940005	1.61293623	1.61052068	1.60453231	1.61703557	0.00311831022	0.0754204879	0	100	0	0	3
235	357	0	2.10837185	1.61327178	1.61050731	1.60453231	1.61703557	0.00310769778	0.0754204879	0	100	0	0	3
236	358	0	2.11734364	1.61416884	1.61055122	1.60453231	1.61703557	0.00304439531	0.0754204879	0	100	0	0	3
237	359	0	2.12631544	1.61394454	1.61065006	1.60453231	1.61703557	0.00296107433	0.0754204879	0	100	0	0	3
238	361	0	2.13528724	1.61370796	1.6107817	1.60453231	1.61703557	0.00295158676	0.0754204879	0	100	0	0	3
239	362	0	2.14425903	1.61368105	1.61090668	1.60453231	1.61703557	0.00295158676	0.0754204879	0	100	0	0	3
240	363	0	2.15323083	1.61366365	1.61099605	1.60453231	1.61703557	0.00295158676	0.0754204879	0	100	0	0	3
241	365	0	2.16220262	1.61382153	1.61105126	1.60453231	1.61703557	0.00295158676	0.0754204879	0	100	0	0	3
242	366	0	2.17117442	1.61499506	1.61110654	1.60453231	1.61703557	0.00295158676	0.0754204879	0	100	0	0	3
243	367	0	2.18014621	1.61645382	1.61118928	1.60453231	1.61703557	0.00295158676	0.0754204879	0	100	0	0	3
244	369	0	2.18911801	1.61698533	1.61131132	1.60453231	1.61703557	0.00292979798	0.0754204879	0	100	0	0	3
245	370	0	2.1980898	1.61751033	1.61148101	1.60453231	1.61751033	0.00287440306	0.0754204879	0	100	0	0	3
246	371	0	2.2070616	1.61674269	1.61168023	1.60453231	1.61751033	0.00283163433	0.0754204879	0	100	0	0	3
247	372	0	2.21603339	1.61706232	1.61187718	1.60453231	1.61751033	0.00277689547	0.0754204879	0	100	0	0	3
248	374	0	2.22500519	1.61716453	1.61206698	1.60453231	1.61751033	0.00271561122	0.0754204879	0	100	0	0	3
249	375	0	2.23397698	1.61820163	1.6122423	1.60453231	1.61820163	0.00264461206	0.0754204879	0	100	0	0	3
250	376	0	2.24294878	1.61960009	1.61243669	1.60453231	1.61960009	0.00257052218	0.0754204879	0	100	0	0	3
251	378	0	2.25192057	1.61989005	1.61264069	1.60453231	1.61989005	0.00251287387	0.0754204879	0	100	0	0	3
252	379	0	2.26089237	1.61947782	1.61285323	1.60453231	1.61989005	0.00243782013	0.0754204879	0	100	0	0	3
253	380	0	2.26986416	1.61804974	1.61305824	1.60453231	1.61989005	0.00255092837	0.0754204879	0	100	0	0	3
254	382	0	2.27883596	1.61652988	1.61325207	1.60453231	1.61989005	0.00274475713	0.0754204879	0	100	0	0	3
255	383	0	2.28780775	1.61692602	1.61347339	1.60556776	1.61989005	0.00296607336	0.0754204879	0	100	0	0	3
256	384	0	2.29677955	1.61798474	1.61369462	1.60556776	1.61989005	0.00318730282	0.0754204879	0	100	0	0	3
257	386	0	2.30575134	1.61853026	1.61392609	1.60688148	1.61989005	0.00341877608	0.0754204879	0	100	0	0	3
258	387	0	2.31472314	1.61863175	1.61413592	1.60754526	1.61989005	0.00362860245	0.0754204879	0	100	0	0	3
259	388	0	2.32369493	1.61769077	1.61431709	1.60792171	1.61989005	0.00380977221	0.0754204879	0	100	0	0	3
260	390	0	2.33266673	1.61617286	1.61446443	1.60894668	1.61989005	0.00395711417	0.0754204879	0	100	0	0	3
261	391	0	2.34163852	1.61450892	1.61456375	1.60942562	1.61989005	0.00405643985	0.0754204879	0	100	0	0	3
262	392	0	2.35061032	1.61405913	1.61463042	1.60942562	1.61989005	0.0041231081	0.0754204879	0	100	0	0	3
263	394	0	2.35958211	1.61380416	1.61468615	1.60942562	1.61989005	0.00417883355	0.0754204879	0	100	0	0	3
264	395	0	2.36855391	1.61501684	1.61474899	1.60942562	1.61989005	0.00424167646	0.0754204879	0	100	0	0	3
265	396	0	2.3775257	1.61594674	1.61481227	1.60942562	1.61989005	0.00430495504	0.0754204879	0	100	0	0	3
266	398	0	2.3864975	1.61625016	1.61485541	1.60942562	1.61989005	0.00434809894	0.0754204879	0	100	0	0	3
267	399	0	2.39546929	1.61519677	1.61485995	1.60942562	1.61989005	0.004352639	0.0754204879	0	100	0	0	3
268	401	0	2.40444109	1.6130582	1.6148179	1.60942562	1.61989005	0.004352639	0.0754204879	0	100	0	0	3
269	402	0	2.41341288	1.61144177	1.61473748	1.60942562	1.61989005	0.004352639	0.0754204879	0	100	0	0	3
270	403	0	2.42238468	1.61051055	1.61462096	1.60942562	1.61989005	0.004352639	0.0754204879	0	100	0	0	3
271	405	0	2.43135647	1.60981361	1.61449534	1.60942562	1.61989005	0.004352639	0.0754204879	0	100	0	0	3
272	406	0	2.44032827	1.61033174	1.61439962	1.60942562	1.61989005	0.004352639	0.0754204879	0	100	0	0	3
273	407	0	2.44930006	1.61073119	1.61431248	1.60942562	1.61989005	0.004352639	0.0754204879	0	100	0	0	3
274	409	0	2.45827186	1.6111456	1.61424451	1.60942562	1.61989005	0.004352639	0.0754204879	0	100	0	0	3
275	410	0	2.46724365	1.6108057	1.61419183	1.60942562	1.61989005	0.004352639	0.0754204879	0	100	0	0	3
276	412	0	2.47621545	1.60999881	1.61413126	1.60942562	1.61989005	0.004352639	0.0754204879	0	100	0	0	3
277	413	0	2.48518724	1.60842983	1.6140482	1.60842983	1.61989005	0.004352639	0.0754204879	0	100	0	0	3
278	415	0	2.49415904	1.60718973	1.6139552	1.60718973	1.61989005	0.004352639	0.0754204879	0	100	0	0	3
279	416	0	2.50313083	1.60702328	1.61387155	1.60702328	1.61989005	0.004352639	0.0754204879	0	100	0	0	3
280	417	0	2.51210263	1.60687171	1.61381812	1.60687171	1.61989005	0.004352639	0.0754204879	0	100	0	0	3
281	419	0	2.52107442	1.60618794	1.61375523	1.60618794	1.61989005	0.004352639	0.0754204879	0	100	0	0	3
282	420	0	2.53004622	1.60658877	1.61370457	1.60618794	1.61989005	0.004352639	0.0754204879	0	100	0	0	3
283	422	0	2.53901801	1.60623233	1.6136368	1.60618794	1.61989005	0.004352639	0.0754204879	0	100	0	0	3
284	423	0	2.54798981	1.6048	1.61353352	1.6048	1.61989005	0.004352639	0.0754204879	0	100	0	0	3
285	424	0	2.55696161	1.60242601	1.6133791	1.60242601	1.61989005	0.004352639	0.0754204879	0	100	0	0	3
286	426	0	2.5659334	1.60091903	1.61319138	1.60091903	1.61989005	0.004352639	0.0754204879	0	100	0	0	3
287	427	0	2.5749052	1.60017574	1.61297621	1.60017574	1.61989005	0.004352639	0.0754204879	0	100	0	0	3
288	429	0	2.58387699	1.59998739	1.61277184	1.59998739	1.61989005	0.004352639	0.0754204879	0	100	0	0	3
289	430	0	2.59284879	1.60152858	1.61258528	1.59998739	1.61989005	0.004352639	0.0754204879	0	100	0	0	3
290	432	0	2.60182058	1.60297336	1.61240737	1.59998739	1.61989005	0.004352639	0.0754204879	0	100	0	0	3
291	433	0	2.61079238	1.60345728	1.61223211	1.59998739	1.61989005	0.00430873701	0.0754204879	0	100	0	0	3
292	435	0	2.61976417	1.60339065	1.61203964	1.59998739	1.61989005	0.00420989417	0.0754204879	0	100	0	0	3
293	436	0	2.62873597	1.60206274	1.61182747	1.59998739	1.61989005	0.00407825443	0.0754204879	0	100	0	0	3
294	437	0	2.63770776	1.60147983	1.61160911	1.59998739	1.61989005	0.00395327044	0.0754204879	0	100	0	0	3
295	439	0	2.64667956	1.60072434	1.61137774	1.59998739	1.61989005	0.00386390534	0.0754204879	0	100	0	0	3
296	440	0	2.65565135	1.60060268	1.61114451	1.59998739	1.61989005	0.00380869161	0.0754204879	0	100	0	0	3
297	442	0	2.66462315	1.60007448	1.61089902	1.59998739	1.61989005	0.00396092992	0.0754204879	0	100	0	0	3
298	443	0	2.67359494	1.60047599	1.61063975	1.59998739	1.61989005	0.00422019904	0.0754204879	0	100	0	0	3
299	445	0	2.68256674	1.60055576	1.61035586	1.59998739	1.61989005	0.00450409286	0.0754204879	0	100	0	0	3
300	446	0	2.69153853	1.60038802	1.61005948	1.59998739	1.61989005	0.00480047346	0.0754204879	0	100	0	0	3
301	451	0	2.70051033	1.60019649	1.6097503	1.59998739	1.61989005	0.00510964923	0.0754204879	0	100	0	0	3
302	452	0	2.70948212	1.60012844	1.60945362	1.59998739	1.61989005	0.00540633224	0.0754204879	0	100	0	0	3
303	454	0	2.71845392	1.59963078	1.60914234	1.59963078	1.61989005	0.00571760986	0.0754204879	0	100	0	0	3
304	455	0	2.72742571	1.60021477	1.60883967	1.59963078	1.61989005	0.00602028416	0.0754204879	0	100	0	0	3
305	457	0	2.73639751	1.60132062	1.60853822	1.59963078	1.61989005	0.0063217308	0.0754204879	0	100	0	0	3
306	458	0	2.7453693	1.60302367	1.60824221	1.59963078	1.61989005	0.00661773829	0.0754204879	0	100	0	0	3
307	460	0	2.7543411	1.60507642	1.60797769	1.59963078	1.61947782	0.00688226738	0.0754204879	0	100	0	0	3
308	461	0	2.76331289	1.60699805	1.60775483	1.59963078	1.61863175	0.00710512048	0.0754204879	0	100	0	0	3
309	462	0	2.77228469	1.6094579	1.60760141	1.59963078	1.61863175	0.00725854624	0.0754204879	0	100	0	0	3
310	464	0	2.78125648	1.61179875	1.60751692	1.59963078	1.61863175	0.00734303069	0.0754204879	0	100	0	0	3
311	465	0	2.79022828	1.61402389	1.6074651	1.59963078	1.61863175	0.00739485441	0.0754204879	0	100	0	0	3
312	467	0	2.79920007	1.61647222	1.60743809	1.59963078	1.61863175	0.0074218638	0.0754204879	0	100	0	0	3
313	468	0	2.80817187	1.61818776	1.60743197	1.59963078	1.61863175	0.00742797997	0.0754204879	0	100	0	0	3
314	469	0	2.81714366	1.61955909	1.60744853	1.59963078	1.61955909	0.00742797997	0.0754204879	0	100	0	0	3
315	471	0	2.82611546	1.62108179	1.60750909	1.59963078	1.62108179	0.00742797997	0.0754204879	0	100	0	0	3
316	472	0	2.83508725	1.62224093	1.60761745	1.59963078	1.62224093	0.00742797997	0.0754204879	0	100	0	0	3
317	473	0	2.84405905	1.62371041	1.60778176	1.59963078	1.62371041	0.00742797997	0.0754204879	0	100	0	0	3
318	475	0	2.85303084	1.62603426	1.6079956	1.59963078	1.62603426	0.00742797997	0.0754204879	0	100	0	0	3
319	476	0	2.86200264	1.6277003	1.60824374	1.59963078	1.6277003	0.00742797997	0.0754204879	0	100	0	0	3
320	478	0	2.87097443	1.62867758	1.60848769	1.59963078	1.62867758	0.00742797997	0.0754204879	0	100	0	0	3
321	479	0	2.87994623	1.62912709	1.60872305	1.59963078	1.62912709	0.00742797997	0.0754204879	0	100	0	0	3
322	480	0	2.88891802	1.62978693	1.60896478	1.59963078	1.62978693	0.00742797997	0.0754204879	0	100	0	0	3
323	482	0	2.89788982	1.62983895	1.60922625	1.59963078	1.62983895	0.00738592858	0.0754204879	0	100	0	0	3
324	483	0	2.90686161	1.62966018	1.60952271	1.59963078	1.62983895	0.00730550761	0.0754204879	0	100	0	0	3
325	485	0	2.91583341	1.62900395	1.60983632	1.59963078	1.62983895	0.00718898954	0.0754204879	0	100	0	0	3
326	486	0	2.9248052	1.6280882	1.61015021	1.59963078	1.62983895	0.00706336638	0.0754204879	0	100	0	0	3
327	487	0	2.933777	1.62686337	1.61045467	1.59963078	1.62983895	0.0069676443	0.0754204879	0	100	0	0	3
328	489	0	2.94274879	1.62501209	1.61071682	1.59963078	1.62983895	0.00688050643	0.0754204879	0	100	0	0	3
329	490	0	2.95172059	1.62413728	1.61095621	1.59963078	1.62983895	0.00681253604	0.0754204879	0	100	0	0	3
330	492	0	2.96069238	1.62308994	1.6111695	1.59963078	1.62983895	0.00675985804	0.0754204879	0	100	0	0	3
331	493	0	2.96966418	1.62241877	1.61137688	1.59963078	1.62983895	0.00669928361	0.0754204879	0	100	0	0	3
332	494	0	2.97863598	1.6229214	1.61160764	1.59963078	1.62983895	0.00661622486	0.0754204879	0	100	0	0	3
333	496	0	2.98760777	1.62295096	1.61186694	1.59963078	1.62983895	0.00652322783	0.0754204879	0	100	0	0	3
334	497	0	2.99657957	1.62164514	1.61212508	1.59963078	1.62983895	0.0064395802	0.0754204879	0	100	0	0	3
335	498	0	3.00555136	1.62162442	1.61238581	1.59963078	1.62983895	0.0063861479	0.0754204879	0	100	0	0	3
336	500	0	3.01452316	1.62102304	1.61263851	1.59963078	1.62983895	0.00632325338	0.0754204879	0	100	0	0	3
337	501	0	3.02349495	1.6218815	1.61291876	1.59963078	1.62983895	0.00627259531	0.0754204879	0	100	0	0	3
338	503	0	3.03246675	1.62245719	1.61320212	1.59963078	1.62983895	0.00620482915	0.0754204879	0	100	0	0	3
339	504	0	3.04143854	1.62349592	1.6135104	1.59963078	1.62983895	0.00610154225	0.0754204879	0	100	0	0	3
340	505	0	3.05041034	1.62482212	1.61386794	1.59963078	1.62983895	0.00643596351	0.0754204879	0	100	0	0	3
341	507	0	3.05938213	1.62483151	1.61426803	1.59963078	1.62983895	0.0068360618	0.0754204879	0	100	0	0	3
342	508	0	3.06835393	1.62324032	1.61466663	1.59963078	1.62983895	0.0072346563	0.0754204879	0	100	0	0	3
343	509	0	3.07732572	1.62204275	1.61505711	1.59963078	1.62983895	0.00762513875	0.0754204879	0	100	0	0	3
344	511	0	3.08629752	1.61993975	1.6154134	1.59963078	1.62983895	0.00798143097	0.0754204879	0	100	0	0	3
345	512	0	3.09526931	1.61800166	1.61570757	1.59963078	1.62983895	0.00827559315	0.0754204879	0	100	0	0	3
346	513	0	3.10424111	1.61585398	1.61593758	1.59963078	1.62983895	0.00850560417	0.0754204879	0	100	0	0	3
347	515	0	3.1132129	1.61488011	1.61614156	1.59963078	1.62983895	0.00870958317	0.0754204879	0	100	0	0	3
348	516	0	3.1221847	1.61383524	1.61632807	1.59963078	1.62983895	0.0088960936	0.0754204879	0	100	0	0	3
349	517	0	3.13115649	1.61428579	1.61654634	1.59963078	1.62983895	0.00911436227	0.0754204879	0	100	0	0	3
350	519	0	3.14012829	1.61307754	1.61675344	1.59963078	1.62983895	0.00932146422	0.0754204879	0	100	0	0	3
351	520	0	3.14910008	1.61258496	1.61696523	1.59963078	1.62983895	0.00953326096	0.0754204879	0	100	0	0	3
352	521	0	3.15807188	1.61135537	1.61715725	1.59963078	1.62983895	0.00972527323	0.0754204879	0	100	0	0	3
353	523	0	3.16704367	1.61043841	1.61734232	1.59963078	1.62983895	0.0099103434	0.0754204879	0	100	0	0	3
354	524	0	3.17601547	1.60931402	1.61750014	1.59963078	1.62983895	0.0100681654	0.0754204879	0	100	0	0	3
355	525	0	3.18498726	1.60829213	1.61763829	1.59963078	1.62983895	0.0102063147	0.0754204879	0	100	0	0	3
356	527	0	3.19395906	1.60758497	1.6177668	1.59963078	1.62983895	0.0103348318	0.0754204879	0	100	0	0	3
357	528	0	3.20293085	1.60657165	1.61788065	1.59963078	1.62983895	0.010448674	0.0754204879	0	100	0	0	3
358	529	0	3.21190265	1.60643789	1.61799332	1.59963078	1.62983895	0.0105613428	0.0754204879	0	100	0	0	3
359	531	0	3.22087444	1.60584966	1.61810437	1.60021477	1.62983895	0.0106723942	0.0754204879	0	100	0	0	3
360	532	0	3.22984624	1.60492567	1.61818849	1.60132062	1.62983895	0.0107565173	0.0754204879	0	100	0	0	3
361	533	0	3.23881803	1.60409571	1.61823805	1.60302367	1.62983895	0.0108060725	0.0754204879	0	100	0	0	3
362	535	0	3.24778983	1.60337448	1.61824431	1.60337448	1.62983895	0.0108123369	0.0754204879	0	100	0	0	3
363	536	0	3.25676162	1.60325588	1.6182118	1.60325588	1.62983895	0.0108123369	0.0754204879	0	100	0	0	3
364	537	0	3.26573342	1.60390741	1.61815661	1.60325588	1.62983895	0.0108123369	0.0754204879	0	100	0	0	3
365	538	0	3.27470521	1.60561495	1.61808799	1.60325588	1.62983895	0.0108123369	0.0754204879	0	100	0	0	3
366	540	0	3.28367701	1.60643723	1.61799224	1.60325588	1.62983895	0.0108123369	0.0754204879	0	100	0	0	3
367	541	0	3.2926488	1.60705809	1.61786786	1.60325588	1.62983895	0.0108123369	0.0754204879	0	100	0	0	3
368	542	0	3.3016206	1.60659105	1.61769141	1.60325588	1.62983895	0.0108123369	0.0754204879	0	100	0	0	3
369	544	0	3.31059239	1.60651741	1.61748301	1.60325588	1.62983895	0.0107957772	0.0754204879	0	100	0	0	3
370	545	0	3.31956419	1.60586988	1.61723856	1.60325588	1.62983895	0.0107352232	0.0754204879	0	100	0	0	3
371	546	0	3.32853598	1.60517939	1.61695459	1.60325588	1.62983895	0.0106268649	0.0754204879	0	100	0	0	3
372	547	0	3.33750778	1.60540545	1.61665395	1.60325588	1.62983895	0.0104625525	0.0754204879	0	100	0	0	3
373	549	0	3.34647957	1.60552147	1.61632915	1.60325588	1.62983895	0.010248711	0.0754204879	0	100	0	0	3
374	550	0	3.35545137	1.60596868	1.61597084	1.60325588	1.62983895	0.0100005655	0.0754204879	0	100	0	0	3
375	551	0	3.36442316	1.60636907	1.61558992	1.60325588	1.62983895	0.00975662376	0.0754204879	0	100	0	0	3
376	553	0	3.37339496	1.60634608	1.61519114	1.60325588	1.62983895	0.0095212604	0.0754204879	0	100	0	0	3
377	554	0	3.38236675	1.60590472	1.61477646	1.60325588	1.62983895	0.00927953236	0.0754204879	0	100	0	0	3
378	555	0	3.39133855	1.60471109	1.61432868	1.60325588	1.62983895	0.00901806478	0.0754204879	0	100	0	0	3
379	557	0	3.40031035	1.60366335	1.61386125	1.60325588	1.62966018	0.00872160076	0.0754204879	0	100	0	0	3
380	558	0	3.40928214	1.60417693	1.6134062	1.60325588	1.62900395	0.00840799032	0.0754204879	0	100	0	0	3
381	559	0	3.41825394	1.6040716	1.61296098	1.60325588	1.6280882	0.00809410383	0.0754204879	0	100	0	0	3
382	560	0	3.42722573	1.60326087	1.61251763	1.60325588	1.62686337	0.00778964396	0.0754204879	0	100	0	0	3
383	562	0	3.43619753	1.60273291	1.61208673	1.60273291	1.62501209	0.00752749483	0.0754204879	0	100	0	0	3
384	563	0	3.44516932	1.60230445	1.61168124	1.60230445	1.62483151	0.00728810035	0.0754204879	0	100	0	0	3
385	564	0	3.45414112	1.60166433	1.61127993	1.60166433	1.62483151	0.00707480848	0.0754204879	0	100	0	0	3
386	566	0	3.46311291	1.6023706	1.61090994	1.60166433	1.62483151	0.00733436529	0.0754204879	0	100	0	0	3
387	567	0	3.47208471	1.60310932	1.61056513	1.60166433	1.62483151	0.00767917695	0.0754204879	0	100	0	0	3
388	568	0	3.4810565	1.6036683	1.61022133	1.60166433	1.62483151	0.00802298231	0.0754204879	0	100	0	0	3
389	569	0	3.4900283	1.6043873	1.60988983	1.60166433	1.62483151	0.00835447612	0.0754204879	0	100	0	0	3
390	570	0	3.49900009	1.60508675	1.60959415	1.60166433	1.62483151	0.00865016152	0.0754204879	0	100	0	0	3
391	572	0	3.50797189	1.60520293	1.60930091	1.60166433	1.62483151	0.00894340239	0.0754204879	0	100	0	0	3
392	573	0	3.51694368	1.60700671	1.60905062	1.60166433	1.62483151	0.00919369408	0.0754204879	0	100	0	0	3
393	574	0	3.52591548	1.6075865	1.60879535	1.60166433	1.62483151	0.00944896195	0.0754204879	0	100	0	0	3
394	575	0	3.53488727	1.60938856	1.60856198	1.60166433	1.62483151	0.00968233022	0.0754204879	0	100	0	0	3
395	577	0	3.54385907	1.61045047	1.60832903	1.60166433	1.62483151	0.00991528465	0.0754204879	0	100	0	0	3
396	578	0	3.55283086	1.61219171	1.60810348	1.60166433	1.62483151	0.0101408276	0.0754204879	0	100	0	0	3
397	579	0	3.56180266	1.61373746	1.60790537	1.60166433	1.62324032	0.0103389357	0.0754204879	0	100	0	0	3
398	581	0	3.57077445	1.61525686	1.60776281	1.60166433	1.62204275	0.0104814975	0.0754204879	0	100	0	0	3
399	582	0	3.57974625	1.61663424	1.60766623	1.60166433	1.61993975	0.010578078	0.0754204879	0	100	0	0	3
400	583	0	3.58871804	1.61866477	1.60764346	1.60166433	1.61866477	0.0106008455	0.0754204879	0	100	0	0	3
401	588	0	3.59768984	1.62096828	1.60769644	1.60166433	1.62096828	0.0106008455	0.0754204879	0	100	0	0	3
402	589	0	3.60666163	1.62367101	1.60783603	1.60166433	1.62367101	0.0106008455	0.0754204879	0	100	0	0	3
403	590	0	3.61563343	1.62593694	1.60803347	1.60166433	1.62593694	0.0106008455	0.0754204879	0	100	0	0	3
404	591	0	3.62460522	1.62858704	1.6082969	1.60166433	1.62858704	0.0106008455	0.0754204879	0	100	0	0	3
405	592	0	3.63357702	1.63087436	1.60859312	1.60166433	1.63087436	0.0106008455	0.0754204879	0	100	0	0	3
406	594	0	3.64254881	1.6324117	1.60893838	1.60166433	1.6324117	0.0106008455	0.0754204879	0	100	0	0	3
407	595	0	3.65152061	1.63375125	1.60931634	1.60166433	1.63375125	0.0106008455	0.0754204879	0	100	0	0	3
408	596	0	3.6604924	1.63388443	1.60971865	1.60166433	1.63388443	0.0106008455	0.0754204879	0	100	0	0	3
409	597	0	3.6694642	1.63338477	1.61012841	1.60166433	1.63388443	0.0106008455	0.0754204879	0	100	0	0	3
410	599	0	3.67843599	1.6322294	1.61053761	1.60166433	1.63388443	0.0106008455	0.0754204879	0	100	0	0	3
411	600	0	3.68740779	1.63166046	1.6109549	1.60166433	1.63388443	0.0106008455	0.0754204879	0	100	0	0	3
412	601	0	3.69637958	1.63094492	1.61137204	1.60166433	1.63388443	0.0106008455	0.0754204879	0	100	0	0	3
413	603	0	3.70535138	1.63080686	1.61180481	1.60166433	1.63388443	0.0106008455	0.0754204879	0	100	0	0	3
414	604	0	3.71432317	1.6301261	1.61222782	1.60166433	1.63388443	0.0106008455	0.0754204879	0	100	0	0	3
415	605	0	3.72329497	1.63002176	1.61265946	1.60166433	1.63388443	0.0106008455	0.0754204879	0	100	0	0	3
416	606	0	3.73226676	1.62938323	1.61309621	1.60166433	1.63388443	0.0106008455	0.0754204879	0	100	0	0	3
417	608	0	3.74123856	1.62907176	1.61354221	1.60166433	1.63388443	0.0106008455	0.0754204879	0	100	0	0	3
418	609	0	3.75021035	1.62829998	1.6139873	1.60166433	1.63388443	0.0105683358	0.0754204879	0	100	0	0	3
419	610	0	3.75918215	1.62720225	1.61441492	1.60166433	1.63388443	0.0105131458	0.0754204879	0	100	0	0	3
420	611	0	3.76815394	1.62547564	1.61480007	1.60166433	1.63388443	0.0104445217	0.0754204879	0	100	0	0	3
421	613	0	3.77712574	1.62431991	1.61513408	1.60166433	1.63388443	0.0103487803	0.0754204879	0	100	0	0	3
422	614	0	3.78609753	1.62217091	1.61541504	1.60166433	1.63388443	0.010224391	0.0754204879	0	100	0	0	3
423	615	0	3.79506933	1.61995787	1.61564539	1.60166433	1.63388443	0.0100479416	0.0754204879	0	100	0	0	3
424	617	0	3.80404112	1.61888692	1.61586496	1.60166433	1.63388443	0.00983954259	0.0754204879	0	100	0	0	3
425	618	0	3.81301292	1.61812613	1.61607226	1.60166433	1.63388443	0.00959509229	0.0754204879	0	100	0	0	3
426	619	0	3.82198471	1.61824361	1.61629322	1.60166433	1.63388443	0.00931112073	0.0754204879	0	100	0	0	3
427	620	0	3.83095651	1.61853659	1.61653174	1.60166433	1.63388443	0.0090104872	0.0754204879	0	100	0	0	3
428	622	0	3.83992831	1.61832003	1.61676236	1.60166433	1.63388443	0.009118896	0.0754204879	0	100	0	0	3
429	623	0	3.8489001	1.61709162	1.61696897	1.60166433	1.63388443	0.00932550571	0.0754204879	0	100	0	0	3
430	624	0	3.8578719	1.61476803	1.6171261	1.60166433	1.63388443	0.00948263697	0.0754204879	0	100	0	0	3
431	625	0	3.86684369	1.61287291	1.61724224	1.60166433	1.63388443	0.0095987771	0.0754204879	0	100	0	0	3
432	627	0	3.87581549	1.61180394	1.6173397	1.60166433	1.63388443	0.00969623904	0.0754204879	0	100	0	0	3
433	628	0	3.88478728	1.61113649	1.61743313	1.60166433	1.63388443	0.0097896635	0.0754204879	0	100	0	0	3
434	629	0	3.89375908	1.61053622	1.61753715	1.60166433	1.63388443	0.00989368369	0.0754204879	0	100	0	0	3
435	630	0	3.90273087	1.61027917	1.61765529	1.60166433	1.63388443	0.0100118233	0.0754204879	0	100	0	0	3
436	632	0	3.91170267	1.60981795	1.61775602	1.60166433	1.63388443	0.0101125558	0.0754204879	0	100	0	0	3
437	633	0	3.92067446	1.6082944	1.61783143	1.60166433	1.63388443	0.0101879631	0.0754204879	0	100	0	0	3
438	634	0	3.92964626	1.60684089	1.61789536	1.60166433	1.63388443	0.0102518921	0.0754204879	0	100	0	0	3
439	635	0	3.93861805	1.60541771	1.6179433	1.60166433	1.63388443	0.010299835	0.0754204879	0	100	0	0	3
440	637	0	3.94758985	1.60456341	1.61798364	1.60166433	1.63388443	0.0103401734	0.0754204879	0	100	0	0	3
441	638	0	3.95656164	1.60426942	1.61803016	1.6023706	1.63388443	0.0103866929	0.0754204879	0	100	0	0	3
442	639	0	3.96553344	1.60500902	1.61807727	1.60310932	1.63388443	0.0104338076	0.0754204879	0	100	0	0	3
443	640	0	3.97450523	1.60577813	1.61812493	1.6036683	1.63388443	0.010481465	0.0754204879	0	100	0	0	3
444	642	0	3.98347703	1.60656299	1.61817662	1.60426942	1.63388443	0.0105331559	0.0754204879	0	100	0	0	3
445	643	0	3.99244882	1.6064615	1.61821366	1.60426942	1.63388443	0.0105701951	0.0754204879	0	100	0	0	3
446	644	0	4.00142062	1.60676056	1.61824355	1.60426942	1.63388443	0.0106000846	0.0754204879	0	100	0	0	3
