Iteration	CPUTime	PhysTime	Travels	Value	AvValue	MinValue	MaxValue	Delta	Criteria	PrevAvRefValue	Progress	CriteriaType	CriteriaVarType	CriteriaPercentage
1	7	0	0.00897179511	0	0	0	0	0	0	0	0	0	0	3
2	8	0	0.0179435902	0	0	0	0	0	0	0	0	0	0	3
3	9	0	0.0269153853	0	0	0	0	0	0	0	0	0	0	3
4	10	0	0.0358871804	0	0	0	0	0	0	0	0	0	0	3
5	12	0	0.0448589755	0	0	0	0	0	0	0	0	0	0	3
6	13	0	0.0538307706	0	0	0	0	0	0	0	0	0	0	3
7	14	0	0.0628025657	0	0	0	0	0	0	0	0	0	0	3
8	15	0	0.0717743608	0	0	0	0	0	0	0	0	0	0	3
9	16	0	0.080746156	0	0	0	0	0	0	0	0	0	0	3
10	17	0	0.0897179511	0	0	0	0	0	0	0	0	0	0	3
11	19	0	0.0986897462	0	0	0	0	0	0	0	0	0	0	3
12	20	0	0.107661541	0	0	0	0	0	0	0	0	0	0	3
13	21	0	0.116633336	0	0	0	0	0	0	0	0	0	0	3
14	22	0	0.125605131	0	0	0	0	0	0	0	0	0	0	3
15	23	0	0.134576927	0	0	0	0	0	0	0	0	0	0	3
16	24	0	0.143548722	0	0	0	0	0	0	0	0	0	0	3
17	26	0	0.152520517	0	0	0	0	0	0	0	0	0	0	3
18	27	0	0.161492312	0	0	0	0	0	0	0	0	0	0	3
19	28	0	0.170464107	0	0	0	0	0	0	0	0	0	0	3
20	29	0	0.179435902	0	0	0	0	0	0	0	0	0	0	3
21	30	0	0.188407697	0	0	0	0	0	0	0	0	0	0	3
22	32	0	0.197379492	0	0	0	0	0	0	0	0	0	0	3
23	33	0	0.206351287	0	0	0	0	0	0	0	0	0	0	3
24	34	0	0.215323083	0	0	0	0	0	0	0	0	0	0	3
25	36	0	0.224294878	0	0	0	0	0	0	0	0	0	0	3
26	37	0	0.233266673	0	0	0	0	0	0	0	0	0	0	3
27	38	0	0.242238468	0	0	0	0	0	0	0	0	0	0	3
28	40	0	0.251210263	0	0	0	0	0	0	0	0	0	0	3
29	41	0	0.260182058	0	0	0	0	0	0	0	0	0	0	3
30	42	0	0.269153853	0	0	0	0	0	0	0	0	0	0	3
31	44	0	0.278125648	0	0	0	0	0	0	0	0	0	0	3
32	46	0	0.287097443	0	0	0	0	0	0	0	0	0	0	3
33	47	0	0.296069238	0	0	0	0	0	0	0	0	0	0	3
34	49	0	0.305041034	0	0	0	0	0	0	0	0	0	0	3
35	51	0	0.314012829	0	0	0	0	0	0	0	0	0	0	3
36	52	0	0.322984624	0	0	0	0	0	0	0	0	0	0	3
37	54	0	0.331956419	0	0	0	0	0	0	0	0	0	0	3
38	56	0	0.340928214	0	0	0	0	0	0	0	0	0	0	3
39	57	0	0.349900009	0	0	0	0	0	0	0	0	0	0	3
40	59	0	0.358871804	0	0	0	0	0	0	0	0	0	0	3
41	62	0	0.367843599	0	0	0	0	0	0	0	0	0	0	3
42	63	0	0.376815394	0	0	0	0	0	0	0	0	0	0	3
43	64	0	0.38578719	0	0	0	0	0	0	0	0	0	0	3
44	66	0	0.394758985	0	0	0	0	0	0	0	0	0	0	3
45	67	0	0.40373078	0	0	0	0	0	0	0	0	0	0	3
46	69	0	0.412702575	0	0	0	0	0	0	0	0	0	0	3
47	71	0	0.42167437	0	0	0	0	0	0	0	0	0	0	3
48	72	0	0.430646165	0	0	0	0	0	0	0	0	0	0	3
49	74	0	0.43961796	0	0	0	0	0	0	0	0	0	0	3
50	75	0	0.448589755	0	0	0	0	0	0	0	0	0	0	3
51	77	0	0.45756155	0	0	0	0	0	0	0	0	0	0	3
52	78	0	0.466533345	0	0	0	0	0	0	0	0	0	0	3
53	80	0	0.475505141	0	0	0	0	0	0	0	0	0	0	3
54	81	0	0.484476936	0	0	0	0	0	0	0	0	0	0	3
55	83	0	0.493448731	0	0	0	0	0	0	0	0	0	0	3
56	84	0	0.502420526	0	0	0	0	0	0	0	0	0	0	3
57	86	0	0.511392321	0	0	0	0	0	0	0	0	0	0	3
58	87	0	0.520364116	0	0	0	0	0	0	0	0	0	0	3
59	89	0	0.529335911	0	0	0	0	0	0	0	0	0	0	3
60	90	0	0.538307706	0	0	0	0	0	0	0	0	0	0	3
61	92	0	0.547279501	0	0	0	0	0	0	0	0	0	0	3
62	93	0	0.556251297	0	0	0	0	0	0	0	0	0	0	3
63	95	0	0.565223092	0	0	0	0	0	0	0	0	0	0	3
64	96	0	0.574194887	0	0	0	0	0	0	0	0	0	0	3
65	98	0	0.583166682	0	0	0	0	0	0	0	0	0	0	3
66	100	0	0.592138477	0	0	0	0	0	0	0	0	0	0	3
67	101	0	0.601110272	0	0	0	0	0	0	0	0	0	0	3
68	103	0	0.610082067	0	0	0	0	0	0	0	0	0	0	3
69	104	0	0.619053862	0	0	0	0	0	0	0	0	0	0	3
70	106	0	0.628025657	0	0	0	0	0	0	0	0	0	0	3
71	108	0	0.636997452	0	0	0	0	0	0	0	0	0	0	3
72	109	0	0.645969248	0	0	0	0	0	0	0	0	0	0	3
73	111	0	0.654941043	0	0	0	0	0	0	0	0	0	0	3
74	112	0	0.663912838	0	0	0	0	0	0	0	0	0	0	3
75	114	0	0.672884633	0	0	0	0	0	0	0	0	0	0	3
76	116	0	0.681856428	0	0	0	0	0	0	0	0	0	0	3
77	117	0	0.690828223	0	0	0	0	0	0	0	0	0	0	3
78	119	0	0.699800018	0	0	0	0	0	0	0	0	0	0	3
79	121	0	0.708771813	0	0	0	0	0	0	0	0	0	0	3
80	122	0	0.717743608	0	0	0	0	0	0	0	0	0	0	3
81	124	0	0.726715404	0	0	0	0	0	0	0	0	0	0	3
82	126	0	0.735687199	0	0	0	0	0	0	0	0	0	0	3
83	127	0	0.744658994	0	0	0	0	0	0	0	0	0	0	3
84	129	0	0.753630789	0	0	0	0	0	0	0	0	0	0	3
85	131	0	0.762602584	0	0	0	0	0	0	0	0	0	0	3
86	132	0	0.771574379	0	0	0	0	0	0	0	0	0	0	3
87	134	0	0.780546174	0	0	0	0	0	0	0	0	0	0	3
88	136	0	0.789517969	0	0	0	0	0	0	0	0	0	0	3
89	137	0	0.798489764	0	0	0	0	0	0	0	0	0	0	3
90	139	0	0.80746156	0	0	0	0	0	0	0	0	0	0	3
91	141	0	0.816433355	0	0	0	0	0	0	0	0	0	0	3
92	142	0	0.82540515	0	0	0	0	0	0	0	0	0	0	3
93	144	0	0.834376945	0	0	0	0	0	0	0	0	0	0	3
94	146	0	0.84334874	0	0	0	0	0	0	0	0	0	0	3
95	147	0	0.852320535	0	0	0	0	0	0	0	0	0	0	3
96	149	0	0.86129233	0	0	0	0	0	0	0	0	0	0	3
97	151	0	0.870264125	0	0	0	0	0	0	0	0	0	0	3
98	152	0	0.87923592	0	0	0	0	0	0	0	0	0	0	3
99	154	0	0.888207715	0	0	0	0	0	0	0	0	0	0	3
100	156	0	0.897179511	0	0	0	0	0	0	0	0	0	0	3
101	161	0	0.906151306	0	0	0	0	0	0	0	0	0	0	3
102	163	0	0.915123101	0	0	0	0	0	0	0	0	0	0	3
103	165	0	0.924094896	0	0	0	0	0	0	0	0	0	0	3
104	166	0	0.933066691	0	0	0	0	0	0	0	0	0	0	3
105	168	0	0.942038486	0	0	0	0	0	0	0	0	0	0	3
106	169	0	0.951010281	0	0	0	0	0	0	0	0	0	0	3
107	171	0	0.959982076	0	0	0	0	0	0	0	0	0	0	3
108	173	0	0.968953871	0	0	0	0	0	0	0	0	0	0	3
109	174	0	0.977925667	0	0	0	0	0	0	0	0	0	0	3
110	176	0	0.986897462	0	0	0	0	0	0	0	0	0	0	3
111	177	0	0.995869257	0	0	0	0	0	0	0	0	0	0	3
112	179	0	1.00484105	0	0	0	0	0	5e-06	0	0	0	0	3
113	181	0	1.01381285	0	0	0	0	0	5e-06	0	0	0	0	3
114	182	0	1.02278464	0	0	0	0	0	5e-06	0	0	0	0	3
115	184	0	1.03175644	0	0	0	0	0	5e-06	0	0	0	0	3
116	185	0	1.04072823	0	0	0	0	0	5e-06	0	0	0	0	3
117	187	0	1.04970003	0	0	0	0	0	5e-06	0	0	0	0	3
118	188	0	1.05867182	0	0	0	0	0	5e-06	0	0	0	0	3
119	190	0	1.06764362	0	0	0	0	0	5e-06	0	0	0	0	3
120	191	0	1.07661541	0	0	0	0	0	5e-06	0	0	0	0	3
121	193	0	1.08558721	0	0	0	0	0	5e-06	0	0	0	0	3
122	194	0	1.094559	0	0	0	0	0	5e-06	0	0	0	0	3
123	196	0	1.1035308	0	0	0	0	0	5e-06	0	0	0	0	3
124	197	0	1.11250259	0	0	0	0	0	5e-06	0	0	0	0	3
125	199	0	1.12147439	0	0	0	0	0	5e-06	0	0	0	0	3
126	200	0	1.13044618	0	0	0	0	0	5e-06	0	0	0	0	3
127	202	0	1.13941798	0	0	0	0	0	5e-06	0	0	0	0	3
128	203	0	1.14838977	0	0	0	0	0	5e-06	0	0	0	0	3
129	205	0	1.15736157	0	0	0	0	0	5e-06	0	0	0	0	3
130	206	0	1.16633336	0	0	0	0	0	5e-06	0	0	0	0	3
131	208	0	1.17530516	0	0	0	0	0	5e-06	0	0	0	0	3
132	209	0	1.18427695	0	0	0	0	0	5e-06	0	0	0	0	3
133	211	0	1.19324875	0	0	0	0	0	5e-06	0	0	0	0	3
134	212	0	1.20222054	0	0	0	0	0	5e-06	0	0	0	0	3
135	213	0	1.21119234	0	0	0	0	0	5e-06	0	0	0	0	3
136	215	0	1.22016413	0	0	0	0	0	5e-06	0	0	0	0	3
137	216	0	1.22913593	0	0	0	0	0	5e-06	0	0	0	0	3
138	218	0	1.23810772	0	0	0	0	0	5e-06	0	0	0	0	3
139	219	0	1.24707952	0	0	0	0	0	5e-06	0	0	0	0	3
140	221	0	1.25605131	0	0	0	0	0	5e-06	0	0	0	0	3
141	222	0	1.26502311	0	0	0	0	0	5e-06	0	0	0	0	3
142	224	0	1.2739949	0	0	0	0	0	5e-06	0	0	0	0	3
143	225	0	1.2829667	0	0	0	0	0	5e-06	0	0	0	0	3
144	226	0	1.2919385	0	0	0	0	0	5e-06	0	0	0	0	3
145	228	0	1.30091029	0	0	0	0	0	5e-06	0	0	0	0	3
146	229	0	1.30988209	0	0	0	0	0	5e-06	0	0	0	0	3
147	231	0	1.31885388	0	0	0	0	0	5e-06	0	0	0	0	3
148	232	0	1.32782568	0	0	0	0	0	5e-06	0	0	0	0	3
149	234	0	1.33679747	0	0	0	0	0	5e-06	0	0	0	0	3
150	235	0	1.34576927	0	0	0	0	0	5e-06	0	0	0	0	3
151	236	0	1.35474106	0	0	0	0	0	5e-06	0	0	0	0	3
152	238	0	1.36371286	0	0	0	0	0	5e-06	0	0	0	0	3
153	239	0	1.37268465	0	0	0	0	0	5e-06	0	0	0	0	3
154	241	0	1.38165645	0	0	0	0	0	5e-06	0	0	0	0	3
155	242	0	1.39062824	0	0	0	0	0	5e-06	0	0	0	0	3
156	243	0	1.39960004	0	0	0	0	0	5e-06	0	0	0	0	3
157	245	0	1.40857183	0	0	0	0	0	5e-06	0	0	0	0	3
158	246	0	1.41754363	0	0	0	0	0	5e-06	0	0	0	0	3
159	248	0	1.42651542	0	0	0	0	0	5e-06	0	0	0	0	3
160	249	0	1.43548722	0	0	0	0	0	5e-06	0	0	0	0	3
161	250	0	1.44445901	0	0	0	0	0	5e-06	0	0	0	0	3
162	252	0	1.45343081	0	0	0	0	0	5e-06	0	0	0	0	3
163	253	0	1.4624026	0	0	0	0	0	5e-06	0	0	0	0	3
164	254	0	1.4713744	0	0	0	0	0	5e-06	0	0	0	0	3
165	256	0	1.48034619	0	0	0	0	0	5e-06	0	0	0	0	3
166	257	0	1.48931799	0	0	0	0	0	5e-06	0	0	0	0	3
167	258	0	1.49828978	0	0	0	0	0	5e-06	0	0	0	0	3
168	260	0	1.50726158	0	0	0	0	0	5e-06	0	0	0	0	3
169	261	0	1.51623337	0	0	0	0	0	5e-06	0	0	0	0	3
170	262	0	1.52520517	0	0	0	0	0	5e-06	0	0	0	0	3
171	264	0	1.53417696	0	0	0	0	0	5e-06	0	0	0	0	3
172	265	0	1.54314876	0	0	0	0	0	5e-06	0	0	0	0	3
173	267	0	1.55212055	0	0	0	0	0	5e-06	0	0	0	0	3
174	268	0	1.56109235	0	0	0	0	0	5e-06	0	0	0	0	3
175	269	0	1.57006414	0	0	0	0	0	5e-06	0	0	0	0	3
176	271	0	1.57903594	0	0	0	0	0	5e-06	0	0	0	0	3
177	272	0	1.58800773	0	0	0	0	0	5e-06	0	0	0	0	3
178	273	0	1.59697953	0	0	0	0	0	5e-06	0	0	0	0	3
179	275	0	1.60595132	0	0	0	0	0	5e-06	0	0	0	0	3
180	276	0	1.61492312	0	0	0	0	0	5e-06	0	0	0	0	3
181	278	0	1.62389491	0	0	0	0	0	5e-06	0	0	0	0	3
182	279	0	1.63286671	0	0	0	0	0	5e-06	0	0	0	0	3
183	280	0	1.6418385	0	0	0	0	0	5e-06	0	0	0	0	3
184	282	0	1.6508103	0	0	0	0	0	5e-06	0	0	0	0	3
185	283	0	1.65978209	0	0	0	0	0	5e-06	0	0	0	0	3
186	285	0	1.66875389	0	0	0	0	0	5e-06	0	0	0	0	3
187	286	0	1.67772568	0	0	0	0	0	5e-06	0	0	0	0	3
188	287	0	1.68669748	0	0	0	0	0	5e-06	0	0	0	0	3
189	289	0	1.69566927	0	0	0	0	0	5e-06	0	0	0	0	3
190	290	0	1.70464107	0	0	0	0	0	5e-06	0	0	0	0	3
191	291	0	1.71361287	0	0	0	0	0	5e-06	0	0	0	0	3
192	293	0	1.72258466	0	0	0	0	0	5e-06	0	0	0	0	3
193	294	0	1.73155646	0	0	0	0	0	5e-06	0	0	0	0	3
194	295	0	1.74052825	0	0	0	0	0	5e-06	0	0	0	0	3
195	297	0	1.74950005	0	0	0	0	0	5e-06	0	0	0	0	3
196	298	0	1.75847184	0	0	0	0	0	5e-06	0	0	0	0	3
197	299	0	1.76744364	0	0	0	0	0	5e-06	0	0	0	0	3
198	301	0	1.77641543	0	0	0	0	0	5e-06	0	0	0	0	3
199	302	0	1.78538723	0	0	0	0	0	5e-06	0	0	0	0	3
200	303	0	1.79435902	0	0	0	0	0	5e-06	0	0	0	0	3
201	308	0	1.80333082	0	0	0	0	0	5e-06	0	0	0	0	3
202	309	0	1.81230261	0	0	0	0	0	5e-06	0	0	0	0	3
203	311	0	1.82127441	0	0	0	0	0	5e-06	0	0	0	0	3
204	312	0	1.8302462	0	0	0	0	0	5e-06	0	0	0	0	3
205	314	0	1.839218	0	0	0	0	0	5e-06	0	0	0	0	3
206	315	0	1.84818979	0	0	0	0	0	5e-06	0	0	0	0	3
207	316	0	1.85716159	0	0	0	0	0	5e-06	0	0	0	0	3
208	318	0	1.86613338	0	0	0	0	0	5e-06	0	0	0	0	3
209	319	0	1.87510518	0	0	0	0	0	5e-06	0	0	0	0	3
210	320	0	1.88407697	0	0	0	0	0	5e-06	0	0	0	0	3
211	322	0	1.89304877	0	0	0	0	0	5e-06	0	0	0	0	3
212	323	0	1.90202056	0	0	0	0	0	5e-06	0	0	0	0	3
213	324	0	1.91099236	0	0	0	0	0	5e-06	0	0	0	0	3
214	326	0	1.91996415	0	0	0	0	0	5e-06	0	0	0	0	3
215	327	0	1.92893595	0	0	0	0	0	5e-06	0	0	0	0	3
216	328	0	1.93790774	0	0	0	0	0	5e-06	0	0	0	0	3
217	329	0	1.94687954	0	0	0	0	0	5e-06	0	0	0	0	3
218	331	0	1.95585133	0	0	0	0	0	5e-06	0	0	0	0	3
219	332	0	1.96482313	0	0	0	0	0	5e-06	0	0	0	0	3
220	333	0	1.97379492	0	0	0	0	0	5e-06	0	0	0	0	3
221	335	0	1.98276672	0	0	0	0	0	5e-06	0	0	0	0	3
222	337	0	1.99173851	0	0	0	0	0	5e-06	0	0	0	0	3
223	339	0	2.00071031	0	0	0	0	0	5e-06	0	0	0	0	3
224	340	0	2.0096821	0	0	0	0	0	5e-06	0	0	0	0	3
225	342	0	2.0186539	0	0	0	0	0	5e-06	0	0	0	0	3
226	343	0	2.02762569	0	0	0	0	0	5e-06	0	0	0	0	3
227	345	0	2.03659749	0	0	0	0	0	5e-06	0	0	0	0	3
228	346	0	2.04556928	0	0	0	0	0	5e-06	0	0	0	0	3
229	348	0	2.05454108	0	0	0	0	0	5e-06	0	0	0	0	3
230	350	0	2.06351287	0	0	0	0	0	5e-06	0	0	0	0	3
231	351	0	2.07248467	0	0	0	0	0	5e-06	0	0	0	0	3
232	352	0	2.08145646	0	0	0	0	0	5e-06	0	0	0	0	3
233	354	0	2.09042826	0	0	0	0	0	5e-06	0	0	0	0	3
234	355	0	2.09940005	0	0	0	0	0	5e-06	0	0	0	0	3
235	357	0	2.10837185	0	0	0	0	0	5e-06	0	0	0	0	3
236	358	0	2.11734364	0	0	0	0	0	5e-06	0	0	0	0	3
237	359	0	2.12631544	0	0	0	0	0	5e-06	0	0	0	0	3
238	361	0	2.13528724	0	0	0	0	0	5e-06	0	0	0	0	3
239	362	0	2.14425903	0	0	0	0	0	5e-06	0	0	0	0	3
240	363	0	2.15323083	0	0	0	0	0	5e-06	0	0	0	0	3
241	365	0	2.16220262	0	0	0	0	0	5e-06	0	0	0	0	3
242	366	0	2.17117442	0	0	0	0	0	5e-06	0	0	0	0	3
243	367	0	2.18014621	0	0	0	0	0	5e-06	0	0	0	0	3
244	369	0	2.18911801	0	0	0	0	0	5e-06	0	0	0	0	3
245	370	0	2.1980898	0	0	0	0	0	5e-06	0	0	0	0	3
246	371	0	2.2070616	0	0	0	0	0	5e-06	0	0	0	0	3
247	372	0	2.21603339	0	0	0	0	0	5e-06	0	0	0	0	3
248	374	0	2.22500519	0	0	0	0	0	5e-06	0	0	0	0	3
249	375	0	2.23397698	0	0	0	0	0	5e-06	0	0	0	0	3
250	376	0	2.24294878	0	0	0	0	0	5e-06	0	0	0	0	3
251	378	0	2.25192057	0	0	0	0	0	5e-06	0	0	0	0	3
252	379	0	2.26089237	0	0	0	0	0	5e-06	0	0	0	0	3
253	380	0	2.26986416	0	0	0	0	0	5e-06	0	0	0	0	3
254	382	0	2.27883596	0	0	0	0	0	5e-06	0	0	0	0	3
255	383	0	2.28780775	0	0	0	0	0	5e-06	0	0	0	0	3
256	384	0	2.29677955	0	0	0	0	0	5e-06	0	0	0	0	3
257	386	0	2.30575134	0	0	0	0	0	5e-06	0	0	0	0	3
258	387	0	2.31472314	0	0	0	0	0	5e-06	0	0	0	0	3
259	388	0	2.32369493	0	0	0	0	0	5e-06	0	0	0	0	3
260	390	0	2.33266673	0	0	0	0	0	5e-06	0	0	0	0	3
261	391	0	2.34163852	0	0	0	0	0	5e-06	0	0	0	0	3
262	392	0	2.35061032	0	0	0	0	0	5e-06	0	0	0	0	3
263	394	0	2.35958211	0	0	0	0	0	5e-06	0	0	0	0	3
264	395	0	2.36855391	0	0	0	0	0	5e-06	0	0	0	0	3
265	396	0	2.3775257	0	0	0	0	0	5e-06	0	0	0	0	3
266	398	0	2.3864975	0	0	0	0	0	5e-06	0	0	0	0	3
267	399	0	2.39546929	0	0	0	0	0	5e-06	0	0	0	0	3
268	401	0	2.40444109	0	0	0	0	0	5e-06	0	0	0	0	3
269	402	0	2.41341288	0	0	0	0	0	5e-06	0	0	0	0	3
270	403	0	2.42238468	0	0	0	0	0	5e-06	0	0	0	0	3
271	405	0	2.43135647	0	0	0	0	0	5e-06	0	0	0	0	3
272	406	0	2.44032827	0	0	0	0	0	5e-06	0	0	0	0	3
273	407	0	2.44930006	0	0	0	0	0	5e-06	0	0	0	0	3
274	409	0	2.45827186	0	0	0	0	0	5e-06	0	0	0	0	3
275	410	0	2.46724365	0	0	0	0	0	5e-06	0	0	0	0	3
276	412	0	2.47621545	0	0	0	0	0	5e-06	0	0	0	0	3
277	413	0	2.48518724	0	0	0	0	0	5e-06	0	0	0	0	3
278	415	0	2.49415904	0	0	0	0	0	5e-06	0	0	0	0	3
279	416	0	2.50313083	0	0	0	0	0	5e-06	0	0	0	0	3
280	417	0	2.51210263	0	0	0	0	0	5e-06	0	0	0	0	3
281	419	0	2.52107442	0	0	0	0	0	5e-06	0	0	0	0	3
282	420	0	2.53004622	0	0	0	0	0	5e-06	0	0	0	0	3
283	422	0	2.53901801	0	0	0	0	0	5e-06	0	0	0	0	3
284	423	0	2.54798981	0	0	0	0	0	5e-06	0	0	0	0	3
285	424	0	2.55696161	0	0	0	0	0	5e-06	0	0	0	0	3
286	426	0	2.5659334	0	0	0	0	0	5e-06	0	0	0	0	3
287	427	0	2.5749052	0	0	0	0	0	5e-06	0	0	0	0	3
288	429	0	2.58387699	0	0	0	0	0	5e-06	0	0	0	0	3
289	430	0	2.59284879	0	0	0	0	0	5e-06	0	0	0	0	3
290	432	0	2.60182058	0	0	0	0	0	5e-06	0	0	0	0	3
291	433	0	2.61079238	0	0	0	0	0	5e-06	0	0	0	0	3
292	435	0	2.61976417	0	0	0	0	0	5e-06	0	0	0	0	3
293	436	0	2.62873597	0	0	0	0	0	5e-06	0	0	0	0	3
294	437	0	2.63770776	0	0	0	0	0	5e-06	0	0	0	0	3
295	439	0	2.64667956	0	0	0	0	0	5e-06	0	0	0	0	3
296	440	0	2.65565135	0	0	0	0	0	5e-06	0	0	0	0	3
297	442	0	2.66462315	0	0	0	0	0	5e-06	0	0	0	0	3
298	443	0	2.67359494	0	0	0	0	0	5e-06	0	0	0	0	3
299	445	0	2.68256674	0	0	0	0	0	5e-06	0	0	0	0	3
300	446	0	2.69153853	0	0	0	0	0	5e-06	0	0	0	0	3
301	451	0	2.70051033	0	0	0	0	0	5e-06	0	0	0	0	3
302	452	0	2.70948212	0	0	0	0	0	5e-06	0	0	0	0	3
303	454	0	2.71845392	0	0	0	0	0	5e-06	0	0	0	0	3
304	455	0	2.72742571	0	0	0	0	0	5e-06	0	0	0	0	3
305	457	0	2.73639751	0	0	0	0	0	5e-06	0	0	0	0	3
306	458	0	2.7453693	0	0	0	0	0	5e-06	0	0	0	0	3
307	460	0	2.7543411	0	0	0	0	0	5e-06	0	0	0	0	3
308	461	0	2.76331289	0	0	0	0	0	5e-06	0	0	0	0	3
309	462	0	2.77228469	0	0	0	0	0	5e-06	0	0	0	0	3
310	464	0	2.78125648	0	0	0	0	0	5e-06	0	0	0	0	3
311	465	0	2.79022828	0	0	0	0	0	5e-06	0	0	0	0	3
312	467	0	2.79920007	0	0	0	0	0	5e-06	0	0	0	0	3
313	468	0	2.80817187	0	0	0	0	0	5e-06	0	0	0	0	3
314	469	0	2.81714366	0	0	0	0	0	5e-06	0	0	0	0	3
315	471	0	2.82611546	0	0	0	0	0	5e-06	0	0	0	0	3
316	472	0	2.83508725	0	0	0	0	0	5e-06	0	0	0	0	3
317	473	0	2.84405905	0	0	0	0	0	5e-06	0	0	0	0	3
318	475	0	2.85303084	0	0	0	0	0	5e-06	0	0	0	0	3
319	476	0	2.86200264	0	0	0	0	0	5e-06	0	0	0	0	3
320	478	0	2.87097443	0	0	0	0	0	5e-06	0	0	0	0	3
321	479	0	2.87994623	0	0	0	0	0	5e-06	0	0	0	0	3
322	480	0	2.88891802	0	0	0	0	0	5e-06	0	0	0	0	3
323	482	0	2.89788982	0	0	0	0	0	5e-06	0	0	0	0	3
324	483	0	2.90686161	0	0	0	0	0	5e-06	0	0	0	0	3
325	485	0	2.91583341	0	0	0	0	0	5e-06	0	0	0	0	3
326	486	0	2.9248052	0	0	0	0	0	5e-06	0	0	0	0	3
327	487	0	2.933777	0	0	0	0	0	5e-06	0	0	0	0	3
328	489	0	2.94274879	0	0	0	0	0	5e-06	0	0	0	0	3
329	490	0	2.95172059	0	0	0	0	0	5e-06	0	0	0	0	3
330	492	0	2.96069238	0	0	0	0	0	5e-06	0	0	0	0	3
331	493	0	2.96966418	0	0	0	0	0	5e-06	0	0	0	0	3
332	494	0	2.97863598	0	0	0	0	0	5e-06	0	0	0	0	3
333	496	0	2.98760777	0	0	0	0	0	5e-06	0	0	0	0	3
334	497	0	2.99657957	0	0	0	0	0	5e-06	0	0	0	0	3
335	498	0	3.00555136	0	0	0	0	0	5e-06	0	0	0	0	3
336	500	0	3.01452316	0	0	0	0	0	5e-06	0	0	0	0	3
337	501	0	3.02349495	0	0	0	0	0	5e-06	0	0	0	0	3
338	503	0	3.03246675	0	0	0	0	0	5e-06	0	0	0	0	3
339	504	0	3.04143854	0	0	0	0	0	5e-06	0	0	0	0	3
340	505	0	3.05041034	0	0	0	0	0	5e-06	0	0	0	0	3
341	507	0	3.05938213	0	0	0	0	0	5e-06	0	0	0	0	3
342	508	0	3.06835393	0	0	0	0	0	5e-06	0	0	0	0	3
343	509	0	3.07732572	0	0	0	0	0	5e-06	0	0	0	0	3
344	511	0	3.08629752	0	0	0	0	0	5e-06	0	0	0	0	3
345	512	0	3.09526931	0	0	0	0	0	5e-06	0	0	0	0	3
346	513	0	3.10424111	0	0	0	0	0	5e-06	0	0	0	0	3
347	515	0	3.1132129	0	0	0	0	0	5e-06	0	0	0	0	3
348	516	0	3.1221847	0	0	0	0	0	5e-06	0	0	0	0	3
349	517	0	3.13115649	0	0	0	0	0	5e-06	0	0	0	0	3
350	519	0	3.14012829	0	0	0	0	0	5e-06	0	0	0	0	3
351	520	0	3.14910008	0	0	0	0	0	5e-06	0	0	0	0	3
352	521	0	3.15807188	0	0	0	0	0	5e-06	0	0	0	0	3
353	523	0	3.16704367	0	0	0	0	0	5e-06	0	0	0	0	3
354	524	0	3.17601547	0	0	0	0	0	5e-06	0	0	0	0	3
355	525	0	3.18498726	0	0	0	0	0	5e-06	0	0	0	0	3
356	527	0	3.19395906	0	0	0	0	0	5e-06	0	0	0	0	3
357	528	0	3.20293085	0	0	0	0	0	5e-06	0	0	0	0	3
358	529	0	3.21190265	0	0	0	0	0	5e-06	0	0	0	0	3
359	531	0	3.22087444	0	0	0	0	0	5e-06	0	0	0	0	3
360	532	0	3.22984624	0	0	0	0	0	5e-06	0	0	0	0	3
361	533	0	3.23881803	0	0	0	0	0	5e-06	0	0	0	0	3
362	535	0	3.24778983	0	0	0	0	0	5e-06	0	0	0	0	3
363	536	0	3.25676162	0	0	0	0	0	5e-06	0	0	0	0	3
364	537	0	3.26573342	0	0	0	0	0	5e-06	0	0	0	0	3
365	538	0	3.27470521	0	0	0	0	0	5e-06	0	0	0	0	3
366	540	0	3.28367701	0	0	0	0	0	5e-06	0	0	0	0	3
367	541	0	3.2926488	0	0	0	0	0	5e-06	0	0	0	0	3
368	542	0	3.3016206	0	0	0	0	0	5e-06	0	0	0	0	3
369	544	0	3.31059239	0	0	0	0	0	5e-06	0	0	0	0	3
370	545	0	3.31956419	0	0	0	0	0	5e-06	0	0	0	0	3
371	546	0	3.32853598	0	0	0	0	0	5e-06	0	0	0	0	3
372	547	0	3.33750778	0	0	0	0	0	5e-06	0	0	0	0	3
373	549	0	3.34647957	0	0	0	0	0	5e-06	0	0	0	0	3
374	550	0	3.35545137	0	0	0	0	0	5e-06	0	0	0	0	3
375	551	0	3.36442316	0	0	0	0	0	5e-06	0	0	0	0	3
376	553	0	3.37339496	0	0	0	0	0	5e-06	0	0	0	0	3
377	554	0	3.38236675	0	0	0	0	0	5e-06	0	0	0	0	3
378	555	0	3.39133855	0	0	0	0	0	5e-06	0	0	0	0	3
379	557	0	3.40031035	0	0	0	0	0	5e-06	0	0	0	0	3
380	558	0	3.40928214	0	0	0	0	0	5e-06	0	0	0	0	3
381	559	0	3.41825394	0	0	0	0	0	5e-06	0	0	0	0	3
382	560	0	3.42722573	0	0	0	0	0	5e-06	0	0	0	0	3
383	562	0	3.43619753	0	0	0	0	0	5e-06	0	0	0	0	3
384	563	0	3.44516932	0	0	0	0	0	5e-06	0	0	0	0	3
385	564	0	3.45414112	0	0	0	0	0	5e-06	0	0	0	0	3
386	566	0	3.46311291	0	0	0	0	0	5e-06	0	0	0	0	3
387	567	0	3.47208471	0	0	0	0	0	5e-06	0	0	0	0	3
388	568	0	3.4810565	0	0	0	0	0	5e-06	0	0	0	0	3
389	569	0	3.4900283	0	0	0	0	0	5e-06	0	0	0	0	3
390	570	0	3.49900009	0	0	0	0	0	5e-06	0	0	0	0	3
391	572	0	3.50797189	0	0	0	0	0	5e-06	0	0	0	0	3
392	573	0	3.51694368	0	0	0	0	0	5e-06	0	0	0	0	3
393	574	0	3.52591548	0	0	0	0	0	5e-06	0	0	0	0	3
394	575	0	3.53488727	0	0	0	0	0	5e-06	0	0	0	0	3
395	577	0	3.54385907	0	0	0	0	0	5e-06	0	0	0	0	3
396	578	0	3.55283086	0	0	0	0	0	5e-06	0	0	0	0	3
397	579	0	3.56180266	0	0	0	0	0	5e-06	0	0	0	0	3
398	581	0	3.57077445	0	0	0	0	0	5e-06	0	0	0	0	3
399	582	0	3.57974625	0	0	0	0	0	5e-06	0	0	0	0	3
400	583	0	3.58871804	0	0	0	0	0	5e-06	0	0	0	0	3
401	588	0	3.59768984	0	0	0	0	0	5e-06	0	0	0	0	3
402	589	0	3.60666163	0	0	0	0	0	5e-06	0	0	0	0	3
403	590	0	3.61563343	0	0	0	0	0	5e-06	0	0	0	0	3
404	591	0	3.62460522	0	0	0	0	0	5e-06	0	0	0	0	3
405	592	0	3.63357702	0	0	0	0	0	5e-06	0	0	0	0	3
406	594	0	3.64254881	0	0	0	0	0	5e-06	0	0	0	0	3
407	595	0	3.65152061	0	0	0	0	0	5e-06	0	0	0	0	3
408	596	0	3.6604924	0	0	0	0	0	5e-06	0	0	0	0	3
409	597	0	3.6694642	0	0	0	0	0	5e-06	0	0	0	0	3
410	599	0	3.67843599	0	0	0	0	0	5e-06	0	0	0	0	3
411	600	0	3.68740779	0	0	0	0	0	5e-06	0	0	0	0	3
412	601	0	3.69637958	0	0	0	0	0	5e-06	0	0	0	0	3
413	603	0	3.70535138	0	0	0	0	0	5e-06	0	0	0	0	3
414	604	0	3.71432317	0	0	0	0	0	5e-06	0	0	0	0	3
415	605	0	3.72329497	0	0	0	0	0	5e-06	0	0	0	0	3
416	606	0	3.73226676	0	0	0	0	0	5e-06	0	0	0	0	3
417	608	0	3.74123856	0	0	0	0	0	5e-06	0	0	0	0	3
418	609	0	3.75021035	0	0	0	0	0	5e-06	0	0	0	0	3
419	610	0	3.75918215	0	0	0	0	0	5e-06	0	0	0	0	3
420	611	0	3.76815394	0	0	0	0	0	5e-06	0	0	0	0	3
421	613	0	3.77712574	0	0	0	0	0	5e-06	0	0	0	0	3
422	614	0	3.78609753	0	0	0	0	0	5e-06	0	0	0	0	3
423	615	0	3.79506933	0	0	0	0	0	5e-06	0	0	0	0	3
424	617	0	3.80404112	0	0	0	0	0	5e-06	0	0	0	0	3
425	618	0	3.81301292	0	0	0	0	0	5e-06	0	0	0	0	3
426	619	0	3.82198471	0	0	0	0	0	5e-06	0	0	0	0	3
427	620	0	3.83095651	0	0	0	0	0	5e-06	0	0	0	0	3
428	622	0	3.83992831	0	0	0	0	0	5e-06	0	0	0	0	3
429	623	0	3.8489001	0	0	0	0	0	5e-06	0	0	0	0	3
430	624	0	3.8578719	0	0	0	0	0	5e-06	0	0	0	0	3
431	625	0	3.86684369	0	0	0	0	0	5e-06	0	0	0	0	3
432	627	0	3.87581549	0	0	0	0	0	5e-06	0	0	0	0	3
433	628	0	3.88478728	0	0	0	0	0	5e-06	0	0	0	0	3
434	629	0	3.89375908	0	0	0	0	0	5e-06	0	0	0	0	3
435	630	0	3.90273087	0	0	0	0	0	5e-06	0	0	0	0	3
436	632	0	3.91170267	0	0	0	0	0	5e-06	0	0	0	0	3
437	633	0	3.92067446	0	0	0	0	0	5e-06	0	0	0	0	3
438	634	0	3.92964626	0	0	0	0	0	5e-06	0	0	0	0	3
439	635	0	3.93861805	0	0	0	0	0	5e-06	0	0	0	0	3
440	637	0	3.94758985	0	0	0	0	0	5e-06	0	0	0	0	3
441	638	0	3.95656164	0	0	0	0	0	5e-06	0	0	0	0	3
442	639	0	3.96553344	0	0	0	0	0	5e-06	0	0	0	0	3
443	640	0	3.97450523	0	0	0	0	0	5e-06	0	0	0	0	3
444	642	0	3.98347703	0	0	0	0	0	5e-06	0	0	0	0	3
445	643	0	3.99244882	0	0	0	0	0	5e-06	0	0	0	0	3
446	644	0	4.00142062	0	0	0	0	0	5e-06	0	0	0	0	3
