Iteration	CPUTime	PhysTime	Travels	Value	AvValue	MinValue	MaxValue	Delta	Criteria	PrevAvRefValue	Progress	CriteriaType	CriteriaVarType	CriteriaPercentage
1	7	0	0.00897179511	293.200014	293.200014	293.200014	293.200014	0	0	0	0	0	0	3
2	8	0	0.0179435902	293.200017	293.200015	293.200014	293.200017	1.4178496e-06	0	0	0	0	0	3
3	9	0	0.0269153853	293.200019	293.200017	293.200014	293.200019	2.64503461e-06	0	0	0	0	0	3
4	10	0	0.0358871804	293.20002	293.200018	293.200014	293.20002	3.59049534e-06	0	0	0	0	0	3
5	12	0	0.0448589755	293.200022	293.200019	293.200014	293.200022	4.49782215e-06	0	0	0	0	0	3
6	13	0	0.0538307706	293.200024	293.20002	293.200014	293.200024	5.47348515e-06	0	0	0	0	0	3
7	14	0	0.0628025657	293.200028	293.200021	293.200014	293.200028	6.66454599e-06	0	0	0	0	0	3
8	15	0	0.0717743608	293.200031	293.200022	293.200014	293.200031	7.89420824e-06	0	0	0	0	0	3
9	16	0	0.080746156	293.200034	293.200023	293.200014	293.200034	9.23863934e-06	0	0	0	0	0	3
10	17	0	0.0897179511	293.200037	293.200025	293.200014	293.200037	1.05752856e-05	0	0	0	0	0	3
11	19	0	0.0986897462	293.200042	293.200026	293.200014	293.200042	1.2118073e-05	0	0	0	0	0	3
12	20	0	0.107661541	293.200046	293.200028	293.200014	293.200046	1.37391324e-05	0	0	0	0	0	3
13	21	0	0.116633336	293.20005	293.20003	293.200014	293.20005	1.5460438e-05	0	0	0	0	0	3
14	22	0	0.125605131	293.200054	293.200031	293.200014	293.200054	1.72247269e-05	0	0	0	0	0	3
15	23	0	0.134576927	293.200059	293.200033	293.200014	293.200059	1.90438828e-05	0	0	0	0	0	3
16	24	0	0.143548722	293.200065	293.200035	293.200014	293.200065	2.10127869e-05	0	0	0	0	0	3
17	26	0	0.152520517	293.200071	293.200037	293.200014	293.200071	2.31149503e-05	0	0	0	0	0	3
18	27	0	0.161492312	293.200077	293.200039	293.200014	293.200077	2.53106697e-05	0	0	0	0	0	3
19	28	0	0.170464107	293.200083	293.200042	293.200014	293.200083	2.75860561e-05	0	0	0	0	0	3
20	29	0	0.179435902	293.200088	293.200044	293.200014	293.200088	2.99198609e-05	0	0	0	0	0	3
21	30	0	0.188407697	293.200097	293.200046	293.200014	293.200097	3.24328147e-05	0	0	0	0	0	3
22	32	0	0.197379492	293.200105	293.200049	293.200014	293.200105	3.50863994e-05	0	0	0	0	0	3
23	33	0	0.206351287	293.200113	293.200052	293.200014	293.200113	3.78477031e-05	0	0	0	0	0	3
24	34	0	0.215323083	293.20012	293.200055	293.200014	293.20012	4.06904992e-05	0	0	0	0	0	3
25	36	0	0.224294878	293.200127	293.200058	293.200014	293.200127	4.35882282e-05	0	0	0	0	0	3
26	37	0	0.233266673	293.200137	293.200061	293.200014	293.200137	4.66332225e-05	0	0	0	0	0	3
27	38	0	0.242238468	293.200145	293.200064	293.200014	293.200145	4.97684102e-05	0	0	0	0	0	3
28	40	0	0.251210263	293.200153	293.200067	293.200014	293.200153	5.29460959e-05	0	0	0	0	0	3
29	41	0	0.260182058	293.200159	293.20007	293.200014	293.200159	5.61225677e-05	0	0	0	0	0	3
30	42	0	0.269153853	293.200164	293.200073	293.200014	293.200164	5.92616912e-05	0	0	0	0	0	3
31	44	0	0.278125648	293.20017	293.200076	293.200014	293.20017	6.23779626e-05	0	0	0	0	0	3
32	46	0	0.287097443	293.200174	293.200079	293.200014	293.200174	6.54226992e-05	0	0	0	0	0	3
33	47	0	0.296069238	293.200176	293.200082	293.200014	293.200176	6.83522249e-05	0	0	0	0	0	3
34	49	0	0.305041034	293.200177	293.200085	293.200014	293.200177	7.11436709e-05	0	0	0	0	0	3
35	51	0	0.314012829	293.200178	293.200088	293.200014	293.200178	7.37931869e-05	0	0	0	0	0	3
36	52	0	0.322984624	293.200179	293.20009	293.200014	293.200179	7.63128363e-05	0	0	0	0	0	3
37	54	0	0.331956419	293.20018	293.200093	293.200014	293.20018	7.87301893e-05	0	0	0	0	0	3
38	56	0	0.340928214	293.200182	293.200095	293.200014	293.200182	8.10718273e-05	0	0	0	0	0	3
39	57	0	0.349900009	293.200184	293.200097	293.200014	293.200184	8.33628101e-05	0	0	0	0	0	3
40	59	0	0.358871804	293.200188	293.2001	293.200014	293.200188	8.56241222e-05	0	0	0	0	0	3
41	62	0	0.367843599	293.200193	293.200102	293.200014	293.200193	8.79059913e-05	0	0	0	0	0	3
42	63	0	0.376815394	293.200199	293.200104	293.200014	293.200199	9.0215788e-05	0	0	0	0	0	3
43	64	0	0.38578719	293.200204	293.200107	293.200014	293.200204	9.25330318e-05	0	0	0	0	0	3
44	66	0	0.394758985	293.200208	293.200109	293.200014	293.200208	9.48397764e-05	0	0	0	0	0	3
45	67	0	0.40373078	293.200211	293.200111	293.200014	293.200211	9.71164526e-05	0	0	0	0	0	3
46	69	0	0.412702575	293.200214	293.200113	293.200014	293.200214	9.93543233e-05	0	0	0	0	0	3
47	71	0	0.42167437	293.200216	293.200116	293.200014	293.200216	0.000101546783	0	0	0	0	0	3
48	72	0	0.430646165	293.200219	293.200118	293.200014	293.200219	0.000103693228	0	0	0	0	0	3
49	74	0	0.43961796	293.200221	293.20012	293.200014	293.200221	0.000105791424	0	0	0	0	0	3
50	75	0	0.448589755	293.200222	293.200122	293.200014	293.200222	0.000107842452	0	0	0	0	0	3
51	77	0	0.45756155	293.200224	293.200124	293.200014	293.200224	0.000109847219	0	0	0	0	0	3
52	78	0	0.466533345	293.200226	293.200126	293.200014	293.200226	0.000111808827	0	0	0	0	0	3
53	80	0	0.475505141	293.200227	293.200128	293.200014	293.200227	0.000113724884	0	0	0	0	0	3
54	81	0	0.484476936	293.200229	293.20013	293.200014	293.200229	0.000115594552	0	0	0	0	0	3
55	83	0	0.493448731	293.20023	293.200131	293.200014	293.20023	0.000117413321	0	0	0	0	0	3
56	84	0	0.502420526	293.20023	293.200133	293.200014	293.20023	0.000119179258	0	0	0	0	0	3
57	86	0	0.511392321	293.200231	293.200137	293.200017	293.200231	0.000121628999	0	0	0	0	0	3
58	87	0	0.520364116	293.200231	293.200141	293.200019	293.200231	0.000124220979	0	0	0	0	0	3
59	89	0	0.529335911	293.200231	293.200145	293.20002	293.200231	0.000127053936	0	0	0	0	0	3
60	90	0	0.538307706	293.200231	293.200148	293.200022	293.200231	0.000129902499	0	0	0	0	0	3
61	92	0	0.547279501	293.200231	293.200152	293.200024	293.200231	0.000132654681	0	0	0	0	0	3
62	93	0	0.556251297	293.200231	293.200156	293.200028	293.200231	0.000135156451	0	0	0	0	0	3
63	95	0	0.565223092	293.200232	293.20016	293.200031	293.200232	0.000137563641	0	0	0	0	0	3
64	96	0	0.574194887	293.200232	293.200163	293.200034	293.200232	0.000139813777	0	0	0	0	0	3
65	98	0	0.583166682	293.200232	293.200167	293.200037	293.200232	0.000142010581	0	0	0	0	0	3
66	100	0	0.592138477	293.200232	293.20017	293.200042	293.200232	0.000143952272	0	0	0	0	0	3
67	101	0	0.601110272	293.200231	293.200174	293.200046	293.200232	0.000145718926	0	0	0	0	0	3
68	103	0	0.610082067	293.200231	293.200177	293.20005	293.200232	0.000147305237	0	0	0	0	0	3
69	104	0	0.619053862	293.20023	293.20018	293.200054	293.200232	0.000148758215	0	0	0	0	0	3
70	106	0	0.628025657	293.20023	293.200183	293.200059	293.200232	0.000150076575	0	0	0	0	0	3
71	108	0	0.636997452	293.200229	293.200186	293.200065	293.200232	0.000151157885	0	0	0	0	0	3
72	109	0	0.645969248	293.200229	293.200189	293.200071	293.200232	0.000151990753	0	0	0	0	0	3
73	111	0	0.654941043	293.200229	293.200192	293.200077	293.200232	0.000152612177	0	0	0	0	0	3
74	112	0	0.663912838	293.200228	293.200195	293.200083	293.200232	0.000149324277	0	0	0	0	0	3
75	114	0	0.672884633	293.200228	293.200197	293.200088	293.200232	0.000143605138	0	0	0	0	0	3
76	116	0	0.681856428	293.200228	293.2002	293.200097	293.200232	0.000135175399	0	0	0	0	0	3
77	117	0	0.690828223	293.200228	293.200202	293.200105	293.200232	0.000127055611	0	0	0	0	0	3
78	119	0	0.699800018	293.200227	293.200204	293.200113	293.200232	0.000119270903	0	0	0	0	0	3
79	121	0	0.708771813	293.200227	293.200206	293.20012	293.200232	0.000111792481	0	0	0	0	0	3
80	122	0	0.717743608	293.200227	293.200208	293.200127	293.200232	0.000104733566	0	0	0	0	0	3
81	124	0	0.726715404	293.200226	293.20021	293.200137	293.200232	9.51092088e-05	0	0	0	0	0	3
82	126	0	0.735687199	293.200226	293.200212	293.200145	293.200232	8.6584e-05	0	0	0	0	0	3
83	127	0	0.744658994	293.200226	293.200213	293.200153	293.200232	7.91236793e-05	0	0	0	0	0	3
84	129	0	0.753630789	293.200226	293.200214	293.200159	293.200232	7.280351e-05	0	0	0	0	0	3
85	131	0	0.762602584	293.200225	293.200216	293.200164	293.200232	6.75710193e-05	0	0	0	0	0	3
86	132	0	0.771574379	293.200225	293.200217	293.20017	293.200232	6.20011833e-05	0	0	0	0	0	3
87	134	0	0.780546174	293.200225	293.200218	293.200174	293.200232	5.8057754e-05	0	0	0	0	0	3
88	136	0	0.789517969	293.200224	293.200219	293.200176	293.200232	5.57702424e-05	0	0	0	0	0	3
89	137	0	0.798489764	293.200224	293.200219	293.200177	293.200232	5.46058977e-05	0	0	0	0	0	3
90	139	0	0.80746156	293.200225	293.20022	293.200178	293.200232	5.3990561e-05	0	0	0	0	0	3
91	141	0	0.816433355	293.200225	293.200221	293.200179	293.200232	5.33667231e-05	0	0	0	0	0	3
92	142	0	0.82540515	293.200225	293.200222	293.20018	293.200232	5.2112393e-05	0	0	0	0	0	3
93	144	0	0.834376945	293.200225	293.200223	293.200182	293.200232	5.01548582e-05	0	0	0	0	0	3
94	146	0	0.84334874	293.200225	293.200223	293.200184	293.200232	4.7447129e-05	0	0	0	0	0	3
95	147	0	0.852320535	293.200224	293.200224	293.200188	293.200232	4.40519917e-05	0	0	0	0	0	3
96	149	0	0.86129233	293.200224	293.200225	293.200193	293.200232	3.86865333e-05	0	0	0	0	0	3
97	151	0	0.870264125	293.200224	293.200225	293.200199	293.200232	3.2949838e-05	0	0	0	0	0	3
98	152	0	0.87923592	293.200224	293.200226	293.200204	293.200232	2.80100202e-05	0	0	0	0	0	3
99	154	0	0.888207715	293.200225	293.200226	293.200208	293.200232	2.38374965e-05	0	0	0	0	0	3
100	156	0	0.897179511	293.200225	293.200227	293.200211	293.200232	2.05770827e-05	0	0	0	0	0	3
101	161	0	0.906151306	293.200225	293.200227	293.200214	293.200232	1.7808784e-05	0	0	0	0	0	3
102	163	0	0.915123101	293.200225	293.200227	293.200216	293.200232	1.54673516e-05	0	0	0	0	0	3
103	165	0	0.924094896	293.200225	293.200227	293.200219	293.200232	1.32911537e-05	0	0	0	0	0	3
104	166	0	0.933066691	293.200225	293.200227	293.200221	293.200232	1.136245e-05	0	0	0	0	0	3
105	168	0	0.942038486	293.200225	293.200227	293.200222	293.200232	9.52448499e-06	0	0	0	0	0	3
106	169	0	0.951010281	293.200226	293.200227	293.200224	293.200232	7.78171324e-06	0	0	0	0	0	3
107	171	0	0.959982076	293.200226	293.200227	293.200224	293.200232	7.69522052e-06	0	0	0	0	0	3
108	173	0	0.968953871	293.200226	293.200227	293.200224	293.200232	7.69522052e-06	0	0	0	0	0	3
109	174	0	0.977925667	293.200225	293.200227	293.200224	293.200232	7.69522052e-06	0	0	0	0	0	3
110	176	0	0.986897462	293.200225	293.200227	293.200224	293.200232	7.69522052e-06	0	0	0	0	0	3
111	177	0	0.995869257	293.200225	293.200227	293.200224	293.200232	7.69522052e-06	0	0	0	0	0	3
112	179	0	1.00484105	293.200225	293.200227	293.200224	293.200232	7.69522052e-06	6.38303654e-06	0	0	0	0	3
113	181	0	1.01381285	293.200225	293.200227	293.200224	293.200232	7.69522052e-06	6.38303654e-06	0	0	0	0	3
114	182	0	1.02278464	293.200225	293.200227	293.200224	293.200232	7.69522052e-06	6.38303654e-06	0	0	0	0	3
115	184	0	1.03175644	293.200225	293.200227	293.200224	293.200232	7.69522052e-06	6.38303654e-06	0	0	0	0	3
116	185	0	1.04072823	293.200226	293.200227	293.200224	293.200232	7.69522052e-06	6.38303654e-06	0	0	0	0	3
117	187	0	1.04970003	293.200225	293.200227	293.200224	293.200232	7.69522052e-06	6.38303654e-06	0	0	0	0	3
118	188	0	1.05867182	293.200225	293.200227	293.200224	293.200232	7.69522052e-06	6.38303654e-06	0	0	0	0	3
119	190	0	1.06764362	293.200225	293.200226	293.200224	293.200232	7.69522052e-06	6.38303654e-06	0	0	0	0	3
120	191	0	1.07661541	293.200225	293.200226	293.200224	293.200232	7.69522052e-06	6.38303654e-06	0	0	0	0	3
121	193	0	1.08558721	293.200225	293.200226	293.200224	293.200232	7.56383361e-06	6.38303654e-06	0	0	0	0	3
122	194	0	1.094559	293.200225	293.200226	293.200224	293.200231	7.08578619e-06	6.38303654e-06	0	0	0	0	3
123	196	0	1.1035308	293.200225	293.200226	293.200224	293.200231	6.62529004e-06	6.38303654e-06	0	0	0	0	3
124	197	0	1.11250259	293.200225	293.200226	293.200224	293.20023	6.11093884e-06	6.38303654e-06	0	0	0	0	3
125	199	0	1.12147439	293.200225	293.200226	293.200224	293.20023	5.68935155e-06	6.38303654e-06	0	0	0	0	3
126	200	0	1.13044618	293.200225	293.200226	293.200224	293.200229	5.15195268e-06	6.38303654e-06	0	0	0	0	3
127	202	0	1.13941798	293.200225	293.200226	293.200224	293.200229	4.73603666e-06	6.38303654e-06	0	0	0	0	3
128	203	0	1.14838977	293.200225	293.200225	293.200224	293.200229	4.33756253e-06	6.38303654e-06	0	0	0	0	3
129	205	0	1.15736157	293.200225	293.200225	293.200224	293.200228	4.20927637e-06	6.38303654e-06	0	0	0	0	3
130	206	0	1.16633336	293.200225	293.200225	293.200224	293.200228	4.06673064e-06	6.38303654e-06	0	0	0	0	3
131	208	0	1.17530516	293.200225	293.200225	293.200224	293.200228	3.87360092e-06	6.38303654e-06	0	0	0	0	3
132	209	0	1.18427695	293.200225	293.200225	293.200224	293.200228	3.5609184e-06	6.38303654e-06	0	0	0	0	3
133	211	0	1.19324875	293.200225	293.200225	293.200224	293.200227	3.12682909e-06	6.38303654e-06	0	0	0	0	3
134	212	0	1.20222054	293.200225	293.200225	293.200224	293.200227	2.61362413e-06	6.38303654e-06	0	0	0	0	3
135	213	0	1.21119234	293.200225	293.200225	293.200224	293.200227	2.37982289e-06	6.38303654e-06	0	0	0	0	3
136	215	0	1.22016413	293.200225	293.200225	293.200224	293.200226	2.27421873e-06	6.38303654e-06	0	0	0	0	3
137	216	0	1.22913593	293.200226	293.200225	293.200224	293.200226	2.14264446e-06	6.38303654e-06	0	0	0	0	3
138	218	0	1.23810772	293.200226	293.200225	293.200224	293.200226	1.9852489e-06	6.38303654e-06	0	0	0	0	3
139	219	0	1.24707952	293.200226	293.200225	293.200224	293.200226	1.937999e-06	6.38303654e-06	0	0	0	0	3
140	221	0	1.25605131	293.200226	293.200225	293.200224	293.200226	1.937999e-06	6.38303654e-06	0	0	0	0	3
141	222	0	1.26502311	293.200225	293.200225	293.200224	293.200226	1.937999e-06	6.38303654e-06	0	0	0	0	3
142	224	0	1.2739949	293.200225	293.200225	293.200224	293.200226	1.937999e-06	6.38303654e-06	0	0	0	0	3
143	225	0	1.2829667	293.200224	293.200225	293.200224	293.200226	1.937999e-06	6.38303654e-06	0	0	0	0	3
144	226	0	1.2919385	293.200225	293.200225	293.200224	293.200226	1.937999e-06	6.38303654e-06	0	0	0	0	3
145	228	0	1.30091029	293.200225	293.200225	293.200224	293.200226	1.937999e-06	6.38303654e-06	0	0	0	0	3
146	229	0	1.30988209	293.200226	293.200225	293.200224	293.200226	1.937999e-06	6.38303654e-06	0	0	0	0	3
147	231	0	1.31885388	293.200226	293.200225	293.200224	293.200226	1.937999e-06	6.38303654e-06	0	0	0	0	3
148	232	0	1.32782568	293.200226	293.200225	293.200224	293.200226	1.937999e-06	6.38303654e-06	0	0	0	0	3
149	234	0	1.33679747	293.200226	293.200225	293.200224	293.200226	1.937999e-06	6.38303654e-06	0	0	0	0	3
150	235	0	1.34576927	293.200225	293.200225	293.200224	293.200226	1.937999e-06	6.38303654e-06	0	0	0	0	3
151	236	0	1.35474106	293.200225	293.200225	293.200224	293.200226	1.937999e-06	6.38303654e-06	0	0	0	0	3
152	238	0	1.36371286	293.200226	293.200225	293.200224	293.200226	1.937999e-06	6.38303654e-06	0	0	0	0	3
153	239	0	1.37268465	293.200227	293.200225	293.200224	293.200227	2.38985933e-06	6.38303654e-06	0	0	0	0	3
154	241	0	1.38165645	293.200228	293.200225	293.200224	293.200228	2.38985933e-06	6.38303654e-06	0	0	0	0	3
155	242	0	1.39062824	293.200228	293.200225	293.200224	293.200228	2.38985933e-06	6.38303654e-06	0	0	0	0	3
156	243	0	1.39960004	293.200229	293.200225	293.200224	293.200229	2.38985933e-06	6.38303654e-06	0	0	0	0	3
157	245	0	1.40857183	293.200228	293.200225	293.200224	293.200229	2.38985933e-06	6.38303654e-06	0	0	0	0	3
158	246	0	1.41754363	293.200228	293.200225	293.200224	293.200229	2.38985933e-06	6.38303654e-06	0	0	0	0	3
159	248	0	1.42651542	293.200228	293.200226	293.200224	293.200229	2.38985933e-06	6.38303654e-06	0	0	0	0	3
160	249	0	1.43548722	293.200229	293.200226	293.200224	293.200229	2.38985933e-06	6.38303654e-06	0	0	0	0	3
161	250	0	1.44445901	293.200229	293.200226	293.200224	293.200229	2.38985933e-06	6.38303654e-06	0	0	0	0	3
162	252	0	1.45343081	293.200229	293.200226	293.200224	293.200229	2.38985933e-06	6.38303654e-06	0	0	0	0	3
163	253	0	1.4624026	293.200229	293.200226	293.200224	293.200229	2.38406443e-06	6.38303654e-06	0	0	0	0	3
164	254	0	1.4713744	293.200229	293.200226	293.200224	293.200229	2.34671057e-06	6.38303654e-06	0	0	0	0	3
165	256	0	1.48034619	293.200228	293.200226	293.200224	293.200229	2.28152277e-06	6.38303654e-06	0	0	0	0	3
166	257	0	1.48931799	293.200228	293.200226	293.200224	293.200229	2.19406286e-06	6.38303654e-06	0	0	0	0	3
167	258	0	1.49828978	293.200228	293.200226	293.200224	293.200229	2.09410524e-06	6.38303654e-06	0	0	0	0	3
168	260	0	1.50726158	293.200229	293.200226	293.200224	293.200229	1.99060054e-06	6.38303654e-06	0	0	0	0	3
169	261	0	1.51623337	293.20023	293.200226	293.200224	293.20023	1.89016259e-06	6.38303654e-06	0	0	0	0	3
170	262	0	1.52520517	293.20023	293.200226	293.200224	293.20023	1.79302867e-06	6.38303654e-06	0	0	0	0	3
171	264	0	1.53417696	293.20023	293.200226	293.200224	293.20023	1.69875216e-06	6.38303654e-06	0	0	0	0	3
172	265	0	1.54314876	293.200228	293.200226	293.200224	293.20023	1.60087376e-06	6.38303654e-06	0	0	0	0	3
173	267	0	1.55212055	293.200227	293.200226	293.200224	293.20023	1.49669847e-06	6.38303654e-06	0	0	0	0	3
174	268	0	1.56109235	293.200226	293.200226	293.200224	293.20023	1.43769813e-06	6.38303654e-06	0	0	0	0	3
175	269	0	1.57006414	293.200226	293.200226	293.200224	293.20023	1.45432529e-06	6.38303654e-06	0	0	0	0	3
176	271	0	1.57903594	293.200227	293.200226	293.200224	293.20023	1.48488721e-06	6.38303654e-06	0	0	0	0	3
177	272	0	1.58800773	293.200227	293.200227	293.200224	293.20023	1.53150222e-06	6.38303654e-06	0	0	0	0	3
178	273	0	1.59697953	293.200228	293.200227	293.200224	293.20023	1.58368078e-06	6.38303654e-06	0	0	0	0	3
179	275	0	1.60595132	293.200227	293.200227	293.200224	293.20023	1.62789411e-06	6.38303654e-06	0	0	0	0	3
180	276	0	1.61492312	293.200227	293.200227	293.200224	293.20023	1.65332983e-06	6.38303654e-06	0	0	0	0	3
181	278	0	1.62389491	293.200225	293.200227	293.200224	293.20023	1.65345671e-06	6.38303654e-06	0	0	0	0	3
182	279	0	1.63286671	293.200224	293.200227	293.200224	293.20023	1.65345671e-06	6.38303654e-06	0	0	0	0	3
183	280	0	1.6418385	293.200224	293.200227	293.200224	293.20023	1.65345671e-06	6.38303654e-06	0	0	0	0	3
184	282	0	1.6508103	293.200224	293.200227	293.200224	293.20023	1.65345671e-06	6.38303654e-06	0	0	0	0	3
185	283	0	1.65978209	293.200225	293.200227	293.200224	293.20023	1.65345671e-06	6.38303654e-06	0	0	0	0	3
186	285	0	1.66875389	293.200226	293.200227	293.200224	293.20023	1.65345671e-06	6.38303654e-06	0	0	0	0	3
187	286	0	1.67772568	293.200226	293.200227	293.200224	293.20023	1.65345671e-06	6.38303654e-06	0	0	0	0	3
188	287	0	1.68669748	293.200226	293.200227	293.200224	293.20023	1.66755029e-06	6.38303654e-06	0	0	0	0	3
189	289	0	1.69566927	293.200225	293.200227	293.200224	293.20023	1.66755029e-06	6.38303654e-06	0	0	0	0	3
190	290	0	1.70464107	293.200223	293.200227	293.200223	293.20023	1.66755029e-06	6.38303654e-06	0	0	0	0	3
191	291	0	1.71361287	293.200223	293.200227	293.200223	293.20023	1.66755029e-06	6.38303654e-06	0	0	0	0	3
192	293	0	1.72258466	293.200223	293.200227	293.200223	293.20023	1.66755029e-06	6.38303654e-06	0	0	0	0	3
193	294	0	1.73155646	293.200223	293.200227	293.200223	293.20023	1.66755029e-06	6.38303654e-06	0	0	0	0	3
194	295	0	1.74052825	293.200224	293.200226	293.200223	293.20023	1.66755029e-06	6.38303654e-06	0	0	0	0	3
195	297	0	1.74950005	293.200224	293.200226	293.200223	293.20023	1.66755029e-06	6.38303654e-06	0	0	0	0	3
196	298	0	1.75847184	293.200224	293.200226	293.200223	293.20023	1.66755029e-06	6.38303654e-06	0	0	0	0	3
197	299	0	1.76744364	293.200224	293.200226	293.200223	293.20023	1.66755029e-06	6.38303654e-06	0	0	0	0	3
198	301	0	1.77641543	293.200223	293.200226	293.200223	293.20023	1.66755029e-06	6.38303654e-06	0	0	0	0	3
199	302	0	1.78538723	293.200222	293.200226	293.200222	293.20023	1.66522796e-06	6.38303654e-06	0	0	0	0	3
200	303	0	1.79435902	293.200222	293.200226	293.200222	293.20023	1.65583344e-06	6.38303654e-06	0	0	0	0	3
201	308	0	1.80333082	293.200222	293.200226	293.200222	293.20023	1.63996702e-06	6.38303654e-06	0	0	0	0	3
202	309	0	1.81230261	293.200223	293.200226	293.200222	293.20023	1.62235762e-06	6.38303654e-06	0	0	0	0	3
203	311	0	1.82127441	293.200223	293.200226	293.200222	293.20023	1.60559864e-06	6.38303654e-06	0	0	0	0	3
204	312	0	1.8302462	293.200224	293.200226	293.200222	293.20023	1.59183656e-06	6.38303654e-06	0	0	0	0	3
205	314	0	1.839218	293.200224	293.200226	293.200222	293.20023	1.57849962e-06	6.38303654e-06	0	0	0	0	3
206	315	0	1.84818979	293.200224	293.200226	293.200222	293.20023	1.56017165e-06	6.38303654e-06	0	0	0	0	3
207	316	0	1.85716159	293.200223	293.200226	293.200222	293.20023	1.52893318e-06	6.38303654e-06	0	0	0	0	3
208	318	0	1.86613338	293.200223	293.200226	293.200222	293.20023	1.48157864e-06	6.38303654e-06	0	0	0	0	3
209	319	0	1.87510518	293.200223	293.200226	293.200222	293.20023	1.42096576e-06	6.38303654e-06	0	0	0	0	3
210	320	0	1.88407697	293.200223	293.200226	293.200222	293.20023	1.35573146e-06	6.38303654e-06	0	0	0	0	3
211	322	0	1.89304877	293.200224	293.200226	293.200222	293.20023	1.29224418e-06	6.38303654e-06	0	0	0	0	3
212	323	0	1.90202056	293.200224	293.200226	293.200222	293.20023	1.23420597e-06	6.38303654e-06	0	0	0	0	3
213	324	0	1.91099236	293.200224	293.200226	293.200222	293.20023	1.17926726e-06	6.38303654e-06	0	0	0	0	3
214	326	0	1.91996415	293.200224	293.200225	293.200222	293.20023	1.19220903e-06	6.38303654e-06	0	0	0	0	3
215	327	0	1.92893595	293.200224	293.200225	293.200222	293.20023	1.26023241e-06	6.38303654e-06	0	0	0	0	3
216	328	0	1.93790774	293.200225	293.200225	293.200222	293.20023	1.33119994e-06	6.38303654e-06	0	0	0	0	3
217	329	0	1.94687954	293.200225	293.200225	293.200222	293.20023	1.40654799e-06	6.38303654e-06	0	0	0	0	3
218	331	0	1.95585133	293.200225	293.200225	293.200222	293.20023	1.48613339e-06	6.38303654e-06	0	0	0	0	3
219	332	0	1.96482313	293.200225	293.200225	293.200222	293.20023	1.56083672e-06	6.38303654e-06	0	0	0	0	3
220	333	0	1.97379492	293.200225	293.200225	293.200222	293.20023	1.62468075e-06	6.38303654e-06	0	0	0	0	3
221	335	0	1.98276672	293.200225	293.200225	293.200222	293.20023	1.67682782e-06	6.38303654e-06	0	0	0	0	3
222	337	0	1.99173851	293.200225	293.200225	293.200222	293.20023	1.72630286e-06	6.38303654e-06	0	0	0	0	3
223	339	0	2.00071031	293.200225	293.200225	293.200222	293.20023	1.78848529e-06	6.38303654e-06	0	0	0	0	3
224	340	0	2.0096821	293.200224	293.200225	293.200222	293.20023	1.87143814e-06	6.38303654e-06	0	0	0	0	3
225	342	0	2.0186539	293.200224	293.200225	293.200222	293.20023	1.9722998e-06	6.38303654e-06	0	0	0	0	3
226	343	0	2.02762569	293.200224	293.200225	293.200222	293.20023	2.08034663e-06	6.38303654e-06	0	0	0	0	3
227	345	0	2.03659749	293.200224	293.200224	293.200222	293.200228	2.17969443e-06	6.38303654e-06	0	0	0	0	3
228	346	0	2.04556928	293.200224	293.200224	293.200222	293.200228	2.25904256e-06	6.38303654e-06	0	0	0	0	3
229	348	0	2.05454108	293.200224	293.200224	293.200222	293.200228	2.31664757e-06	6.38303654e-06	0	0	0	0	3
230	350	0	2.06351287	293.200224	293.200224	293.200222	293.200228	2.36011431e-06	6.38303654e-06	0	0	0	0	3
231	351	0	2.07248467	293.200224	293.200224	293.200222	293.200228	2.40231628e-06	6.38303654e-06	0	0	0	0	3
232	352	0	2.08145646	293.200224	293.200224	293.200222	293.200228	2.45468084e-06	6.38303654e-06	0	0	0	0	3
233	354	0	2.09042826	293.200224	293.200224	293.200222	293.200228	2.51896324e-06	6.38303654e-06	0	0	0	0	3
234	355	0	2.09940005	293.200224	293.200224	293.200222	293.200227	2.58326338e-06	6.38303654e-06	0	0	0	0	3
235	357	0	2.10837185	293.200224	293.200224	293.200222	293.200227	2.63645444e-06	6.38303654e-06	0	0	0	0	3
236	358	0	2.11734364	293.200225	293.200224	293.200222	293.200226	2.66884734e-06	6.38303654e-06	0	0	0	0	3
237	359	0	2.12631544	293.200225	293.200224	293.200222	293.200226	2.67359439e-06	6.38303654e-06	0	0	0	0	3
238	361	0	2.13528724	293.200225	293.200224	293.200222	293.200226	2.67359439e-06	6.38303654e-06	0	0	0	0	3
239	362	0	2.14425903	293.200225	293.200224	293.200222	293.200226	2.67359439e-06	6.38303654e-06	0	0	0	0	3
240	363	0	2.15323083	293.200225	293.200224	293.200222	293.200226	2.67359439e-06	6.38303654e-06	0	0	0	0	3
241	365	0	2.16220262	293.200225	293.200224	293.200222	293.200226	2.67359439e-06	6.38303654e-06	0	0	0	0	3
242	366	0	2.17117442	293.200226	293.200224	293.200222	293.200226	2.67359439e-06	6.38303654e-06	0	0	0	0	3
243	367	0	2.18014621	293.200227	293.200224	293.200222	293.200227	2.67359439e-06	6.38303654e-06	0	0	0	0	3
244	369	0	2.18911801	293.200227	293.200224	293.200222	293.200227	2.67115377e-06	6.38303654e-06	0	0	0	0	3
245	370	0	2.1980898	293.200227	293.200224	293.200222	293.200227	2.65023436e-06	6.38303654e-06	0	0	0	0	3
246	371	0	2.2070616	293.200227	293.200224	293.200222	293.200227	2.61461224e-06	6.38303654e-06	0	0	0	0	3
247	372	0	2.21603339	293.200226	293.200224	293.200222	293.200227	2.57231852e-06	6.38303654e-06	0	0	0	0	3
248	374	0	2.22500519	293.200226	293.200224	293.200222	293.200227	2.52915532e-06	6.38303654e-06	0	0	0	0	3
249	375	0	2.23397698	293.200227	293.200224	293.200222	293.200227	2.48993331e-06	6.38303654e-06	0	0	0	0	3
250	376	0	2.24294878	293.200227	293.200224	293.200222	293.200227	2.45578968e-06	6.38303654e-06	0	0	0	0	3
251	378	0	2.25192057	293.200228	293.200225	293.200222	293.200228	2.4278134e-06	6.38303654e-06	0	0	0	0	3
252	379	0	2.26089237	293.200229	293.200225	293.200222	293.200229	2.40111871e-06	6.38303654e-06	0	0	0	0	3
253	380	0	2.26986416	293.200229	293.200225	293.200222	293.200229	2.37161697e-06	6.38303654e-06	0	0	0	0	3
254	382	0	2.27883596	293.200229	293.200225	293.200222	293.200229	2.33505125e-06	6.38303654e-06	0	0	0	0	3
255	383	0	2.28780775	293.200229	293.200225	293.200222	293.200229	2.28828418e-06	6.38303654e-06	0	0	0	0	3
256	384	0	2.29677955	293.200229	293.200225	293.200222	293.200229	2.23900594e-06	6.38303654e-06	0	0	0	0	3
257	386	0	2.30575134	293.200229	293.200225	293.200223	293.200229	2.18667145e-06	6.38303654e-06	0	0	0	0	3
258	387	0	2.31472314	293.200229	293.200225	293.200223	293.200229	2.13744136e-06	6.38303654e-06	0	0	0	0	3
259	388	0	2.32369493	293.200229	293.200225	293.200223	293.200229	2.09630304e-06	6.38303654e-06	0	0	0	0	3
260	390	0	2.33266673	293.200229	293.200225	293.200223	293.200229	2.06348449e-06	6.38303654e-06	0	0	0	0	3
261	391	0	2.34163852	293.200228	293.200226	293.200223	293.200229	2.03450486e-06	6.38303654e-06	0	0	0	0	3
262	392	0	2.35061032	293.200228	293.200226	293.200223	293.200229	1.99833624e-06	6.38303654e-06	0	0	0	0	3
263	394	0	2.35958211	293.200228	293.200226	293.200223	293.200229	1.94871211e-06	6.38303654e-06	0	0	0	0	3
264	395	0	2.36855391	293.200228	293.200226	293.200223	293.200229	1.88246236e-06	6.38303654e-06	0	0	0	0	3
265	396	0	2.3775257	293.200228	293.200226	293.200223	293.200229	1.89041157e-06	6.38303654e-06	0	0	0	0	3
266	398	0	2.3864975	293.200228	293.200226	293.200224	293.200229	1.9762885e-06	6.38303654e-06	0	0	0	0	3
267	399	0	2.39546929	293.200228	293.200226	293.200224	293.200229	2.05372157e-06	6.38303654e-06	0	0	0	0	3
268	401	0	2.40444109	293.200227	293.200226	293.200224	293.200229	2.11891012e-06	6.38303654e-06	0	0	0	0	3
269	402	0	2.41341288	293.200227	293.200226	293.200224	293.200229	2.1665752e-06	6.38303654e-06	0	0	0	0	3
270	403	0	2.42238468	293.200226	293.200226	293.200224	293.200229	2.19515272e-06	6.38303654e-06	0	0	0	0	3
271	405	0	2.43135647	293.200225	293.200226	293.200224	293.200229	2.20972953e-06	6.38303654e-06	0	0	0	0	3
272	406	0	2.44032827	293.200225	293.200226	293.200224	293.200229	2.21761394e-06	6.38303654e-06	0	0	0	0	3
273	407	0	2.44930006	293.200225	293.200226	293.200224	293.200229	2.22043559e-06	6.38303654e-06	0	0	0	0	3
274	409	0	2.45827186	293.200225	293.200226	293.200224	293.200229	2.22174276e-06	6.38303654e-06	0	0	0	0	3
275	410	0	2.46724365	293.200225	293.200226	293.200224	293.200229	2.22174276e-06	6.38303654e-06	0	0	0	0	3
276	412	0	2.47621545	293.200225	293.200226	293.200224	293.200229	2.22174276e-06	6.38303654e-06	0	0	0	0	3
277	413	0	2.48518724	293.200224	293.200226	293.200224	293.200229	2.22174276e-06	6.38303654e-06	0	0	0	0	3
278	415	0	2.49415904	293.200223	293.200226	293.200223	293.200229	2.22174276e-06	6.38303654e-06	0	0	0	0	3
279	416	0	2.50313083	293.200223	293.200226	293.200223	293.200229	2.22174276e-06	6.38303654e-06	0	0	0	0	3
280	417	0	2.51210263	293.200223	293.200226	293.200223	293.200229	2.22174276e-06	6.38303654e-06	0	0	0	0	3
281	419	0	2.52107442	293.200223	293.200226	293.200223	293.200229	2.22174276e-06	6.38303654e-06	0	0	0	0	3
282	420	0	2.53004622	293.200223	293.200226	293.200223	293.200229	2.22174276e-06	6.38303654e-06	0	0	0	0	3
283	422	0	2.53901801	293.200223	293.200226	293.200223	293.200229	2.22174276e-06	6.38303654e-06	0	0	0	0	3
284	423	0	2.54798981	293.200223	293.200226	293.200223	293.200229	2.22174276e-06	6.38303654e-06	0	0	0	0	3
285	424	0	2.55696161	293.200222	293.200226	293.200222	293.200229	2.22174276e-06	6.38303654e-06	0	0	0	0	3
286	426	0	2.5659334	293.200222	293.200226	293.200222	293.200229	2.22174276e-06	6.38303654e-06	0	0	0	0	3
287	427	0	2.5749052	293.200221	293.200226	293.200221	293.200229	2.22174276e-06	6.38303654e-06	0	0	0	0	3
288	429	0	2.58387699	293.200221	293.200226	293.200221	293.200229	2.22174276e-06	6.38303654e-06	0	0	0	0	3
289	430	0	2.59284879	293.200221	293.200226	293.200221	293.200229	2.22174276e-06	6.38303654e-06	0	0	0	0	3
290	432	0	2.60182058	293.200222	293.200226	293.200221	293.200229	2.22174276e-06	6.38303654e-06	0	0	0	0	3
291	433	0	2.61079238	293.200222	293.200226	293.200221	293.200229	2.22174276e-06	6.38303654e-06	0	0	0	0	3
292	435	0	2.61976417	293.200222	293.200226	293.200221	293.200229	2.22174276e-06	6.38303654e-06	0	0	0	0	3
293	436	0	2.62873597	293.200221	293.200226	293.200221	293.200229	2.20763746e-06	6.38303654e-06	0	0	0	0	3
294	437	0	2.63770776	293.200221	293.200226	293.200221	293.200229	2.18989703e-06	6.38303654e-06	0	0	0	0	3
295	439	0	2.64667956	293.20022	293.200225	293.20022	293.200229	2.17793001e-06	6.38303654e-06	0	0	0	0	3
296	440	0	2.65565135	293.20022	293.200225	293.20022	293.200229	2.17501673e-06	6.38303654e-06	0	0	0	0	3
297	442	0	2.66462315	293.20022	293.200225	293.20022	293.200229	2.17387372e-06	6.38303654e-06	0	0	0	0	3
298	443	0	2.67359494	293.20022	293.200225	293.20022	293.200229	2.16575091e-06	6.38303654e-06	0	0	0	0	3
299	445	0	2.68256674	293.20022	293.200225	293.20022	293.200229	2.14207859e-06	6.38303654e-06	0	0	0	0	3
300	446	0	2.69153853	293.200221	293.200225	293.20022	293.200229	2.09922047e-06	6.38303654e-06	0	0	0	0	3
301	451	0	2.70051033	293.200221	293.200225	293.20022	293.200229	2.04120721e-06	6.38303654e-06	0	0	0	0	3
302	452	0	2.70948212	293.200221	293.200225	293.20022	293.200229	1.97387612e-06	6.38303654e-06	0	0	0	0	3
303	454	0	2.71845392	293.200221	293.200225	293.20022	293.200229	1.90892348e-06	6.38303654e-06	0	0	0	0	3
304	455	0	2.72742571	293.200221	293.200225	293.20022	293.200229	1.84688793e-06	6.38303654e-06	0	0	0	0	3
305	457	0	2.73639751	293.200221	293.200224	293.20022	293.200229	1.78808483e-06	6.38303654e-06	0	0	0	0	3
306	458	0	2.7453693	293.200222	293.200224	293.20022	293.200229	1.88831473e-06	6.38303654e-06	0	0	0	0	3
307	460	0	2.7543411	293.200222	293.200224	293.20022	293.200229	1.99413296e-06	6.38303654e-06	0	0	0	0	3
308	461	0	2.76331289	293.200223	293.200224	293.20022	293.200229	2.10192792e-06	6.38303654e-06	0	0	0	0	3
309	462	0	2.77228469	293.200223	293.200224	293.20022	293.200229	2.2037654e-06	6.38303654e-06	0	0	0	0	3
310	464	0	2.78125648	293.200224	293.200224	293.20022	293.200229	2.29743449e-06	6.38303654e-06	0	0	0	0	3
311	465	0	2.79022828	293.200224	293.200224	293.20022	293.200229	2.38239949e-06	6.38303654e-06	0	0	0	0	3
312	467	0	2.79920007	293.200225	293.200224	293.20022	293.200229	2.46118935e-06	6.38303654e-06	0	0	0	0	3
313	468	0	2.80817187	293.200225	293.200224	293.20022	293.200229	2.53374304e-06	6.38303654e-06	0	0	0	0	3
314	469	0	2.81714366	293.200225	293.200224	293.20022	293.200229	2.60519005e-06	6.38303654e-06	0	0	0	0	3
315	471	0	2.82611546	293.200226	293.200224	293.20022	293.200229	2.6711848e-06	6.38303654e-06	0	0	0	0	3
316	472	0	2.83508725	293.200226	293.200223	293.20022	293.200228	2.72969925e-06	6.38303654e-06	0	0	0	0	3
317	473	0	2.84405905	293.200226	293.200223	293.20022	293.200228	2.77666044e-06	6.38303654e-06	0	0	0	0	3
318	475	0	2.85303084	293.200226	293.200223	293.20022	293.200228	2.81608231e-06	6.38303654e-06	0	0	0	0	3
319	476	0	2.86200264	293.200226	293.200223	293.20022	293.200228	2.85164839e-06	6.38303654e-06	0	0	0	0	3
320	478	0	2.87097443	293.200226	293.200223	293.20022	293.200228	2.89290188e-06	6.38303654e-06	0	0	0	0	3
321	479	0	2.87994623	293.200226	293.200223	293.20022	293.200228	2.93824303e-06	6.38303654e-06	0	0	0	0	3
322	480	0	2.88891802	293.200225	293.200223	293.20022	293.200228	2.98904519e-06	6.38303654e-06	0	0	0	0	3
323	482	0	2.89788982	293.200225	293.200223	293.20022	293.200227	3.0360074e-06	6.38303654e-06	0	0	0	0	3
324	483	0	2.90686161	293.200225	293.200223	293.20022	293.200227	3.07591034e-06	6.38303654e-06	0	0	0	0	3
325	485	0	2.91583341	293.200225	293.200223	293.20022	293.200226	3.10409757e-06	6.38303654e-06	0	0	0	0	3
326	486	0	2.9248052	293.200225	293.200223	293.20022	293.200226	3.12057631e-06	6.38303654e-06	0	0	0	0	3
327	487	0	2.933777	293.200225	293.200223	293.20022	293.200226	3.12946509e-06	6.38303654e-06	0	0	0	0	3
328	489	0	2.94274879	293.200224	293.200223	293.20022	293.200226	3.1389614e-06	6.38303654e-06	0	0	0	0	3
329	490	0	2.95172059	293.200224	293.200223	293.20022	293.200226	3.15018957e-06	6.38303654e-06	0	0	0	0	3
330	492	0	2.96069238	293.200224	293.200223	293.20022	293.200226	3.15814447e-06	6.38303654e-06	0	0	0	0	3
331	493	0	2.96966418	293.200225	293.200223	293.20022	293.200226	3.15221229e-06	6.38303654e-06	0	0	0	0	3
332	494	0	2.97863598	293.200225	293.200223	293.20022	293.200226	3.13208596e-06	6.38303654e-06	0	0	0	0	3
333	496	0	2.98760777	293.200225	293.200223	293.20022	293.200226	3.10103366e-06	6.38303654e-06	0	0	0	0	3
334	497	0	2.99657957	293.200225	293.200223	293.20022	293.200226	3.06790258e-06	6.38303654e-06	0	0	0	0	3
335	498	0	3.00555136	293.200225	293.200223	293.20022	293.200226	3.03527401e-06	6.38303654e-06	0	0	0	0	3
336	500	0	3.01452316	293.200225	293.200223	293.20022	293.200226	3.00799149e-06	6.38303654e-06	0	0	0	0	3
337	501	0	3.02349495	293.200226	293.200223	293.20022	293.200226	2.98571865e-06	6.38303654e-06	0	0	0	0	3
338	503	0	3.03246675	293.200226	293.200223	293.20022	293.200226	2.96519687e-06	6.38303654e-06	0	0	0	0	3
339	504	0	3.04143854	293.200227	293.200223	293.20022	293.200227	2.94216085e-06	6.38303654e-06	0	0	0	0	3
340	505	0	3.05041034	293.200228	293.200224	293.20022	293.200228	2.9135436e-06	6.38303654e-06	0	0	0	0	3
341	507	0	3.05938213	293.200229	293.200224	293.20022	293.200229	2.87711015e-06	6.38303654e-06	0	0	0	0	3
342	508	0	3.06835393	293.200229	293.200224	293.20022	293.200229	2.8326229e-06	6.38303654e-06	0	0	0	0	3
343	509	0	3.07732572	293.200229	293.200224	293.20022	293.200229	2.7862327e-06	6.38303654e-06	0	0	0	0	3
344	511	0	3.08629752	293.200228	293.200224	293.20022	293.200229	2.74125364e-06	6.38303654e-06	0	0	0	0	3
345	512	0	3.09526931	293.200227	293.200224	293.20022	293.200229	2.69677895e-06	6.38303654e-06	0	0	0	0	3
346	513	0	3.10424111	293.200226	293.200224	293.20022	293.200229	2.64871329e-06	6.38303654e-06	0	0	0	0	3
347	515	0	3.1132129	293.200226	293.200224	293.20022	293.200229	2.59437502e-06	6.38303654e-06	0	0	0	0	3
348	516	0	3.1221847	293.200226	293.200224	293.20022	293.200229	2.53065446e-06	6.38303654e-06	0	0	0	0	3
349	517	0	3.13115649	293.200226	293.200224	293.20022	293.200229	2.4589591e-06	6.38303654e-06	0	0	0	0	3
350	519	0	3.14012829	293.200226	293.200225	293.20022	293.200229	2.3806511e-06	6.38303654e-06	0	0	0	0	3
351	520	0	3.14910008	293.200226	293.200225	293.20022	293.200229	2.29438984e-06	6.38303654e-06	0	0	0	0	3
352	521	0	3.15807188	293.200226	293.200225	293.20022	293.200229	2.20052135e-06	6.38303654e-06	0	0	0	0	3
353	523	0	3.16704367	293.200227	293.200225	293.20022	293.200229	2.09933614e-06	6.38303654e-06	0	0	0	0	3
354	524	0	3.17601547	293.200226	293.200225	293.20022	293.200229	1.99055586e-06	6.38303654e-06	0	0	0	0	3
355	525	0	3.18498726	293.200226	293.200225	293.200221	293.200229	2.02015735e-06	6.38303654e-06	0	0	0	0	3
356	527	0	3.19395906	293.200226	293.200225	293.200221	293.200229	2.10896275e-06	6.38303654e-06	0	0	0	0	3
357	528	0	3.20293085	293.200225	293.200225	293.200221	293.200229	2.18161676e-06	6.38303654e-06	0	0	0	0	3
358	529	0	3.21190265	293.200224	293.200225	293.200221	293.200229	2.23927378e-06	6.38303654e-06	0	0	0	0	3
359	531	0	3.22087444	293.200223	293.200225	293.200221	293.200229	2.28266583e-06	6.38303654e-06	0	0	0	0	3
360	532	0	3.22984624	293.200223	293.200225	293.200221	293.200229	2.31166126e-06	6.38303654e-06	0	0	0	0	3
361	533	0	3.23881803	293.200222	293.200225	293.200222	293.200229	2.32627235e-06	6.38303654e-06	0	0	0	0	3
362	535	0	3.24778983	293.200222	293.200225	293.200222	293.200229	2.32627235e-06	6.38303654e-06	0	0	0	0	3
363	536	0	3.25676162	293.200221	293.200225	293.200221	293.200229	2.32627235e-06	6.38303654e-06	0	0	0	0	3
364	537	0	3.26573342	293.200222	293.200225	293.200221	293.200229	2.32627235e-06	6.38303654e-06	0	0	0	0	3
365	538	0	3.27470521	293.200222	293.200225	293.200221	293.200229	2.32627235e-06	6.38303654e-06	0	0	0	0	3
366	540	0	3.28367701	293.200222	293.200225	293.200221	293.200229	2.32627235e-06	6.38303654e-06	0	0	0	0	3
367	541	0	3.2926488	293.200222	293.200225	293.200221	293.200229	2.32627235e-06	6.38303654e-06	0	0	0	0	3
368	542	0	3.3016206	293.200223	293.200225	293.200221	293.200229	2.32627235e-06	6.38303654e-06	0	0	0	0	3
369	544	0	3.31059239	293.200222	293.200225	293.200221	293.200229	2.32627235e-06	6.38303654e-06	0	0	0	0	3
370	545	0	3.31956419	293.200222	293.200225	293.200221	293.200229	2.32627235e-06	6.38303654e-06	0	0	0	0	3
371	546	0	3.32853598	293.200222	293.200225	293.200221	293.200229	2.32627235e-06	6.38303654e-06	0	0	0	0	3
372	547	0	3.33750778	293.200223	293.200225	293.200221	293.200229	2.32627235e-06	6.38303654e-06	0	0	0	0	3
373	549	0	3.34647957	293.200223	293.200225	293.200221	293.200229	2.32627235e-06	6.38303654e-06	0	0	0	0	3
374	550	0	3.35545137	293.200223	293.200225	293.200221	293.200229	2.32627235e-06	6.38303654e-06	0	0	0	0	3
375	551	0	3.36442316	293.200223	293.200225	293.200221	293.200229	2.32627235e-06	6.38303654e-06	0	0	0	0	3
376	553	0	3.37339496	293.200223	293.200225	293.200221	293.200229	2.32627235e-06	6.38303654e-06	0	0	0	0	3
377	554	0	3.38236675	293.200223	293.200225	293.200221	293.200229	2.32627235e-06	6.38303654e-06	0	0	0	0	3
378	555	0	3.39133855	293.200223	293.200225	293.200221	293.200229	2.32627235e-06	6.38303654e-06	0	0	0	0	3
379	557	0	3.40031035	293.200223	293.200225	293.200221	293.200229	2.32627235e-06	6.38303654e-06	0	0	0	0	3
380	558	0	3.40928214	293.200223	293.200225	293.200221	293.200229	2.32627235e-06	6.38303654e-06	0	0	0	0	3
381	559	0	3.41825394	293.200223	293.200225	293.200221	293.200229	2.32627235e-06	6.38303654e-06	0	0	0	0	3
382	560	0	3.42722573	293.200223	293.200225	293.200221	293.200229	2.32627235e-06	6.38303654e-06	0	0	0	0	3
383	562	0	3.43619753	293.200223	293.200225	293.200221	293.200229	2.32627235e-06	6.38303654e-06	0	0	0	0	3
384	563	0	3.44516932	293.200223	293.200225	293.200221	293.200229	2.32627235e-06	6.38303654e-06	0	0	0	0	3
385	564	0	3.45414112	293.200223	293.200225	293.200221	293.200229	2.32627235e-06	6.38303654e-06	0	0	0	0	3
386	566	0	3.46311291	293.200223	293.200225	293.200221	293.200229	2.32627235e-06	6.38303654e-06	0	0	0	0	3
387	567	0	3.47208471	293.200223	293.200224	293.200221	293.200229	2.31827892e-06	6.38303654e-06	0	0	0	0	3
388	568	0	3.4810565	293.200223	293.200224	293.200221	293.200229	2.2949954e-06	6.38303654e-06	0	0	0	0	3
389	569	0	3.4900283	293.200223	293.200224	293.200221	293.200229	2.26019449e-06	6.38303654e-06	0	0	0	0	3
390	570	0	3.49900009	293.200224	293.200224	293.200221	293.200229	2.21775531e-06	6.38303654e-06	0	0	0	0	3
391	572	0	3.50797189	293.200224	293.200224	293.200221	293.200229	2.16824418e-06	6.38303654e-06	0	0	0	0	3
392	573	0	3.51694368	293.200224	293.200224	293.200221	293.200229	2.11123916e-06	6.38303654e-06	0	0	0	0	3
393	574	0	3.52591548	293.200224	293.200224	293.200221	293.200229	2.04441079e-06	6.38303654e-06	0	0	0	0	3
394	575	0	3.53488727	293.200224	293.200224	293.200221	293.200229	1.96336003e-06	6.38303654e-06	0	0	0	0	3
395	577	0	3.54385907	293.200224	293.200224	293.200221	293.200229	1.86449284e-06	6.38303654e-06	0	0	0	0	3
396	578	0	3.55283086	293.200224	293.200224	293.200221	293.200229	1.74773692e-06	6.38303654e-06	0	0	0	0	3
397	579	0	3.56180266	293.200224	293.200224	293.200221	293.200229	1.61914289e-06	6.38303654e-06	0	0	0	0	3
398	581	0	3.57077445	293.200224	293.200224	293.200221	293.200229	1.48726321e-06	6.38303654e-06	0	0	0	0	3
399	582	0	3.57974625	293.200224	293.200224	293.200221	293.200228	1.53009347e-06	6.38303654e-06	0	0	0	0	3
400	583	0	3.58871804	293.200224	293.200224	293.200221	293.200227	1.60420984e-06	6.38303654e-06	0	0	0	0	3
401	588	0	3.59768984	293.200224	293.200224	293.200221	293.200227	1.65796803e-06	6.38303654e-06	0	0	0	0	3
402	589	0	3.60666163	293.200224	293.200224	293.200221	293.200227	1.68958985e-06	6.38303654e-06	0	0	0	0	3
403	590	0	3.61563343	293.200225	293.200224	293.200221	293.200227	1.70540648e-06	6.38303654e-06	0	0	0	0	3
404	591	0	3.62460522	293.200225	293.200224	293.200221	293.200227	1.71390457e-06	6.38303654e-06	0	0	0	0	3
405	592	0	3.63357702	293.200226	293.200224	293.200221	293.200227	1.71894243e-06	6.38303654e-06	0	0	0	0	3
406	594	0	3.64254881	293.200226	293.200224	293.200221	293.200227	1.72233263e-06	6.38303654e-06	0	0	0	0	3
407	595	0	3.65152061	293.200226	293.200224	293.200221	293.200227	1.72540052e-06	6.38303654e-06	0	0	0	0	3
408	596	0	3.6604924	293.200226	293.200224	293.200221	293.200227	1.72805898e-06	6.38303654e-06	0	0	0	0	3
409	597	0	3.6694642	293.200226	293.200224	293.200221	293.200226	1.73177079e-06	6.38303654e-06	0	0	0	0	3
410	599	0	3.67843599	293.200226	293.200224	293.200221	293.200226	1.73869512e-06	6.38303654e-06	0	0	0	0	3
411	600	0	3.68740779	293.200226	293.200224	293.200221	293.200226	1.74210868e-06	6.38303654e-06	0	0	0	0	3
412	601	0	3.69637958	293.200226	293.200224	293.200221	293.200226	1.74210868e-06	6.38303654e-06	0	0	0	0	3
413	603	0	3.70535138	293.200226	293.200224	293.200221	293.200226	1.74210868e-06	6.38303654e-06	0	0	0	0	3
414	604	0	3.71432317	293.200226	293.200224	293.200221	293.200226	1.74210868e-06	6.38303654e-06	0	0	0	0	3
415	605	0	3.72329497	293.200226	293.200224	293.200221	293.200226	1.74210868e-06	6.38303654e-06	0	0	0	0	3
416	606	0	3.73226676	293.200226	293.200224	293.200221	293.200226	1.74210868e-06	6.38303654e-06	0	0	0	0	3
417	608	0	3.74123856	293.200226	293.200224	293.200221	293.200226	1.74207287e-06	6.38303654e-06	0	0	0	0	3
418	609	0	3.75021035	293.200226	293.200224	293.200221	293.200226	1.73026427e-06	6.38303654e-06	0	0	0	0	3
419	610	0	3.75918215	293.200226	293.200224	293.200222	293.200226	1.71084076e-06	6.38303654e-06	0	0	0	0	3
420	611	0	3.76815394	293.200227	293.200224	293.200222	293.200227	1.68648285e-06	6.38303654e-06	0	0	0	0	3
421	613	0	3.77712574	293.200227	293.200224	293.200222	293.200227	1.65824576e-06	6.38303654e-06	0	0	0	0	3
422	614	0	3.78609753	293.200227	293.200224	293.200222	293.200227	1.62615902e-06	6.38303654e-06	0	0	0	0	3
423	615	0	3.79506933	293.200227	293.200224	293.200222	293.200227	1.58790237e-06	6.38303654e-06	0	0	0	0	3
424	617	0	3.80404112	293.200228	293.200224	293.200222	293.200228	1.54016362e-06	6.38303654e-06	0	0	0	0	3
425	618	0	3.81301292	293.200228	293.200225	293.200222	293.200228	1.48824392e-06	6.38303654e-06	0	0	0	0	3
426	619	0	3.82198471	293.200228	293.200225	293.200222	293.200228	1.43203545e-06	6.38303654e-06	0	0	0	0	3
427	620	0	3.83095651	293.200229	293.200225	293.200223	293.200229	1.37769814e-06	6.38303654e-06	0	0	0	0	3
428	622	0	3.83992831	293.200229	293.200225	293.200223	293.200229	1.32663865e-06	6.38303654e-06	0	0	0	0	3
429	623	0	3.8489001	293.200229	293.200225	293.200223	293.200229	1.34447612e-06	6.38303654e-06	0	0	0	0	3
430	624	0	3.8578719	293.200229	293.200225	293.200223	293.200229	1.44320541e-06	6.38303654e-06	0	0	0	0	3
431	625	0	3.86684369	293.200228	293.200225	293.200223	293.200229	1.52777307e-06	6.38303654e-06	0	0	0	0	3
432	627	0	3.87581549	293.200227	293.200225	293.200223	293.200229	1.59754984e-06	6.38303654e-06	0	0	0	0	3
433	628	0	3.88478728	293.200227	293.200225	293.200223	293.200229	1.65900025e-06	6.38303654e-06	0	0	0	0	3
434	629	0	3.89375908	293.200226	293.200225	293.200223	293.200229	1.71651232e-06	6.38303654e-06	0	0	0	0	3
435	630	0	3.90273087	293.200226	293.200225	293.200223	293.200229	1.77215509e-06	6.38303654e-06	0	0	0	0	3
436	632	0	3.91170267	293.200226	293.200225	293.200223	293.200229	1.82122699e-06	6.38303654e-06	0	0	0	0	3
437	633	0	3.92067446	293.200225	293.200226	293.200223	293.200229	1.86250344e-06	6.38303654e-06	0	0	0	0	3
438	634	0	3.92964626	293.200225	293.200226	293.200223	293.200229	1.89272674e-06	6.38303654e-06	0	0	0	0	3
439	635	0	3.93861805	293.200224	293.200226	293.200223	293.200229	1.91356617e-06	6.38303654e-06	0	0	0	0	3
440	637	0	3.94758985	293.200224	293.200226	293.200223	293.200229	1.92469139e-06	6.38303654e-06	0	0	0	0	3
441	638	0	3.95656164	293.200223	293.200226	293.200223	293.200229	1.92913313e-06	6.38303654e-06	0	0	0	0	3
442	639	0	3.96553344	293.200223	293.200226	293.200223	293.200229	1.92967417e-06	6.38303654e-06	0	0	0	0	3
443	640	0	3.97450523	293.200223	293.200226	293.200223	293.200229	1.92967417e-06	6.38303654e-06	0	0	0	0	3
444	642	0	3.98347703	293.200223	293.200226	293.200223	293.200229	1.92967417e-06	6.38303654e-06	0	0	0	0	3
445	643	0	3.99244882	293.200223	293.200226	293.200223	293.200229	1.92967417e-06	6.38303654e-06	0	0	0	0	3
446	644	0	4.00142062	293.200223	293.200226	293.200223	293.200229	1.92967417e-06	6.38303654e-06	0	0	0	0	3
