Iteration	CPUTime	PhysTime	Travels	Value	AvValue	MinValue	MaxValue	Delta	Criteria	PrevAvRefValue	Progress	CriteriaType	CriteriaVarType	CriteriaPercentage
1	7	0	0.00897179511	-0.00809492047	-0.00809492047	-0.00809492047	-0.00809492047	0	0	0	0	0	0	3
2	8	0	0.0179435902	-0.00181423635	-0.00495457841	-0.00809492047	-0.00181423635	0.00314034206	0	0	0	0	0	3
3	9	0	0.0269153853	-0.000961487151	-0.00362354799	-0.00809492047	-0.000961487151	0.00447137248	0	0	0	0	0	3
4	10	0	0.0358871804	-0.000369583848	-0.00281005695	-0.00809492047	-0.000369583848	0.00528486351	0	0	0	0	0	3
5	12	0	0.0448589755	-0.000849769752	-0.00241799951	-0.00809492047	-0.000369583848	0.00567692095	0	0	0	0	0	3
6	13	0	0.0538307706	-0.000566718061	-0.00210945261	-0.00809492047	-0.000369583848	0.00598546786	0	0	0	0	0	3
7	14	0	0.0628025657	-0.000726823018	-0.00191193409	-0.00809492047	-0.000369583848	0.00618298637	0	0	0	0	0	3
8	15	0	0.0717743608	-0.000531413082	-0.00173936897	-0.00809492047	-0.000369583848	0.0063555515	0	0	0	0	0	3
9	16	0	0.080746156	-0.000538710148	-0.00160596243	-0.00809492047	-0.000369583848	0.00648895804	0	0	0	0	0	3
10	17	0	0.0897179511	-0.000580115789	-0.00150337777	-0.00809492047	-0.000369583848	0.0065915427	0	0	0	0	0	3
11	19	0	0.0986897462	-0.000636110529	-0.00142453529	-0.00809492047	-0.000369583848	0.00667038518	0	0	0	0	0	3
12	20	0	0.107661541	-0.000669206003	-0.00136159118	-0.00809492047	-0.000369583848	0.00673332928	0	0	0	0	0	3
13	21	0	0.116633336	-0.000651637146	-0.00130697933	-0.00809492047	-0.000369583848	0.00678794113	0	0	0	0	0	3
14	22	0	0.125605131	-0.000645200774	-0.00125970944	-0.00809492047	-0.000369583848	0.00683521103	0	0	0	0	0	3
15	23	0	0.134576927	-0.000598698953	-0.00121564207	-0.00809492047	-0.000369583848	0.0068792784	0	0	0	0	0	3
16	24	0	0.143548722	-0.00064457146	-0.00117995016	-0.00809492047	-0.000369583848	0.00691497031	0	0	0	0	0	3
17	26	0	0.152520517	-0.000613062146	-0.0011466038	-0.00809492047	-0.000369583848	0.00694831666	0	0	0	0	0	3
18	27	0	0.161492312	-0.000636279	-0.00111825243	-0.00809492047	-0.000369583848	0.00697666804	0	0	0	0	0	3
19	28	0	0.170464107	-0.000637155898	-0.00109293156	-0.00809492047	-0.000369583848	0.00700198891	0	0	0	0	0	3
20	29	0	0.179435902	-0.000617123335	-0.00106914115	-0.00809492047	-0.000369583848	0.00702577932	0	0	0	0	0	3
21	30	0	0.188407697	-0.000589008437	-0.00104627768	-0.00809492047	-0.000369583848	0.00704864278	0	0	0	0	0	3
22	32	0	0.197379492	-0.000594062134	-0.00102572243	-0.00809492047	-0.000369583848	0.00706919804	0	0	0	0	0	3
23	33	0	0.206351287	-0.000585617244	-0.00100658742	-0.00809492047	-0.000369583848	0.00708833304	0	0	0	0	0	3
24	34	0	0.215323083	-0.000590853602	-0.00098926518	-0.00809492047	-0.000369583848	0.00710565529	0	0	0	0	0	3
25	36	0	0.224294878	-0.000601115021	-0.000973739174	-0.00809492047	-0.000369583848	0.00712118129	0	0	0	0	0	3
26	37	0	0.233266673	-0.000595712285	-0.000959199678	-0.00809492047	-0.000369583848	0.00713572079	0	0	0	0	0	3
27	38	0	0.242238468	-0.000601007551	-0.000945933303	-0.00809492047	-0.000369583848	0.00714898716	0	0	0	0	0	3
28	40	0	0.251210263	-0.000598371847	-0.000933520394	-0.00809492047	-0.000369583848	0.00716140007	0	0	0	0	0	3
29	41	0	0.260182058	-0.000605279084	-0.000922201728	-0.00809492047	-0.000369583848	0.00717271874	0	0	0	0	0	3
30	42	0	0.269153853	-0.000609219494	-0.000911768987	-0.00809492047	-0.000369583848	0.00718315148	0	0	0	0	0	3
31	44	0	0.278125648	-0.000616556035	-0.000902245989	-0.00809492047	-0.000369583848	0.00719267448	0	0	0	0	0	3
32	46	0	0.287097443	-0.000614309438	-0.000893247971	-0.00809492047	-0.000369583848	0.0072016725	0	0	0	0	0	3
33	47	0	0.296069238	-0.000629442104	-0.000885253854	-0.00809492047	-0.000369583848	0.00720966661	0	0	0	0	0	3
34	49	0	0.305041034	-0.000619126173	-0.00087742657	-0.00809492047	-0.000369583848	0.0072174939	0	0	0	0	0	3
35	51	0	0.314012829	-0.000639067173	-0.000870616301	-0.00809492047	-0.000369583848	0.00722430417	0	0	0	0	0	3
36	52	0	0.322984624	-0.000628173135	-0.000863881769	-0.00809492047	-0.000369583848	0.0072310387	0	0	0	0	0	3
37	54	0	0.331956419	-0.000639944355	-0.000857829406	-0.00809492047	-0.000369583848	0.00723709106	0	0	0	0	0	3
38	56	0	0.340928214	-0.00064148798	-0.000852136211	-0.00809492047	-0.000369583848	0.00724278426	0	0	0	0	0	3
39	57	0	0.349900009	-0.000626019405	-0.000846338344	-0.00809492047	-0.000369583848	0.00724858212	0	0	0	0	0	3
40	59	0	0.358871804	-0.000645319284	-0.000841312867	-0.00809492047	-0.000369583848	0.0072536076	0	0	0	0	0	3
41	62	0	0.367843599	-0.000621610942	-0.000835954284	-0.00809492047	-0.000369583848	0.00725896618	0	0	0	0	0	3
42	63	0	0.376815394	-0.000631237296	-0.00083108007	-0.00809492047	-0.000369583848	0.0072638404	0	0	0	0	0	3
43	64	0	0.38578719	-0.000620077268	-0.000826173028	-0.00809492047	-0.000369583848	0.00726874744	0	0	0	0	0	3
44	66	0	0.394758985	-0.000620766309	-0.000821504693	-0.00809492047	-0.000369583848	0.00727341577	0	0	0	0	0	3
45	67	0	0.40373078	-0.00061447592	-0.000816904054	-0.00809492047	-0.000369583848	0.00727801641	0	0	0	0	0	3
46	69	0	0.412702575	-0.000619402893	-0.000812610551	-0.00809492047	-0.000369583848	0.00728230992	0	0	0	0	0	3
47	71	0	0.42167437	-0.000605821941	-0.000808210793	-0.00809492047	-0.000369583848	0.00728670968	0	0	0	0	0	3
48	72	0	0.430646165	-0.000609978384	-0.000804080951	-0.00809492047	-0.000369583848	0.00729083952	0	0	0	0	0	3
49	74	0	0.43961796	-0.000604029412	-0.000799998267	-0.00809492047	-0.000369583848	0.0072949222	0	0	0	0	0	3
50	75	0	0.448589755	-0.000598545066	-0.000795969203	-0.00809492047	-0.000369583848	0.00729895127	0	0	0	0	0	3
51	77	0	0.45756155	-0.000591511861	-0.000791960235	-0.00809492047	-0.000369583848	0.00730296023	0	0	0	0	0	3
52	78	0	0.466533345	-0.000594127826	-0.000788155766	-0.00809492047	-0.000369583848	0.0073067647	0	0	0	0	0	3
53	80	0	0.475505141	-0.000587427379	-0.000784368438	-0.00809492047	-0.000369583848	0.00731055203	0	0	0	0	0	3
54	81	0	0.484476936	-0.000595401565	-0.000780869051	-0.00809492047	-0.000369583848	0.00731405142	0	0	0	0	0	3
55	83	0	0.493448731	-0.000592388926	-0.00077744214	-0.00809492047	-0.000369583848	0.00731747833	0	0	0	0	0	3
56	84	0	0.502420526	-0.000584546955	-0.000773997583	-0.00809492047	-0.000369583848	0.00732092289	0	0	0	0	0	3
57	86	0	0.511392321	-0.000587295214	-0.000639932846	-0.00181423635	-0.000369583848	0.00144465251	0	0	0	0	0	3
58	87	0	0.520364116	-0.000584437908	-0.00061797216	-0.000961487151	-0.000369583848	0.000591903303	0	0	0	0	0	3
59	89	0	0.529335911	-0.000580874789	-0.00061117551	-0.000849769752	-0.000369583848	0.000480185905	0	0	0	0	0	3
60	90	0	0.538307706	-0.000585420979	-0.000615029745	-0.000849769752	-0.000531413082	0.000318356671	0	0	0	0	0	3
61	92	0	0.547279501	-0.000578518486	-0.000610185972	-0.000726823018	-0.000531413082	0.000195409937	0	0	0	0	0	3
62	93	0	0.556251297	-0.000589132985	-0.000610586239	-0.000726823018	-0.000531413082	0.000195409937	0	0	0	0	0	3
63	95	0	0.565223092	-0.000577681157	-0.000607922991	-0.000669206003	-0.000531413082	0.000137792922	0	0	0	0	0	3
64	96	0	0.574194887	-0.000584127014	-0.000608864311	-0.000669206003	-0.000538710148	0.000130495855	0	0	0	0	0	3
65	98	0	0.583166682	-0.000574521313	-0.000609503796	-0.000669206003	-0.000574521313	9.46846907e-05	0	0	0	0	0	3
66	100	0	0.592138477	-0.000591313485	-0.000609703755	-0.000669206003	-0.000574521313	9.46846907e-05	0	0	0	0	0	3
67	101	0	0.601110272	-0.000567710344	-0.000608482323	-0.000669206003	-0.000567710344	0.00010149566	0	0	0	0	0	3
68	103	0	0.610082067	-0.000584178627	-0.000606963977	-0.000651637146	-0.000567710344	8.39268026e-05	0	0	0	0	0	3
69	104	0	0.619053862	-0.000568200573	-0.000605474039	-0.000645319284	-0.000567710344	7.76089401e-05	0	0	0	0	0	3
70	106	0	0.628025657	-0.000576221433	-0.000604242265	-0.000645319284	-0.000567710344	7.76089401e-05	0	0	0	0	0	3
71	108	0	0.636997452	-0.000573490612	-0.000603792116	-0.000645319284	-0.000567710344	7.76089401e-05	0	0	0	0	0	3
72	109	0	0.645969248	-0.00057290189	-0.000602512302	-0.000645319284	-0.000567710344	7.76089401e-05	0	0	0	0	0	3
73	111	0	0.654941043	-0.000576732566	-0.00060186356	-0.000645319284	-0.000567710344	7.76089401e-05	0	0	0	0	0	3
74	112	0	0.663912838	-0.00057473308	-0.000600764525	-0.000645319284	-0.000567710344	7.76089401e-05	0	0	0	0	0	3
75	114	0	0.672884633	-0.000576215366	-0.000599676301	-0.000645319284	-0.000567710344	7.76089401e-05	0	0	0	0	0	3
76	116	0	0.681856428	-0.000574765417	-0.00059891991	-0.000645319284	-0.000567710344	7.76089401e-05	0	0	0	0	0	3
77	117	0	0.690828223	-0.000574205269	-0.000598655568	-0.000645319284	-0.000567710344	7.76089401e-05	0	0	0	0	0	3
78	119	0	0.699800018	-0.00057105651	-0.000598244753	-0.000645319284	-0.000567710344	7.76089401e-05	0	0	0	0	0	3
79	121	0	0.708771813	-0.000571285114	-0.000597988822	-0.000645319284	-0.000567710344	7.76089401e-05	0	0	0	0	0	3
80	122	0	0.717743608	-0.000573975058	-0.00059768742	-0.000645319284	-0.000567710344	7.76089401e-05	0	0	0	0	0	3
81	124	0	0.726715404	-0.00057530904	-0.000597226599	-0.000645319284	-0.000567710344	7.76089401e-05	0	0	0	0	0	3
82	126	0	0.735687199	-0.000576864441	-0.00059689003	-0.000645319284	-0.000567710344	7.76089401e-05	0	0	0	0	0	3
83	127	0	0.744658994	-0.000576676334	-0.000596455544	-0.000645319284	-0.000567710344	7.76089401e-05	0	0	0	0	0	3
84	129	0	0.753630789	-0.000576936868	-0.000596072776	-0.000645319284	-0.000567710344	7.76089401e-05	0	0	0	0	0	3
85	131	0	0.762602584	-0.000573505158	-0.000595505385	-0.000645319284	-0.000567710344	7.76089401e-05	0	0	0	0	0	3
86	132	0	0.771574379	-0.000575063017	-0.000594895448	-0.000645319284	-0.000567710344	7.76089401e-05	0	0	0	0	0	3
87	134	0	0.780546174	-0.000571942397	-0.000594098776	-0.000645319284	-0.000567710344	7.76089401e-05	0	0	0	0	0	3
88	136	0	0.789517969	-0.000575405946	-0.00059340407	-0.000645319284	-0.000567710344	7.76089401e-05	0	0	0	0	0	3
89	137	0	0.798489764	-0.000573093293	-0.000592397842	-0.000645319284	-0.000567710344	7.76089401e-05	0	0	0	0	0	3
90	139	0	0.80746156	-0.000576029849	-0.000591628264	-0.000645319284	-0.000567710344	7.76089401e-05	0	0	0	0	0	3
91	141	0	0.816433355	-0.000572511828	-0.000590439776	-0.000645319284	-0.000567710344	7.76089401e-05	0	0	0	0	0	3
92	142	0	0.82540515	-0.000573063289	-0.000589455672	-0.000645319284	-0.000567710344	7.76089401e-05	0	0	0	0	0	3
93	144	0	0.834376945	-0.000571423734	-0.000588232089	-0.000645319284	-0.000567710344	7.76089401e-05	0	0	0	0	0	3
94	146	0	0.84334874	-0.00057127187	-0.00058697823	-0.000645319284	-0.000567710344	7.76089401e-05	0	0	0	0	0	3
95	147	0	0.852320535	-0.000569976823	-0.00058597747	-0.000645319284	-0.000567710344	7.76089401e-05	0	0	0	0	0	3
96	149	0	0.86129233	-0.000572932615	-0.000584684851	-0.000631237296	-0.000567710344	6.35269522e-05	0	0	0	0	0	3
97	151	0	0.870264125	-0.000569990867	-0.000583763064	-0.000631237296	-0.000567710344	6.35269522e-05	0	0	0	0	0	3
98	152	0	0.87923592	-0.000572145989	-0.000582707862	-0.000620766309	-0.000567710344	5.30559656e-05	0	0	0	0	0	3
99	154	0	0.888207715	-0.000575103019	-0.00058190475	-0.000620766309	-0.000567710344	5.30559656e-05	0	0	0	0	0	3
100	156	0	0.897179511	-0.000576658546	-0.000581117111	-0.000619402893	-0.000567710344	5.16925489e-05	0	0	0	0	0	3
101	161	0	0.906151306	-0.000571579285	-0.0005803511	-0.000619402893	-0.000567710344	5.16925489e-05	0	0	0	0	0	3
102	163	0	0.915123101	-0.000572971619	-0.00057952197	-0.000609978384	-0.000567710344	4.22680405e-05	0	0	0	0	0	3
103	165	0	0.924094896	-0.000574466773	-0.000578962057	-0.000609978384	-0.000567710344	4.22680405e-05	0	0	0	0	0	3
104	166	0	0.933066691	-0.000577124339	-0.000578375377	-0.000604029412	-0.000567710344	3.63190681e-05	0	0	0	0	0	3
105	168	0	0.942038486	-0.000573954592	-0.000577838327	-0.000598545066	-0.000567710344	3.08347223e-05	0	0	0	0	0	3
106	169	0	0.951010281	-0.000574095205	-0.000577401722	-0.000595401565	-0.000567710344	2.76912217e-05	0	0	0	0	0	3
107	171	0	0.959982076	-0.000577194354	-0.000577146052	-0.000595401565	-0.000567710344	2.76912217e-05	0	0	0	0	0	3
108	173	0	0.968953871	-0.000580511527	-0.000576902904	-0.000595401565	-0.000567710344	2.76912217e-05	0	0	0	0	0	3
109	174	0	0.977925667	-0.000575502997	-0.000576689969	-0.000595401565	-0.000567710344	2.76912217e-05	0	0	0	0	0	3
110	176	0	0.986897462	-0.000575084271	-0.00057632716	-0.000592388926	-0.000567710344	2.46785819e-05	0	0	0	0	0	3
111	177	0	0.995869257	-0.000577830314	-0.000576067185	-0.000591313485	-0.000567710344	2.36031408e-05	0	0	0	0	0	3
112	179	0	1.00484105	-0.000575905866	-0.00057591288	-0.000591313485	-0.000567710344	2.36031408e-05	1.77570991e-05	0	75.2	0	0	3
113	181	0	1.01381285	-0.000572346276	-0.000575645934	-0.000591313485	-0.000567710344	2.36031408e-05	1.77570991e-05	0	75.2	0	0	3
114	182	0	1.02278464	-0.00057454567	-0.000575469287	-0.000591313485	-0.000567710344	2.36031408e-05	1.77570991e-05	0	75.2	0	0	3
115	184	0	1.03175644	-0.000574464345	-0.000575354815	-0.000591313485	-0.000567710344	2.36031408e-05	1.77570991e-05	0	75.2	0	0	3
116	185	0	1.04072823	-0.000572836622	-0.000575130094	-0.000591313485	-0.000567710344	2.36031408e-05	1.77570991e-05	0	75.2	0	0	3
117	187	0	1.04970003	-0.000570235951	-0.000574982192	-0.000591313485	-0.000567710344	2.36031408e-05	1.77570991e-05	0	75.2	0	0	3
118	188	0	1.05867182	-0.000570721349	-0.000574653413	-0.000591313485	-0.000567710344	2.36031408e-05	1.77570991e-05	0	75.2	0	0	3
119	190	0	1.06764362	-0.000570719901	-0.000574529104	-0.000591313485	-0.000567710344	2.36031408e-05	1.77570991e-05	0	75.2	0	0	3
120	191	0	1.07661541	-0.000571794308	-0.000574308878	-0.000591313485	-0.000567710344	2.36031408e-05	1.77570991e-05	0	75.2	0	0	3
121	193	0	1.08558721	-0.00056899841	-0.000574210254	-0.000591313485	-0.000567710344	2.36031408e-05	1.77570991e-05	0	75.2	0	0	3
122	194	0	1.094559	-0.000567929639	-0.000573792686	-0.000584178627	-0.000567710344	1.64682837e-05	1.77570991e-05	0	100	0	0	3
123	196	0	1.1035308	-0.000567290981	-0.000573785197	-0.000584178627	-0.000567290981	1.68876464e-05	1.77570991e-05	0	100	0	0	3
124	197	0	1.11250259	-0.000571986139	-0.000573567474	-0.000580511527	-0.000567290981	1.32205461e-05	1.77570991e-05	0	100	0	0	3
125	199	0	1.12147439	-0.000572646622	-0.000573646868	-0.000580511527	-0.000567290981	1.32205461e-05	1.77570991e-05	0	100	0	0	3
126	200	0	1.13044618	-0.000572235219	-0.000573575685	-0.000580511527	-0.000567290981	1.32205461e-05	1.77570991e-05	0	100	0	0	3
127	202	0	1.13941798	-0.000568948784	-0.000573494581	-0.000580511527	-0.000567290981	1.32205461e-05	1.77570991e-05	0	100	0	0	3
128	203	0	1.14838977	-0.000574489355	-0.000573522929	-0.000580511527	-0.000567290981	1.32205461e-05	1.77570991e-05	0	100	0	0	3
129	205	0	1.15736157	-0.000571640688	-0.000573432002	-0.000580511527	-0.000567290981	1.32205461e-05	1.77570991e-05	0	100	0	0	3
130	206	0	1.16633336	-0.000572309214	-0.000573388719	-0.000580511527	-0.000567290981	1.32205461e-05	1.77570991e-05	0	100	0	0	3
131	208	0	1.17530516	-0.000570347121	-0.000573283929	-0.000580511527	-0.000567290981	1.32205461e-05	1.77570991e-05	0	100	0	0	3
132	209	0	1.18427695	-0.000574370474	-0.000573276877	-0.000580511527	-0.000567290981	1.32205461e-05	1.77570991e-05	0	100	0	0	3
133	211	0	1.19324875	-0.000573285451	-0.000573260451	-0.000580511527	-0.000567290981	1.32205461e-05	1.77570991e-05	0	100	0	0	3
134	212	0	1.20222054	-0.000572552722	-0.000573287169	-0.000580511527	-0.000567290981	1.32205461e-05	1.77570991e-05	0	100	0	0	3
135	213	0	1.21119234	-0.000570767224	-0.000573277921	-0.000580511527	-0.000567290981	1.32205461e-05	1.77570991e-05	0	100	0	0	3
136	215	0	1.22016413	-0.000575455202	-0.000573304352	-0.000580511527	-0.000567290981	1.32205461e-05	1.77570991e-05	0	100	0	0	3
137	216	0	1.22913593	-0.000579132913	-0.000573372636	-0.000580511527	-0.000567290981	1.32205461e-05	1.77570991e-05	0	100	0	0	3
138	218	0	1.23810772	-0.000581866631	-0.000573461961	-0.000581866631	-0.000567290981	1.45756504e-05	1.77570991e-05	0	100	0	0	3
139	219	0	1.24707952	-0.000576543926	-0.000573459596	-0.000581866631	-0.000567290981	1.45756504e-05	1.77570991e-05	0	100	0	0	3
140	221	0	1.25605131	-0.000574101201	-0.000573408959	-0.000581866631	-0.000567290981	1.45756504e-05	1.77570991e-05	0	100	0	0	3
141	222	0	1.26502311	-0.000576861554	-0.000573468895	-0.000581866631	-0.000567290981	1.45756504e-05	1.77570991e-05	0	100	0	0	3
142	224	0	1.2739949	-0.000577493573	-0.000573512298	-0.000581866631	-0.000567290981	1.45756504e-05	1.77570991e-05	0	100	0	0	3
143	225	0	1.2829667	-0.000573950763	-0.000573548161	-0.000581866631	-0.000567290981	1.45756504e-05	1.77570991e-05	0	100	0	0	3
144	226	0	1.2919385	-0.000577547724	-0.000573586407	-0.000581866631	-0.000567290981	1.45756504e-05	1.77570991e-05	0	100	0	0	3
145	228	0	1.30091029	-0.000576483842	-0.000573646953	-0.000581866631	-0.000567290981	1.45756504e-05	1.77570991e-05	0	100	0	0	3
146	229	0	1.30988209	-0.00057819492	-0.000573685615	-0.000581866631	-0.000567290981	1.45756504e-05	1.77570991e-05	0	100	0	0	3
147	231	0	1.31885388	-0.000574657604	-0.000573723932	-0.000581866631	-0.000567290981	1.45756504e-05	1.77570991e-05	0	100	0	0	3
148	232	0	1.32782568	-0.00057444857	-0.00057374867	-0.000581866631	-0.000567290981	1.45756504e-05	1.77570991e-05	0	100	0	0	3
149	234	0	1.33679747	-0.000571722657	-0.000573754007	-0.000581866631	-0.000567290981	1.37177789e-05	1.77570991e-05	0	100	0	0	3
150	235	0	1.34576927	-0.000580050737	-0.000573910773	-0.000581866631	-0.000567290981	1.27170185e-05	1.77570991e-05	0	100	0	0	3
151	236	0	1.35474106	-0.000577986481	-0.000574053803	-0.000581866631	-0.000567290981	1.14243994e-05	1.77570991e-05	0	100	0	0	3
152	238	0	1.36371286	-0.00057910095	-0.000574163951	-0.000581866631	-0.000567290981	1.05026124e-05	1.77570991e-05	0	100	0	0	3
153	239	0	1.37268465	-0.000579404836	-0.000574332058	-0.000581866631	-0.000567290981	9.44741047e-06	1.77570991e-05	0	100	0	0	3
154	241	0	1.38165645	-0.000579810278	-0.00057446892	-0.000581866631	-0.000567290981	8.64429889e-06	1.77570991e-05	0	100	0	0	3
155	242	0	1.39062824	-0.000576852688	-0.000574500164	-0.000581866631	-0.000567290981	7.85666026e-06	1.77570991e-05	0	100	0	0	3
156	243	0	1.39960004	-0.000579162651	-0.00057454488	-0.000581866631	-0.000567290981	7.09064892e-06	1.77570991e-05	0	100	0	0	3
157	245	0	1.40857183	-0.000577866662	-0.000574657155	-0.000581866631	-0.000567290981	6.26151903e-06	1.77570991e-05	0	100	0	0	3
158	246	0	1.41754363	-0.000581613587	-0.000574811476	-0.000581866631	-0.000567290981	5.70160531e-06	1.77570991e-05	0	100	0	0	3
159	248	0	1.42651542	-0.000581281375	-0.000574933165	-0.000581866631	-0.000567290981	5.11492593e-06	1.77570991e-05	0	100	0	0	3
160	249	0	1.43548722	-0.000585311364	-0.000575079362	-0.000585311364	-0.000567290981	4.57787557e-06	1.77570991e-05	0	100	0	0	3
161	250	0	1.44445901	-0.000584871865	-0.000575274313	-0.000585311364	-0.000567290981	4.14127092e-06	1.77570991e-05	0	100	0	0	3
162	252	0	1.45343081	-0.000584761275	-0.000575464779	-0.000585311364	-0.000567290981	3.88560115e-06	1.77570991e-05	0	100	0	0	3
163	253	0	1.4624026	-0.000584440397	-0.000575594173	-0.000585311364	-0.000567290981	3.64245295e-06	1.77570991e-05	0	100	0	0	3
164	254	0	1.4713744	-0.000584365222	-0.000575662989	-0.000585311364	-0.000567290981	3.42951756e-06	1.77570991e-05	0	100	0	0	3
165	256	0	1.48034619	-0.00057917713	-0.000575728598	-0.000585311364	-0.000567290981	3.06670873e-06	1.77570991e-05	0	100	0	0	3
166	257	0	1.48931799	-0.000580207782	-0.000575820089	-0.000585311364	-0.000567290981	2.80673353e-06	1.77570991e-05	0	100	0	0	3
167	258	0	1.49828978	-0.000581694651	-0.000575889095	-0.000585311364	-0.000567290981	2.65242837e-06	1.77570991e-05	0	100	0	0	3
168	260	0	1.50726158	-0.000585061445	-0.000576052588	-0.000585311364	-0.000567290981	2.79213666e-06	1.77570991e-05	0	100	0	0	3
169	261	0	1.51623337	-0.000583095313	-0.000576244535	-0.000585311364	-0.000567290981	2.98408375e-06	1.77570991e-05	0	100	0	0	3
170	262	0	1.52520517	-0.000582359426	-0.000576384066	-0.000585311364	-0.000567290981	3.12361512e-06	1.77570991e-05	0	100	0	0	3
171	264	0	1.53417696	-0.000577878995	-0.000576445042	-0.000585311364	-0.000567290981	3.18459103e-06	1.77570991e-05	0	100	0	0	3
172	265	0	1.54314876	-0.000578482346	-0.000576545859	-0.000585311364	-0.000567290981	3.28540753e-06	1.77570991e-05	0	100	0	0	3
173	267	0	1.55212055	-0.000578778088	-0.000576698397	-0.000585311364	-0.000567290981	3.4379457e-06	1.77570991e-05	0	100	0	0	3
174	268	0	1.56109235	-0.000579379663	-0.00057685301	-0.000585311364	-0.000567290981	3.59255846e-06	1.77570991e-05	0	100	0	0	3
175	269	0	1.57006414	-0.000579042982	-0.000577001636	-0.000585311364	-0.000567290981	3.74118489e-06	1.77570991e-05	0	100	0	0	3
176	271	0	1.57903594	-0.000580692957	-0.000577160541	-0.000585311364	-0.000567290981	3.90008935e-06	1.77570991e-05	0	100	0	0	3
177	272	0	1.58800773	-0.000578157601	-0.000577324098	-0.000585311364	-0.000567290981	4.06364632e-06	1.77570991e-05	0	100	0	0	3
178	273	0	1.59697953	-0.00058435016	-0.000577617321	-0.000585311364	-0.000567290981	4.3568699e-06	1.77570991e-05	0	100	0	0	3
179	275	0	1.60595132	-0.000579768026	-0.000577840125	-0.000585311364	-0.000568948784	4.57967427e-06	1.77570991e-05	0	100	0	0	3
180	276	0	1.61492312	-0.000578081962	-0.000577948979	-0.000585311364	-0.000568948784	4.68852825e-06	1.77570991e-05	0	100	0	0	3
181	278	0	1.62389491	-0.000575949809	-0.000578007965	-0.000585311364	-0.000568948784	4.74751374e-06	1.77570991e-05	0	100	0	0	3
182	279	0	1.63286671	-0.000577913072	-0.000578109355	-0.000585311364	-0.000568948784	4.84890398e-06	1.77570991e-05	0	100	0	0	3
183	280	0	1.6418385	-0.000575302788	-0.00057822282	-0.000585311364	-0.000570347121	4.96236834e-06	1.77570991e-05	0	100	0	0	3
184	282	0	1.6508103	-0.000579382131	-0.000578310191	-0.000585311364	-0.000570347121	5.04973933e-06	1.77570991e-05	0	100	0	0	3
185	283	0	1.65978209	-0.000578789073	-0.00057843784	-0.000585311364	-0.000570347121	5.17738907e-06	1.77570991e-05	0	100	0	0	3
186	285	0	1.66875389	-0.000580258803	-0.000578579797	-0.000585311364	-0.000570347121	5.31934602e-06	1.77570991e-05	0	100	0	0	3
187	286	0	1.67772568	-0.000580072364	-0.000578753462	-0.000585311364	-0.000570767224	5.49301108e-06	1.77570991e-05	0	100	0	0	3
188	287	0	1.68669748	-0.000578917667	-0.000578834662	-0.000585311364	-0.000570767224	5.57421095e-06	1.77570991e-05	0	100	0	0	3
189	289	0	1.69566927	-0.00057566399	-0.000578877136	-0.000585311364	-0.000570767224	5.59921484e-06	1.77570991e-05	0	100	0	0	3
190	290	0	1.70464107	-0.000575433367	-0.000578928576	-0.000585311364	-0.000570767224	5.65065492e-06	1.77570991e-05	0	100	0	0	3
191	291	0	1.71361287	-0.00057362477	-0.000578979604	-0.000585311364	-0.000571722657	5.6752514e-06	1.77570991e-05	0	100	0	0	3
192	293	0	1.72258466	-0.000578142359	-0.000579027589	-0.000585311364	-0.000571722657	5.65495291e-06	1.77570991e-05	0	100	0	0	3
193	294	0	1.73155646	-0.000578920046	-0.000579023788	-0.000585311364	-0.000571722657	5.61862943e-06	1.77570991e-05	0	100	0	0	3
194	295	0	1.74052825	-0.000581347407	-0.000579014516	-0.000585311364	-0.000571722657	5.61862943e-06	1.77570991e-05	0	100	0	0	3
195	297	0	1.74950005	-0.000578431062	-0.000579048215	-0.000585311364	-0.000571722657	5.63925523e-06	1.77570991e-05	0	100	0	0	3
196	298	0	1.75847184	-0.000578436692	-0.000579125634	-0.000585311364	-0.000571722657	5.65673908e-06	1.77570991e-05	0	100	0	0	3
197	299	0	1.76744364	-0.000575971523	-0.000579109741	-0.000585311364	-0.000571722657	5.61333629e-06	1.77570991e-05	0	100	0	0	3
198	301	0	1.77641543	-0.000575857029	-0.000579080517	-0.000585311364	-0.000571722657	5.57747261e-06	1.77570991e-05	0	100	0	0	3
199	302	0	1.78538723	-0.000575702168	-0.000579111792	-0.000585311364	-0.000571722657	5.53922657e-06	1.77570991e-05	0	100	0	0	3
200	303	0	1.79435902	-0.000578144641	-0.000579122451	-0.000585311364	-0.000571722657	5.47868106e-06	1.77570991e-05	0	100	0	0	3
201	308	0	1.80333082	-0.000573870834	-0.00057907579	-0.000585311364	-0.000571722657	5.44001907e-06	1.77570991e-05	0	100	0	0	3
202	309	0	1.81230261	-0.000576385293	-0.000579043475	-0.000585311364	-0.000571722657	5.40170164e-06	1.77570991e-05	0	100	0	0	3
203	311	0	1.82127441	-0.000575616779	-0.000579060603	-0.000585311364	-0.000571722657	5.37696448e-06	1.77570991e-05	0	100	0	0	3
204	312	0	1.8302462	-0.000579913883	-0.000579158198	-0.000585311364	-0.000571722657	5.40419081e-06	1.77570991e-05	0	100	0	0	3
205	314	0	1.839218	-0.000578112563	-0.000579272304	-0.000585311364	-0.00057362477	5.3615308e-06	1.77570991e-05	0	100	0	0	3
206	315	0	1.84818979	-0.000576133445	-0.000579202352	-0.000585311364	-0.00057362477	5.21850119e-06	1.77570991e-05	0	100	0	0	3
207	316	0	1.85716159	-0.000575819382	-0.000579163654	-0.000585311364	-0.00057362477	5.10835235e-06	1.77570991e-05	0	100	0	0	3
208	318	0	1.86613338	-0.000579609929	-0.000579172743	-0.000585311364	-0.00057362477	4.94024577e-06	1.77570991e-05	0	100	0	0	3
209	319	0	1.87510518	-0.000580705469	-0.000579195968	-0.000585311364	-0.00057362477	4.80338345e-06	1.77570991e-05	0	100	0	0	3
210	320	0	1.88407697	-0.000583824541	-0.000579267652	-0.000585311364	-0.00057362477	4.77213936e-06	1.77570991e-05	0	100	0	0	3
211	322	0	1.89304877	-0.000581963358	-0.000579358914	-0.000585311364	-0.00057362477	4.81403314e-06	1.77570991e-05	0	100	0	0	3
212	323	0	1.90202056	-0.000585186191	-0.000579466477	-0.000585311364	-0.00057362477	4.80932177e-06	1.77570991e-05	0	100	0	0	3
213	324	0	1.91099236	-0.000582456364	-0.000579548436	-0.000585311364	-0.00057362477	4.73695986e-06	1.77570991e-05	0	100	0	0	3
214	326	0	1.91996415	-0.000585838584	-0.000579623882	-0.000585838584	-0.00057362477	4.6907169e-06	1.77570991e-05	0	100	0	0	3
215	327	0	1.92893595	-0.000584732873	-0.000579685516	-0.000585838584	-0.00057362477	4.60615393e-06	1.77570991e-05	0	100	0	0	3
216	328	0	1.93790774	-0.000586923201	-0.000579714299	-0.000586923201	-0.00057362477	4.43998542e-06	1.77570991e-05	0	100	0	0	3
217	329	0	1.94687954	-0.000583824506	-0.000579695596	-0.000586923201	-0.00057362477	4.24951989e-06	1.77570991e-05	0	100	0	0	3
218	331	0	1.95585133	-0.000583248949	-0.00057966859	-0.000586923201	-0.00057362477	4.12012627e-06	1.77570991e-05	0	100	0	0	3
219	332	0	1.96482313	-0.000581063794	-0.000579608294	-0.000586923201	-0.00057362477	4.05131029e-06	1.77570991e-05	0	100	0	0	3
220	333	0	1.97379492	-0.000579875804	-0.000579528126	-0.000586923201	-0.00057362477	3.98570078e-06	1.77570991e-05	0	100	0	0	3
221	335	0	1.98276672	-0.000577638538	-0.000579500651	-0.000586923201	-0.00057362477	3.8942095e-06	1.77570991e-05	0	100	0	0	3
222	337	0	1.99173851	-0.000579379949	-0.000579485868	-0.000586923201	-0.00057362477	3.8252035e-06	1.77570991e-05	0	100	0	0	3
223	339	0	2.00071031	-0.000575986561	-0.000579383938	-0.000586923201	-0.00057362477	3.66171102e-06	1.77570991e-05	0	100	0	0	3
224	340	0	2.0096821	-0.00057754578	-0.00057924973	-0.000586923201	-0.00057362477	3.46976393e-06	1.77570991e-05	0	100	0	0	3
225	342	0	2.0186539	-0.000574748729	-0.000579100683	-0.000586923201	-0.00057362477	3.33023256e-06	1.77570991e-05	0	100	0	0	3
226	343	0	2.02762569	-0.000572042218	-0.000578916448	-0.000586923201	-0.000572042218	3.26925665e-06	1.77570991e-05	0	100	0	0	3
227	345	0	2.03659749	-0.000570158856	-0.000578778588	-0.000586923201	-0.000570158856	3.16844015e-06	1.77570991e-05	0	100	0	0	3
228	346	0	2.04556928	-0.00057244911	-0.000578670852	-0.000586923201	-0.000570158856	3.01590198e-06	1.77570991e-05	0	100	0	0	3
229	348	0	2.05454108	-0.000572421746	-0.000578557345	-0.000586923201	-0.000570158856	2.86128922e-06	1.77570991e-05	0	100	0	0	3
230	350	0	2.06351287	-0.000574357202	-0.000578467659	-0.000586923201	-0.000570158856	2.71266279e-06	1.77570991e-05	0	100	0	0	3
231	351	0	2.07248467	-0.000575351558	-0.00057840174	-0.000586923201	-0.000570158856	2.55375833e-06	1.77570991e-05	0	100	0	0	3
232	352	0	2.08145646	-0.000573733978	-0.000578277473	-0.000586923201	-0.000570158856	2.39020136e-06	1.77570991e-05	0	100	0	0	3
233	354	0	2.09042826	-0.000572798508	-0.000578181775	-0.000586923201	-0.000570158856	2.09697778e-06	1.77570991e-05	0	100	0	0	3
234	355	0	2.09940005	-0.000578487633	-0.000578077087	-0.000586923201	-0.000570158856	1.87417341e-06	1.77570991e-05	0	100	0	0	3
235	357	0	2.10837185	-0.000575002978	-0.000577991997	-0.000586923201	-0.000570158856	1.76531943e-06	1.77570991e-05	0	100	0	0	3
236	358	0	2.11734364	-0.000573635568	-0.000577912597	-0.000586923201	-0.000570158856	1.80170217e-06	1.77570991e-05	0	100	0	0	3
237	359	0	2.12631544	-0.000573468044	-0.000577868279	-0.000586923201	-0.000570158856	1.8460194e-06	1.77570991e-05	0	100	0	0	3
238	361	0	2.13528724	-0.000574234258	-0.000577802586	-0.000586923201	-0.000570158856	1.91171251e-06	1.77570991e-05	0	100	0	0	3
239	362	0	2.14425903	-0.000573219084	-0.000577765377	-0.000586923201	-0.000570158856	1.94892151e-06	1.77570991e-05	0	100	0	0	3
240	363	0	2.15323083	-0.000577449115	-0.000577730859	-0.000586923201	-0.000570158856	1.98343964e-06	1.77570991e-05	0	100	0	0	3
241	365	0	2.16220262	-0.000574663797	-0.000577657194	-0.000586923201	-0.000570158856	2.05710527e-06	1.77570991e-05	0	100	0	0	3
242	366	0	2.17117442	-0.000575924876	-0.000577579802	-0.000586923201	-0.000570158856	2.13449683e-06	1.77570991e-05	0	100	0	0	3
243	367	0	2.18014621	-0.000579679657	-0.000577572789	-0.000586923201	-0.000570158856	2.14150947e-06	1.77570991e-05	0	100	0	0	3
244	369	0	2.18911801	-0.00057778249	-0.000577552518	-0.000586923201	-0.000570158856	2.16178048e-06	1.77570991e-05	0	100	0	0	3
245	370	0	2.1980898	-0.000574668758	-0.000577534746	-0.000586923201	-0.000570158856	2.17955249e-06	1.77570991e-05	0	100	0	0	3
246	371	0	2.2070616	-0.000578365785	-0.000577587111	-0.000586923201	-0.000570158856	2.17955249e-06	1.77570991e-05	0	100	0	0	3
247	372	0	2.21603339	-0.000580248046	-0.000577705384	-0.000586923201	-0.000570158856	2.17955249e-06	1.77570991e-05	0	100	0	0	3
248	374	0	2.22500519	-0.000582741399	-0.00057778751	-0.000586923201	-0.000570158856	2.17955249e-06	1.77570991e-05	0	100	0	0	3
249	375	0	2.23397698	-0.000584261309	-0.000577882889	-0.000586923201	-0.000570158856	2.17955249e-06	1.77570991e-05	0	100	0	0	3
250	376	0	2.24294878	-0.000584692971	-0.000577942631	-0.000586923201	-0.000570158856	2.17955249e-06	1.77570991e-05	0	100	0	0	3
251	378	0	2.25192057	-0.000582333599	-0.00057801232	-0.000586923201	-0.000570158856	2.17955249e-06	1.77570991e-05	0	100	0	0	3
252	379	0	2.26089237	-0.000582742338	-0.000578089206	-0.000586923201	-0.000570158856	2.17955249e-06	1.77570991e-05	0	100	0	0	3
253	380	0	2.26986416	-0.00057995487	-0.000578160337	-0.000586923201	-0.000570158856	2.17955249e-06	1.77570991e-05	0	100	0	0	3
254	382	0	2.27883596	-0.000580992429	-0.000578252041	-0.000586923201	-0.000570158856	2.17955249e-06	1.77570991e-05	0	100	0	0	3
255	383	0	2.28780775	-0.00057578925	-0.000578253596	-0.000586923201	-0.000570158856	2.17955249e-06	1.77570991e-05	0	100	0	0	3
256	384	0	2.29677955	-0.000579160869	-0.000578271743	-0.000586923201	-0.000570158856	2.17955249e-06	1.77570991e-05	0	100	0	0	3
257	386	0	2.30575134	-0.000577372043	-0.000578334264	-0.000586923201	-0.000570158856	2.17955249e-06	1.77570991e-05	0	100	0	0	3
258	387	0	2.31472314	-0.00058232379	-0.000578440309	-0.000586923201	-0.000570158856	2.17955249e-06	1.77570991e-05	0	100	0	0	3
259	388	0	2.32369493	-0.000578006944	-0.000578482991	-0.000586923201	-0.000570158856	2.17955249e-06	1.77570991e-05	0	100	0	0	3
260	390	0	2.33266673	-0.000577857759	-0.000578446274	-0.000586923201	-0.000570158856	2.17955249e-06	1.77570991e-05	0	100	0	0	3
261	391	0	2.34163852	-0.000573629629	-0.000578366222	-0.000586923201	-0.000570158856	2.17955249e-06	1.77570991e-05	0	100	0	0	3
262	392	0	2.35061032	-0.000575838358	-0.000578360952	-0.000586923201	-0.000570158856	2.17955249e-06	1.77570991e-05	0	100	0	0	3
263	394	0	2.35958211	-0.000575040766	-0.000578347048	-0.000586923201	-0.000570158856	2.17955249e-06	1.77570991e-05	0	100	0	0	3
264	395	0	2.36855391	-0.000579306653	-0.000578341633	-0.000586923201	-0.000570158856	2.17955249e-06	1.77570991e-05	0	100	0	0	3
265	396	0	2.3775257	-0.000578875403	-0.000578308953	-0.000586923201	-0.000570158856	2.17955249e-06	1.77570991e-05	0	100	0	0	3
266	398	0	2.3864975	-0.000581483042	-0.00057826714	-0.000586923201	-0.000570158856	2.17955249e-06	1.77570991e-05	0	100	0	0	3
267	399	0	2.39546929	-0.000578880712	-0.000578212093	-0.000586923201	-0.000570158856	2.17955249e-06	1.77570991e-05	0	100	0	0	3
268	401	0	2.40444109	-0.000577026378	-0.000578066382	-0.000586923201	-0.000570158856	2.17955249e-06	1.77570991e-05	0	100	0	0	3
269	402	0	2.41341288	-0.00057463355	-0.000577926689	-0.000586923201	-0.000570158856	2.17955249e-06	1.77570991e-05	0	100	0	0	3
270	403	0	2.42238468	-0.00057603843	-0.000577751686	-0.000586923201	-0.000570158856	2.17955249e-06	1.77570991e-05	0	100	0	0	3
271	405	0	2.43135647	-0.000573988785	-0.000577559828	-0.000586923201	-0.000570158856	2.17955249e-06	1.77570991e-05	0	100	0	0	3
272	406	0	2.44032827	-0.000578537591	-0.000577410085	-0.000584692971	-0.000570158856	2.28551138e-06	1.77570991e-05	0	100	0	0	3
273	407	0	2.44930006	-0.000576041837	-0.000577271108	-0.000584692971	-0.000570158856	2.3974818e-06	1.77570991e-05	0	100	0	0	3
274	409	0	2.45827186	-0.00057744558	-0.000577167477	-0.000584692971	-0.000570158856	2.44081692e-06	1.77570991e-05	0	100	0	0	3
275	410	0	2.46724365	-0.00057444041	-0.000577049202	-0.000584692971	-0.000570158856	2.47892346e-06	1.77570991e-05	0	100	0	0	3
276	412	0	2.47621545	-0.000576688874	-0.000576992293	-0.000584692971	-0.000570158856	2.50835807e-06	1.77570991e-05	0	100	0	0	3
277	413	0	2.48518724	-0.000570965589	-0.000576873133	-0.000584692971	-0.000570158856	2.61273515e-06	1.77570991e-05	0	100	0	0	3
278	415	0	2.49415904	-0.000573238757	-0.000576763469	-0.000584692971	-0.000570158856	2.62046913e-06	1.77570991e-05	0	100	0	0	3
279	416	0	2.50313083	-0.000571173269	-0.000576677517	-0.000584692971	-0.000570158856	2.57221248e-06	1.77570991e-05	0	100	0	0	3
280	417	0	2.51210263	-0.000576832305	-0.000576664776	-0.000584692971	-0.000570158856	2.43590697e-06	1.77570991e-05	0	100	0	0	3
281	419	0	2.52107442	-0.000574269742	-0.000576656223	-0.000584692971	-0.000570158856	2.26022445e-06	1.77570991e-05	0	100	0	0	3
282	420	0	2.53004622	-0.00057456391	-0.000576701253	-0.000584692971	-0.000570158856	2.12236482e-06	1.77570991e-05	0	100	0	0	3
283	422	0	2.53901801	-0.000575879383	-0.000576803406	-0.000584692971	-0.000570965589	2.01462845e-06	1.77570991e-05	0	100	0	0	3
284	423	0	2.54798981	-0.000576324245	-0.000576872604	-0.000584692971	-0.000570965589	1.90112234e-06	1.77570991e-05	0	100	0	0	3
285	424	0	2.55696161	-0.000574835571	-0.000576915708	-0.000584692971	-0.000570965589	1.82676748e-06	1.77570991e-05	0	100	0	0	3
286	426	0	2.5659334	-0.000574710638	-0.00057692202	-0.000584692971	-0.000570965589	1.82676748e-06	1.77570991e-05	0	100	0	0	3
287	427	0	2.5749052	-0.000572710603	-0.00057687486	-0.000584692971	-0.000570965589	1.82676748e-06	1.77570991e-05	0	100	0	0	3
288	429	0	2.58387699	-0.000578129365	-0.000576953349	-0.000584692971	-0.000570965589	1.82676748e-06	1.77570991e-05	0	100	0	0	3
289	430	0	2.59284879	-0.000576940374	-0.000577027311	-0.000584692971	-0.000570965589	1.82676748e-06	1.77570991e-05	0	100	0	0	3
290	432	0	2.60182058	-0.000581075753	-0.000577073527	-0.000584692971	-0.000570965589	1.82676748e-06	1.77570991e-05	0	100	0	0	3
291	433	0	2.61079238	-0.00057695597	-0.000577108402	-0.000584692971	-0.000570965589	1.82676748e-06	1.77570991e-05	0	100	0	0	3
292	435	0	2.61976417	-0.000577280857	-0.000577173497	-0.000584692971	-0.000570965589	1.82676748e-06	1.77570991e-05	0	100	0	0	3
293	436	0	2.62873597	-0.000578884665	-0.000577270222	-0.000584692971	-0.000570965589	1.82676748e-06	1.77570991e-05	0	100	0	0	3
294	437	0	2.63770776	-0.000576292604	-0.000577306978	-0.000584692971	-0.000570965589	1.82676748e-06	1.77570991e-05	0	100	0	0	3
295	439	0	2.64667956	-0.00057320243	-0.000577306681	-0.000584692971	-0.000570965589	1.82676748e-06	1.77570991e-05	0	100	0	0	3
296	440	0	2.65565135	-0.000573689812	-0.00057723955	-0.000584692971	-0.000570965589	1.82676748e-06	1.77570991e-05	0	100	0	0	3
297	442	0	2.66462315	-0.000575817035	-0.000577260144	-0.000584692971	-0.000570965589	1.82676748e-06	1.77570991e-05	0	100	0	0	3
298	443	0	2.67359494	-0.000574747664	-0.000577239122	-0.000584692971	-0.000570965589	1.82676748e-06	1.77570991e-05	0	100	0	0	3
299	445	0	2.68256674	-0.000572275442	-0.000577106904	-0.000584692971	-0.000570965589	1.82676748e-06	1.77570991e-05	0	100	0	0	3
300	446	0	2.69153853	-0.000572538952	-0.000577013269	-0.000584692971	-0.000570965589	1.82676748e-06	1.77570991e-05	0	100	0	0	3
301	451	0	2.70051033	-0.000573054468	-0.000576984443	-0.000584692971	-0.000570965589	1.82676748e-06	1.77570991e-05	0	100	0	0	3
302	452	0	2.70948212	-0.000573816323	-0.000576903202	-0.000584692971	-0.000570965589	1.82676748e-06	1.77570991e-05	0	100	0	0	3
303	454	0	2.71845392	-0.000571847145	-0.000576753186	-0.000584692971	-0.000570965589	1.82676748e-06	1.77570991e-05	0	100	0	0	3
304	455	0	2.72742571	-0.000569194155	-0.000576511271	-0.000584692971	-0.000569194155	1.97171922e-06	1.77570991e-05	0	100	0	0	3
305	457	0	2.73639751	-0.000568891673	-0.000576236814	-0.000584692971	-0.000568891673	2.246177e-06	1.77570991e-05	0	100	0	0	3
306	458	0	2.7453693	-0.000570149121	-0.000575977102	-0.000582742338	-0.000568891673	2.50588861e-06	1.77570991e-05	0	100	0	0	3
307	460	0	2.7543411	-0.000573606889	-0.000575821268	-0.000582742338	-0.000568891673	2.66172271e-06	1.77570991e-05	0	100	0	0	3
308	461	0	2.76331289	-0.000574206373	-0.00057566884	-0.00058232379	-0.000568891673	2.81415066e-06	1.77570991e-05	0	100	0	0	3
309	462	0	2.77228469	-0.000575816566	-0.000575594942	-0.00058232379	-0.000568891673	2.88804895e-06	1.77570991e-05	0	100	0	0	3
310	464	0	2.78125648	-0.000575276375	-0.000575492869	-0.00058232379	-0.000568891673	2.99012134e-06	1.77570991e-05	0	100	0	0	3
311	465	0	2.79022828	-0.000575585284	-0.000575489227	-0.00058232379	-0.000568891673	2.99376359e-06	1.77570991e-05	0	100	0	0	3
312	467	0	2.79920007	-0.000582849497	-0.000575555095	-0.000582849497	-0.000568891673	2.99376359e-06	1.77570991e-05	0	100	0	0	3
313	468	0	2.80817187	-0.00058233063	-0.000575643642	-0.000582849497	-0.000568891673	2.99376359e-06	1.77570991e-05	0	100	0	0	3
314	469	0	2.81714366	-0.000584550634	-0.000575683407	-0.000584550634	-0.000568891673	2.99376359e-06	1.77570991e-05	0	100	0	0	3
315	471	0	2.82611546	-0.000588574133	-0.000575872106	-0.000588574133	-0.000568891673	2.95704709e-06	1.77570991e-05	0	100	0	0	3
316	472	0	2.83508725	-0.000593847589	-0.000576157639	-0.000593847589	-0.000568891673	2.87699469e-06	1.77570991e-05	0	100	0	0	3
317	473	0	2.84405905	-0.000594195124	-0.00057652488	-0.000594195124	-0.000568891673	2.87172527e-06	1.77570991e-05	0	100	0	0	3
318	475	0	2.85303084	-0.000596350042	-0.00057689116	-0.000596350042	-0.000568891673	2.85782141e-06	1.77570991e-05	0	100	0	0	3
319	476	0	2.86200264	-0.00059447384	-0.000577238179	-0.000596350042	-0.000568891673	2.85240577e-06	1.77570991e-05	0	100	0	0	3
320	478	0	2.87097443	-0.000597450411	-0.000577562175	-0.000597450411	-0.000568891673	2.81972602e-06	1.77570991e-05	0	100	0	0	3
321	479	0	2.87994623	-0.000603345072	-0.000577999133	-0.000603345072	-0.000568891673	2.77791352e-06	1.77570991e-05	0	100	0	0	3
322	480	0	2.88891802	-0.000606527829	-0.000578446362	-0.000606527829	-0.000568891673	2.95713473e-06	1.77570991e-05	0	100	0	0	3
323	482	0	2.89788982	-0.000604630011	-0.000578906171	-0.000606527829	-0.000568891673	3.41694365e-06	1.77570991e-05	0	100	0	0	3
324	483	0	2.90686161	-0.000605035609	-0.000579406335	-0.000606527829	-0.000568891673	3.91710849e-06	1.77570991e-05	0	100	0	0	3
325	485	0	2.91583341	-0.000601386339	-0.000579884064	-0.000606527829	-0.000568891673	4.39483686e-06	1.77570991e-05	0	100	0	0	3
326	486	0	2.9248052	-0.000601654771	-0.000580341498	-0.000606527829	-0.000568891673	4.85227153e-06	1.77570991e-05	0	100	0	0	3
327	487	0	2.933777	-0.000602125466	-0.000580843939	-0.000606527829	-0.000568891673	5.35471225e-06	1.77570991e-05	0	100	0	0	3
328	489	0	2.94274879	-0.000598522436	-0.000581200811	-0.000606527829	-0.000568891673	5.71158447e-06	1.77570991e-05	0	100	0	0	3
329	490	0	2.95172059	-0.000592592269	-0.000581496355	-0.000606527829	-0.000568891673	6.00712792e-06	1.77570991e-05	0	100	0	0	3
330	492	0	2.96069238	-0.000593472979	-0.000581782558	-0.000606527829	-0.000568891673	6.29333146e-06	1.77570991e-05	0	100	0	0	3
331	493	0	2.96966418	-0.000592750827	-0.00058210953	-0.000606527829	-0.000568891673	6.6203032e-06	1.77570991e-05	0	100	0	0	3
332	494	0	2.97863598	-0.000589891996	-0.0005823453	-0.000606527829	-0.000568891673	6.85607323e-06	1.77570991e-05	0	100	0	0	3
333	496	0	2.98760777	-0.000587589468	-0.000582642155	-0.000606527829	-0.000568891673	7.15292822e-06	1.77570991e-05	0	100	0	0	3
334	497	0	2.99657957	-0.000591962111	-0.000582976501	-0.000606527829	-0.000568891673	7.48727383e-06	1.77570991e-05	0	100	0	0	3
335	498	0	3.00555136	-0.000588280309	-0.000583281984	-0.000606527829	-0.000568891673	7.7927567e-06	1.77570991e-05	0	100	0	0	3
336	500	0	3.01452316	-0.000589553061	-0.00058350914	-0.000606527829	-0.000568891673	8.01991305e-06	1.77570991e-05	0	100	0	0	3
337	501	0	3.02349495	-0.000585697144	-0.000583713201	-0.000606527829	-0.000568891673	8.2239738e-06	1.77570991e-05	0	100	0	0	3
338	503	0	3.03246675	-0.000591674381	-0.000584018745	-0.000606527829	-0.000568891673	8.52951793e-06	1.77570991e-05	0	100	0	0	3
339	504	0	3.04143854	-0.000589496772	-0.000584261913	-0.000606527829	-0.000568891673	8.77268559e-06	1.77570991e-05	0	100	0	0	3
340	505	0	3.05041034	-0.000593512623	-0.000584568848	-0.000606527829	-0.000568891673	9.0796209e-06	1.77570991e-05	0	100	0	0	3
341	507	0	3.05938213	-0.00059156357	-0.000584867562	-0.000606527829	-0.000568891673	9.37833516e-06	1.77570991e-05	0	100	0	0	3
342	508	0	3.06835393	-0.000591700309	-0.000585170949	-0.000606527829	-0.000568891673	9.68172214e-06	1.77570991e-05	0	100	0	0	3
343	509	0	3.07732572	-0.000589568954	-0.000585471991	-0.000606527829	-0.000568891673	9.98276413e-06	1.77570991e-05	0	100	0	0	3
344	511	0	3.08629752	-0.000590719227	-0.00058569681	-0.000606527829	-0.000568891673	1.02075831e-05	1.77570991e-05	0	100	0	0	3
345	512	0	3.09526931	-0.000588929968	-0.00058591091	-0.000606527829	-0.000568891673	1.0421683e-05	1.77570991e-05	0	100	0	0	3
346	513	0	3.10424111	-0.000588070149	-0.00058603581	-0.000606527829	-0.000568891673	1.05465829e-05	1.77570991e-05	0	100	0	0	3
347	515	0	3.1132129	-0.000586695131	-0.000586209723	-0.000606527829	-0.000568891673	1.07204965e-05	1.77570991e-05	0	100	0	0	3
348	516	0	3.1221847	-0.000586604469	-0.000586376217	-0.000606527829	-0.000568891673	1.08869896e-05	1.77570991e-05	0	100	0	0	3
349	517	0	3.13115649	-0.000583937855	-0.000586466452	-0.000606527829	-0.000568891673	1.09772251e-05	1.77570991e-05	0	100	0	0	3
350	519	0	3.14012829	-0.000586000951	-0.000586639815	-0.000606527829	-0.000568891673	1.11505884e-05	1.77570991e-05	0	100	0	0	3
351	520	0	3.14910008	-0.000583078825	-0.00058681618	-0.000606527829	-0.000568891673	1.13269526e-05	1.77570991e-05	0	100	0	0	3
352	521	0	3.15807188	-0.000583080402	-0.000586983869	-0.000606527829	-0.000568891673	1.14946417e-05	1.77570991e-05	0	100	0	0	3
353	523	0	3.16704367	-0.000582075624	-0.000587095629	-0.000606527829	-0.000568891673	1.16064023e-05	1.77570991e-05	0	100	0	0	3
354	524	0	3.17601547	-0.000581280618	-0.000587212289	-0.000606527829	-0.000568891673	1.17230621e-05	1.77570991e-05	0	100	0	0	3
355	525	0	3.18498726	-0.000579534526	-0.000587341916	-0.000606527829	-0.000568891673	1.18526887e-05	1.77570991e-05	0	100	0	0	3
356	527	0	3.19395906	-0.000581507615	-0.00058750207	-0.000606527829	-0.000568891673	1.20128434e-05	1.77570991e-05	0	100	0	0	3
357	528	0	3.20293085	-0.000578577397	-0.000587600694	-0.000606527829	-0.000568891673	1.21114671e-05	1.77570991e-05	0	100	0	0	3
358	529	0	3.21190265	-0.000578523262	-0.000587684747	-0.000606527829	-0.000568891673	1.21955196e-05	1.77570991e-05	0	100	0	0	3
359	531	0	3.22087444	-0.000577050088	-0.000587777656	-0.000606527829	-0.000568891673	1.22884293e-05	1.77570991e-05	0	100	0	0	3
360	532	0	3.22984624	-0.000574839744	-0.00058787847	-0.000606527829	-0.000568891673	1.23892433e-05	1.77570991e-05	0	100	0	0	3
361	533	0	3.23881803	-0.000571654663	-0.000587927809	-0.000606527829	-0.000570149121	1.24385825e-05	1.77570991e-05	0	100	0	0	3
362	535	0	3.24778983	-0.000571848435	-0.000587958154	-0.000606527829	-0.000571654663	1.24689274e-05	1.77570991e-05	0	100	0	0	3
363	536	0	3.25676162	-0.000568297938	-0.000587863352	-0.000606527829	-0.000568297938	1.24689274e-05	1.77570991e-05	0	100	0	0	3
364	537	0	3.26573342	-0.000570688018	-0.000587800524	-0.000606527829	-0.000568297938	1.24689274e-05	1.77570991e-05	0	100	0	0	3
365	538	0	3.27470521	-0.000569543493	-0.000587688505	-0.000606527829	-0.000568297938	1.24689274e-05	1.77570991e-05	0	100	0	0	3
366	540	0	3.28367701	-0.000572069543	-0.00058763124	-0.000606527829	-0.000568297938	1.24689274e-05	1.77570991e-05	0	100	0	0	3
367	541	0	3.2926488	-0.000569515589	-0.000587522852	-0.000606527829	-0.000568297938	1.2403059e-05	1.77570991e-05	0	100	0	0	3
368	542	0	3.3016206	-0.000569654403	-0.000587287226	-0.000606527829	-0.000568297938	1.23145128e-05	1.77570991e-05	0	100	0	0	3
369	544	0	3.31059239	-0.000565663499	-0.000586989598	-0.000606527829	-0.000565663499	1.22747477e-05	1.77570991e-05	0	100	0	0	3
370	545	0	3.31956419	-0.000571321475	-0.000586753363	-0.000606527829	-0.000565663499	1.20860479e-05	1.77570991e-05	0	100	0	0	3
371	546	0	3.32853598	-0.000566405861	-0.000586357501	-0.000606527829	-0.000565663499	1.18005153e-05	1.77570991e-05	0	100	0	0	3
372	547	0	3.33750778	-0.000567318885	-0.000585883775	-0.000606527829	-0.000565663499	1.14332743e-05	1.77570991e-05	0	100	0	0	3
373	549	0	3.34647957	-0.000565697304	-0.000585374885	-0.000606527829	-0.000565663499	1.10669942e-05	1.77570991e-05	0	100	0	0	3
374	550	0	3.35545137	-0.000570524649	-0.000584913717	-0.000606527829	-0.000565663499	1.0719975e-05	1.77570991e-05	0	100	0	0	3
375	551	0	3.36442316	-0.000570806634	-0.000584491089	-0.000606527829	-0.000565663499	1.03959793e-05	1.77570991e-05	0	100	0	0	3
376	553	0	3.37339496	-0.000570300117	-0.000584006262	-0.000606527829	-0.000565663499	9.95902097e-06	1.77570991e-05	0	100	0	0	3
377	554	0	3.38236675	-0.000568253542	-0.000583379627	-0.000606527829	-0.000565663499	9.51179262e-06	1.77570991e-05	0	100	0	0	3
378	555	0	3.39133855	-0.000570191915	-0.000582730772	-0.000605035609	-0.000565663499	9.05198371e-06	1.77570991e-05	0	100	0	0	3
379	557	0	3.40031035	-0.000568816728	-0.000582091249	-0.000605035609	-0.000565663499	8.55181886e-06	1.77570991e-05	0	100	0	0	3
380	558	0	3.40928214	-0.000570072305	-0.000581466904	-0.000602125466	-0.000565663499	8.0740905e-06	1.77570991e-05	0	100	0	0	3
381	559	0	3.41825394	-0.000567448628	-0.000580860874	-0.000602125466	-0.000565663499	7.61665582e-06	1.77570991e-05	0	100	0	0	3
382	560	0	3.42722573	-0.000568049273	-0.000580260775	-0.000602125466	-0.000565663499	7.69737885e-06	1.77570991e-05	0	100	0	0	3
383	562	0	3.43619753	-0.000565308203	-0.000579603324	-0.000598522436	-0.000565308203	8.35482997e-06	1.77570991e-05	0	100	0	0	3
384	563	0	3.44516932	-0.000571545045	-0.000579121585	-0.000593512623	-0.000565308203	8.8365691e-06	1.77570991e-05	0	100	0	0	3
385	564	0	3.45414112	-0.000568901788	-0.000578698541	-0.000593512623	-0.000565308203	9.25961341e-06	1.77570991e-05	0	100	0	0	3
386	566	0	3.46311291	-0.000569720736	-0.000578274394	-0.000593512623	-0.000565308203	9.6837606e-06	1.77570991e-05	0	100	0	0	3
387	567	0	3.47208471	-0.000568833728	-0.000577847303	-0.000593512623	-0.000565308203	1.01108517e-05	1.77570991e-05	0	100	0	0	3
388	568	0	3.4810565	-0.000574310315	-0.000577569058	-0.000593512623	-0.000565308203	1.03890959e-05	1.77570991e-05	0	100	0	0	3
389	569	0	3.4900283	-0.000570138337	-0.000577257431	-0.000593512623	-0.000565308203	1.07007233e-05	1.77570991e-05	0	100	0	0	3
390	570	0	3.49900009	-0.00057085688	-0.000576880552	-0.000593512623	-0.000565308203	1.10776024e-05	1.77570991e-05	0	100	0	0	3
391	572	0	3.50797189	-0.000569264848	-0.00057654099	-0.000593512623	-0.000565308203	1.14171642e-05	1.77570991e-05	0	100	0	0	3
392	573	0	3.51694368	-0.0005723418	-0.000576233646	-0.000593512623	-0.000565308203	1.17245082e-05	1.77570991e-05	0	100	0	0	3
393	574	0	3.52591548	-0.000571900123	-0.000575987271	-0.000593512623	-0.000565308203	1.19708835e-05	1.77570991e-05	0	100	0	0	3
394	575	0	3.53488727	-0.000574833664	-0.000575686544	-0.000593512623	-0.000565308203	1.22716106e-05	1.77570991e-05	0	100	0	0	3
395	577	0	3.54385907	-0.000574062389	-0.00057541093	-0.000593512623	-0.000565308203	1.25472246e-05	1.77570991e-05	0	100	0	0	3
396	578	0	3.55283086	-0.000573473264	-0.000575053084	-0.000591700309	-0.000565308203	1.29050703e-05	1.77570991e-05	0	100	0	0	3
397	579	0	3.56180266	-0.000572525516	-0.000574713119	-0.000591700309	-0.000565308203	1.32450356e-05	1.77570991e-05	0	100	0	0	3
398	581	0	3.57077445	-0.000578082625	-0.000574469946	-0.000590719227	-0.000565308203	1.34882085e-05	1.77570991e-05	0	100	0	0	3
399	582	0	3.57974625	-0.000578465974	-0.000574271678	-0.000590719227	-0.000565308203	1.3686476e-05	1.77570991e-05	0	100	0	0	3
400	583	0	3.58871804	-0.000581605349	-0.00057410893	-0.000588929968	-0.000565308203	1.38492238e-05	1.77570991e-05	0	100	0	0	3
401	588	0	3.59768984	-0.000584385959	-0.000574027787	-0.000588070149	-0.000565308203	1.39303668e-05	1.77570991e-05	0	100	0	0	3
402	589	0	3.60666163	-0.000591553554	-0.000574089991	-0.000591553554	-0.000565308203	1.39303668e-05	1.77570991e-05	0	100	0	0	3
403	590	0	3.61563343	-0.000593793794	-0.000574216753	-0.000593793794	-0.000565308203	1.39303668e-05	1.77570991e-05	0	100	0	0	3
404	591	0	3.62460522	-0.000598066273	-0.000574421428	-0.000598066273	-0.000565308203	1.39303668e-05	1.77570991e-05	0	100	0	0	3
405	592	0	3.63357702	-0.000602247172	-0.00057474838	-0.000602247172	-0.000565308203	1.39303668e-05	1.77570991e-05	0	100	0	0	3
406	594	0	3.64254881	-0.000608254865	-0.000575145771	-0.000608254865	-0.000565308203	1.39303668e-05	1.77570991e-05	0	100	0	0	3
407	595	0	3.65152061	-0.000606561462	-0.000575565104	-0.000608254865	-0.000565308203	1.39303668e-05	1.77570991e-05	0	100	0	0	3
408	596	0	3.6604924	-0.000608456677	-0.000576018252	-0.000608456677	-0.000565308203	1.39303668e-05	1.77570991e-05	0	100	0	0	3
409	597	0	3.6694642	-0.000611728154	-0.000576547761	-0.000611728154	-0.000565308203	1.39303668e-05	1.77570991e-05	0	100	0	0	3
410	599	0	3.67843599	-0.000612277208	-0.000577101272	-0.000612277208	-0.000565308203	1.39303668e-05	1.77570991e-05	0	100	0	0	3
411	600	0	3.68740779	-0.000608506101	-0.000577618622	-0.000612277208	-0.000565308203	1.39303668e-05	1.77570991e-05	0	100	0	0	3
412	601	0	3.69637958	-0.000606991768	-0.000578073696	-0.000612277208	-0.000565308203	1.39303668e-05	1.77570991e-05	0	100	0	0	3
413	603	0	3.70535138	-0.000604200288	-0.000578531247	-0.000612277208	-0.000565308203	1.39303668e-05	1.77570991e-05	0	100	0	0	3
414	604	0	3.71432317	-0.000605993992	-0.000579021796	-0.000612277208	-0.000565308203	1.39303668e-05	1.77570991e-05	0	100	0	0	3
415	605	0	3.72329497	-0.000604380736	-0.000579509843	-0.000612277208	-0.000565308203	1.39303668e-05	1.77570991e-05	0	100	0	0	3
416	606	0	3.73226676	-0.000604355363	-0.000580036908	-0.000612277208	-0.000565308203	1.39303668e-05	1.77570991e-05	0	100	0	0	3
417	608	0	3.74123856	-0.000605438267	-0.000580640187	-0.000612277208	-0.000565308203	1.39303668e-05	1.77570991e-05	0	100	0	0	3
418	609	0	3.75021035	-0.000607457054	-0.000581276055	-0.000612277208	-0.000565308203	1.38355641e-05	1.77570991e-05	0	100	0	0	3
419	610	0	3.75918215	-0.00060216069	-0.000581880747	-0.000612277208	-0.000565308203	1.37727364e-05	1.77570991e-05	0	100	0	0	3
420	611	0	3.76815394	-0.000598638512	-0.000582379863	-0.000612277208	-0.000565308203	1.36607172e-05	1.77570991e-05	0	100	0	0	3
421	613	0	3.77712574	-0.000596572401	-0.000582862522	-0.000612277208	-0.000565308203	1.36034524e-05	1.77570991e-05	0	100	0	0	3
422	614	0	3.78609753	-0.000595409621	-0.000583279309	-0.000612277208	-0.000565308203	1.34950649e-05	1.77570991e-05	0	100	0	0	3
423	615	0	3.79506933	-0.000590650515	-0.000583656718	-0.000612277208	-0.000565308203	1.32594383e-05	1.77570991e-05	0	100	0	0	3
424	617	0	3.80404112	-0.000590750377	-0.000584033432	-0.000612277208	-0.000565308203	1.29618109e-05	1.77570991e-05	0	100	0	0	3
425	618	0	3.81301292	-0.000587819047	-0.000584429067	-0.000612277208	-0.000565308203	1.2725576e-05	1.77570991e-05	0	100	0	0	3
426	619	0	3.82198471	-0.00058885761	-0.000584742212	-0.000612277208	-0.000565308203	1.2329714e-05	1.77570991e-05	0	100	0	0	3
427	620	0	3.83095651	-0.000585877362	-0.000585089918	-0.000612277208	-0.000565308203	1.18559871e-05	1.77570991e-05	0	100	0	0	3
428	622	0	3.83992831	-0.000590388753	-0.00058550188	-0.000612277208	-0.000565308203	1.14740921e-05	1.77570991e-05	0	100	0	0	3
429	623	0	3.8489001	-0.00058578414	-0.000585860573	-0.000612277208	-0.000565308203	1.18327856e-05	1.77570991e-05	0	100	0	0	3
430	624	0	3.8578719	-0.000583722532	-0.00058609625	-0.000612277208	-0.000565308203	1.2068462e-05	1.77570991e-05	0	100	0	0	3
431	625	0	3.86684369	-0.000583268765	-0.000586318788	-0.000612277208	-0.000565308203	1.22910001e-05	1.77570991e-05	0	100	0	0	3
432	627	0	3.87581549	-0.000581039175	-0.000586510556	-0.000612277208	-0.000565308203	1.2482769e-05	1.77570991e-05	0	100	0	0	3
433	628	0	3.88478728	-0.000578510956	-0.000586693725	-0.000612277208	-0.000565308203	1.26659371e-05	1.77570991e-05	0	100	0	0	3
434	629	0	3.89375908	-0.000582348303	-0.000586910803	-0.000612277208	-0.000565308203	1.28830154e-05	1.77570991e-05	0	100	0	0	3
435	630	0	3.90273087	-0.000580048152	-0.000587111364	-0.000612277208	-0.000565308203	1.30835766e-05	1.77570991e-05	0	100	0	0	3
436	632	0	3.91170267	-0.000581575398	-0.000587316776	-0.000612277208	-0.000565308203	1.3288989e-05	1.77570991e-05	0	100	0	0	3
437	633	0	3.92067446	-0.000579947643	-0.000587539973	-0.000612277208	-0.000565308203	1.35121857e-05	1.77570991e-05	0	100	0	0	3
438	634	0	3.92964626	-0.000577604239	-0.000587710598	-0.000612277208	-0.000565308203	1.368281e-05	1.77570991e-05	0	100	0	0	3
439	635	0	3.93861805	-0.000574772731	-0.000587879607	-0.000612277208	-0.000568833728	1.38518195e-05	1.77570991e-05	0	100	0	0	3
440	637	0	3.94758985	-0.000576683087	-0.000587971358	-0.000612277208	-0.000568833728	1.39435702e-05	1.77570991e-05	0	100	0	0	3
441	638	0	3.95656164	-0.000575927464	-0.000588096816	-0.000612277208	-0.000568833728	1.40690287e-05	1.77570991e-05	0	100	0	0	3
442	639	0	3.96553344	-0.00057849486	-0.000588253497	-0.000612277208	-0.000568833728	1.42257095e-05	1.77570991e-05	0	100	0	0	3
443	640	0	3.97450523	-0.000575544325	-0.000588373329	-0.000612277208	-0.000569264848	1.43455416e-05	1.77570991e-05	0	100	0	0	3
444	642	0	3.98347703	-0.000573329197	-0.000588355809	-0.000612277208	-0.000569264848	1.43455416e-05	1.77570991e-05	0	100	0	0	3
445	643	0	3.99244882	-0.000571921531	-0.000588387652	-0.000612277208	-0.000569264848	1.43598644e-05	1.77570991e-05	0	100	0	0	3
446	644	0	4.00142062	-0.000571653839	-0.000588401883	-0.000612277208	-0.000569264848	1.43740958e-05	1.77570991e-05	0	100	0	0	3
