Iteration	CPUTime	PhysTime	Travels	Value	AvValue	MinValue	MaxValue	Delta	Criteria	PrevAvRefValue	Progress	CriteriaType	CriteriaVarType	CriteriaPercentage
1	6	0	0.00897271101	293.200081	293.200081	293.200081	293.200081	0	0	0	0	0	0	3
2	8	0	0.017945422	293.200093	293.200087	293.200081	293.200093	5.8567727e-06	0	0	0	0	0	3
3	9	0	0.026918133	293.200144	293.200106	293.200081	293.200144	2.47877415e-05	0	0	0	0	0	3
4	10	0	0.035890844	293.200155	293.200118	293.200081	293.200155	3.70010843e-05	0	0	0	0	0	3
5	11	0	0.0448635551	293.200166	293.200128	293.200081	293.200166	4.64743349e-05	0	0	0	0	0	3
6	13	0	0.0538362661	293.200183	293.200137	293.200081	293.200183	5.57492942e-05	0	0	0	0	0	3
7	14	0	0.0628089771	293.200211	293.200148	293.200081	293.200211	6.63636449e-05	0	0	0	0	0	3
8	15	0	0.0717816881	293.200234	293.200158	293.200081	293.200234	7.7143079e-05	0	0	0	0	0	3
9	16	0	0.0807543991	293.200261	293.20017	293.200081	293.200261	8.85428356e-05	0	0	0	0	0	3
10	17	0	0.0897271101	293.200282	293.200181	293.200081	293.200282	9.97951459e-05	0	0	0	0	0	3
11	19	0	0.0986998211	293.20032	293.200194	293.200081	293.20032	0.000112461528	0	0	0	0	0	3
12	20	0	0.107672532	293.200353	293.200207	293.200081	293.200353	0.000125701791	0	0	0	0	0	3
13	21	0	0.116645243	293.200388	293.200221	293.200081	293.200388	0.000139647667	0	0	0	0	0	3
14	22	0	0.125617954	293.200421	293.200235	293.200081	293.200421	0.000153915437	0	0	0	0	0	3
15	23	0	0.134590665	293.200455	293.20025	293.200081	293.200455	0.000168593859	0	0	0	0	0	3
16	24	0	0.143563376	293.200504	293.200266	293.200081	293.200504	0.000184456056	0	0	0	0	0	3
17	26	0	0.152536087	293.200553	293.200283	293.200081	293.200553	0.000201360746	0	0	0	0	0	3
18	27	0	0.161508798	293.2006	293.2003	293.200081	293.2006	0.000219000797	0	0	0	0	0	3
19	28	0	0.170481509	293.200647	293.200319	293.200081	293.200647	0.000237267839	0	0	0	0	0	3
20	29	0	0.17945422	293.200693	293.200337	293.200081	293.200693	0.000255988514	0	0	0	0	0	3
21	30	0	0.188426931	293.20076	293.200357	293.200081	293.20076	0.000276125697	0	0	0	0	0	3
22	31	0	0.197399642	293.200824	293.200379	293.200081	293.200824	0.000297346765	0	0	0	0	0	3
23	32	0	0.206372353	293.200886	293.200401	293.200081	293.200886	0.000319416742	0	0	0	0	0	3
24	34	0	0.215345064	293.200945	293.200423	293.200081	293.200945	0.000342112121	0	0	0	0	0	3
25	35	0	0.224317775	293.201002	293.200447	293.200081	293.201002	0.000365239253	0	0	0	0	0	3
26	36	0	0.233290486	293.201079	293.200471	293.200081	293.201079	0.000389546263	0	0	0	0	0	3
27	38	0	0.242263197	293.201147	293.200496	293.200081	293.201147	0.000414583482	0	0	0	0	0	3
28	39	0	0.251235908	293.201207	293.200521	293.200081	293.201207	0.000439978902	0	0	0	0	0	3
29	40	0	0.260208619	293.201259	293.200547	293.200081	293.201259	0.000465401799	0	0	0	0	0	3
30	41	0	0.26918133	293.201302	293.200572	293.200081	293.201302	0.000490564651	0	0	0	0	0	3
31	43	0	0.278154041	293.201349	293.200597	293.200081	293.201349	0.000515622719	0	0	0	0	0	3
32	44	0	0.287126752	293.201382	293.200621	293.200081	293.201382	0.000540154887	0	0	0	0	0	3
33	45	0	0.296099463	293.201404	293.200645	293.200081	293.201404	0.000563869485	0	0	0	0	0	3
34	47	0	0.305072174	293.201417	293.200668	293.200081	293.201417	0.000586565061	0	0	0	0	0	3
35	48	0	0.314044885	293.201424	293.20069	293.200081	293.201424	0.000608178471	0	0	0	0	0	3
36	49	0	0.323017596	293.201433	293.20071	293.200081	293.201433	0.000628833691	0	0	0	0	0	3
37	51	0	0.331990307	293.201445	293.20073	293.200081	293.201445	0.000648695844	0	0	0	0	0	3
38	52	0	0.340963018	293.20146	293.200749	293.200081	293.20146	0.00066789994	0	0	0	0	0	3
39	53	0	0.349935729	293.201479	293.200768	293.200081	293.201479	0.000686620464	0	0	0	0	0	3
40	55	0	0.35890844	293.201502	293.200786	293.200081	293.201502	0.00070498387	0	0	0	0	0	3
41	56	0	0.367881151	293.201542	293.200805	293.200081	293.201542	0.000723410243	0	0	0	0	0	3
42	57	0	0.376853862	293.201584	293.200823	293.200081	293.201584	0.000741953192	0	0	0	0	0	3
43	59	0	0.385826573	293.201624	293.200842	293.200081	293.201624	0.000760575073	0	0	0	0	0	3
44	60	0	0.394799284	293.20166	293.20086	293.200081	293.20166	0.000779159658	0	0	0	0	0	3
45	61	0	0.403771995	293.20169	293.200879	293.200081	293.20169	0.000797582395	0	0	0	0	0	3
46	63	0	0.412744707	293.201712	293.200897	293.200081	293.201712	0.000815699587	0	0	0	0	0	3
47	64	0	0.421717418	293.201732	293.200915	293.200081	293.201732	0.000833460995	0	0	0	0	0	3
48	65	0	0.430690129	293.201746	293.200932	293.200081	293.201746	0.000850787756	0	0	0	0	0	3
49	67	0	0.43966284	293.201761	293.200949	293.200081	293.201761	0.000867698165	0	0	0	0	0	3
50	68	0	0.448635551	293.201773	293.200966	293.200081	293.201773	0.000884167592	0	0	0	0	0	3
51	69	0	0.457608262	293.201783	293.200982	293.200081	293.201783	0.000900196281	0	0	0	0	0	3
52	71	0	0.466580973	293.201789	293.200997	293.200081	293.201789	0.000915730003	0	0	0	0	0	3
53	72	0	0.475553684	293.201798	293.201012	293.200081	293.201798	0.000930846193	0	0	0	0	0	3
54	74	0	0.484526395	293.201805	293.201027	293.200081	293.201805	0.000945526361	0	0	0	0	0	3
55	75	0	0.493499106	293.201812	293.201041	293.200081	293.201812	0.000959799784	0	0	0	0	0	3
56	76	0	0.502471817	293.201819	293.201055	293.200081	293.201819	0.000973687938	0	0	0	0	0	3
57	78	0	0.511444528	293.201824	293.201086	293.200093	293.201824	0.000998954079	0	0	0	0	0	3
58	79	0	0.520417239	293.201828	293.201117	293.200144	293.201828	0.00101099607	0	0	0	0	0	3
59	81	0	0.52938995	293.20183	293.201147	293.200155	293.20183	0.00102888932	0	0	0	0	0	3
60	82	0	0.538362661	293.201831	293.201177	293.200166	293.201831	0.00104934478	0	0	0	0	0	3
61	84	0	0.547335372	293.201833	293.201207	293.200183	293.201833	0.00106984559	0	0	0	0	0	3
62	85	0	0.556308083	293.201836	293.201236	293.200211	293.201836	0.00108874266	0	0	0	0	0	3
63	86	0	0.565280794	293.201838	293.201265	293.200234	293.201838	0.00110700788	0	0	0	0	0	3
64	87	0	0.574253505	293.201839	293.201294	293.200261	293.201839	0.00112427615	0	0	0	0	0	3
65	89	0	0.583226216	293.201842	293.201322	293.200282	293.201842	0.00114124746	0	0	0	0	0	3
66	90	0	0.592198927	293.201842	293.20135	293.20032	293.201842	0.00115642772	0	0	0	0	0	3
67	91	0	0.601171638	293.201843	293.201377	293.200353	293.201843	0.00117037195	0	0	0	0	0	3
68	93	0	0.610144349	293.201843	293.201404	293.200388	293.201843	0.00118304124	0	0	0	0	0	3
69	94	0	0.61911706	293.201845	293.20143	293.200421	293.201845	0.00119478398	0	0	0	0	0	3
70	96	0	0.628089771	293.201847	293.201455	293.200455	293.201847	0.00120556671	0	0	0	0	0	3
71	97	0	0.637062482	293.201848	293.20148	293.200504	293.201848	0.00121457696	0	0	0	0	0	3
72	98	0	0.646035193	293.20185	293.201504	293.200553	293.20185	0.00122171408	0	0	0	0	0	3
73	100	0	0.655007904	293.201849	293.201528	293.2006	293.20185	0.00122722078	0	0	0	0	0	3
74	101	0	0.663980615	293.201846	293.20155	293.200647	293.20185	0.00120265609	0	0	0	0	0	3
75	102	0	0.672953326	293.201841	293.201571	293.200693	293.20185	0.00115704931	0	0	0	0	0	3
76	104	0	0.681926037	293.201837	293.201592	293.20076	293.20185	0.00108986131	0	0	0	0	0	3
77	105	0	0.690898748	293.201834	293.201611	293.200824	293.20185	0.00102574149	0	0	0	0	0	3
78	107	0	0.699871459	293.201832	293.201629	293.200886	293.20185	0.000963774448	0	0	0	0	0	3
79	108	0	0.70884417	293.201832	293.201646	293.200945	293.20185	0.000904624823	0	0	0	0	0	3
80	109	0	0.717816881	293.201833	293.201661	293.201002	293.20185	0.00084844026	0	0	0	0	0	3
81	111	0	0.726789592	293.201836	293.201676	293.201079	293.20185	0.000771509149	0	0	0	0	0	3
82	112	0	0.735762303	293.201839	293.20169	293.201147	293.20185	0.000703179498	0	0	0	0	0	3
83	113	0	0.744735014	293.201841	293.201702	293.201207	293.20185	0.000643075434	0	0	0	0	0	3
84	115	0	0.753707725	293.201841	293.201714	293.201259	293.20185	0.000591487746	0	0	0	0	0	3
85	116	0	0.762680436	293.201843	293.201724	293.201302	293.20185	0.000548443309	0	0	0	0	0	3
86	117	0	0.771653147	293.201844	293.201734	293.201349	293.20185	0.00050136593	0	0	0	0	0	3
87	118	0	0.780625858	293.201845	293.201743	293.201382	293.20185	0.000468078589	0	0	0	0	0	3
88	120	0	0.789598569	293.201847	293.201751	293.201404	293.20185	0.000445994046	0	0	0	0	0	3
89	121	0	0.79857128	293.20185	293.201759	293.201417	293.20185	0.000433633387	0	0	0	0	0	3
90	122	0	0.807543991	293.201853	293.201767	293.201424	293.201853	0.000428279421	0	0	0	0	0	3
91	124	0	0.816516702	293.201854	293.201774	293.201433	293.201854	0.000420462799	0	0	0	0	0	3
92	125	0	0.825489413	293.201853	293.201782	293.201445	293.201854	0.000408495864	0	0	0	0	0	3
93	127	0	0.834462124	293.20185	293.201789	293.20146	293.201854	0.000393777718	0	0	0	0	0	3
94	128	0	0.843434835	293.20185	293.201796	293.201479	293.201854	0.000374228826	0	0	0	0	0	3
95	130	0	0.852407546	293.201851	293.201803	293.201502	293.201854	0.000351072481	0	0	0	0	0	3
96	131	0	0.861380257	293.201855	293.201809	293.201542	293.201855	0.000313513038	0	0	0	0	0	3
97	132	0	0.870352968	293.20186	293.201815	293.201584	293.20186	0.000276852287	0	0	0	0	0	3
98	134	0	0.879325679	293.201867	293.20182	293.201624	293.201867	0.000243216209	0	0	0	0	0	3
99	135	0	0.88829839	293.201872	293.201824	293.20166	293.201872	0.000212593697	0	0	0	0	0	3
100	136	0	0.897271101	293.201876	293.201828	293.20169	293.201876	0.000186557212	0	0	0	0	0	3
101	141	0	0.906243812	293.20188	293.201831	293.201712	293.20188	0.000167766535	0	0	0	0	0	3
102	143	0	0.915216523	293.201882	293.201834	293.201732	293.201882	0.000150451826	0	0	0	0	0	3
103	144	0	0.924189234	293.201885	293.201837	293.201746	293.201885	0.000138741155	0	0	0	0	0	3
104	145	0	0.933161945	293.201885	293.20184	293.201761	293.201885	0.000124488869	0	0	0	0	0	3
105	147	0	0.942134656	293.201885	293.201842	293.201773	293.201885	0.000112843366	0	0	0	0	0	3
106	148	0	0.951107367	293.201882	293.201844	293.201783	293.201885	0.000102382179	0	0	0	0	0	3
107	150	0	0.960080078	293.20188	293.201846	293.201789	293.201885	9.60630318e-05	0	0	0	0	0	3
108	151	0	0.969052789	293.201877	293.201847	293.201798	293.201885	8.71248091e-05	0	0	0	0	0	3
109	153	0	0.9780255	293.201877	293.201849	293.201805	293.201885	8.0437648e-05	0	0	0	0	0	3
110	154	0	0.986998211	293.201878	293.20185	293.201812	293.201885	7.34482554e-05	0	0	0	0	0	3
111	155	0	0.995970922	293.20188	293.201851	293.201819	293.201885	6.64764887e-05	0	0	0	0	0	3
112	157	0	1.00494363	293.20188	293.201852	293.201824	293.201885	6.11297201e-05	5.22408962e-05	0	0	0	0	3
113	158	0	1.01391634	293.20188	293.201853	293.201828	293.201885	5.78135923e-05	5.22408962e-05	0	0	0	0	3
114	159	0	1.02288906	293.201878	293.201854	293.20183	293.201885	5.53938665e-05	5.22408962e-05	0	0	0	0	3
115	160	0	1.03186177	293.201877	293.201855	293.201831	293.201885	5.43639556e-05	5.22408962e-05	0	0	0	0	3
116	162	0	1.04083448	293.201876	293.201856	293.201832	293.201885	5.38315837e-05	5.22408962e-05	0	0	0	0	3
117	163	0	1.04980719	293.201876	293.201856	293.201832	293.201885	5.38315837e-05	5.22408962e-05	0	0	0	0	3
118	164	0	1.0587799	293.201875	293.201857	293.201832	293.201885	5.38315837e-05	5.22408962e-05	0	0	0	0	3
119	166	0	1.06775261	293.201872	293.201858	293.201832	293.201885	5.38315837e-05	5.22408962e-05	0	0	0	0	3
120	167	0	1.07672532	293.201869	293.201858	293.201832	293.201885	5.38315837e-05	5.22408962e-05	0	0	0	0	3
121	168	0	1.08569803	293.201866	293.201859	293.201832	293.201885	5.38315837e-05	5.22408962e-05	0	0	0	0	3
122	170	0	1.09467074	293.201863	293.201859	293.201832	293.201885	5.38315837e-05	5.22408962e-05	0	0	0	0	3
123	171	0	1.10364345	293.201862	293.201859	293.201832	293.201885	5.38315837e-05	5.22408962e-05	0	0	0	0	3
124	172	0	1.11261617	293.201863	293.20186	293.201832	293.201885	5.38315837e-05	5.22408962e-05	0	0	0	0	3
125	174	0	1.12158888	293.201863	293.20186	293.201832	293.201885	5.38315837e-05	5.22408962e-05	0	0	0	0	3
126	175	0	1.13056159	293.201861	293.20186	293.201832	293.201885	5.38315837e-05	5.22408962e-05	0	0	0	0	3
127	176	0	1.1395343	293.201853	293.20186	293.201832	293.201885	5.38315837e-05	5.22408962e-05	0	0	0	0	3
128	178	0	1.14850701	293.201845	293.20186	293.201832	293.201885	5.38315837e-05	5.22408962e-05	0	0	0	0	3
129	179	0	1.15747972	293.201838	293.20186	293.201832	293.201885	5.38315837e-05	5.22408962e-05	0	0	0	0	3
130	180	0	1.16645243	293.201835	293.20186	293.201832	293.201885	5.38315837e-05	5.22408962e-05	0	0	0	0	3
131	182	0	1.17542514	293.201835	293.20186	293.201832	293.201885	5.38315837e-05	5.22408962e-05	0	0	0	0	3
132	183	0	1.18439785	293.201836	293.20186	293.201832	293.201885	5.38315837e-05	5.22408962e-05	0	0	0	0	3
133	184	0	1.19337056	293.201837	293.20186	293.201832	293.201885	5.38315837e-05	5.22408962e-05	0	0	0	0	3
134	186	0	1.20234328	293.201834	293.20186	293.201832	293.201885	5.38315837e-05	5.22408962e-05	0	0	0	0	3
135	187	0	1.21131599	293.201831	293.20186	293.201831	293.201885	5.41101258e-05	5.22408962e-05	0	0	0	0	3
136	188	0	1.2202887	293.20183	293.20186	293.20183	293.201885	5.50570597e-05	5.22408962e-05	0	0	0	0	3
137	190	0	1.22926141	293.201832	293.20186	293.20183	293.201885	5.50570597e-05	5.22408962e-05	0	0	0	0	3
138	191	0	1.23823412	293.201833	293.20186	293.20183	293.201885	5.50570597e-05	5.22408962e-05	0	0	0	0	3
139	193	0	1.24720683	293.201831	293.20186	293.20183	293.201885	5.50570597e-05	5.22408962e-05	0	0	0	0	3
140	194	0	1.25617954	293.201827	293.201859	293.201827	293.201885	5.88467078e-05	5.22408962e-05	0	0	0	0	3
141	195	0	1.26515225	293.201821	293.201859	293.201821	293.201885	6.44468104e-05	5.22408962e-05	0	0	0	0	3
142	197	0	1.27412496	293.201817	293.201858	293.201817	293.201885	6.84678444e-05	5.22408962e-05	0	0	0	0	3
143	198	0	1.28309767	293.201816	293.201858	293.201816	293.201885	6.92306338e-05	5.22408962e-05	0	0	0	0	3
144	200	0	1.29207039	293.201819	293.201857	293.201816	293.201885	6.92306338e-05	5.22408962e-05	0	0	0	0	3
145	201	0	1.3010431	293.201823	293.201857	293.201816	293.201885	6.92306338e-05	5.22408962e-05	0	0	0	0	3
146	203	0	1.31001581	293.201826	293.201856	293.201816	293.201885	6.92306338e-05	5.22408962e-05	0	0	0	0	3
147	204	0	1.31898852	293.201827	293.201856	293.201816	293.201885	6.92306338e-05	5.22408962e-05	0	0	0	0	3
148	206	0	1.32796123	293.201824	293.201855	293.201816	293.201885	6.92306338e-05	5.22408962e-05	0	0	0	0	3
149	207	0	1.33693394	293.201822	293.201855	293.201816	293.201885	6.44261833e-05	5.22408962e-05	0	0	0	0	3
150	208	0	1.34590665	293.201819	293.201854	293.201816	293.201885	5.77920244e-05	5.22408962e-05	0	0	0	0	3
151	210	0	1.35487936	293.201821	293.201854	293.201816	293.201885	5.14916408e-05	5.22408962e-05	0	0	0	0	3
152	211	0	1.36385207	293.201822	293.201853	293.201816	293.201885	4.58023334e-05	5.22408962e-05	0	0	0	0	3
153	213	0	1.37282478	293.201825	293.201853	293.201816	293.201885	4.07363304e-05	5.22408962e-05	0	0	0	0	3
154	214	0	1.3817975	293.201825	293.201852	293.201816	293.201885	3.63042511e-05	5.22408962e-05	0	0	0	0	3
155	215	0	1.39077021	293.201825	293.201851	293.201816	293.201885	3.24391926e-05	5.22408962e-05	0	0	0	0	3
156	217	0	1.39974292	293.201824	293.20185	293.201816	293.201885	2.90363916e-05	5.22408962e-05	0	0	0	0	3
157	218	0	1.40871563	293.201822	293.201849	293.201816	293.201885	2.60013123e-05	5.22408962e-05	0	0	0	0	3
158	220	0	1.41768834	293.201821	293.201848	293.201816	293.201885	2.32620109e-05	5.22408962e-05	0	0	0	0	3
159	221	0	1.42666105	293.201821	293.201847	293.201816	293.201885	2.07851084e-05	5.22408962e-05	0	0	0	0	3
160	222	0	1.43563376	293.201822	293.201846	293.201816	293.201885	1.85598391e-05	5.22408962e-05	0	0	0	0	3
161	224	0	1.44460647	293.201824	293.201845	293.201816	293.201882	1.66101686e-05	5.22408962e-05	0	0	0	0	3
162	225	0	1.45357918	293.201828	293.201844	293.201816	293.20188	1.68428844e-05	5.22408962e-05	0	0	0	0	3
163	227	0	1.46255189	293.20183	293.201843	293.201816	293.20188	1.77271925e-05	5.22408962e-05	0	0	0	0	3
164	228	0	1.47152461	293.201832	293.201842	293.201816	293.20188	1.85281823e-05	5.22408962e-05	0	0	0	0	3
165	229	0	1.48049732	293.201834	293.201841	293.201816	293.20188	1.92928456e-05	5.22408962e-05	0	0	0	0	3
166	231	0	1.48947003	293.201836	293.20184	293.201816	293.20188	2.00422763e-05	5.22408962e-05	0	0	0	0	3
167	232	0	1.49844274	293.201838	293.20184	293.201816	293.20188	2.07959598e-05	5.22408962e-05	0	0	0	0	3
168	233	0	1.50741545	293.201838	293.201839	293.201816	293.20188	2.15401727e-05	5.22408962e-05	0	0	0	0	3
169	235	0	1.51638816	293.201838	293.201838	293.201816	293.201878	2.23053468e-05	5.22408962e-05	0	0	0	0	3
170	236	0	1.52536087	293.201836	293.201837	293.201816	293.201877	2.3051652e-05	5.22408962e-05	0	0	0	0	3
171	238	0	1.53433358	293.201833	293.201837	293.201816	293.201876	2.38386743e-05	5.22408962e-05	0	0	0	0	3
172	239	0	1.54330629	293.20183	293.201836	293.201816	293.201876	2.4658716e-05	5.22408962e-05	0	0	0	0	3
173	240	0	1.552279	293.201828	293.201835	293.201816	293.201875	2.55198172e-05	5.22408962e-05	0	0	0	0	3
174	242	0	1.56125172	293.201827	293.201834	293.201816	293.201872	2.63724012e-05	5.22408962e-05	0	0	0	0	3
175	243	0	1.57022443	293.201828	293.201833	293.201816	293.201869	2.71617429e-05	5.22408962e-05	0	0	0	0	3
176	244	0	1.57919714	293.20183	293.201833	293.201816	293.201866	2.78532867e-05	5.22408962e-05	0	0	0	0	3
177	246	0	1.58816985	293.201831	293.201832	293.201816	293.201863	2.84659627e-05	5.22408962e-05	0	0	0	0	3
178	247	0	1.59714256	293.201831	293.201831	293.201816	293.201863	2.90307137e-05	5.22408962e-05	0	0	0	0	3
179	249	0	1.60611527	293.201829	293.201831	293.201816	293.201863	2.96260122e-05	5.22408962e-05	0	0	0	0	3
180	250	0	1.61508798	293.201827	293.20183	293.201816	293.201863	3.02629437e-05	5.22408962e-05	0	0	0	0	3
181	251	0	1.62406069	293.201827	293.20183	293.201816	293.201861	3.09109818e-05	5.22408962e-05	0	0	0	0	3
182	253	0	1.6330334	293.201827	293.201829	293.201816	293.201853	3.1512084e-05	5.22408962e-05	0	0	0	0	3
183	254	0	1.64200612	293.201828	293.201829	293.201816	293.201845	2.93653885e-05	5.22408962e-05	0	0	0	0	3
184	255	0	1.65097883	293.201828	293.201828	293.201816	293.201838	2.22460332e-05	5.22408962e-05	0	0	0	0	3
185	257	0	1.65995154	293.201825	293.201828	293.201816	293.201838	2.22460332e-05	5.22408962e-05	0	0	0	0	3
186	258	0	1.66892425	293.20182	293.201828	293.201816	293.201838	2.22460332e-05	5.22408962e-05	0	0	0	0	3
187	260	0	1.67789696	293.201817	293.201827	293.201816	293.201838	2.22460332e-05	5.22408962e-05	0	0	0	0	3
188	261	0	1.68686967	293.201817	293.201827	293.201816	293.201838	2.22460332e-05	5.22408962e-05	0	0	0	0	3
189	262	0	1.69584238	293.201819	293.201827	293.201816	293.201838	2.22460332e-05	5.22408962e-05	0	0	0	0	3
190	264	0	1.70481509	293.201823	293.201827	293.201816	293.201838	2.22460332e-05	5.22408962e-05	0	0	0	0	3
191	265	0	1.7137878	293.201827	293.201826	293.201816	293.201838	2.22460332e-05	5.22408962e-05	0	0	0	0	3
192	267	0	1.72276051	293.201828	293.201826	293.201816	293.201838	2.22460332e-05	5.22408962e-05	0	0	0	0	3
193	268	0	1.73173323	293.201828	293.201826	293.201816	293.201838	2.22460332e-05	5.22408962e-05	0	0	0	0	3
194	269	0	1.74070594	293.201829	293.201826	293.201816	293.201838	2.22460332e-05	5.22408962e-05	0	0	0	0	3
195	270	0	1.74967865	293.201831	293.201826	293.201816	293.201838	2.22460332e-05	5.22408962e-05	0	0	0	0	3
196	272	0	1.75865136	293.201834	293.201826	293.201816	293.201838	2.22460332e-05	5.22408962e-05	0	0	0	0	3
197	273	0	1.76762407	293.201839	293.201827	293.201816	293.201839	2.25537167e-05	5.22408962e-05	0	0	0	0	3
198	274	0	1.77659678	293.201841	293.201827	293.201816	293.201841	2.4646189e-05	5.22408962e-05	0	0	0	0	3
199	276	0	1.78556949	293.201842	293.201828	293.201817	293.201842	2.50534234e-05	5.22408962e-05	0	0	0	0	3
200	277	0	1.7945422	293.201842	293.201828	293.201817	293.201842	2.53406329e-05	5.22408962e-05	0	0	0	0	3
201	282	0	1.80351491	293.201844	293.201828	293.201817	293.201844	2.69987635e-05	5.22408962e-05	0	0	0	0	3
202	283	0	1.81248762	293.201846	293.201829	293.201817	293.201846	2.93750477e-05	5.22408962e-05	0	0	0	0	3
203	284	0	1.82146034	293.201849	293.201829	293.201817	293.201849	2.91915536e-05	5.22408962e-05	0	0	0	0	3
204	286	0	1.83043305	293.20185	293.20183	293.201817	293.20185	2.86863857e-05	5.22408962e-05	0	0	0	0	3
205	287	0	1.83940576	293.201851	293.20183	293.201817	293.201851	2.81359801e-05	5.22408962e-05	0	0	0	0	3
206	288	0	1.84837847	293.201851	293.201831	293.201817	293.201851	2.75964625e-05	5.22408962e-05	0	0	0	0	3
207	289	0	1.85735118	293.201852	293.201831	293.201817	293.201852	2.70055107e-05	5.22408962e-05	0	0	0	0	3
208	291	0	1.86632389	293.201853	293.201832	293.201817	293.201853	2.63648809e-05	5.22408962e-05	0	0	0	0	3
209	292	0	1.8752966	293.201854	293.201832	293.201817	293.201854	2.56150926e-05	5.22408962e-05	0	0	0	0	3
210	293	0	1.88426931	293.201854	293.201833	293.201817	293.201854	2.47791496e-05	5.22408962e-05	0	0	0	0	3
211	295	0	1.89324202	293.201855	293.201833	293.201817	293.201855	2.38545264e-05	5.22408962e-05	0	0	0	0	3
212	296	0	1.90221473	293.201854	293.201834	293.201817	293.201855	2.28193558e-05	5.22408962e-05	0	0	0	0	3
213	298	0	1.91118745	293.201851	293.201834	293.201817	293.201855	2.1720464e-05	5.22408962e-05	0	0	0	0	3
214	299	0	1.92016016	293.201846	293.201835	293.201817	293.201855	2.0569277e-05	5.22408962e-05	0	0	0	0	3
215	302	0	1.92913287	293.201842	293.201835	293.201817	293.201855	1.94355414e-05	5.22408962e-05	0	0	0	0	3
216	303	0	1.93810558	293.20184	293.201836	293.201817	293.201855	1.83468724e-05	5.22408962e-05	0	0	0	0	3
217	305	0	1.94707829	293.20184	293.201836	293.201817	293.201855	1.73848347e-05	5.22408962e-05	0	0	0	0	3
218	306	0	1.956051	293.201841	293.201836	293.201817	293.201855	1.65005267e-05	5.22408962e-05	0	0	0	0	3
219	308	0	1.96502371	293.201842	293.201836	293.201817	293.201855	1.56995368e-05	5.22408962e-05	0	0	0	0	3
220	309	0	1.97399642	293.201843	293.201836	293.201817	293.201855	1.49348735e-05	5.22408962e-05	0	0	0	0	3
221	311	0	1.98296913	293.201844	293.201837	293.201817	293.201855	1.41854428e-05	5.22408962e-05	0	0	0	0	3
222	313	0	1.99194184	293.201844	293.201837	293.201817	293.201855	1.34317593e-05	5.22408962e-05	0	0	0	0	3
223	314	0	2.00091456	293.201844	293.201837	293.201817	293.201855	1.26875464e-05	5.22408962e-05	0	0	0	0	3
224	316	0	2.00988727	293.201843	293.201837	293.201817	293.201855	1.19223724e-05	5.22408962e-05	0	0	0	0	3
225	318	0	2.01885998	293.201842	293.201837	293.201817	293.201855	1.11760672e-05	5.22408962e-05	0	0	0	0	3
226	321	0	2.02783269	293.20184	293.201837	293.201817	293.201855	1.08381429e-05	5.22408962e-05	0	0	0	0	3
227	323	0	2.0368054	293.201839	293.201837	293.201817	293.201855	1.09433923e-05	5.22408962e-05	0	0	0	0	3
228	323	0	2.04577811	293.201838	293.201837	293.201817	293.201855	1.10902141e-05	5.22408962e-05	0	0	0	0	3
229	325	0	2.05475082	293.201838	293.201838	293.201817	293.201855	1.12757e-05	5.22408962e-05	0	0	0	0	3
230	327	0	2.06372353	293.201838	293.201838	293.201817	293.201855	1.14695697e-05	5.22408962e-05	0	0	0	0	3
231	328	0	2.07269624	293.201839	293.201838	293.201817	293.201855	1.16577257e-05	5.22408962e-05	0	0	0	0	3
232	329	0	2.08166895	293.201839	293.201838	293.201817	293.201855	1.18198865e-05	5.22408962e-05	0	0	0	0	3
233	331	0	2.09064167	293.201839	293.201838	293.201817	293.201855	1.19593838e-05	5.22408962e-05	0	0	0	0	3
234	333	0	2.09961438	293.201839	293.201838	293.201817	293.201855	1.209037e-05	5.22408962e-05	0	0	0	0	3
235	334	0	2.10858709	293.201837	293.201838	293.201817	293.201855	1.22338053e-05	5.22408962e-05	0	0	0	0	3
236	336	0	2.1175598	293.201836	293.201839	293.201817	293.201855	1.23864297e-05	5.22408962e-05	0	0	0	0	3
237	337	0	2.12653251	293.201834	293.201839	293.201817	293.201855	1.25245153e-05	5.22408962e-05	0	0	0	0	3
238	339	0	2.13550522	293.201835	293.201839	293.201817	293.201855	1.26655468e-05	5.22408962e-05	0	0	0	0	3
239	340	0	2.14447793	293.201836	293.201839	293.201817	293.201855	1.28117914e-05	5.22408962e-05	0	0	0	0	3
240	341	0	2.15345064	293.201838	293.201839	293.201817	293.201855	1.29959009e-05	5.22408962e-05	0	0	0	0	3
241	343	0	2.16242335	293.20184	293.20184	293.201817	293.201855	1.32649669e-05	5.22408962e-05	0	0	0	0	3
242	344	0	2.17139606	293.201842	293.20184	293.201817	293.201855	1.36436188e-05	5.22408962e-05	0	0	0	0	3
243	346	0	2.18036878	293.201843	293.20184	293.201817	293.201855	1.41145253e-05	5.22408962e-05	0	0	0	0	3
244	347	0	2.18934149	293.201845	293.201841	293.201819	293.201855	1.46203653e-05	5.22408962e-05	0	0	0	0	3
245	349	0	2.1983142	293.201848	293.201841	293.201823	293.201855	1.51312348e-05	5.22408962e-05	0	0	0	0	3
246	350	0	2.20728691	293.20185	293.201842	293.201827	293.201855	1.56127737e-05	5.22408962e-05	0	0	0	0	3
247	352	0	2.21625962	293.201853	293.201842	293.201828	293.201855	1.60819341e-05	5.22408962e-05	0	0	0	0	3
248	353	0	2.22523233	293.201855	293.201843	293.201828	293.201855	1.65726481e-05	5.22408962e-05	0	0	0	0	3
249	355	0	2.23420504	293.201857	293.201843	293.201829	293.201857	1.70915243e-05	5.22408962e-05	0	0	0	0	3
250	356	0	2.24317775	293.201859	293.201844	293.201831	293.201859	1.76296885e-05	5.22408962e-05	0	0	0	0	3
251	358	0	2.25215046	293.201861	293.201844	293.201834	293.201861	1.80252895e-05	5.22408962e-05	0	0	0	0	3
252	359	0	2.26112317	293.201864	293.201845	293.201834	293.201864	1.82320628e-05	5.22408962e-05	0	0	0	0	3
253	361	0	2.27009589	293.201865	293.201845	293.201834	293.201865	1.82783447e-05	5.22408962e-05	0	0	0	0	3
254	362	0	2.2790686	293.201866	293.201846	293.201834	293.201866	1.82717639e-05	5.22408962e-05	0	0	0	0	3
255	364	0	2.28804131	293.201865	293.201846	293.201834	293.201866	1.82803059e-05	5.22408962e-05	0	0	0	0	3
256	365	0	2.29701402	293.201865	293.201847	293.201834	293.201866	1.83224094e-05	5.22408962e-05	0	0	0	0	3
257	367	0	2.30598673	293.201865	293.201847	293.201834	293.201866	1.83572494e-05	5.22408962e-05	0	0	0	0	3
258	368	0	2.31495944	293.201866	293.201847	293.201834	293.201866	1.83204994e-05	5.22408962e-05	0	0	0	0	3
259	370	0	2.32393215	293.201867	293.201848	293.201834	293.201867	1.8195843e-05	5.22408962e-05	0	0	0	0	3
260	371	0	2.33290486	293.201867	293.201848	293.201834	293.201867	1.7979866e-05	5.22408962e-05	0	0	0	0	3
261	373	0	2.34187757	293.201865	293.201848	293.201834	293.201867	1.76689684e-05	5.22408962e-05	0	0	0	0	3
262	374	0	2.35085028	293.201861	293.201848	293.201834	293.201867	1.72857864e-05	5.22408962e-05	0	0	0	0	3
263	376	0	2.359823	293.201856	293.201849	293.201834	293.201867	1.6819744e-05	5.22408962e-05	0	0	0	0	3
264	378	0	2.36879571	293.201853	293.201849	293.201834	293.201867	1.63037253e-05	5.22408962e-05	0	0	0	0	3
265	379	0	2.37776842	293.201853	293.201849	293.201834	293.201867	1.57845107e-05	5.22408962e-05	0	0	0	0	3
266	381	0	2.38674113	293.201857	293.201849	293.201834	293.201867	1.53034569e-05	5.22408962e-05	0	0	0	0	3
267	383	0	2.39571384	293.201861	293.201849	293.201834	293.201867	1.4887294e-05	5.22408962e-05	0	0	0	0	3
268	384	0	2.40468655	293.201865	293.201849	293.201834	293.201867	1.45775154e-05	5.22408962e-05	0	0	0	0	3
269	386	0	2.41365926	293.201866	293.201849	293.201834	293.201867	1.44090169e-05	5.22408962e-05	0	0	0	0	3
270	387	0	2.42263197	293.201866	293.20185	293.201834	293.201867	1.43922478e-05	5.22408962e-05	0	0	0	0	3
271	389	0	2.43160468	293.201865	293.20185	293.201834	293.201867	1.44647231e-05	5.22408962e-05	0	0	0	0	3
272	391	0	2.4405774	293.201864	293.20185	293.201834	293.201867	1.46115923e-05	5.22408962e-05	0	0	0	0	3
273	392	0	2.44955011	293.201864	293.201851	293.201834	293.201867	1.48108841e-05	5.22408962e-05	0	0	0	0	3
274	394	0	2.45852282	293.201863	293.201851	293.201834	293.201867	1.50059515e-05	5.22408962e-05	0	0	0	0	3
275	395	0	2.46749553	293.201862	293.201852	293.201834	293.201867	1.51752758e-05	5.22408962e-05	0	0	0	0	3
276	397	0	2.47646824	293.20186	293.201852	293.201834	293.201867	1.53079159e-05	5.22408962e-05	0	0	0	0	3
277	399	0	2.48544095	293.201859	293.201852	293.201834	293.201867	1.54250753e-05	5.22408962e-05	0	0	0	0	3
278	400	0	2.49441366	293.201859	293.201852	293.201834	293.201867	1.5570682e-05	5.22408962e-05	0	0	0	0	3
279	402	0	2.50338637	293.201859	293.201853	293.201834	293.201867	1.57549417e-05	5.22408962e-05	0	0	0	0	3
280	404	0	2.51235908	293.201859	293.201853	293.201834	293.201867	1.59687729e-05	5.22408962e-05	0	0	0	0	3
281	405	0	2.52133179	293.201858	293.201853	293.201834	293.201867	1.61830924e-05	5.22408962e-05	0	0	0	0	3
282	407	0	2.53030451	293.201857	293.201854	293.201834	293.201867	1.63726899e-05	5.22408962e-05	0	0	0	0	3
283	409	0	2.53927722	293.201855	293.201854	293.201834	293.201867	1.65144302e-05	5.22408962e-05	0	0	0	0	3
284	410	0	2.54824993	293.201853	293.201854	293.201834	293.201867	1.66011121e-05	5.22408962e-05	0	0	0	0	3
285	412	0	2.55722264	293.201852	293.201854	293.201834	293.201867	1.66594303e-05	5.22408962e-05	0	0	0	0	3
286	414	0	2.56619535	293.201852	293.201855	293.201834	293.201867	1.67160717e-05	5.22408962e-05	0	0	0	0	3
287	415	0	2.57516806	293.201852	293.201855	293.201834	293.201867	1.67902197e-05	5.22408962e-05	0	0	0	0	3
288	417	0	2.58414077	293.201851	293.201855	293.201834	293.201867	1.68691564e-05	5.22408962e-05	0	0	0	0	3
289	419	0	2.59311348	293.20185	293.201855	293.201834	293.201867	1.69371911e-05	5.22408962e-05	0	0	0	0	3
290	420	0	2.60208619	293.201848	293.201855	293.201834	293.201867	1.69702147e-05	5.22408962e-05	0	0	0	0	3
291	422	0	2.6110589	293.201847	293.201856	293.201834	293.201867	1.70028826e-05	5.22408962e-05	0	0	0	0	3
292	424	0	2.62003162	293.201846	293.201856	293.201834	293.201867	1.7055658e-05	5.22408962e-05	0	0	0	0	3
293	425	0	2.62900433	293.201846	293.201856	293.201835	293.201867	1.71264197e-05	5.22408962e-05	0	0	0	0	3
294	427	0	2.63797704	293.201847	293.201856	293.201836	293.201867	1.71922216e-05	5.22408962e-05	0	0	0	0	3
295	429	0	2.64694975	293.201848	293.201856	293.201838	293.201867	1.72245184e-05	5.22408962e-05	0	0	0	0	3
296	430	0	2.65592246	293.20185	293.201857	293.20184	293.201867	1.71660598e-05	5.22408962e-05	0	0	0	0	3
297	432	0	2.66489517	293.201851	293.201857	293.201842	293.201867	1.69889346e-05	5.22408962e-05	0	0	0	0	3
298	433	0	2.67386788	293.201852	293.201857	293.201843	293.201867	1.66937016e-05	5.22408962e-05	0	0	0	0	3
299	435	0	2.68284059	293.201852	293.201857	293.201845	293.201867	1.63378303e-05	5.22408962e-05	0	0	0	0	3
300	437	0	2.6918133	293.201851	293.201857	293.201846	293.201867	1.59407397e-05	5.22408962e-05	0	0	0	0	3
301	442	0	2.70078601	293.201851	293.201857	293.201846	293.201867	1.55178791e-05	5.22408962e-05	0	0	0	0	3
302	444	0	2.70975873	293.201851	293.201857	293.201846	293.201867	1.50633546e-05	5.22408962e-05	0	0	0	0	3
303	445	0	2.71873144	293.201852	293.201857	293.201846	293.201867	1.45726406e-05	5.22408962e-05	0	0	0	0	3
304	447	0	2.72770415	293.201852	293.201857	293.201846	293.201867	1.40537643e-05	5.22408962e-05	0	0	0	0	3
305	449	0	2.73667686	293.201852	293.201857	293.201846	293.201867	1.35156002e-05	5.22408962e-05	0	0	0	0	3
306	450	0	2.74564957	293.201851	293.201857	293.201846	293.201867	1.29808017e-05	5.22408962e-05	0	0	0	0	3
307	452	0	2.75462228	293.201852	293.201857	293.201846	293.201867	1.24567089e-05	5.22408962e-05	0	0	0	0	3
308	453	0	2.76359499	293.201852	293.201857	293.201846	293.201867	1.19839376e-05	5.22408962e-05	0	0	0	0	3
309	455	0	2.7725677	293.201853	293.201856	293.201846	293.201867	1.15355804e-05	5.22408962e-05	0	0	0	0	3
310	456	0	2.78154041	293.201855	293.201856	293.201846	293.201867	1.11153155e-05	5.22408962e-05	0	0	0	0	3
311	458	0	2.79051312	293.201857	293.201856	293.201846	293.201867	1.07076774e-05	5.22408962e-05	0	0	0	0	3
312	460	0	2.79948584	293.201859	293.201856	293.201846	293.201867	1.03247642e-05	5.22408962e-05	0	0	0	0	3
313	461	0	2.80845855	293.201861	293.201856	293.201846	293.201867	9.9682282e-06	5.22408962e-05	0	0	0	0	3
