Iteration	CPUTime	PhysTime	Travels	Value	AvValue	MinValue	MaxValue	Delta	Criteria	PrevAvRefValue	Progress	CriteriaType	CriteriaVarType	CriteriaPercentage
1	6	0	0.00897271101	0.0381210136	0.0381210136	0.0381210136	0.0381210136	0	0	0	0	0	0	3
2	8	0	0.017945422	0.00629010836	0.022205561	0.00629010836	0.0381210136	0.0159154526	0	0	0	0	0	3
3	9	0	0.026918133	0.00405505614	0.0161553927	0.00405505614	0.0381210136	0.0219656209	0	0	0	0	0	3
4	10	0	0.035890844	0.000809292801	0.0123188677	0.000809292801	0.0381210136	0.0258021459	0	0	0	0	0	3
5	11	0	0.0448635551	0.00144106501	0.0101433072	0.000809292801	0.0381210136	0.0279777064	0	0	0	0	0	3
6	13	0	0.0538362661	0.00124454178	0.00866017961	0.000809292801	0.0381210136	0.029460834	0	0	0	0	0	3
7	14	0	0.0628089771	0.000253752234	0.00745926141	0.000253752234	0.0381210136	0.0306617522	0	0	0	0	0	3
8	15	0	0.0717816881	0.000213739416	0.00655357116	0.000213739416	0.0381210136	0.0315674424	0	0	0	0	0	3
9	16	0	0.0807543991	0.000232158768	0.00585119201	0.000213739416	0.0381210136	0.0322698216	0	0	0	0	0	3
10	17	0	0.0897271101	0.00101858559	0.00536793137	0.000213739416	0.0381210136	0.0327530822	0	0	0	0	0	3
11	19	0	0.0986998211	0.000661204149	0.00494004708	0.000213739416	0.0381210136	0.0331809665	0	0	0	0	0	3
12	20	0	0.107672532	0.00072240283	0.00458857672	0.000213739416	0.0381210136	0.0335324368	0	0	0	0	0	3
13	21	0	0.116645243	0.000594126458	0.00428131132	0.000213739416	0.0381210136	0.0338397023	0	0	0	0	0	3
14	22	0	0.125617954	0.000508877569	0.00401185176	0.000213739416	0.0381210136	0.0341091618	0	0	0	0	0	3
15	23	0	0.134590665	0.000382919792	0.00376992296	0.000213739416	0.0381210136	0.0343510906	0	0	0	0	0	3
16	24	0	0.143563376	0.000729278539	0.00357988269	0.000213739416	0.0381210136	0.0345411309	0	0	0	0	0	3
17	26	0	0.152536087	0.00033781726	0.00338917296	0.000213739416	0.0381210136	0.0347318406	0	0	0	0	0	3
18	27	0	0.161508798	0.000634680151	0.00323614558	0.000213739416	0.0381210136	0.034884868	0	0	0	0	0	3
19	28	0	0.170481509	0.000400535821	0.00308690296	0.000213739416	0.0381210136	0.0350341106	0	0	0	0	0	3
20	29	0	0.17945422	0.000434590723	0.00295428735	0.000213739416	0.0381210136	0.0351667262	0	0	0	0	0	3
21	30	0	0.188426931	0.000340388896	0.00282981599	0.000213739416	0.0381210136	0.0352911976	0	0	0	0	0	3
22	31	0	0.197399642	0.000354044007	0.0027172809	0.000213739416	0.0381210136	0.0354037327	0	0	0	0	0	3
23	32	0	0.206372353	0.00031688528	0.00261291588	0.000213739416	0.0381210136	0.0355080977	0	0	0	0	0	3
24	34	0	0.215345064	0.000348951161	0.00251858401	0.000213739416	0.0381210136	0.0356024296	0	0	0	0	0	3
25	35	0	0.224317775	0.000315555937	0.00243046289	0.000213739416	0.0381210136	0.0356905507	0	0	0	0	0	3
26	36	0	0.233290486	0.000316408853	0.00234915312	0.000213739416	0.0381210136	0.0357718605	0	0	0	0	0	3
27	38	0	0.242263197	0.000299125892	0.00227322618	0.000213739416	0.0381210136	0.0358477874	0	0	0	0	0	3
28	39	0	0.251235908	0.000333845205	0.00220396258	0.000213739416	0.0381210136	0.035917051	0	0	0	0	0	3
29	40	0	0.260208619	0.00035298427	0.00214013574	0.000213739416	0.0381210136	0.0359808778	0	0	0	0	0	3
30	41	0	0.26918133	0.00041632665	0.00208267544	0.000213739416	0.0381210136	0.0360383381	0	0	0	0	0	3
31	43	0	0.278154041	0.000416628412	0.00202893198	0.000213739416	0.0381210136	0.0360920816	0	0	0	0	0	3
32	44	0	0.287126752	0.000437908413	0.0019792125	0.000213739416	0.0381210136	0.0361418011	0	0	0	0	0	3
33	45	0	0.296099463	0.000402654303	0.00193143801	0.000213739416	0.0381210136	0.0361895756	0	0	0	0	0	3
34	47	0	0.305072174	0.000417379556	0.00188690688	0.000213739416	0.0381210136	0.0362341067	0	0	0	0	0	3
35	48	0	0.314044885	0.000368628693	0.0018435275	0.000213739416	0.0381210136	0.0362774861	0	0	0	0	0	3
36	49	0	0.323017596	0.0003641504	0.00180243369	0.000213739416	0.0381210136	0.0363185799	0	0	0	0	0	3
37	51	0	0.331990307	0.000314175122	0.00176221049	0.000213739416	0.0381210136	0.0363588031	0	0	0	0	0	3
38	52	0	0.340963018	0.000286733413	0.00172338214	0.000213739416	0.0381210136	0.0363976314	0	0	0	0	0	3
39	53	0	0.349935729	0.000214524712	0.00168469349	0.000213739416	0.0381210136	0.0364363201	0	0	0	0	0	3
40	55	0	0.35890844	0.000217986465	0.00164802582	0.000213739416	0.0381210136	0.0364729878	0	0	0	0	0	3
41	56	0	0.367881151	0.000172627192	0.00161204048	0.000172627192	0.0381210136	0.0365089731	0	0	0	0	0	3
42	57	0	0.376853862	0.000153800868	0.00157732049	0.000153800868	0.0381210136	0.0365436931	0	0	0	0	0	3
43	59	0	0.385826573	0.000101374437	0.00154299617	0.000101374437	0.0381210136	0.0365780174	0	0	0	0	0	3
44	60	0	0.394799284	7.98607423e-05	0.00150974309	7.98607423e-05	0.0381210136	0.0366112705	0	0	0	0	0	3
45	61	0	0.403771995	4.92370838e-05	0.0014772874	4.92370838e-05	0.0381210136	0.0366437262	0	0	0	0	0	3
46	63	0	0.412744707	2.36615902e-05	0.00144568684	2.36615902e-05	0.0381210136	0.0366753267	0	0	0	0	0	3
47	64	0	0.421717418	3.64048301e-05	0.00141570211	2.36615902e-05	0.0381210136	0.0367053115	0	0	0	0	0	3
48	65	0	0.430690129	-1.72800952e-05	0.00138584832	-1.72800952e-05	0.0381210136	0.0367351653	0	0	0	0	0	3
49	67	0	0.43966284	4.23922767e-05	0.00135843085	-1.72800952e-05	0.0381210136	0.0367625827	0	0	0	0	0	3
50	68	0	0.448635551	1.39405222e-05	0.00133154104	-1.72800952e-05	0.0381210136	0.0367894725	0	0	0	0	0	3
51	69	0	0.457608262	-2.10251884e-05	0.00130502013	-2.10251884e-05	0.0381210136	0.0368159934	0	0	0	0	0	3
52	71	0	0.466580973	-1.76927642e-05	0.00127958335	-2.10251884e-05	0.0381210136	0.0368414302	0	0	0	0	0	3
53	72	0	0.475553684	1.37353146e-05	0.00125569942	-2.10251884e-05	0.0381210136	0.0368653141	0	0	0	0	0	3
54	74	0	0.484526395	-6.72329382e-05	0.00123120068	-6.72329382e-05	0.0381210136	0.0368898129	0	0	0	0	0	3
55	75	0	0.493499106	-3.64792427e-05	0.00120815195	-6.72329382e-05	0.0381210136	0.0369128616	0	0	0	0	0	3
56	76	0	0.502471817	-6.97999955e-05	0.00118533138	-6.97999955e-05	0.0381210136	0.0369356822	0	0	0	0	0	3
57	78	0	0.511444528	-6.78234942e-05	0.00050338786	-6.97999955e-05	0.00629010836	0.00635990836	0	0	0	0	0	3
58	79	0	0.520417239	-0.000101516859	0.000389251696	-0.000101516859	0.00405505614	0.004156573	0	0	0	0	0	3
59	81	0	0.52938995	-7.58440148e-05	0.000315485621	-0.000101516859	0.00144106501	0.00154258187	0	0	0	0	0	3
60	82	0	0.538362661	-0.000125787656	0.000298787756	-0.000125787656	0.00144106501	0.00156685267	0	0	0	0	0	3
61	84	0	0.547335372	-6.9733641e-05	0.000271809209	-0.000125787656	0.00124454178	0.00137032944	0	0	0	0	0	3
62	85	0	0.556308083	-9.91347916e-05	0.000247814984	-0.000125787656	0.00101858559	0.00114437325	0	0	0	0	0	3
63	86	0	0.565280794	-9.98126454e-05	0.000241501326	-0.000125787656	0.00101858559	0.00114437325	0	0	0	0	0	3
64	87	0	0.574253505	-9.98921153e-05	0.000235900763	-0.000125787656	0.00101858559	0.00114437325	0	0	0	0	0	3
65	89	0	0.583226216	-7.64452605e-05	0.000230389976	-0.000125787656	0.00101858559	0.00114437325	0	0	0	0	0	3
66	90	0	0.592198927	-0.000164441081	0.0002092645	-0.000164441081	0.000729278539	0.00089371962	0	0	0	0	0	3
67	91	0	0.601171638	-0.000126519873	0.000195198	-0.000164441081	0.000729278539	0.00089371962	0	0	0	0	0	3
68	93	0	0.610144349	-0.00012955666	0.000179984437	-0.000164441081	0.000729278539	0.00089371962	0	0	0	0	0	3
69	94	0	0.61911706	-0.000129637687	0.000167060078	-0.000164441081	0.000729278539	0.00089371962	0	0	0	0	0	3
70	96	0	0.628089771	-0.000147635063	0.000155336638	-0.000164441081	0.000729278539	0.00089371962	0	0	0	0	0	3
71	97	0	0.637062482	-0.000154099496	0.000145747008	-0.000164441081	0.000729278539	0.00089371962	0	0	0	0	0	3
72	98	0	0.646035193	-0.000135262078	0.000130308782	-0.000164441081	0.000634680151	0.000799121232	0	0	0	0	0	3
73	100	0	0.655007904	-0.000153865423	0.000121528734	-0.000164441081	0.000634680151	0.000799121232	0	0	0	0	0	3
74	101	0	0.663980615	-0.000159169777	0.000107352843	-0.000164441081	0.000437908413	0.000602349493	0	0	0	0	0	3
75	102	0	0.672953326	-0.000193149622	9.67513171e-05	-0.000193149622	0.000437908413	0.000631058035	0	0	0	0	0	3
76	104	0	0.681926037	-0.000173284811	8.58963969e-05	-0.000193149622	0.000437908413	0.000631058035	0	0	0	0	0	3
77	105	0	0.690898748	-0.00020294643	7.61939803e-05	-0.00020294643	0.000437908413	0.000640854843	0	0	0	0	0	3
78	107	0	0.699871459	-0.000197717648	6.63410936e-05	-0.00020294643	0.000437908413	0.000640854843	0	0	0	0	0	3
79	108	0	0.70884417	-0.000192441061	5.72459804e-05	-0.00020294643	0.000437908413	0.000640854843	0	0	0	0	0	3
80	109	0	0.717816881	-0.000195894844	4.75165875e-05	-0.00020294643	0.000437908413	0.000640854843	0	0	0	0	0	3
81	111	0	0.726789592	-0.000222655934	3.79056612e-05	-0.000222655934	0.000437908413	0.000660564346	0	0	0	0	0	3
82	112	0	0.735762303	-0.000186323513	2.89282975e-05	-0.000222655934	0.000437908413	0.000660564346	0	0	0	0	0	3
83	113	0	0.744735014	-0.000215858355	1.97321502e-05	-0.000222655934	0.000437908413	0.000660564346	0	0	0	0	0	3
84	115	0	0.753707725	-0.000194088806	1.03047572e-05	-0.000222655934	0.000437908413	0.000660564346	0	0	0	0	0	3
85	116	0	0.762680436	-0.000245073809	-3.74851371e-07	-0.000245073809	0.000437908413	0.000682982221	0	0	0	0	0	3
86	117	0	0.771653147	-0.00021150117	-1.15860624e-05	-0.000245073809	0.000437908413	0.000682982221	0	0	0	0	0	3
87	118	0	0.780625858	-0.000229377205	-2.3121877e-05	-0.000245073809	0.000437908413	0.000682982221	0	0	0	0	0	3
88	120	0	0.789598569	-0.000156907163	-3.37435837e-05	-0.000245073809	0.000417379556	0.000662453365	0	0	0	0	0	3
89	121	0	0.79857128	-0.000192111986	-4.43644103e-05	-0.000245073809	0.000417379556	0.000662453365	0	0	0	0	0	3
90	122	0	0.807543991	-0.000135594711	-5.42389508e-05	-0.000245073809	0.000368628693	0.000613702502	0	0	0	0	0	3
91	124	0	0.816516702	-0.000184650558	-6.41189374e-05	-0.000245073809	0.0003641504	0.000609224209	0	0	0	0	0	3
92	125	0	0.825489413	-0.000109479917	-7.25766217e-05	-0.000245073809	0.000314175122	0.000559248931	0	0	0	0	0	3
93	127	0	0.834462124	-0.00016646084	-8.11594067e-05	-0.000245073809	0.000286733413	0.000531807222	0	0	0	0	0	3
94	128	0	0.843434835	-0.000109640679	-8.82375155e-05	-0.000245073809	0.000217986465	0.000463060274	0	0	0	0	0	3
95	130	0	0.852407546	-0.000159779619	-9.49215214e-05	-0.000245073809	0.000217986465	0.000463060274	0	0	0	0	0	3
96	131	0	0.861380257	-0.000111044091	-0.000100797067	-0.000245073809	0.000172627192	0.000417701001	0	0	0	0	0	3
97	132	0	0.870352968	-0.000163313065	-0.000106796	-0.000245073809	0.000153800868	0.000398874677	0	0	0	0	0	3
98	134	0	0.879325679	-8.85037501e-05	-0.000111122868	-0.000245073809	0.000101374437	0.000346448246	0	0	0	0	0	3
99	135	0	0.88829839	-0.000155146701	-0.000115703603	-0.000245073809	7.98607423e-05	0.000324934551	0	0	0	0	0	3
100	136	0	0.897271101	-7.23166692e-05	-0.000118421057	-0.000245073809	4.92370838e-05	0.000294310893	0	0	0	0	0	3
101	141	0	0.906243812	-8.19623604e-05	-0.000120763904	-0.000245073809	4.23922767e-05	0.000287466086	0	0	0	0	0	3
102	143	0	0.915216523	-6.11320742e-05	-0.000122278077	-0.000245073809	4.23922767e-05	0.000287466086	0	0	0	0	0	3
103	144	0	0.924189234	-5.54106238e-05	-0.000123917638	-0.000245073809	4.23922767e-05	0.000287466086	0	0	0	0	0	3
104	145	0	0.933161945	-3.89005048e-05	-0.000124303717	-0.000245073809	4.23922767e-05	0.000287466086	0	0	0	0	0	3
105	147	0	0.942134656	-3.85265111e-05	-0.000125748695	-0.000245073809	1.39405222e-05	0.000259014331	0	0	0	0	0	3
106	148	0	0.951107367	-1.4768995e-05	-0.000126261365	-0.000245073809	1.37353146e-05	0.000258809124	0	0	0	0	0	3
107	150	0	0.960080078	-6.7459184e-05	-0.000127090544	-0.000245073809	1.37353146e-05	0.000258809124	0	0	0	0	0	3
108	151	0	0.969052789	-9.14642934e-05	-0.000128407892	-0.000245073809	1.37353146e-05	0.000258809124	0	0	0	0	0	3
109	153	0	0.9780255	-3.5527544e-05	-0.000129287586	-0.000245073809	-1.4768995e-05	0.000230304814	0	0	0	0	0	3
110	154	0	0.986998211	-7.96572367e-05	-0.000129509449	-0.000245073809	-1.4768995e-05	0.000230304814	0	0	0	0	0	3
111	155	0	0.995970922	-4.8646015e-05	-0.000129726713	-0.000245073809	-1.4768995e-05	0.000230304814	0	0	0	0	0	3
112	157	0	1.00494363	-6.45705172e-05	-0.000129633329	-0.000245073809	-1.4768995e-05	0.000230304814	0.000129003898	0	56	0	0	3
113	158	0	1.01391634	-3.77681833e-05	-0.000129096627	-0.000245073809	-1.4768995e-05	0.000230304814	0.000129003898	0	56	0	0	3
114	159	0	1.02288906	-7.02530639e-05	-0.000128538345	-0.000245073809	-1.4768995e-05	0.000230304814	0.000129003898	0	56	0	0	3
115	160	0	1.03186177	-1.38247169e-05	-0.000127430858	-0.000245073809	-1.38247169e-05	0.000231249092	0.000129003898	0	55.7	0	0	3
116	162	0	1.04083448	-3.430284e-05	-0.0001257972	-0.000245073809	-1.38247169e-05	0.000231249092	0.000129003898	0	55.7	0	0	3
117	163	0	1.04980719	2.01807686e-05	-0.000124191586	-0.000245073809	2.01807686e-05	0.000265254577	0.000129003898	0	48.6	0	0	3
118	164	0	1.0587799	-1.88190845e-05	-0.000122757377	-0.000245073809	2.01807686e-05	0.000265254577	0.000129003898	0	48.6	0	0	3
119	166	0	1.06775261	5.43722078e-05	-0.000120004076	-0.000245073809	5.43722078e-05	0.000299446017	0.000129003898	0	43	0	0	3
120	167	0	1.07672532	4.25022331e-05	-0.00011746132	-0.000245073809	5.43722078e-05	0.000299446017	0.000129003898	0	43	0	0	3
121	168	0	1.08569803	8.95389378e-05	-0.000114497316	-0.000245073809	8.95389378e-05	0.000334612747	0.000129003898	0	38.5	0	0	3
122	170	0	1.09467074	6.45967456e-05	-0.000110407355	-0.000245073809	8.95389378e-05	0.000324924712	0.000129003898	0	39.7	0	0	3
123	171	0	1.10364345	8.83020993e-05	-0.000106571248	-0.000245073809	8.95389378e-05	0.00030971115	0.000129003898	0	41.6	0	0	3
124	172	0	1.11261617	6.90921053e-05	-0.000103023949	-0.000245073809	8.95389378e-05	0.00029678679	0.000129003898	0	43.4	0	0	3
125	174	0	1.12158888	3.53422322e-05	-0.000100077879	-0.000245073809	8.95389378e-05	0.00028506335	0.000129003898	0	45.2	0	0	3
126	175	0	1.13056159	9.47030738e-05	-9.5750412e-05	-0.000245073809	9.47030738e-05	0.00027547372	0.000129003898	0	46.8	0	0	3
127	176	0	1.1395343	2.72547531e-05	-9.25119433e-05	-0.000245073809	9.47030738e-05	0.000260035495	0.000129003898	0	49.6	0	0	3
128	178	0	1.14850701	5.5651399e-05	-8.91027741e-05	-0.000245073809	9.47030738e-05	0.000251255447	0.000129003898	0	51.3	0	0	3
129	179	0	1.15747972	-1.67373024e-05	-8.66540576e-05	-0.000245073809	9.47030738e-05	0.000237079556	0.000129003898	0	54.4	0	0	3
130	180	0	1.16645243	1.86444222e-05	-8.34788041e-05	-0.000245073809	9.47030738e-05	0.00022647803	0.000129003898	0	56.9	0	0	3
131	182	0	1.17542514	-8.45079724e-06	-8.01806108e-05	-0.000245073809	9.47030738e-05	0.00021562311	0.000129003898	0	59.8	0	0	3
132	183	0	1.18439785	4.07150957e-05	-7.63591839e-05	-0.000245073809	9.47030738e-05	0.000205920693	0.000129003898	0	62.6	0	0	3
133	184	0	1.19337056	1.69009884e-06	-7.27049602e-05	-0.000245073809	9.47030738e-05	0.000196067806	0.000129003898	0	65.7	0	0	3
134	186	0	1.20234328	2.92862305e-05	-6.86513195e-05	-0.000245073809	9.47030738e-05	0.000186972693	0.000129003898	0	68.9	0	0	3
135	187	0	1.21131599	-2.14173296e-05	-6.55973243e-05	-0.000245073809	9.47030738e-05	0.0001772433	0.000129003898	0	72.7	0	0	3
136	188	0	1.2202887	4.89333425e-05	-6.12253924e-05	-0.000245073809	9.47030738e-05	0.000167632374	0.000129003898	0	76.9	0	0	3
137	190	0	1.22926141	6.84461819e-06	-5.71271682e-05	-0.000245073809	9.47030738e-05	0.00015865501	0.000129003898	0	81.3	0	0	3
138	191	0	1.23823412	4.60116603e-05	-5.29783258e-05	-0.000245073809	9.47030738e-05	0.000149458863	0.000129003898	0	86.3	0	0	3
139	193	0	1.24720683	-1.09025043e-05	-4.93183999e-05	-0.000245073809	9.47030738e-05	0.00014003147	0.000129003898	0	92.1	0	0	3
140	194	0	1.25617954	2.60059226e-05	-4.53881369e-05	-0.000245073809	9.47030738e-05	0.000129351861	0.000129003898	0	99.7	0	0	3
141	195	0	1.26515225	-7.48288733e-06	-4.11454419e-05	-0.000229377205	9.47030738e-05	0.00011814065	0.000129003898	0	100	0	0	3
142	197	0	1.27412496	2.12747468e-05	-3.69887291e-05	-0.000229377205	9.47030738e-05	0.000106604836	0.000129003898	0	100	0	0	3
143	198	0	1.28309767	-2.74363538e-05	-3.33826425e-05	-0.000192111986	9.47030738e-05	9.63440702e-05	0.000129003898	0	100	0	0	3
144	200	0	1.29207039	-9.18044881e-07	-3.05971225e-05	-0.000192111986	9.47030738e-05	9.91295902e-05	0.000129003898	0	100	0	0	3
145	201	0	1.3010431	-4.51334323e-05	-2.79725055e-05	-0.000184650558	9.47030738e-05	0.000101754207	0.000129003898	0	100	0	0	3
146	203	0	1.31001581	-1.85931676e-05	-2.58831922e-05	-0.000184650558	9.47030738e-05	0.00010384352	0.000129003898	0	100	0	0	3
147	204	0	1.31898852	-5.28818015e-05	-2.35301787e-05	-0.00016646084	9.47030738e-05	0.000106196534	0.000129003898	0	100	0	0	3
148	206	0	1.32796123	-4.9078377e-05	-2.24515798e-05	-0.00016646084	9.47030738e-05	0.000107275133	0.000129003898	0	100	0	0	3
149	207	0	1.33693394	-1.11309882e-05	-1.96778324e-05	-0.000163313065	9.47030738e-05	0.00011004888	0.000129003898	0	100	0	0	3
150	208	0	1.34590665	-5.98253206e-05	-1.87882724e-05	-0.000163313065	9.47030738e-05	0.00011093844	0.000129003898	0	100	0	0	3
151	210	0	1.35487936	-2.57852165e-05	-1.63955152e-05	-0.000163313065	9.47030738e-05	0.000113331197	0.000129003898	0	100	0	0	3
152	211	0	1.36385207	-3.37849747e-05	-1.50158882e-05	-0.000163313065	9.47030738e-05	0.000114710825	0.000129003898	0	100	0	0	3
153	213	0	1.37282478	1.37393119e-05	-1.18542386e-05	-0.000155146701	9.47030738e-05	0.000117872474	0.000129003898	0	100	0	0	3
154	214	0	1.3817975	-7.96370929e-06	-1.04160236e-05	-0.000155146701	9.47030738e-05	0.000119310689	0.000129003898	0	100	0	0	3
155	215	0	1.39077021	3.29532871e-05	-7.05709521e-06	-9.14642934e-05	9.47030738e-05	0.000122669617	0.000129003898	0	100	0	0	3
156	217	0	1.39974292	-3.2984801e-05	-6.35474042e-06	-9.14642934e-05	9.47030738e-05	0.000123371972	0.000129003898	0	100	0	0	3
157	218	0	1.40871563	3.63962696e-05	-4.24119346e-06	-9.14642934e-05	9.47030738e-05	0.000125485519	0.000129003898	0	100	0	0	3
158	220	0	1.41768834	1.85842936e-05	-2.81768689e-06	-9.14642934e-05	9.47030738e-05	0.000126909026	0.000129003898	0	100	0	0	3
159	221	0	1.42666105	5.36722029e-05	-8.69779274e-07	-9.14642934e-05	9.47030738e-05	0.000128856933	0.000129003898	0	100	0	0	3
160	222	0	1.43563376	1.32618187e-05	6.16907875e-08	-9.14642934e-05	9.47030738e-05	0.000129788403	0.000129003898	0	99.3	0	0	3
161	224	0	1.44460647	4.10303091e-05	1.48234829e-06	-9.14642934e-05	9.47030738e-05	0.000131209061	0.000129003898	0	98.3	0	0	3
162	225	0	1.45357918	3.80065374e-05	2.42476851e-06	-9.14642934e-05	9.47030738e-05	0.000132151481	0.000129003898	0	97.6	0	0	3
163	227	0	1.46255189	6.19800711e-05	4.73618378e-06	-9.14642934e-05	9.47030738e-05	0.000134462896	0.000129003898	0	95.9	0	0	3
164	228	0	1.47152461	2.67192514e-05	6.84660423e-06	-7.96572367e-05	9.47030738e-05	0.000136573317	0.000129003898	0	94.4	0	0	3
165	229	0	1.48049732	5.52588714e-05	8.46779021e-06	-7.96572367e-05	9.47030738e-05	0.000138194503	0.000129003898	0	93.3	0	0	3
166	231	0	1.48947003	5.18157114e-05	1.08155214e-05	-7.02530639e-05	9.47030738e-05	0.000140542234	0.000129003898	0	91.7	0	0	3
167	232	0	1.49844274	7.93094331e-05	1.31004401e-05	-7.02530639e-05	9.47030738e-05	0.000142733769	0.000129003898	0	90.3	0	0	3
168	233	0	1.50741545	4.71262608e-05	1.50950255e-05	-7.02530639e-05	9.47030738e-05	0.000144191653	0.000129003898	0	89.4	0	0	3
169	235	0	1.51638816	7.66610802e-05	1.71384052e-05	-7.02530639e-05	9.47030738e-05	0.00014567675	0.000129003898	0	88.5	0	0	3
170	236	0	1.52536087	6.93339423e-05	1.96310303e-05	-5.98253206e-05	9.47030738e-05	0.000147061888	0.000129003898	0	87.7	0	0	3
171	238	0	1.53433358	9.38864213e-05	2.15544435e-05	-5.98253206e-05	9.47030738e-05	0.000147351644	0.000129003898	0	87.5	0	0	3
172	239	0	1.54330629	7.42979977e-05	2.34937441e-05	-5.98253206e-05	9.47030738e-05	0.00014768533	0.000129003898	0	87.3	0	0	3
173	240	0	1.552279	0.000106893873	2.50421924e-05	-5.98253206e-05	0.000106893873	0.000147799569	0.000129003898	0	87.2	0	0	3
174	242	0	1.56125172	6.74232498e-05	2.65822341e-05	-5.98253206e-05	0.000106893873	0.00014658631	0.000129003898	0	88	0	0	3
175	243	0	1.57022443	9.65762089e-05	2.7335877e-05	-5.98253206e-05	0.000106893873	0.000144797197	0.000129003898	0	89	0	0	3
176	244	0	1.57919714	9.12283137e-05	2.82059856e-05	-5.98253206e-05	0.000106893873	0.000142703302	0.000129003898	0	90.4	0	0	3
177	246	0	1.58816985	0.000115942817	2.86774834e-05	-5.98253206e-05	0.000115942817	0.000139084838	0.000129003898	0	92.7	0	0	3
178	247	0	1.59714256	8.99745774e-05	2.9130659e-05	-5.98253206e-05	0.000115942817	0.000135701907	0.000129003898	0	95	0	0	3
179	249	0	1.60611527	0.000116814478	2.96398086e-05	-5.98253206e-05	0.000116814478	0.000132663757	0.000129003898	0	97.2	0	0	3
180	250	0	1.61508798	7.62003953e-05	2.97667423e-05	-5.98253206e-05	0.000116814478	0.000129844621	0.000129003898	0	99.3	0	0	3
181	251	0	1.62406069	0.000101275931	3.09441298e-05	-5.98253206e-05	0.000116814478	0.000126694542	0.000129003898	0	100	0	0	3
182	253	0	1.6330334	9.5764327e-05	3.09630808e-05	-5.98253206e-05	0.000116814478	0.000123475024	0.000129003898	0	100	0	0	3
183	254	0	1.64200612	0.000125592607	3.27191139e-05	-5.98253206e-05	0.000125592607	0.000121821888	0.000129003898	0	100	0	0	3
184	255	0	1.65097883	0.000104435609	3.35902605e-05	-5.98253206e-05	0.000125592607	0.000120244318	0.000129003898	0	100	0	0	3
185	257	0	1.65995154	0.000129481177	3.62013048e-05	-5.98253206e-05	0.000129481177	0.000119680109	0.000129003898	0	100	0	0	3
186	258	0	1.66892425	7.70680972e-05	3.72445847e-05	-5.98253206e-05	0.000129481177	0.000117425195	0.000129003898	0	100	0	0	3
187	260	0	1.67789696	8.81530958e-05	3.89696542e-05	-5.98253206e-05	0.000129481177	0.000115328838	0.000129003898	0	100	0	0	3
188	261	0	1.68686967	7.05982168e-05	3.95032814e-05	-5.98253206e-05	0.000129481177	0.000112208242	0.000129003898	0	100	0	0	3
189	262	0	1.69584238	9.02301602e-05	4.10843539e-05	-5.98253206e-05	0.000129481177	0.000109735673	0.000129003898	0	100	0	0	3
190	264	0	1.70481509	5.01813788e-05	4.14574816e-05	-5.98253206e-05	0.000129481177	0.000107054806	0.000129003898	0	100	0	0	3
191	265	0	1.7137878	7.71277683e-05	4.32172154e-05	-5.98253206e-05	0.000129481177	0.000104442608	0.000129003898	0	100	0	0	3
192	267	0	1.72276051	6.61624738e-05	4.35248785e-05	-5.98253206e-05	0.000129481177	0.000100652047	0.000129003898	0	100	0	0	3
193	268	0	1.73173323	8.51793471e-05	4.49237129e-05	-5.98253206e-05	0.000129481177	9.79020388e-05	0.000129003898	0	100	0	0	3
194	269	0	1.74070594	4.28744303e-05	4.4867691e-05	-5.98253206e-05	0.000129481177	9.42421129e-05	0.000129003898	0	100	0	0	3
195	270	0	1.74967865	6.85767375e-05	4.62869632e-05	-5.98253206e-05	0.000129481177	9.16751001e-05	0.000129003898	0	100	0	0	3
196	272	0	1.75865136	5.79256678e-05	4.68569586e-05	-5.98253206e-05	0.000129481177	8.80024005e-05	0.000129003898	0	100	0	0	3
197	273	0	1.76762407	7.68452714e-05	4.83628186e-05	-5.98253206e-05	0.000129481177	8.53515477e-05	0.000129003898	0	100	0	0	3
198	274	0	1.77659678	3.1685724e-05	4.85487289e-05	-5.98253206e-05	0.000129481177	8.19313714e-05	0.000129003898	0	100	0	0	3
199	276	0	1.78556949	5.01350028e-05	4.99339317e-05	-5.98253206e-05	0.000129481177	8.05310542e-05	0.000129003898	0	100	0	0	3
200	277	0	1.7945422	3.66766101e-05	5.06052648e-05	-5.98253206e-05	0.000129481177	7.85777703e-05	0.000129003898	0	100	0	0	3
201	282	0	1.80351491	5.92918186e-05	5.24700014e-05	-5.98253206e-05	0.000129481177	7.83531936e-05	0.000129003898	0	100	0	0	3
202	283	0	1.81248762	2.22471414e-05	5.31992927e-05	-5.98253206e-05	0.000129481177	7.67294713e-05	0.000129003898	0	100	0	0	3
203	284	0	1.82146034	5.05998225e-05	5.50471788e-05	-5.98253206e-05	0.000129481177	7.74987586e-05	0.000129003898	0	100	0	0	3
204	286	0	1.83043305	4.09523967e-05	5.66548712e-05	-5.98253206e-05	0.000129481177	7.63327036e-05	0.000129003898	0	100	0	0	3
205	287	0	1.83940576	6.25417209e-05	5.79704553e-05	-5.98253206e-05	0.000129481177	7.67587277e-05	0.000129003898	0	100	0	0	3
206	288	0	1.84837847	2.50039868e-05	5.94852643e-05	-3.37849747e-05	0.000129481177	7.58807796e-05	0.000129003898	0	100	0	0	3
207	289	0	1.85735118	5.49043016e-05	6.09261486e-05	-3.37849747e-05	0.000129481177	7.59420368e-05	0.000129003898	0	100	0	0	3
208	291	0	1.86632389	4.72633718e-05	6.23734405e-05	-3.2984801e-05	0.000129481177	7.42276791e-05	0.000129003898	0	100	0	0	3
209	292	0	1.8752966	7.23167828e-05	6.34194668e-05	-3.2984801e-05	0.000129481177	7.38354903e-05	0.000129003898	0	100	0	0	3
210	293	0	1.88426931	3.68138096e-05	6.42190653e-05	-3.2984801e-05	0.000129481177	7.12761605e-05	0.000129003898	0	100	0	0	3
211	295	0	1.89324202	6.82298706e-05	6.48490043e-05	-3.2984801e-05	0.000129481177	7.12037447e-05	0.000129003898	0	100	0	0	3
212	296	0	1.90221473	6.09561125e-05	6.65265206e-05	1.32618187e-05	0.000129481177	7.07677141e-05	0.000129003898	0	100	0	0	3
213	298	0	1.91118745	8.28405063e-05	6.7355882e-05	1.32618187e-05	0.000129481177	7.01735689e-05	0.000129003898	0	100	0	0	3
214	299	0	1.92016016	3.93672393e-05	6.7727006e-05	1.32618187e-05	0.000129481177	6.85967853e-05	0.000129003898	0	100	0	0	3
215	302	0	1.92913287	6.575425e-05	6.79427569e-05	1.32618187e-05	0.000129481177	6.78810661e-05	0.000129003898	0	100	0	0	3
216	303	0	1.93810558	5.48339602e-05	6.86851165e-05	2.22471414e-05	0.000129481177	6.72027682e-05	0.000129003898	0	100	0	0	3
217	305	0	1.94707829	7.43082837e-05	6.92793661e-05	2.22471414e-05	0.000129481177	6.68545976e-05	0.000129003898	0	100	0	0	3
218	306	0	1.956051	3.20585427e-05	6.91731519e-05	2.22471414e-05	0.000129481177	6.45431823e-05	0.000129003898	0	100	0	0	3
219	308	0	1.96502371	5.92573221e-05	6.91245314e-05	2.22471414e-05	0.000129481177	6.24327619e-05	0.000129003898	0	100	0	0	3
220	309	0	1.97399642	4.98373584e-05	6.95373547e-05	2.22471414e-05	0.000129481177	6.10695645e-05	0.000129003898	0	100	0	0	3
221	311	0	1.98296913	7.0623446e-05	6.98117221e-05	2.22471414e-05	0.000129481177	5.89962007e-05	0.000129003898	0	100	0	0	3
222	313	0	1.99194184	2.87030105e-05	6.93989953e-05	2.22471414e-05	0.000129481177	5.6711282e-05	0.000129003898	0	100	0	0	3
223	314	0	2.00091456	5.12027488e-05	6.88970902e-05	2.22471414e-05	0.000129481177	5.47166966e-05	0.000129003898	0	100	0	0	3
224	316	0	2.00988727	3.79958609e-05	6.87340474e-05	2.22471414e-05	0.000129481177	5.26733169e-05	0.000129003898	0	100	0	0	3
225	318	0	2.01885998	5.72581762e-05	6.83875669e-05	2.22471414e-05	0.000129481177	5.01806918e-05	0.000129003898	0	100	0	0	3
226	321	0	2.02783269	1.73750685e-05	6.74597299e-05	1.73750685e-05	0.000129481177	4.82572786e-05	0.000129003898	0	100	0	0	3
227	323	0	2.0368054	4.2709521e-05	6.65458567e-05	1.73750685e-05	0.000129481177	4.6317978e-05	0.000129003898	0	100	0	0	3
228	323	0	2.04577811	3.28220668e-05	6.58052151e-05	1.73750685e-05	0.000129481177	4.47695297e-05	0.000129003898	0	100	0	0	3
229	325	0	2.05475082	5.08924058e-05	6.48051889e-05	1.73750685e-05	0.000129481177	4.3229488e-05	0.000129003898	0	100	0	0	3
230	327	0	2.06372353	9.53523765e-06	6.37714744e-05	9.53523765e-06	0.000129481177	4.24758451e-05	0.000129003898	0	100	0	0	3
231	328	0	2.07269624	3.43663016e-05	6.26605832e-05	9.53523765e-06	0.000129481177	4.16057365e-05	0.000129003898	0	100	0	0	3
232	329	0	2.08166895	2.91659966e-05	6.15523275e-05	9.53523765e-06	0.000129481177	4.11342387e-05	0.000129003898	0	100	0	0	3
233	331	0	2.09064167	5.58211575e-05	6.04787265e-05	9.53523765e-06	0.000129481177	4.06810631e-05	0.000129003898	0	100	0	0	3
234	333	0	2.09961438	2.30424374e-05	5.92835097e-05	9.53523765e-06	0.000129481177	4.01719135e-05	0.000129003898	0	100	0	0	3
235	334	0	2.10858709	4.86308595e-05	5.8065945e-05	9.53523765e-06	0.000129481177	4.00449798e-05	0.000129003898	0	100	0	0	3
236	336	0	2.1175598	3.73072808e-05	5.73714251e-05	9.53523765e-06	0.000129481177	3.88675923e-05	0.000129003898	0	100	0	0	3
237	337	0	2.12653251	5.30031541e-05	5.65094113e-05	9.53523765e-06	0.000129481177	3.88486413e-05	0.000129003898	0	100	0	0	3
238	339	0	2.13550522	8.46803828e-06	5.4950549e-05	8.46803828e-06	0.000129481177	3.70926082e-05	0.000129003898	0	100	0	0	3
239	340	0	2.14447793	3.07328084e-05	5.3256624e-05	8.46803828e-06	0.000129481177	3.62214616e-05	0.000129003898	0	100	0	0	3
240	341	0	2.15345064	1.78096999e-05	5.17097327e-05	8.46803828e-06	0.000129481177	3.36104173e-05	0.000129003898	0	100	0	0	3
241	343	0	2.16242335	3.83244813e-05	5.00819346e-05	8.46803828e-06	9.02301602e-05	3.25671374e-05	0.000129003898	0	100	0	0	3
242	344	0	2.17139606	-8.20779572e-07	4.86910618e-05	-8.20779572e-07	9.02301602e-05	3.08420679e-05	0.000129003898	0	100	0	0	3
243	346	0	2.18036878	2.49920531e-05	4.7563186e-05	-8.20779572e-07	9.02301602e-05	3.03084407e-05	0.000129003898	0	100	0	0	3
244	347	0	2.18934149	1.36063648e-05	4.65454744e-05	-8.20779572e-07	9.02301602e-05	2.87273682e-05	0.000129003898	0	100	0	0	3
245	349	0	2.1983142	3.59743759e-05	4.55766211e-05	-8.20779572e-07	8.51793471e-05	2.83542406e-05	0.000129003898	0	100	0	0	3
246	350	0	2.20728691	-3.8051921e-06	4.46125752e-05	-3.8051921e-06	8.51793471e-05	2.65945067e-05	0.000129003898	0	100	0	0	3
247	352	0	2.21625962	2.20245959e-05	4.362859e-05	-3.8051921e-06	8.51793471e-05	2.62868436e-05	0.000129003898	0	100	0	0	3
248	353	0	2.22523233	1.23881548e-05	4.26683343e-05	-3.8051921e-06	8.51793471e-05	2.71433878e-05	0.000129003898	0	100	0	0	3
249	355	0	2.23420504	3.50646782e-05	4.17734295e-05	-3.8051921e-06	8.28405063e-05	2.80382926e-05	0.000129003898	0	100	0	0	3
250	356	0	2.24317775	-2.90726004e-06	4.09558993e-05	-3.8051921e-06	8.28405063e-05	2.88558228e-05	0.000129003898	0	100	0	0	3
251	358	0	2.25215046	2.64368843e-05	4.02034019e-05	-3.8051921e-06	8.28405063e-05	2.96083202e-05	0.000129003898	0	100	0	0	3
252	359	0	2.26112317	1.94875476e-05	3.95170069e-05	-3.8051921e-06	8.28405063e-05	3.02947152e-05	0.000129003898	0	100	0	0	3
253	361	0	2.27009589	4.44383707e-05	3.89383123e-05	-3.8051921e-06	8.28405063e-05	3.08734099e-05	0.000129003898	0	100	0	0	3
254	362	0	2.2790686	9.98161909e-06	3.8550739e-05	-3.8051921e-06	8.28405063e-05	3.12609832e-05	0.000129003898	0	100	0	0	3
255	364	0	2.28804131	4.21831368e-05	3.84087413e-05	-3.8051921e-06	8.28405063e-05	3.14029808e-05	0.000129003898	0	100	0	0	3
256	365	0	2.29701402	3.97170171e-05	3.84630343e-05	-3.8051921e-06	8.28405063e-05	3.14029808e-05	0.000129003898	0	100	0	0	3
257	367	0	2.30598673	7.41071863e-05	3.87275945e-05	-3.8051921e-06	8.28405063e-05	3.14029808e-05	0.000129003898	0	100	0	0	3
258	368	0	2.31495944	6.00473062e-05	3.94025974e-05	-3.8051921e-06	8.28405063e-05	3.14029808e-05	0.000129003898	0	100	0	0	3
259	370	0	2.32393215	9.94567592e-05	4.02750427e-05	-3.8051921e-06	9.94567592e-05	3.14029808e-05	0.000129003898	0	100	0	0	3
260	371	0	2.33290486	6.44019637e-05	4.0693785e-05	-3.8051921e-06	9.94567592e-05	3.14029808e-05	0.000129003898	0	100	0	0	3
261	373	0	2.34187757	8.88254467e-05	4.11631372e-05	-3.8051921e-06	9.94567592e-05	3.14029808e-05	0.000129003898	0	100	0	0	3
262	374	0	2.35085028	7.24410186e-05	4.20102271e-05	-3.8051921e-06	9.94567592e-05	3.14029808e-05	0.000129003898	0	100	0	0	3
263	376	0	2.359823	8.48986266e-05	4.254584e-05	-3.8051921e-06	9.94567592e-05	3.14029808e-05	0.000129003898	0	100	0	0	3
264	378	0	2.36879571	4.0812189e-05	4.24306403e-05	-3.8051921e-06	9.94567592e-05	3.14029808e-05	0.000129003898	0	100	0	0	3
265	379	0	2.37776842	6.84231509e-05	4.23611112e-05	-3.8051921e-06	9.94567592e-05	3.14029808e-05	0.000129003898	0	100	0	0	3
266	381	0	2.38674113	6.25404094e-05	4.28205147e-05	-3.8051921e-06	9.94567592e-05	3.14029808e-05	0.000129003898	0	100	0	0	3
267	383	0	2.39571384	9.11217748e-05	4.32292988e-05	-3.8051921e-06	9.94567592e-05	3.14029808e-05	0.000129003898	0	100	0	0	3
268	384	0	2.40468655	6.95763019e-05	4.33832307e-05	-3.8051921e-06	9.94567592e-05	3.14029808e-05	0.000129003898	0	100	0	0	3
269	386	0	2.41365926	0.000102165011	4.37283111e-05	-3.8051921e-06	0.000102165011	3.14029808e-05	0.000129003898	0	100	0	0	3
270	387	0	2.42263197	6.24049556e-05	4.41396989e-05	-3.8051921e-06	0.000102165011	3.14029808e-05	0.000129003898	0	100	0	0	3
271	389	0	2.43160468	8.88065417e-05	4.4551347e-05	-3.8051921e-06	0.000102165011	3.14029808e-05	0.000129003898	0	100	0	0	3
272	391	0	2.4405774	8.15074982e-05	4.50276602e-05	-3.8051921e-06	0.000102165011	3.14029808e-05	0.000129003898	0	100	0	0	3
273	392	0	2.44955011	0.000105701857	4.55882597e-05	-3.8051921e-06	0.000105701857	3.14029808e-05	0.000129003898	0	100	0	0	3
274	394	0	2.45852282	8.05982329e-05	4.64550399e-05	-3.8051921e-06	0.000105701857	3.14029808e-05	0.000129003898	0	100	0	0	3
275	395	0	2.46749553	0.000107493796	4.73164055e-05	-3.8051921e-06	0.000107493796	3.14029808e-05	0.000129003898	0	100	0	0	3
276	397	0	2.47646824	6.46950187e-05	4.75817208e-05	-3.8051921e-06	0.000107493796	3.14029808e-05	0.000129003898	0	100	0	0	3
277	399	0	2.48544095	8.70745041e-05	4.78754897e-05	-3.8051921e-06	0.000107493796	3.0990254e-05	0.000129003898	0	100	0	0	3
278	400	0	2.49441366	7.57006218e-05	4.87147328e-05	-3.8051921e-06	0.000107493796	3.04883489e-05	0.000129003898	0	100	0	0	3
279	402	0	2.50338637	9.68208208e-05	4.95293412e-05	-3.8051921e-06	0.000107493796	3.0325306e-05	0.000129003898	0	100	0	0	3
280	404	0	2.51235908	6.78020188e-05	5.00615941e-05	-3.8051921e-06	0.000107493796	2.99788256e-05	0.000129003898	0	100	0	0	3
281	405	0	2.52133179	9.34536018e-05	5.07079409e-05	-3.8051921e-06	0.000107493796	2.90509886e-05	0.000129003898	0	100	0	0	3
282	407	0	2.53030451	4.99347457e-05	5.12893637e-05	-3.8051921e-06	0.000107493796	2.81371153e-05	0.000129003898	0	100	0	0	3
283	409	0	2.53927722	7.10154184e-05	5.17948262e-05	-3.8051921e-06	0.000107493796	2.73964737e-05	0.000129003898	0	100	0	0	3
284	410	0	2.54824993	6.13088228e-05	5.23035183e-05	-3.8051921e-06	0.000107493796	2.63964475e-05	0.000129003898	0	100	0	0	3
285	412	0	2.55722264	8.54631445e-05	5.29208529e-05	-3.8051921e-06	0.000107493796	2.5362733e-05	0.000129003898	0	100	0	0	3
286	414	0	2.56619535	4.99415267e-05	5.36423938e-05	-3.8051921e-06	0.000107493796	2.42518418e-05	0.000129003898	0	100	0	0	3
287	415	0	2.57516806	7.97810011e-05	5.44533705e-05	-3.8051921e-06	0.000107493796	2.31435862e-05	0.000129003898	0	100	0	0	3
288	417	0	2.58414077	7.33997772e-05	5.52432595e-05	-3.8051921e-06	0.000107493796	2.20699851e-05	0.000129003898	0	100	0	0	3
289	419	0	2.59311348	9.76448948e-05	5.59901119e-05	-3.8051921e-06	0.000107493796	2.08747683e-05	0.000129003898	0	100	0	0	3
290	420	0	2.60208619	5.98589739e-05	5.66475501e-05	-3.8051921e-06	0.000107493796	1.96572037e-05	0.000129003898	0	100	0	0	3
291	422	0	2.6110589	8.64555189e-05	5.73229904e-05	-3.8051921e-06	0.000107493796	1.89626838e-05	0.000129003898	0	100	0	0	3
292	424	0	2.62003162	7.6574693e-05	5.80241942e-05	-3.8051921e-06	0.000107493796	1.96154529e-05	0.000129003898	0	100	0	0	3
293	425	0	2.62900433	0.000100287089	5.88685502e-05	-3.8051921e-06	0.000107493796	2.04598088e-05	0.000129003898	0	100	0	0	3
294	427	0	2.63797704	6.21190285e-05	5.98266036e-05	-3.8051921e-06	0.000107493796	2.14178622e-05	0.000129003898	0	100	0	0	3
295	429	0	2.64694975	8.61963611e-05	6.08170242e-05	-3.8051921e-06	0.000107493796	2.24082828e-05	0.000129003898	0	100	0	0	3
296	430	0	2.65592246	7.25669338e-05	6.17948319e-05	-3.8051921e-06	0.000107493796	2.33860906e-05	0.000129003898	0	100	0	0	3
297	432	0	2.66489517	9.05992437e-05	6.27283098e-05	-3.8051921e-06	0.000107493796	2.43195685e-05	0.000129003898	0	100	0	0	3
298	433	0	2.67386788	4.56970973e-05	6.35589862e-05	-3.8051921e-06	0.000107493796	2.51502448e-05	0.000129003898	0	100	0	0	3
299	435	0	2.68284059	6.54687597e-05	6.42817845e-05	-3.8051921e-06	0.000107493796	2.58730432e-05	0.000129003898	0	100	0	0	3
300	437	0	2.6918133	5.02838481e-05	6.49367396e-05	-3.8051921e-06	0.000107493796	2.65279982e-05	0.000129003898	0	100	0	0	3
301	442	0	2.70078601	7.07338951e-05	6.55574453e-05	-3.8051921e-06	0.000107493796	2.71487039e-05	0.000129003898	0	100	0	0	3
302	444	0	2.70975873	3.25542163e-05	6.62067204e-05	-2.90726004e-06	0.000107493796	2.77979791e-05	0.000129003898	0	100	0	0	3
303	445	0	2.71873144	5.86340028e-05	6.68604598e-05	-2.90726004e-06	0.000107493796	2.84517185e-05	0.000129003898	0	100	0	0	3
304	447	0	2.72770415	4.93250461e-05	6.75200472e-05	-2.90726004e-06	0.000107493796	2.91113058e-05	0.000129003898	0	100	0	0	3
305	449	0	2.73667686	7.09869941e-05	6.81615171e-05	-2.90726004e-06	0.000107493796	2.97527758e-05	0.000129003898	0	100	0	0	3
306	450	0	2.74564957	3.0322667e-05	6.87549087e-05	9.98161909e-06	0.000107493796	3.03461673e-05	0.000129003898	0	100	0	0	3
307	452	0	2.75462228	5.15609618e-05	6.92035529e-05	9.98161909e-06	0.000107493796	3.07948116e-05	0.000129003898	0	100	0	0	3
308	453	0	2.76359499	3.81721407e-05	6.95372064e-05	9.98161909e-06	0.000107493796	3.1128465e-05	0.000129003898	0	100	0	0	3
309	455	0	2.7725677	6.02276768e-05	6.98191583e-05	9.98161909e-06	0.000107493796	3.14104169e-05	0.000129003898	0	100	0	0	3
310	456	0	2.78154041	2.59445098e-05	7.01042099e-05	2.59445098e-05	0.000107493796	3.16954685e-05	0.000129003898	0	100	0	0	3
311	458	0	2.79051312	5.87732862e-05	7.04004625e-05	2.59445098e-05	0.000107493796	3.19374282e-05	0.000129003898	0	100	0	0	3
312	460	0	2.79948584	5.89955785e-05	7.07447226e-05	2.59445098e-05	0.000107493796	3.20171281e-05	0.000129003898	0	100	0	0	3
313	461	0	2.80845855	9.01212098e-05	7.10306873e-05	2.59445098e-05	0.000107493796	3.16280899e-05	0.000129003898	0	100	0	0	3
