Iteration	CPUTime	PhysTime	Travels	Value	AvValue	MinValue	MaxValue	Delta	Criteria	PrevAvRefValue	Progress	CriteriaType	CriteriaVarType	CriteriaPercentage
1	6	0	0.00897264187	0.0513091633	0.0513091633	0.0513091633	0.0513091633	0	0	0	0	0	0	3
2	7	0	0.0179452837	0.0109624948	0.031135829	0.0109624948	0.0513091633	0.0201733342	0	0	0	0	0	3
3	8	0	0.0269179256	0.00566190331	0.0226445204	0.00566190331	0.0513091633	0.0286646428	0	0	0	0	0	3
4	9	0	0.0358905675	0.00419807645	0.0180329094	0.00419807645	0.0513091633	0.0332762538	0	0	0	0	0	3
5	9	0	0.0448632094	0.00312215931	0.0150507594	0.00312215931	0.0513091633	0.0362584038	0	0	0	0	0	3
6	10	0	0.0538358512	0.00389277316	0.013191095	0.00312215931	0.0513091633	0.0381180682	0	0	0	0	0	3
7	11	0	0.0628084931	0.0030848965	0.0117473524	0.0030848965	0.0513091633	0.0395618109	0	0	0	0	0	3
8	12	0	0.071781135	0.00325702614	0.0106860616	0.0030848965	0.0513091633	0.0406231016	0	0	0	0	0	3
9	12	0	0.0807537769	0.00323990537	0.00985871092	0.0030848965	0.0513091633	0.0414504523	0	0	0	0	0	3
10	13	0	0.0897264187	0.00404057565	0.00927689739	0.0030848965	0.0513091633	0.0420322659	0	0	0	0	0	3
11	14	0	0.0986990606	0.00376080563	0.00877543451	0.0030848965	0.0513091633	0.0425337288	0	0	0	0	0	3
12	15	0	0.107671702	0.00391581645	0.00837046633	0.0030848965	0.0513091633	0.0429386969	0	0	0	0	0	3
13	15	0	0.116644344	0.0034612114	0.00799283134	0.0030848965	0.0513091633	0.0433163319	0	0	0	0	0	3
14	16	0	0.125616986	0.0036371068	0.00768170816	0.0030848965	0.0513091633	0.0436274551	0	0	0	0	0	3
15	17	0	0.134589628	0.00365553348	0.00741329651	0.0030848965	0.0513091633	0.0438958667	0	0	0	0	0	3
16	18	0	0.14356227	0.00361294329	0.00717577444	0.0030848965	0.0513091633	0.0441333888	0	0	0	0	0	3
17	18	0	0.152534912	0.00352531595	0.00696104158	0.0030848965	0.0513091633	0.0443481217	0	0	0	0	0	3
18	19	0	0.161507554	0.00352873208	0.00677035772	0.0030848965	0.0513091633	0.0445388055	0	0	0	0	0	3
19	20	0	0.170480196	0.00333328268	0.00658945904	0.0030848965	0.0513091633	0.0447197042	0	0	0	0	0	3
20	20	0	0.179452837	0.00339461297	0.00642971673	0.0030848965	0.0513091633	0.0448794465	0	0	0	0	0	3
21	21	0	0.188425479	0.00338662079	0.0062848074	0.0030848965	0.0513091633	0.0450243559	0	0	0	0	0	3
22	22	0	0.197398121	0.00350804022	0.00615859071	0.0030848965	0.0513091633	0.0451505726	0	0	0	0	0	3
23	23	0	0.206370763	0.00356696097	0.00604591116	0.0030848965	0.0513091633	0.0452632521	0	0	0	0	0	3
24	23	0	0.215343405	0.00361888904	0.00594478524	0.0030848965	0.0513091633	0.045364378	0	0	0	0	0	3
25	24	0	0.224316047	0.00364998012	0.00585299303	0.0030848965	0.0513091633	0.0454561702	0	0	0	0	0	3
26	25	0	0.233288689	0.0036431244	0.00576799808	0.0030848965	0.0513091633	0.0455411652	0	0	0	0	0	3
27	26	0	0.242261331	0.00360555479	0.00568790759	0.0030848965	0.0513091633	0.0456212557	0	0	0	0	0	3
28	27	0	0.251233972	0.00360577728	0.0056135458	0.0030848965	0.0513091633	0.0456956175	0	0	0	0	0	3
29	27	0	0.260206614	0.00358378272	0.00554355396	0.0030848965	0.0513091633	0.0457656093	0	0	0	0	0	3
30	28	0	0.269179256	0.0036546131	0.00548058927	0.0030848965	0.0513091633	0.045828574	0	0	0	0	0	3
31	29	0	0.278151898	0.00360128632	0.00541996659	0.0030848965	0.0513091633	0.0458891967	0	0	0	0	0	3
32	30	0	0.28712454	0.00365813317	0.0053649093	0.0030848965	0.0513091633	0.045944254	0	0	0	0	0	3
33	30	0	0.296097182	0.00355589023	0.00531009054	0.0030848965	0.0513091633	0.0459990727	0	0	0	0	0	3
34	31	0	0.305069824	0.00363621426	0.00526085888	0.0030848965	0.0513091633	0.0460483044	0	0	0	0	0	3
35	32	0	0.314042466	0.00349731506	0.00521047192	0.0030848965	0.0513091633	0.0460986913	0	0	0	0	0	3
36	33	0	0.323015107	0.00352834388	0.00516374614	0.0030848965	0.0513091633	0.0461454171	0	0	0	0	0	3
37	33	0	0.331987749	0.00336737639	0.00511519561	0.0030848965	0.0513091633	0.0461939677	0	0	0	0	0	3
38	34	0	0.340960391	0.00340209805	0.00507011409	0.0030848965	0.0513091633	0.0462390492	0	0	0	0	0	3
39	35	0	0.349933033	0.0032457741	0.00502333614	0.0030848965	0.0513091633	0.0462858271	0	0	0	0	0	3
40	36	0	0.358905675	0.00324068847	0.00497876995	0.0030848965	0.0513091633	0.0463303933	0	0	0	0	0	3
41	37	0	0.367878317	0.00317430793	0.00493475868	0.0030848965	0.0513091633	0.0463744046	0	0	0	0	0	3
42	37	0	0.376850959	0.00306979081	0.00489035468	0.00306979081	0.0513091633	0.0464188086	0	0	0	0	0	3
43	38	0	0.385823601	0.0031886422	0.00485077998	0.00306979081	0.0513091633	0.0464583833	0	0	0	0	0	3
44	39	0	0.394796242	0.00291987003	0.00480689566	0.00291987003	0.0513091633	0.0465022676	0	0	0	0	0	3
45	40	0	0.403768884	0.00313944466	0.00476984119	0.00291987003	0.0513091633	0.0465393221	0	0	0	0	0	3
46	41	0	0.412741526	0.00287466697	0.00472864175	0.00287466697	0.0513091633	0.0465805215	0	0	0	0	0	3
47	41	0	0.421714168	0.00311464388	0.00469430137	0.00287466697	0.0513091633	0.0466148619	0	0	0	0	0	3
48	42	0	0.43068681	0.00276650957	0.00465413904	0.00276650957	0.0513091633	0.0466550242	0	0	0	0	0	3
49	43	0	0.439659452	0.0030719108	0.00462184867	0.00276650957	0.0513091633	0.0466873146	0	0	0	0	0	3
50	44	0	0.448632094	0.00272506265	0.00458391295	0.00272506265	0.0513091633	0.0467252503	0	0	0	0	0	3
51	45	0	0.457604736	0.00296892222	0.00455224647	0.00272506265	0.0513091633	0.0467569168	0	0	0	0	0	3
52	45	0	0.466577377	0.00270614172	0.00451674445	0.00270614172	0.0513091633	0.0467924188	0	0	0	0	0	3
53	46	0	0.475550019	0.00291064137	0.00448644062	0.00270614172	0.0513091633	0.0468227226	0	0	0	0	0	3
54	47	0	0.484522661	0.0025999285	0.00445150521	0.0025999285	0.0513091633	0.0468576581	0	0	0	0	0	3
55	48	0	0.493495303	0.00286936501	0.00442273902	0.0025999285	0.0513091633	0.0468864242	0	0	0	0	0	3
56	49	0	0.502467945	0.00256808005	0.00438962011	0.00256808005	0.0513091633	0.0469195431	0	0	0	0	0	3
57	49	0	0.511440587	0.00281601488	0.00352367104	0.00256808005	0.0109624948	0.00839441472	0	0	0	0	0	3
58	50	0	0.520413229	0.00260508419	0.00337443156	0.00256808005	0.00566190331	0.00309382325	0	0	0	0	0	3
59	51	0	0.529385871	0.00278816856	0.00332311487	0.00256808005	0.00419807645	0.0016299964	0	0	0	0	0	3
60	52	0	0.538358512	0.00262342374	0.00329499607	0.00256808005	0.00404057565	0.0014724956	0	0	0	0	0	3
61	53	0	0.547331154	0.0027607667	0.00328854263	0.00256808005	0.00404057565	0.0014724956	0	0	0	0	0	3
62	53	0	0.556303796	0.00265417676	0.00326642484	0.00256808005	0.00404057565	0.0014724956	0	0	0	0	0	3
63	54	0	0.565276438	0.00273038447	0.00326009427	0.00256808005	0.00404057565	0.0014724956	0	0	0	0	0	3
64	55	0	0.57424908	0.0027020286	0.0032501836	0.00256808005	0.00404057565	0.0014724956	0	0	0	0	0	3
65	56	0	0.583221722	0.00270003799	0.00324054311	0.00256808005	0.00404057565	0.0014724956	0	0	0	0	0	3
66	57	0	0.592194364	0.00271148443	0.00321680934	0.00256808005	0.00391581645	0.0013477364	0	0	0	0	0	3
67	57	0	0.601167005	0.00266594971	0.00319725834	0.00256808005	0.00391581645	0.0013477364	0	0	0	0	0	3
68	58	0	0.610139647	0.00279655697	0.00317727156	0.00256808005	0.00365813317	0.00109005312	0	0	0	0	0	3
69	59	0	0.619112289	0.00258835441	0.00316168483	0.00256808005	0.00365813317	0.00109005312	0	0	0	0	0	3
70	60	0	0.628084931	0.00280646596	0.00314685196	0.00256808005	0.00365813317	0.00109005312	0	0	0	0	0	3
71	60	0	0.637057573	0.0025698037	0.00312746392	0.00256808005	0.00365813317	0.00109005312	0	0	0	0	0	3
72	61	0	0.646030215	0.00282996367	0.00311348215	0.00256808005	0.00365813317	0.00109005312	0	0	0	0	0	3
73	62	0	0.655002857	0.00254392677	0.00309595734	0.00254392677	0.00365813317	0.00111420641	0	0	0	0	0	3
74	63	0	0.663975499	0.00277482835	0.00308249477	0.00254392677	0.00365813317	0.00111420641	0	0	0	0	0	3
75	64	0	0.67294814	0.00254832294	0.00306847763	0.00254392677	0.00365813317	0.00111420641	0	0	0	0	0	3
76	64	0	0.681920782	0.00281102666	0.00305805645	0.00254392677	0.00365813317	0.00111420641	0	0	0	0	0	3
77	65	0	0.690893424	0.00255083068	0.00304313163	0.00254392677	0.00365813317	0.00111420641	0	0	0	0	0	3
78	66	0	0.699866066	0.00278544558	0.00303022815	0.00254392677	0.00365813317	0.00111420641	0	0	0	0	0	3
79	67	0	0.708838708	0.00259351906	0.00301284526	0.00254392677	0.00365813317	0.00111420641	0	0	0	0	0	3
80	67	0	0.71781135	0.00279944651	0.00299821236	0.00254392677	0.00365813317	0.00111420641	0	0	0	0	0	3
81	68	0	0.726783992	0.00254604365	0.00297849921	0.00254392677	0.00365813317	0.00111420641	0	0	0	0	0	3
82	69	0	0.735756634	0.00279349634	0.00296332728	0.00254392677	0.00365813317	0.00111420641	0	0	0	0	0	3
83	70	0	0.744729275	0.00258115306	0.00294503439	0.00254392677	0.00365813317	0.00111420641	0	0	0	0	0	3
84	71	0	0.753701917	0.00283664745	0.00293129993	0.00254392677	0.00365813317	0.00111420641	0	0	0	0	0	3
85	71	0	0.762674559	0.00258577699	0.0029134784	0.00254392677	0.00365813317	0.00111420641	0	0	0	0	0	3
86	72	0	0.771647201	0.00278989822	0.00289803706	0.00254392677	0.00365813317	0.00111420641	0	0	0	0	0	3
87	73	0	0.780619843	0.00257284845	0.0028796721	0.00254392677	0.00365813317	0.00111420641	0	0	0	0	0	3
88	74	0	0.789592485	0.00278604257	0.00286409905	0.00254392677	0.00363621426	0.00109228749	0	0	0	0	0	3
89	75	0	0.798565127	0.00253168415	0.00284580966	0.00253168415	0.00363621426	0.00110453011	0	0	0	0	0	3
90	76	0	0.807537769	0.00273619519	0.00282973789	0.00253168415	0.00352834388	0.000996659736	0	0	0	0	0	3
91	76	0	0.81651041	0.00256021519	0.00281300396	0.00253168415	0.00352834388	0.000996659736	0	0	0	0	0	3
92	77	0	0.825483052	0.00273478717	0.0027988333	0.00253168415	0.00340209805	0.000870413907	0	0	0	0	0	3
93	78	0	0.834455694	0.00262782359	0.002785627	0.00253168415	0.00340209805	0.000870413907	0	0	0	0	0	3
94	79	0	0.843428336	0.00272587339	0.00277355156	0.00253168415	0.0032457741	0.000714089956	0	0	0	0	0	3
95	79	0	0.852400978	0.00264860013	0.00276288774	0.00253168415	0.00324068847	0.000709004322	0	0	0	0	0	3
96	80	0	0.86137362	0.00272740187	0.00275372191	0.00253168415	0.0031886422	0.000656958051	0	0	0	0	0	3
97	81	0	0.870346262	0.00268459168	0.00274497698	0.00253168415	0.0031886422	0.000656958051	0	0	0	0	0	3
98	82	0	0.879318904	0.00276652696	0.00273956155	0.00253168415	0.0031886422	0.000656958051	0	0	0	0	0	3
99	83	0	0.888291545	0.00270924784	0.00273100094	0.00253168415	0.00313944466	0.000607760518	0	0	0	0	0	3
100	83	0	0.897264187	0.00279034077	0.00272868792	0.00253168415	0.00313944466	0.000607760518	0	0	0	0	0	3
101	88	0	0.906236829	0.00271625435	0.00272113095	0.00253168415	0.00311464388	0.000582959731	0	0	0	0	0	3
102	88	0	0.915209471	0.00278812979	0.00271958564	0.00253168415	0.00311464388	0.000582959731	0	0	0	0	0	3
103	89	0	0.924182113	0.00271117079	0.00271238076	0.00253168415	0.0030719108	0.000540226657	0	0	0	0	0	3
104	90	0	0.933154755	0.00277464066	0.00271252596	0.00253168415	0.0030719108	0.000540226657	0	0	0	0	0	3
105	91	0	0.942127397	0.00269834597	0.00270585516	0.00253168415	0.00296892222	0.000437238071	0	0	0	0	0	3
106	92	0	0.951100039	0.00275997699	0.00270647863	0.00253168415	0.00296892222	0.000437238071	0	0	0	0	0	3
107	92	0	0.96007268	0.00268974848	0.00270149339	0.00253168415	0.00291064137	0.000378957226	0	0	0	0	0	3
108	93	0	0.969045322	0.00275092455	0.00270229308	0.00253168415	0.00291064137	0.000378957226	0	0	0	0	0	3
109	94	0	0.978017964	0.00274214788	0.00269928427	0.00253168415	0.00286936501	0.00033768086	0	0	0	0	0	3
110	95	0	0.986990606	0.00268674547	0.00270083457	0.00253168415	0.00286936501	0.00033768086	0	0	0	0	0	3
111	95	0	0.995963248	0.00283377141	0.00270019897	0.00253168415	0.00283664745	0.000304963306	0	0	0	0	0	3
112	96	0	1.00493589	0.00265052834	0.00270167126	0.00253168415	0.00283664745	0.000304963306	9.39065748e-05	0	30.7	0	0	3
113	97	0	1.01390853	0.0028309462	0.00270193789	0.00253168415	0.00283664745	0.000304963306	9.39065748e-05	0	30.7	0	0	3
114	98	0	1.02288117	0.00274836306	0.00270449644	0.00253168415	0.00283664745	0.000304963306	9.39065748e-05	0	30.7	0	0	3
115	99	0	1.03185382	0.00274173198	0.00270366722	0.00253168415	0.00283664745	0.000304963306	9.39065748e-05	0	30.7	0	0	3
116	99	0	1.04082646	0.00283932653	0.00270752263	0.00253168415	0.00283932653	0.000307642383	9.39065748e-05	0	30.5	0	0	3
117	100	0	1.0497991	0.00274572369	0.002707254	0.00253168415	0.00283932653	0.000307642383	9.39065748e-05	0	30.5	0	0	3
118	101	0	1.05877174	0.00288009434	0.00271128824	0.00253168415	0.00288009434	0.000348410199	9.39065748e-05	0	26.9	0	0	3
119	102	0	1.06774438	0.00277499589	0.00271208487	0.00253168415	0.00288009434	0.000348410199	9.39065748e-05	0	26.9	0	0	3
120	103	0	1.07671702	0.00292588486	0.00271608231	0.00253168415	0.00292588486	0.000394200714	9.39065748e-05	0	23.8	0	0	3
121	103	0	1.08568967	0.00283275557	0.00271845227	0.00253168415	0.00292588486	0.000394200714	9.39065748e-05	0	23.8	0	0	3
122	104	0	1.09466231	0.00296695961	0.00272301432	0.00253168415	0.00296695961	0.000435275463	9.39065748e-05	0	21.5	0	0	3
123	105	0	1.10363495	0.00286245472	0.00272652334	0.00253168415	0.00296695961	0.000435275463	9.39065748e-05	0	21.5	0	0	3
124	106	0	1.11260759	0.00297792459	0.00272976205	0.00253168415	0.00297792459	0.000446240441	9.39065748e-05	0	21	0	0	3
125	107	0	1.12158023	0.00285894002	0.00273459393	0.00253168415	0.00297792459	0.000446240441	9.39065748e-05	0	21	0	0	3
126	107	0	1.13055288	0.00298023909	0.00273769702	0.00253168415	0.00298023909	0.000428179657	9.39065748e-05	0	21.9	0	0	3
127	108	0	1.13952552	0.0028756538	0.00274315863	0.00253168415	0.00298023909	0.000414197878	9.39065748e-05	0	22.6	0	0	3
128	109	0	1.14849816	0.003001462	0.0027462211	0.00253168415	0.003001462	0.000396673072	9.39065748e-05	0	23.6	0	0	3
129	110	0	1.1574708	0.00293641791	0.00275322987	0.00253168415	0.003001462	0.000383210505	9.39065748e-05	0	24.5	0	0	3
130	111	0	1.16644344	0.0029969515	0.00275719636	0.00253168415	0.003001462	0.000369193367	9.39065748e-05	0	25.4	0	0	3
131	112	0	1.17541609	0.00300513055	0.00276535364	0.00253168415	0.00300513055	0.000358772183	9.39065748e-05	0	26.1	0	0	3
132	112	0	1.18438873	0.00296663607	0.00276813238	0.00253168415	0.00300513055	0.000343847359	9.39065748e-05	0	27.3	0	0	3
133	113	0	1.19336137	0.00305106757	0.00277706518	0.00253168415	0.00305106757	0.000330943883	9.39065748e-05	0	28.3	0	0	3
134	114	0	1.20233401	0.00293005502	0.00277964749	0.00253168415	0.00305106757	0.000313560992	9.39065748e-05	0	29.9	0	0	3
135	115	0	1.21130665	0.00304181832	0.00278765283	0.00253168415	0.00305106757	0.00029892809	9.39065748e-05	0	31.4	0	0	3
136	116	0	1.22027929	0.0029645182	0.00279060054	0.00253168415	0.00305106757	0.000279214939	9.39065748e-05	0	33.6	0	0	3
137	116	0	1.22925194	0.00297004221	0.00279817195	0.00253168415	0.00305106757	0.000264043009	9.39065748e-05	0	35.5	0	0	3
138	117	0	1.23822458	0.0030593496	0.00280291933	0.00253168415	0.0030593496	0.000245750121	9.39065748e-05	0	38.2	0	0	3
139	118	0	1.24719722	0.00296332037	0.00280974374	0.00253168415	0.0030593496	0.00023201566	9.39065748e-05	0	40.4	0	0	3
140	119	0	1.25616986	0.00302445299	0.00281309741	0.00253168415	0.0030593496	0.000214194129	9.39065748e-05	0	43.8	0	0	3
141	119	0	1.2651425	0.00300440153	0.00282057285	0.00253168415	0.0030593496	0.000198752792	9.39065748e-05	0	47.2	0	0	3
142	120	0	1.27411515	0.00291176744	0.00282274909	0.00253168415	0.0030593496	0.00018038783	9.39065748e-05	0	52	0	0	3
143	121	0	1.28308779	0.00299647123	0.00283031378	0.00253168415	0.0030593496	0.000164814783	9.39065748e-05	0	56.9	0	0	3
144	122	0	1.29206043	0.00294890665	0.00283322207	0.00253168415	0.0030593496	0.000146525389	9.39065748e-05	0	64	0	0	3
145	123	0	1.30103307	0.00286648346	0.00283920063	0.00256021519	0.0030593496	0.000139916358	9.39065748e-05	0	67.1	0	0	3
146	123	0	1.31000571	0.0029327887	0.00284271122	0.00256021519	0.0030593496	0.000143426957	9.39065748e-05	0	65.4	0	0	3
147	124	0	1.31897836	0.00292049864	0.00284914486	0.00262782359	0.0030593496	0.00014986059	9.39065748e-05	0	62.6	0	0	3
148	125	0	1.327951	0.00283790076	0.00285098617	0.00262782359	0.0030593496	0.000151701904	9.39065748e-05	0	61.9	0	0	3
149	126	0	1.33692364	0.00294451057	0.0028566413	0.00264860013	0.0030593496	0.000157357029	9.39065748e-05	0	59.6	0	0	3
150	127	0	1.34589628	0.0028119018	0.00285817752	0.00264860013	0.0030593496	0.00015889325	9.39065748e-05	0	59.1	0	0	3
151	127	0	1.35486892	0.00293434699	0.00286328014	0.00265052834	0.0030593496	0.000163995873	9.39065748e-05	0	57.2	0	0	3
152	128	0	1.36384156	0.00275962262	0.00286385551	0.00265052834	0.0030593496	0.000164571243	9.39065748e-05	0	57	0	0	3
153	129	0	1.37281421	0.00290452621	0.00286778291	0.00265052834	0.0030593496	0.000168498645	9.39065748e-05	0	55.7	0	0	3
154	130	0	1.38178685	0.00274879159	0.00286746621	0.00265052834	0.0030593496	0.000168498645	9.39065748e-05	0	55.7	0	0	3
155	131	0	1.39075949	0.00289400258	0.0028707654	0.00265052834	0.0030593496	0.000171481134	9.39065748e-05	0	54.7	0	0	3
156	131	0	1.39973213	0.00281435957	0.00287119431	0.00265052834	0.0030593496	0.000171910041	9.39065748e-05	0	54.6	0	0	3
157	132	0	1.40870477	0.00279999622	0.0028726897	0.00265052834	0.0030593496	0.000173405432	9.39065748e-05	0	54.1	0	0	3
158	133	0	1.41767742	0.00288425827	0.00287440628	0.00265052834	0.0030593496	0.000175122012	9.39065748e-05	0	53.6	0	0	3
159	134	0	1.42665006	0.00276695691	0.00287540246	0.00265052834	0.0030593496	0.000176118192	9.39065748e-05	0	53.3	0	0	3
160	135	0	1.4356227	0.00286589137	0.00287703194	0.00265052834	0.0030593496	0.000177747669	9.39065748e-05	0	52.8	0	0	3
161	135	0	1.44459534	0.0028143023	0.00287910258	0.00265052834	0.0030593496	0.000179818318	9.39065748e-05	0	52.2	0	0	3
162	136	0	1.45356798	0.00281615088	0.00288010569	0.00265052834	0.0030593496	0.000180821423	9.39065748e-05	0	51.9	0	0	3
163	137	0	1.46254063	0.00283413962	0.0028826841	0.00265052834	0.0030593496	0.000183399836	9.39065748e-05	0	51.2	0	0	3
164	138	0	1.47151327	0.00280759143	0.00288369601	0.00265052834	0.0030593496	0.000184411745	9.39065748e-05	0	50.9	0	0	3
165	139	0	1.48048591	0.00281724736	0.00288503707	0.00265052834	0.0030593496	0.000184838104	9.39065748e-05	0	50.8	0	0	3
166	139	0	1.48945855	0.0027941199	0.00288695447	0.00265052834	0.0030593496	0.000186755505	9.39065748e-05	0	50.2	0	0	3
167	140	0	1.49843119	0.0028102307	0.0028865341	0.00265052834	0.0030593496	0.000185283214	9.39065748e-05	0	50.6	0	0	3
168	141	0	1.50740383	0.00279919628	0.00288918889	0.00274173198	0.0030593496	0.000187250998	9.39065748e-05	0	50.1	0	0	3
169	142	0	1.51637648	0.00277563497	0.00288820119	0.00274173198	0.0030593496	0.000185521671	9.39065748e-05	0	50.6	0	0	3
170	143	0	1.52534912	0.00284423916	0.00288991326	0.00274173198	0.0030593496	0.000186246044	9.39065748e-05	0	50.4	0	0	3
171	143	0	1.53432176	0.00274097024	0.00288989966	0.00274097024	0.0030593496	0.000182659262	9.39065748e-05	0	51.4	0	0	3
172	144	0	1.5432944	0.00282112227	0.00288957458	0.00274097024	0.0030593496	0.000182659262	9.39065748e-05	0	51.4	0	0	3
173	145	0	1.55226704	0.00272516623	0.00288920749	0.00272516623	0.0030593496	0.00017862502	9.39065748e-05	0	52.5	0	0	3
174	146	0	1.56123969	0.00282700816	0.00288825952	0.00272516623	0.0030593496	0.000177828387	9.39065748e-05	0	52.8	0	0	3
175	147	0	1.57021233	0.00274811063	0.00288777942	0.00272516623	0.0030593496	0.000173830954	9.39065748e-05	0	54	0	0	3
176	147	0	1.57918497	0.00284667472	0.00288636496	0.00272516623	0.0030593496	0.000171460997	9.39065748e-05	0	54.7	0	0	3
177	148	0	1.58815761	0.00276818475	0.00288521191	0.00272516623	0.0030593496	0.00016689894	9.39065748e-05	0	56.2	0	0	3
178	149	0	1.59713025	0.00287649548	0.00288359648	0.00272516623	0.0030593496	0.000163389922	9.39065748e-05	0	57.4	0	0	3
179	150	0	1.6061029	0.00278362754	0.00288218885	0.00272516623	0.0030593496	0.000160151215	9.39065748e-05	0	58.6	0	0	3
180	151	0	1.61507554	0.00285203	0.00287994073	0.00272516623	0.0030593496	0.000155319329	9.39065748e-05	0	60.4	0	0	3
181	151	0	1.62404818	0.00286305039	0.00288001413	0.00272516623	0.0030593496	0.000152216237	9.39065748e-05	0	61.6	0	0	3
182	152	0	1.63302082	0.00279506703	0.00287670749	0.00272516623	0.0030593496	0.000146754628	9.39065748e-05	0	63.9	0	0	3
183	153	0	1.64199346	0.0029099761	0.00287732038	0.00272516623	0.0030593496	0.000143692158	9.39065748e-05	0	65.3	0	0	3
184	154	0	1.6509661	0.00287256664	0.00287501868	0.00272516623	0.0030593496	0.000136683388	9.39065748e-05	0	68.7	0	0	3
185	155	0	1.65993875	0.0028870901	0.00287413783	0.00272516623	0.0030593496	0.000132716903	9.39065748e-05	0	70.7	0	0	3
186	155	0	1.66891139	0.00297720183	0.00287378515	0.00272516623	0.0030593496	0.000124559624	9.39065748e-05	0	75.3	0	0	3
187	156	0	1.67788403	0.00290410197	0.00287198107	0.00272516623	0.0030593496	0.000121780885	9.39065748e-05	0	77.1	0	0	3
188	157	0	1.68685667	0.0029214989	0.00287117505	0.00272516623	0.0030593496	0.000112848083	9.39065748e-05	0	83.2	0	0	3
189	158	0	1.69582931	0.00293610308	0.00286912211	0.00272516623	0.0030593496	0.000110265772	9.39065748e-05	0	85.1	0	0	3
190	159	0	1.70480196	0.00287119129	0.00286807098	0.00272516623	0.0030593496	0.000102260428	9.39065748e-05	0	91.8	0	0	3
191	159	0	1.7137746	0.00298622534	0.00286707824	0.00272516623	0.0030593496	9.9312719e-05	9.39065748e-05	0	94.5	0	0	3
192	160	0	1.72274724	0.00278242093	0.00286382651	0.00272516623	0.0030593496	9.17413161e-05	9.39065748e-05	0	100	0	0	3
193	161	0	1.73171988	0.00294451077	0.00286337059	0.00272516623	0.0030593496	8.69939364e-05	9.39065748e-05	0	100	0	0	3
194	162	0	1.74069252	0.00280504701	0.00285882947	0.00272516623	0.00302445299	8.01695202e-05	9.39065748e-05	0	100	0	0	3
195	163	0	1.74966517	0.00289990725	0.00285769709	0.00272516623	0.00302445299	7.68158498e-05	9.39065748e-05	0	100	0	0	3
196	163	0	1.75863781	0.00279533933	0.00285360578	0.00272516623	0.00300440153	6.93404116e-05	9.39065748e-05	0	100	0	0	3
197	164	0	1.76761045	0.00291989939	0.00285209681	0.00272516623	0.00299647123	6.71641755e-05	9.39065748e-05	0	100	0	0	3
198	165	0	1.77658309	0.00277317107	0.00284962188	0.00272516623	0.00299647123	5.95994831e-05	9.39065748e-05	0	100	0	0	3
199	166	0	1.78555573	0.00289451898	0.0028478013	0.00272516623	0.00298622534	5.66911959e-05	9.39065748e-05	0	100	0	0	3
200	167	0	1.79452837	0.00277018314	0.00284460981	0.00272516623	0.00298622534	5.07126367e-05	9.39065748e-05	0	100	0	0	3
201	171	0	1.80350102	0.00288951689	0.00284502112	0.00272516623	0.00298622534	4.72020383e-05	9.39065748e-05	0	100	0	0	3
202	172	0	1.81247366	0.0027461947	0.00284168909	0.00272516623	0.00298622534	4.82241761e-05	9.39065748e-05	0	100	0	0	3
203	173	0	1.8214463	0.00289943557	0.00284131296	0.00272516623	0.00298622534	4.86003025e-05	9.39065748e-05	0	100	0	0	3
204	174	0	1.83041894	0.00277768764	0.00284023773	0.00272516623	0.00298622534	4.96755366e-05	9.39065748e-05	0	100	0	0	3
205	174	0	1.83939158	0.00286473243	0.00283881312	0.00272516623	0.00298622534	5.11001463e-05	9.39065748e-05	0	100	0	0	3
206	175	0	1.84836423	0.00280853345	0.00283875297	0.00272516623	0.00298622534	5.11602954e-05	9.39065748e-05	0	100	0	0	3
207	176	0	1.85733687	0.00285454863	0.002837328	0.00272516623	0.00298622534	5.25852661e-05	9.39065748e-05	0	100	0	0	3
208	177	0	1.86630951	0.00273940041	0.00283696689	0.00272516623	0.00298622534	5.29463771e-05	9.39065748e-05	0	100	0	0	3
209	178	0	1.87528215	0.00286417211	0.00283624628	0.00272516623	0.00298622534	5.36669861e-05	9.39065748e-05	0	100	0	0	3
210	178	0	1.88425479	0.00271895511	0.00283571348	0.00271895511	0.00298622534	5.41997804e-05	9.39065748e-05	0	100	0	0	3
211	179	0	1.89322744	0.00288150107	0.00283549024	0.00271895511	0.00298622534	5.44230216e-05	9.39065748e-05	0	100	0	0	3
212	180	0	1.90220008	0.00276581763	0.00283462342	0.00271895511	0.00298622534	5.5289842e-05	9.39065748e-05	0	100	0	0	3
213	181	0	1.91117272	0.00287096871	0.00283589079	0.00271895511	0.00298622534	5.5289842e-05	9.39065748e-05	0	100	0	0	3
214	182	0	1.92014536	0.00273999659	0.00283331468	0.00271895511	0.00298622534	5.65985773e-05	9.39065748e-05	0	100	0	0	3
215	182	0	1.929118	0.00286610845	0.00283508525	0.00271895511	0.00298622534	5.65985773e-05	9.39065748e-05	0	100	0	0	3
216	183	0	1.93809064	0.00275788882	0.00283315663	0.00271895511	0.00298622534	5.67566309e-05	9.39065748e-05	0	100	0	0	3
217	184	0	1.94706329	0.0028726932	0.00283419933	0.00271895511	0.00298622534	5.67566309e-05	9.39065748e-05	0	100	0	0	3
218	185	0	1.95603593	0.00280785078	0.00283405111	0.00271895511	0.00298622534	5.67566309e-05	9.39065748e-05	0	100	0	0	3
219	186	0	1.96500857	0.00290382911	0.00283529557	0.00271895511	0.00298622534	5.67566309e-05	9.39065748e-05	0	100	0	0	3
220	186	0	1.97398121	0.00285018615	0.00283605619	0.00271895511	0.00298622534	5.67566309e-05	9.39065748e-05	0	100	0	0	3
221	187	0	1.98295385	0.00286246278	0.0028368636	0.00271895511	0.00298622534	5.67566309e-05	9.39065748e-05	0	100	0	0	3
222	188	0	1.9919265	0.00287936691	0.00283838587	0.00271895511	0.00298622534	5.67566309e-05	9.39065748e-05	0	100	0	0	3
223	189	0	2.00089914	0.00288512211	0.00283972322	0.00271895511	0.00298622534	5.67566309e-05	9.39065748e-05	0	100	0	0	3
224	190	0	2.00987178	0.00285041664	0.00284063787	0.00271895511	0.00298622534	5.67566309e-05	9.39065748e-05	0	100	0	0	3
225	190	0	2.01884442	0.00295248691	0.00284379594	0.00271895511	0.00298622534	5.67566309e-05	9.39065748e-05	0	100	0	0	3
226	191	0	2.02781706	0.00282170247	0.0028433935	0.00271895511	0.00298622534	5.67430283e-05	9.39065748e-05	0	100	0	0	3
227	192	0	2.03678971	0.00294141709	0.0028469729	0.00271895511	0.00298622534	5.64179522e-05	9.39065748e-05	0	100	0	0	3
228	193	0	2.04576235	0.00286665969	0.00284778607	0.00271895511	0.00298622534	5.60508546e-05	9.39065748e-05	0	100	0	0	3
229	194	0	2.05473499	0.00289396279	0.0028508003	0.00271895511	0.00298622534	5.5102887e-05	9.39065748e-05	0	100	0	0	3
230	195	0	2.06370763	0.00289150102	0.00285195196	0.00271895511	0.00298622534	5.4622793e-05	9.39065748e-05	0	100	0	0	3
231	196	0	2.07268027	0.00286843007	0.00285410052	0.00271895511	0.00298622534	5.32083262e-05	9.39065748e-05	0	100	0	0	3
232	197	0	2.08165291	0.00294104308	0.00285578567	0.00271895511	0.00298622534	5.20552759e-05	9.39065748e-05	0	100	0	0	3
233	198	0	2.09062556	0.00283722775	0.00285701858	0.00271895511	0.00298622534	5.0439845e-05	9.39065748e-05	0	100	0	0	3
234	199	0	2.0995982	0.0029366659	0.00285809305	0.00271895511	0.00298622534	4.90322169e-05	9.39065748e-05	0	100	0	0	3
235	200	0	2.10857084	0.00284895377	0.00285925959	0.00271895511	0.00298622534	4.68574986e-05	9.39065748e-05	0	100	0	0	3
236	201	0	2.11754348	0.00293706564	0.00286077808	0.00271895511	0.00298622534	4.68574986e-05	9.39065748e-05	0	100	0	0	3
237	202	0	2.12651612	0.00284023012	0.00286037058	0.00271895511	0.00298622534	4.41637529e-05	9.39065748e-05	0	100	0	0	3
238	203	0	2.13548877	0.00293265644	0.00286282753	0.00271895511	0.00298622534	4.41637529e-05	9.39065748e-05	0	100	0	0	3
239	204	0	2.14446141	0.00289255411	0.00286251642	0.00271895511	0.00298622534	4.186205e-05	9.39065748e-05	0	100	0	0	3
240	205	0	2.15343405	0.00285044798	0.00286212145	0.00271895511	0.00298622534	4.09811962e-05	9.39065748e-05	0	100	0	0	3
241	206	0	2.16240669	0.00296713843	0.00286355088	0.00271895511	0.00298622534	4.06285236e-05	9.39065748e-05	0	100	0	0	3
242	207	0	2.17137933	0.0028424179	0.00286114403	0.00271895511	0.00298622534	3.88244417e-05	9.39065748e-05	0	100	0	0	3
243	208	0	2.18035198	0.00298589161	0.00286260456	0.00271895511	0.00298622534	3.80184209e-05	9.39065748e-05	0	100	0	0	3
244	208	0	2.18932462	0.0028662911	0.0028616187	0.00271895511	0.00298622534	3.59654836e-05	9.39065748e-05	0	100	0	0	3
245	209	0	2.19829726	0.00299550775	0.0028626795	0.00271895511	0.00299550775	3.49143455e-05	9.39065748e-05	0	100	0	0	3
246	210	0	2.2072699	0.00287081432	0.00286267277	0.00271895511	0.00299550775	3.39216137e-05	9.39065748e-05	0	100	0	0	3
247	211	0	2.21624254	0.00298895643	0.00286272154	0.00271895511	0.00299550775	3.06698767e-05	9.39065748e-05	0	100	0	0	3
248	212	0	2.22521518	0.00286681429	0.00286422856	0.00271895511	0.00299550775	3.10719311e-05	9.39065748e-05	0	100	0	0	3
249	212	0	2.23418783	0.00298534983	0.00286495783	0.00271895511	0.00299550775	3.18012e-05	9.39065748e-05	0	100	0	0	3
250	213	0	2.24316047	0.00286851165	0.00286609113	0.00271895511	0.00299550775	3.29344972e-05	9.39065748e-05	0	100	0	0	3
251	214	0	2.25213311	0.00298726337	0.00286765106	0.00271895511	0.00299550775	3.44944279e-05	9.39065748e-05	0	100	0	0	3
252	215	0	2.26110575	0.0028697418	0.00286897967	0.00271895511	0.00299550775	3.58230433e-05	9.39065748e-05	0	100	0	0	3
253	216	0	2.27007839	0.00298547624	0.00287015069	0.00271895511	0.00299550775	3.69940584e-05	9.39065748e-05	0	100	0	0	3
254	217	0	2.27905104	0.00286727862	0.00287183118	0.00271895511	0.00299550775	3.86745503e-05	9.39065748e-05	0	100	0	0	3
255	218	0	2.28802368	0.00298086388	0.00287337305	0.00271895511	0.00299550775	4.02164236e-05	9.39065748e-05	0	100	0	0	3
256	218	0	2.29699632	0.00286213059	0.00287501497	0.00271895511	0.00299550775	4.18583422e-05	9.39065748e-05	0	100	0	0	3
257	219	0	2.30596896	0.00297321579	0.0028765096	0.00271895511	0.00299550775	4.33529654e-05	9.39065748e-05	0	100	0	0	3
258	220	0	2.3149416	0.00285323028	0.00287842095	0.00271895511	0.00299550775	4.5264315e-05	9.39065748e-05	0	100	0	0	3
259	221	0	2.32391425	0.00296396907	0.00287957333	0.00271895511	0.00299550775	4.64166989e-05	9.39065748e-05	0	100	0	0	3
260	222	0	2.33288689	0.00285029354	0.00288086986	0.00271895511	0.00299550775	4.77132327e-05	9.39065748e-05	0	100	0	0	3
261	223	0	2.34185953	0.00296619902	0.00288268177	0.00271895511	0.00299550775	4.95251361e-05	9.39065748e-05	0	100	0	0	3
262	223	0	2.35083217	0.00285800927	0.00288356526	0.00271895511	0.00299550775	5.04086329e-05	9.39065748e-05	0	100	0	0	3
263	224	0	2.35980481	0.00297502212	0.00288571658	0.00271895511	0.00299550775	5.25599451e-05	9.39065748e-05	0	100	0	0	3
264	225	0	2.36877745	0.00286583636	0.00288797436	0.00271895511	0.00299550775	5.481773e-05	9.39065748e-05	0	100	0	0	3
265	226	0	2.3777501	0.00297634708	0.00288997749	0.00271895511	0.00299550775	5.68208545e-05	9.39065748e-05	0	100	0	0	3
266	227	0	2.38672274	0.00286652652	0.00289261269	0.00273999659	0.00299550775	5.94560583e-05	9.39065748e-05	0	100	0	0	3
267	228	0	2.39569538	0.00297843864	0.00289434372	0.00273999659	0.00299550775	6.11870862e-05	9.39065748e-05	0	100	0	0	3
268	228	0	2.40466802	0.00287109617	0.00289622369	0.00273999659	0.00299550775	6.30670602e-05	9.39065748e-05	0	100	0	0	3
269	229	0	2.41364066	0.00299140013	0.00289837425	0.00273999659	0.00299550775	6.52176212e-05	9.39065748e-05	0	100	0	0	3
270	230	0	2.42261331	0.00289267073	0.00290110058	0.00275788882	0.00299550775	6.7943945e-05	9.39065748e-05	0	100	0	0	3
271	231	0	2.43158595	0.00300584565	0.00290359588	0.00275788882	0.00300584565	7.04392522e-05	9.39065748e-05	0	100	0	0	3
272	232	0	2.44055859	0.00290545599	0.00290623101	0.00280785078	0.00300584565	7.21799014e-05	9.39065748e-05	0	100	0	0	3
273	232	0	2.44953123	0.00302098216	0.00290887903	0.00280785078	0.00302098216	7.48279185e-05	9.39065748e-05	0	100	0	0	3
274	233	0	2.45850387	0.00291450616	0.00291078359	0.00282170247	0.00302098216	7.54880237e-05	9.39065748e-05	0	100	0	0	3
275	234	0	2.46747652	0.00298515684	0.00291223587	0.00282170247	0.00302098216	7.61796846e-05	9.39065748e-05	0	100	0	0	3
276	235	0	2.47644916	0.00290968166	0.00291329829	0.00282170247	0.00302098216	7.64346861e-05	9.39065748e-05	0	100	0	0	3
277	236	0	2.4854218	0.00302160727	0.00291614016	0.00282170247	0.00302160727	7.7754284e-05	9.39065748e-05	0	100	0	0	3
278	237	0	2.49439444	0.00288608738	0.00291626016	0.00282170247	0.00302160727	7.65369459e-05	9.39065748e-05	0	100	0	0	3
279	237	0	2.50336708	0.00300304691	0.00291836596	0.00282170247	0.00302160727	7.77280967e-05	9.39065748e-05	0	100	0	0	3
280	238	0	2.51233972	0.00292016956	0.00291961155	0.00282170247	0.00302160727	7.6218055e-05	9.39065748e-05	0	100	0	0	3
281	239	0	2.52131237	0.00301504997	0.00292072875	0.00282170247	0.00302160727	7.73352526e-05	9.39065748e-05	0	100	0	0	3
282	240	0	2.53028501	0.00297187169	0.00292341034	0.00283722775	0.00302160727	7.64374378e-05	9.39065748e-05	0	100	0	0	3
283	241	0	2.53925765	0.00298686804	0.00292422197	0.00283722775	0.00302160727	7.64358938e-05	9.39065748e-05	0	100	0	0	3
284	241	0	2.54823029	0.00300004272	0.00292660381	0.00283722775	0.00302160727	7.58035094e-05	9.39065748e-05	0	100	0	0	3
285	242	0	2.55720293	0.00299058873	0.00292832927	0.00283722775	0.00302160727	7.63773145e-05	9.39065748e-05	0	100	0	0	3
286	243	0	2.56617558	0.00299912243	0.00293025108	0.00283722775	0.00302160727	7.61505639e-05	9.39065748e-05	0	100	0	0	3
287	244	0	2.57514822	0.00300576634	0.00293270351	0.00283722775	0.00302160727	7.69178479e-05	9.39065748e-05	0	100	0	0	3
288	245	0	2.58412086	0.00301722456	0.0029340639	0.00283722775	0.00302160727	7.70453207e-05	9.39065748e-05	0	100	0	0	3
289	246	0	2.5930935	0.00303464179	0.00293758915	0.00284023012	0.00303464179	7.94960996e-05	9.39065748e-05	0	100	0	0	3
290	246	0	2.60206614	0.00304723005	0.00293956351	0.00284023012	0.00304723005	8.03039197e-05	9.39065748e-05	0	100	0	0	3
291	247	0	2.61103879	0.00299077244	0.00294209598	0.00284023012	0.00304723005	8.17254073e-05	9.39065748e-05	0	100	0	0	3
292	248	0	2.62001143	0.00307605204	0.00294457788	0.00284023012	0.00307605204	8.42073074e-05	9.39065748e-05	0	100	0	0	3
293	249	0	2.62898407	0.00302722008	0.00294791699	0.0028424179	0.00307605204	8.67729645e-05	9.39065748e-05	0	100	0	0	3
294	250	0	2.63795671	0.00295818965	0.00294837294	0.0028424179	0.00307605204	8.72289147e-05	9.39065748e-05	0	100	0	0	3
295	250	0	2.64692935	0.00309561776	0.00295199908	0.0028424179	0.00309561776	9.08550512e-05	9.39065748e-05	0	100	0	0	3
296	251	0	2.65590199	0.00294589309	0.00295370345	0.0028424179	0.00309561776	9.25594281e-05	9.39065748e-05	0	100	0	0	3
297	252	0	2.66487464	0.00307267583	0.00295558805	0.0028424179	0.00309561776	9.44440245e-05	9.39065748e-05	0	99.4	0	0	3
298	253	0	2.67384728	0.00296449848	0.00295776806	0.00285029354	0.00309561776	9.61493593e-05	9.39065748e-05	0	97.6	0	0	3
299	254	0	2.68281992	0.00303621685	0.00295866673	0.00285029354	0.00309561776	9.70480244e-05	9.39065748e-05	0	96.7	0	0	3
300	254	0	2.69179256	0.00295156356	0.00296018945	0.00285029354	0.00309561776	9.75166807e-05	9.39065748e-05	0	96.2	0	0	3
301	259	0	2.7007652	0.00303505005	0.00296089556	0.00285029354	0.00309561776	9.82227931e-05	9.39065748e-05	0	95.6	0	0	3
302	260	0	2.70973785	0.00286958225	0.00296087356	0.00285029354	0.00309561776	9.81740236e-05	9.39065748e-05	0	95.6	0	0	3
303	261	0	2.71871049	0.00300602211	0.0029611783	0.00285029354	0.00309561776	9.69497422e-05	9.39065748e-05	0	96.8	0	0	3
304	262	0	2.72768313	0.00288030021	0.00296141912	0.00285029354	0.00309561776	9.64612933e-05	9.39065748e-05	0	97.3	0	0	3
305	263	0	2.73665577	0.00297020662	0.00296114871	0.00285029354	0.00309561776	9.53279961e-05	9.39065748e-05	0	98.5	0	0	3
306	264	0	2.74562841	0.0028769921	0.00296130015	0.00285029354	0.00309561776	9.37680654e-05	9.39065748e-05	0	100	0	0	3
307	264	0	2.75460106	0.00294925261	0.00296062138	0.00285029354	0.00309561776	9.243945e-05	9.39065748e-05	0	100	0	0	3
308	265	0	2.7635737	0.0028815436	0.00296083213	0.00285029354	0.00309561776	9.12684349e-05	9.39065748e-05	0	100	0	0	3
309	266	0	2.77254634	0.00288628627	0.00295906088	0.00285029354	0.00309561776	8.95879429e-05	9.39065748e-05	0	100	0	0	3
310	267	0	2.78151898	0.00290928424	0.00295981098	0.00285029354	0.00309561776	8.80460697e-05	9.39065748e-05	0	100	0	0	3
311	268	0	2.79049162	0.00287656073	0.00295794842	0.00285029354	0.00309561776	8.64041511e-05	9.39065748e-05	0	100	0	0	3
312	268	0	2.79946426	0.00295263937	0.00295956465	0.00285029354	0.00309561776	8.49095279e-05	9.39065748e-05	0	100	0	0	3
313	269	0	2.80843691	0.00288961587	0.0029580718	0.00285029354	0.00309561776	8.29981783e-05	9.39065748e-05	0	100	0	0	3
314	270	0	2.81740955	0.00289694635	0.00295885244	0.00285029354	0.00309561776	8.18457944e-05	9.39065748e-05	0	100	0	0	3
315	271	0	2.82638219	0.00289889596	0.00295769042	0.00285029354	0.00309561776	8.05492606e-05	9.39065748e-05	0	100	0	0	3
316	272	0	2.83535483	0.00287803099	0.00295818573	0.00285800927	0.00309561776	7.87373572e-05	9.39065748e-05	0	100	0	0	3
317	272	0	2.84432747	0.00287565623	0.0029565689	0.00285800927	0.00309561776	7.78538604e-05	9.39065748e-05	0	100	0	0	3
318	273	0	2.85330012	0.00286019482	0.00295660793	0.00286019482	0.00309561776	7.57025481e-05	9.39065748e-05	0	100	0	0	3
319	274	0	2.86227276	0.00287136657	0.00295475693	0.00286019482	0.00309561776	7.34447633e-05	9.39065748e-05	0	100	0	0	3
320	275	0	2.8712454	0.00286531304	0.00295474759	0.00286019482	0.00309561776	7.14416388e-05	9.39065748e-05	0	100	0	0	3
321	276	0	2.88021804	0.00287645128	0.00295296374	0.00286019482	0.00309561776	6.8806435e-05	9.39065748e-05	0	100	0	0	3
322	277	0	2.88919068	0.00286055584	0.00295285712	0.00286019482	0.00309561776	6.7075407e-05	9.39065748e-05	0	100	0	0	3
323	277	0	2.89816332	0.00286028919	0.0029507473	0.00286019482	0.00309561776	6.51954331e-05	9.39065748e-05	0	100	0	0	3
324	278	0	2.90713597	0.00284020133	0.00295019561	0.00284020133	0.00309561776	6.30448721e-05	9.39065748e-05	0	100	0	0	3
325	279	0	2.91610861	0.0028430404	0.00294754633	0.00284020133	0.00309561776	6.03185482e-05	9.39065748e-05	0	100	0	0	3
326	280	0	2.92508125	0.00283206656	0.00294646411	0.00283206656	0.00309561776	5.78232411e-05	9.39065748e-05	0	100	0	0	3
327	281	0	2.93405389	0.00284759109	0.00294363814	0.00283206656	0.00309561776	5.51881131e-05	9.39065748e-05	0	100	0	0	3
328	282	0	2.94302653	0.00284659818	0.00294258711	0.00283206656	0.00309561776	5.2540096e-05	9.39065748e-05	0	100	0	0	3
329	282	0	2.95199918	0.00286695062	0.00293983654	0.00283206656	0.00309561776	5.06355357e-05	9.39065748e-05	0	100	0	0	3
330	283	0	2.96097182	0.00286361258	0.00293892773	0.00283206656	0.00309561776	4.91832547e-05	9.39065748e-05	0	100	0	0	3
331	284	0	2.96994446	0.002869864	0.00293686893	0.00283206656	0.00309561776	4.81208349e-05	9.39065748e-05	0	100	0	0	3
332	285	0	2.9789171	0.00285373442	0.00293586987	0.00283206656	0.00309561776	4.5278969e-05	9.39065748e-05	0	100	0	0	3
333	286	0	2.98788974	0.00285175352	0.00293283677	0.00283206656	0.00309561776	4.51589605e-05	9.39065748e-05	0	100	0	0	3
334	286	0	2.99686239	0.00283495	0.0029319236	0.00283206656	0.00309561776	4.30531604e-05	9.39065748e-05	0	100	0	0	3
335	287	0	3.00583503	0.00283973683	0.00292900735	0.00283206656	0.00309561776	4.18075726e-05	9.39065748e-05	0	100	0	0	3
336	288	0	3.01480767	0.00283738237	0.00292752901	0.00283206656	0.00309561776	4.0690375e-05	9.39065748e-05	0	100	0	0	3
337	289	0	3.02378031	0.00285354698	0.00292464502	0.00283206656	0.00309561776	3.80087818e-05	9.39065748e-05	0	100	0	0	3
338	290	0	3.03275295	0.00285031148	0.00292247431	0.00283206656	0.00309561776	3.89448185e-05	9.39065748e-05	0	100	0	0	3
339	291	0	3.04172559	0.00285886795	0.00292018859	0.00283206656	0.00309561776	4.12305344e-05	9.39065748e-05	0	100	0	0	3
340	291	0	3.05069824	0.00285083173	0.00291752411	0.00283206656	0.00309561776	4.38950163e-05	9.39065748e-05	0	100	0	0	3
341	292	0	3.05967088	0.00285825774	0.00291516105	0.00283206656	0.00309561776	4.62580697e-05	9.39065748e-05	0	100	0	0	3
342	293	0	3.06864352	0.002851055	0.00291251699	0.00283206656	0.00309561776	4.89021308e-05	9.39065748e-05	0	100	0	0	3
343	294	0	3.07761616	0.00286077872	0.00290992793	0.00283206656	0.00309561776	5.14911954e-05	9.39065748e-05	0	100	0	0	3
344	295	0	3.0865888	0.00285461426	0.00290702417	0.00283206656	0.00309561776	5.43949508e-05	9.39065748e-05	0	100	0	0	3
345	295	0	3.09556145	0.00286627309	0.00290401759	0.00283206656	0.00309561776	5.74015347e-05	9.39065748e-05	0	100	0	0	3
346	296	0	3.10453409	0.00286431016	0.00290075116	0.00283206656	0.00309561776	6.06679613e-05	9.39065748e-05	0	100	0	0	3
347	297	0	3.11350673	0.00288085107	0.00289878828	0.00283206656	0.00309561776	6.2630843e-05	9.39065748e-05	0	100	0	0	3
348	298	0	3.12247937	0.00288525067	0.00289538111	0.00283206656	0.00309561776	6.60380103e-05	9.39065748e-05	0	100	0	0	3
349	299	0	3.13145201	0.00289935401	0.00289309779	0.00283206656	0.00309561776	6.83213331e-05	9.39065748e-05	0	100	0	0	3
350	300	0	3.14042466	0.00289902105	0.00289204121	0.00283206656	0.00309561776	6.93779151e-05	9.39065748e-05	0	100	0	0	3
351	300	0	3.1493973	0.00290471964	0.00288863231	0.00283206656	0.00307267583	7.278681e-05	9.39065748e-05	0	100	0	0	3
352	301	0	3.15836994	0.00289373885	0.00288770099	0.00283206656	0.00307267583	7.37181358e-05	9.39065748e-05	0	100	0	0	3
353	302	0	3.16734258	0.00289875406	0.00288459524	0.00283206656	0.00303621685	7.68238817e-05	9.39065748e-05	0	100	0	0	3
354	303	0	3.17631522	0.00288590625	0.00288319181	0.00283206656	0.00303621685	7.82273142e-05	9.39065748e-05	0	100	0	0	3
355	304	0	3.18528786	0.00284032814	0.0028796938	0.00283206656	0.00303505005	8.1725327e-05	9.39065748e-05	0	100	0	0	3
356	304	0	3.19426051	0.00292071367	0.00287914291	0.00283206656	0.00303505005	8.22762178e-05	9.39065748e-05	0	100	0	0	3
357	305	0	3.20323315	0.00281996832	0.00287530216	0.00281996832	0.00300602211	8.61169628e-05	9.39065748e-05	0	100	0	0	3
358	306	0	3.21220579	0.00290967567	0.00287601812	0.00281996832	0.00300602211	8.61169628e-05	9.39065748e-05	0	100	0	0	3
359	307	0	3.22117843	0.00280068269	0.00287235134	0.00280068269	0.00297020662	8.90677842e-05	9.39065748e-05	0	100	0	0	3
360	308	0	3.23015107	0.00289341691	0.00287258557	0.00280068269	0.00297020662	8.89488064e-05	9.39065748e-05	0	100	0	0	3
361	308	0	3.23912372	0.00280084059	0.00286956117	0.00280068269	0.00295263937	9.17389728e-05	9.39065748e-05	0	100	0	0	3
362	309	0	3.24809636	0.00288320383	0.0028696721	0.00280068269	0.00295263937	9.12709556e-05	9.39065748e-05	0	100	0	0	3
363	310	0	3.257069	0.00277601706	0.00286657861	0.00277601706	0.00295263937	9.4253524e-05	9.39065748e-05	0	99.6	0	0	3
364	311	0	3.26604164	0.00286394482	0.00286626434	0.00277601706	0.00295263937	9.35466389e-05	9.39065748e-05	0	100	0	0	3
365	312	0	3.27501428	0.00277868911	0.00286434296	0.00277601706	0.00295263937	9.54680169e-05	9.39065748e-05	0	98.3	0	0	3
366	312	0	3.28398693	0.00286630954	0.00286357556	0.00277601706	0.00295263937	9.59890945e-05	9.39065748e-05	0	97.8	0	0	3
367	313	0	3.29295957	0.0027709972	0.0028616905	0.0027709972	0.00295263937	9.78741576e-05	9.39065748e-05	0	95.9	0	0	3
368	314	0	3.30193221	0.0028573723	0.0028599893	0.0027709972	0.00292071367	9.88631439e-05	9.39065748e-05	0	94.9	0	0	3
369	315	0	3.31090485	0.0027574972	0.00285763004	0.0027574972	0.00292071367	0.000101222406	9.39065748e-05	0	92.7	0	0	3
370	316	0	3.31987749	0.00283902437	0.00285659571	0.0027574972	0.00292071367	0.000101590019	9.39065748e-05	0	92.4	0	0	3
371	317	0	3.32885013	0.00273871673	0.00285373537	0.00273871673	0.00292071367	0.000104450362	9.39065748e-05	0	89.9	0	0	3
372	317	0	3.33782278	0.00282075449	0.00285271258	0.00273871673	0.00292071367	0.000103895349	9.39065748e-05	0	90.3	0	0	3
373	318	0	3.34679542	0.00278607499	0.00285111291	0.00273871673	0.00292071367	0.000105495014	9.39065748e-05	0	89	0	0	3
374	319	0	3.35576806	0.00277314542	0.00284955846	0.00273871673	0.00292071367	0.000105198476	9.39065748e-05	0	89.2	0	0	3
375	320	0	3.3647407	0.00281348518	0.00284852486	0.00273871673	0.00292071367	0.000106222727	9.39065748e-05	0	88.4	0	0	3
376	321	0	3.37371334	0.00279697283	0.0028473045	0.00273871673	0.00292071367	0.000105659235	9.39065748e-05	0	88.8	0	0	3
377	321	0	3.38268599	0.00281000992	0.00284611805	0.00273871673	0.00292071367	0.000106739068	9.39065748e-05	0	87.9	0	0	3
378	322	0	3.39165863	0.00283095735	0.0028455895	0.00273871673	0.00292071367	0.000105157801	9.39065748e-05	0	89.3	0	0	3
379	323	0	3.40063127	0.00286164909	0.00284561379	0.00273871673	0.00292071367	0.000104606108	9.39065748e-05	0	89.7	0	0	3
380	324	0	3.40960391	0.0027841702	0.00284461323	0.00273871673	0.00292071367	0.000102933099	9.39065748e-05	0	91.2	0	0	3
381	325	0	3.41857655	0.00292911363	0.00284615025	0.00273871673	0.00292911363	0.000101850882	9.39065748e-05	0	92.2	0	0	3
382	326	0	3.4275492	0.00279862322	0.00284555305	0.00273871673	0.00292911363	9.90249075e-05	9.39065748e-05	0	94.8	0	0	3
383	326	0	3.43652184	0.002878021	0.00284609644	0.00273871673	0.00292911363	9.79738752e-05	9.39065748e-05	0	95.8	0	0	3
384	327	0	3.44549448	0.00279949769	0.00284525536	0.00273871673	0.00292911363	9.5223312e-05	9.39065748e-05	0	98.6	0	0	3
385	328	0	3.45446712	0.0028890708	0.00284565036	0.00273871673	0.00292911363	9.43144979e-05	9.39065748e-05	0	99.5	0	0	3
386	329	0	3.46343976	0.00276578235	0.0028439034	0.00273871673	0.00292911363	9.2965532e-05	9.39065748e-05	0	100	0	0	3
387	330	0	3.4724124	0.00278977905	0.00284247331	0.00273871673	0.00292911363	9.33965625e-05	9.39065748e-05	0	100	0	0	3
388	330	0	3.48138505	0.00286262605	0.00284263209	0.00273871673	0.00292911363	9.03634598e-05	9.39065748e-05	0	100	0	0	3
389	331	0	3.49035769	0.0027272207	0.00284040829	0.0027272207	0.00292911363	9.15153136e-05	9.39065748e-05	0	100	0	0	3
390	332	0	3.49933033	0.00285342058	0.00284073812	0.0027272207	0.00292911363	8.85990621e-05	9.39065748e-05	0	100	0	0	3
391	333	0	3.50830297	0.00280852476	0.00284018076	0.0027272207	0.00292911363	8.73482462e-05	9.39065748e-05	0	100	0	0	3
392	334	0	3.51727561	0.00275117646	0.00283864137	0.0027272207	0.00292911363	8.60036556e-05	9.39065748e-05	0	100	0	0	3
393	335	0	3.52624826	0.00290379819	0.00283953871	0.0027272207	0.00292911363	8.38329375e-05	9.39065748e-05	0	100	0	0	3
394	335	0	3.5352209	0.00283325056	0.00283923405	0.0027272207	0.00292911363	8.15472216e-05	9.39065748e-05	0	100	0	0	3
395	336	0	3.54419354	0.00279889044	0.00283816303	0.0027272207	0.00292911363	7.93610828e-05	9.39065748e-05	0	100	0	0	3
396	337	0	3.55316618	0.00293334278	0.00283963644	0.0027272207	0.00293334278	7.69980294e-05	9.39065748e-05	0	100	0	0	3
397	338	0	3.56213882	0.00282870704	0.00283910875	0.0027272207	0.00293334278	7.43539683e-05	9.39065748e-05	0	100	0	0	3
398	339	0	3.57111147	0.00286997295	0.00283944657	0.0027272207	0.00293334278	7.17649037e-05	9.39065748e-05	0	100	0	0	3
399	340	0	3.58008411	0.00291990758	0.00284050244	0.0027272207	0.00293334278	6.88611483e-05	9.39065748e-05	0	100	0	0	3
400	340	0	3.58905675	0.00283583685	0.00284016713	0.0027272207	0.00293334278	6.58545644e-05	9.39065748e-05	0	100	0	0	3
401	345	0	3.59802939	0.00298708206	0.00284232443	0.0027272207	0.00298708206	6.25881378e-05	9.39065748e-05	0	100	0	0	3
402	346	0	3.60700203	0.00284318558	0.00284194721	0.0027272207	0.00298708206	6.06252561e-05	9.39065748e-05	0	100	0	0	3
403	347	0	3.61597467	0.00290213429	0.00284232726	0.0027272207	0.00298708206	5.72180888e-05	9.39065748e-05	0	100	0	0	3
404	347	0	3.62494732	0.00290075525	0.00284260413	0.0027272207	0.00298708206	5.4934766e-05	9.39065748e-05	0	100	0	0	3
405	348	0	3.63391996	0.00285939944	0.00284189066	0.0027272207	0.00298708206	5.3878184e-05	9.39065748e-05	0	100	0	0	3
406	349	0	3.6428926	0.00291201204	0.00284212264	0.0027272207	0.00298708206	5.04692891e-05	9.39065748e-05	0	100	0	0	3
407	350	0	3.65186524	0.00288247437	0.0028417254	0.0027272207	0.00298708206	4.95379633e-05	9.39065748e-05	0	100	0	0	3
408	351	0	3.66083788	0.00287961834	0.00284147325	0.0027272207	0.00298708206	4.64322174e-05	9.39065748e-05	0	100	0	0	3
409	351	0	3.66981053	0.00283369758	0.00284031153	0.0027272207	0.00298708206	4.50287849e-05	9.39065748e-05	0	100	0	0	3
410	352	0	3.67878317	0.00291148925	0.00284076837	0.0027272207	0.00298708206	4.15307721e-05	9.39065748e-05	0	100	0	0	3
411	353	0	3.68775581	0.00284496844	0.00284085123	0.0027272207	0.00298708206	4.09798813e-05	9.39065748e-05	0	100	0	0	3
412	354	0	3.69672845	0.00282172751	0.00283908362	0.0027272207	0.00298708206	3.78550902e-05	9.39065748e-05	0	100	0	0	3
413	355	0	3.70570109	0.00289750198	0.00284046815	0.0027272207	0.00298708206	3.78550902e-05	9.39065748e-05	0	100	0	0	3
414	356	0	3.71467374	0.00283044909	0.00283905339	0.0027272207	0.00298708206	3.44225418e-05	9.39065748e-05	0	100	0	0	3
415	356	0	3.72364638	0.00281410129	0.00283929301	0.0027272207	0.00298708206	3.44225418e-05	9.39065748e-05	0	100	0	0	3
416	357	0	3.73261902	0.00288518865	0.00283914607	0.0027272207	0.00298708206	3.15090721e-05	9.39065748e-05	0	100	0	0	3
417	358	0	3.74159166	0.00282707208	0.00283961449	0.0027272207	0.00298708206	3.15090721e-05	9.39065748e-05	0	100	0	0	3
418	359	0	3.7505643	0.00283399925	0.00283873584	0.0027272207	0.00298708206	2.84155801e-05	9.39065748e-05	0	100	0	0	3
419	360	0	3.75953694	0.0028441824	0.00283995308	0.0027272207	0.00298708206	2.81013163e-05	9.39065748e-05	0	100	0	0	3
420	361	0	3.76850959	0.0028286566	0.00283932293	0.0027272207	0.00298708206	2.61799383e-05	9.39065748e-05	0	100	0	0	3
421	361	0	3.77748223	0.00283807765	0.00284038344	0.0027272207	0.00298708206	2.54125328e-05	9.39065748e-05	0	100	0	0	3
422	362	0	3.78645487	0.00282304578	0.00283961087	0.0027272207	0.00298708206	2.35274697e-05	9.39065748e-05	0	100	0	0	3
423	363	0	3.79542751	0.00283768245	0.00284080168	0.0027272207	0.00298708206	2.1826272e-05	9.39065748e-05	0	100	0	0	3
424	364	0	3.80440015	0.00282525665	0.00284022819	0.0027272207	0.00298708206	1.94670101e-05	9.39065748e-05	0	100	0	0	3
425	365	0	3.8133728	0.00283911579	0.00284168566	0.0027272207	0.00298708206	1.84326889e-05	9.39065748e-05	0	100	0	0	3
426	366	0	3.82234544	0.00282159276	0.00284137438	0.0027272207	0.00298708206	1.55723455e-05	9.39065748e-05	0	100	0	0	3
427	366	0	3.83131808	0.00283079736	0.00284301868	0.0027272207	0.00298708206	1.45495508e-05	9.39065748e-05	0	100	0	0	3
428	367	0	3.84029072	0.00281313082	0.00284288254	0.0027272207	0.00298708206	1.29498858e-05	9.39065748e-05	0	100	0	0	3
429	368	0	3.84926336	0.00282457334	0.00284357001	0.0027272207	0.00298708206	1.13954321e-05	9.39065748e-05	0	100	0	0	3
430	369	0	3.85823601	0.0028144064	0.00284430682	0.0027272207	0.00298708206	1.03618359e-05	9.39065748e-05	0	100	0	0	3
431	370	0	3.86720865	0.00283631664	0.00284471452	0.0027272207	0.00298708206	9.14147492e-06	9.39065748e-05	0	100	0	0	3
432	370	0	3.87618129	0.00283282268	0.0028453547	0.0027272207	0.00298708206	7.98722754e-06	9.39065748e-05	0	100	0	0	3
433	371	0	3.88515393	0.00285684662	0.00284619107	0.0027272207	0.00298708206	8.02804224e-06	9.39065748e-05	0	100	0	0	3
434	372	0	3.89412657	0.00285373635	0.00284659784	0.0027272207	0.00298708206	8.4348101e-06	9.39065748e-05	0	100	0	0	3
435	373	0	3.90309921	0.00287107112	0.00284676609	0.0027272207	0.00298708206	8.60306054e-06	9.39065748e-05	0	100	0	0	3
436	374	0	3.91207186	0.00285978846	0.00284811641	0.0027272207	0.00298708206	9.95338657e-06	9.39065748e-05	0	100	0	0	3
437	375	0	3.9210445	0.00287244612	0.00284710449	0.0027272207	0.00298708206	9.95338657e-06	9.39065748e-05	0	100	0	0	3
438	375	0	3.93001714	0.00286148456	0.00284822702	0.0027272207	0.00298708206	1.00639907e-05	9.39065748e-05	0	100	0	0	3
439	376	0	3.93898978	0.00288017012	0.00284826539	0.0027272207	0.00298708206	1.01023679e-05	9.39065748e-05	0	100	0	0	3
440	377	0	3.94796242	0.00287609823	0.00284963326	0.0027272207	0.00298708206	1.14702348e-05	9.39065748e-05	0	100	0	0	3
441	378	0	3.95693507	0.00289962186	0.00284982167	0.0027272207	0.00298708206	1.16586466e-05	9.39065748e-05	0	100	0	0	3
442	379	0	3.96590771	0.00289376146	0.00285210701	0.0027272207	0.00298708206	1.39439879e-05	9.39065748e-05	0	100	0	0	3
443	379	0	3.97488035	0.00291185634	0.00285428696	0.0027272207	0.00298708206	1.61239394e-05	9.39065748e-05	0	100	0	0	3
444	380	0	3.98385299	0.00289762635	0.00285491197	0.0027272207	0.00298708206	1.67489447e-05	9.39065748e-05	0	100	0	0	3
445	381	0	3.99282563	0.00290698049	0.00285812197	0.00275117646	0.00298708206	1.9958941e-05	9.39065748e-05	0	100	0	0	3
446	382	0	4.00179828	0.002884834	0.00285868292	0.00275117646	0.00298708206	2.05198949e-05	9.39065748e-05	0	100	0	0	3
