Iteration	CPUTime	PhysTime	Travels	Value	AvValue	MinValue	MaxValue	Delta	Criteria	PrevAvRefValue	Progress	CriteriaType	CriteriaVarType	CriteriaPercentage
1	6	0	0.00897155323	-94.621209	-94.621209	-94.621209	-94.621209	0	0	0	0	0	0	3
2	7	0	0.0179431065	-19.3723792	-56.9967941	-94.621209	-19.3723792	37.6244149	0	0	0	0	0	3
3	8	0	0.0269146597	-12.2427159	-42.078768	-94.621209	-12.2427159	52.542441	0	0	0	0	0	3
4	9	0	0.0358862129	-4.80298327	-32.7598218	-94.621209	-4.80298327	61.8613872	0	0	0	0	0	3
5	10	0	0.0448577662	-10.4014579	-28.2881491	-94.621209	-4.80298327	66.33306	0	0	0	0	0	3
6	11	0	0.0538293194	-5.02410731	-24.4108088	-94.621209	-4.80298327	70.2104003	0	0	0	0	0	3
7	11	0	0.0628008726	-8.88909248	-22.1934207	-94.621209	-4.80298327	72.4277883	0	0	0	0	0	3
8	12	0	0.0717724258	-4.70725295	-20.0076497	-94.621209	-4.70725295	74.6135593	0	0	0	0	0	3
9	13	0	0.0807439791	-8.04855867	-18.6788619	-94.621209	-4.70725295	75.9423472	0	0	0	0	0	3
10	14	0	0.0897155323	-4.68330349	-17.279306	-94.621209	-4.68330349	77.341903	0	0	0	0	0	3
11	14	0	0.0986870855	-7.00762115	-16.3455165	-94.621209	-4.68330349	78.2756925	0	0	0	0	0	3
12	15	0	0.107658639	-5.2785108	-15.423266	-94.621209	-4.68330349	79.197943	0	0	0	0	0	3
13	16	0	0.116630192	-6.71881972	-14.7536932	-94.621209	-4.68330349	79.8675158	0	0	0	0	0	3
14	17	0	0.125601745	-5.57013327	-14.0977247	-94.621209	-4.68330349	80.5234844	0	0	0	0	0	3
15	17	0	0.134573298	-6.46884894	-13.5891329	-94.621209	-4.68330349	81.0320761	0	0	0	0	0	3
16	18	0	0.143544852	-5.84094143	-13.104871	-94.621209	-4.68330349	81.516338	0	0	0	0	0	3
17	19	0	0.152516405	-6.13068458	-12.6946247	-94.621209	-4.68330349	81.9265843	0	0	0	0	0	3
18	20	0	0.161487958	-5.81392536	-12.3123636	-94.621209	-4.68330349	82.3088454	0	0	0	0	0	3
19	20	0	0.170459511	-5.88234702	-11.9739417	-94.621209	-4.68330349	82.6472673	0	0	0	0	0	3
20	21	0	0.179431065	-5.70745523	-11.6606174	-94.621209	-4.68330349	82.9605916	0	0	0	0	0	3
21	22	0	0.188402618	-5.68362656	-11.3759988	-94.621209	-4.68330349	83.2452102	0	0	0	0	0	3
22	22	0	0.197374171	-5.60449411	-11.1136577	-94.621209	-4.68330349	83.5075514	0	0	0	0	0	3
23	23	0	0.206345724	-5.55630843	-10.8720338	-94.621209	-4.68330349	83.7491752	0	0	0	0	0	3
24	24	0	0.215317278	-5.49402668	-10.6479501	-94.621209	-4.68330349	83.9732589	0	0	0	0	0	3
25	25	0	0.224288831	-5.45453651	-10.4402136	-94.621209	-4.68330349	84.1809954	0	0	0	0	0	3
26	25	0	0.233260384	-5.42259797	-10.2472284	-94.621209	-4.68330349	84.3739806	0	0	0	0	0	3
27	26	0	0.242231937	-5.39155101	-10.0673885	-94.621209	-4.68330349	84.5538205	0	0	0	0	0	3
28	27	0	0.25120349	-5.36359382	-9.89939581	-94.621209	-4.68330349	84.7218132	0	0	0	0	0	3
29	28	0	0.260175044	-5.34228684	-9.74225412	-94.621209	-4.68330349	84.8789549	0	0	0	0	0	3
30	28	0	0.269146597	-5.32270312	-9.59493576	-94.621209	-4.68330349	85.0262733	0	0	0	0	0	3
31	29	0	0.27811815	-5.30237624	-9.4564661	-94.621209	-4.68330349	85.1647429	0	0	0	0	0	3
32	30	0	0.287089703	-5.28142682	-9.32599612	-94.621209	-4.68330349	85.2952129	0	0	0	0	0	3
33	31	0	0.296061257	-5.26704513	-9.2029976	-94.621209	-4.68330349	85.4182114	0	0	0	0	0	3
34	32	0	0.30503281	-5.24721218	-9.08665097	-94.621209	-4.68330349	85.534558	0	0	0	0	0	3
35	32	0	0.314004363	-5.23000597	-8.97646112	-94.621209	-4.68330349	85.6447479	0	0	0	0	0	3
36	33	0	0.322975916	-5.21097504	-8.87186428	-94.621209	-4.68330349	85.7493447	0	0	0	0	0	3
37	34	0	0.33194747	-5.19180792	-8.7724033	-94.621209	-4.68330349	85.8488057	0	0	0	0	0	3
38	35	0	0.340919023	-5.16911307	-8.67757987	-94.621209	-4.68330349	85.9436291	0	0	0	0	0	3
39	36	0	0.349890576	-5.15318332	-8.58721073	-94.621209	-4.68330349	86.0339983	0	0	0	0	0	3
40	36	0	0.358862129	-5.1388887	-8.50100268	-94.621209	-4.68330349	86.1202063	0	0	0	0	0	3
41	37	0	0.367833682	-5.13071241	-8.41880048	-94.621209	-4.68330349	86.2024085	0	0	0	0	0	3
42	38	0	0.376805236	-5.11856121	-8.34022335	-94.621209	-4.68330349	86.2809857	0	0	0	0	0	3
43	39	0	0.385776789	-5.10674361	-8.26502615	-94.621209	-4.68330349	86.3561829	0	0	0	0	0	3
44	40	0	0.394748342	-5.09427928	-8.19296372	-94.621209	-4.68330349	86.4282453	0	0	0	0	0	3
45	40	0	0.403719895	-5.08388993	-8.12387319	-94.621209	-4.68330349	86.4973358	0	0	0	0	0	3
46	41	0	0.412691449	-5.07219293	-8.05753231	-94.621209	-4.68330349	86.5636767	0	0	0	0	0	3
47	42	0	0.421663002	-5.06438	-7.99384822	-94.621209	-4.68330349	86.6273608	0	0	0	0	0	3
48	43	0	0.430634555	-5.05299673	-7.93258048	-94.621209	-4.68330349	86.6886285	0	0	0	0	0	3
49	44	0	0.439606108	-5.0451613	-7.87365356	-94.621209	-4.68330349	86.7475555	0	0	0	0	0	3
50	45	0	0.448577662	-5.03674149	-7.81691532	-94.621209	-4.68330349	86.8042937	0	0	0	0	0	3
51	45	0	0.457549215	-5.02696526	-7.76221042	-94.621209	-4.68330349	86.8589986	0	0	0	0	0	3
52	46	0	0.466520768	-5.02103113	-7.70949543	-94.621209	-4.68330349	86.9117136	0	0	0	0	0	3
53	47	0	0.475492321	-5.01419639	-7.65864073	-94.621209	-4.68330349	86.9625683	0	0	0	0	0	3
54	48	0	0.484463874	-5.00464571	-7.60949268	-94.621209	-4.68330349	87.0117163	0	0	0	0	0	3
55	49	0	0.493435428	-4.99748215	-7.56200157	-94.621209	-4.68330349	87.0592074	0	0	0	0	0	3
56	49	0	0.502406981	-4.99113131	-7.51609318	-94.621209	-4.68330349	87.1051158	0	0	0	0	0	3
57	50	0	0.511378534	-4.98648689	-5.91547314	-19.3723792	-4.68330349	14.6890757	0	0	0	0	0	3
58	51	0	0.520350087	-4.98645325	-5.6585816	-12.2427159	-4.68330349	7.55941237	0	0	0	0	0	3
59	52	0	0.529321641	-4.98443698	-5.52896948	-10.4014579	-4.68330349	5.71815441	0	0	0	0	0	3
60	52	0	0.538293194	-4.9812885	-5.5321535	-10.4014579	-4.68330349	5.71815441	0	0	0	0	0	3
61	53	0	0.547264747	-4.97420923	-5.43523835	-8.88909248	-4.68330349	4.20578899	0	0	0	0	0	3
62	54	0	0.5562363	-4.97200298	-5.43430791	-8.88909248	-4.68330349	4.20578899	0	0	0	0	0	3
63	55	0	0.565207854	-4.96528763	-5.36423997	-8.04855867	-4.68330349	3.36525519	0	0	0	0	0	3
64	56	0	0.574179407	-4.96264915	-5.36880062	-8.04855867	-4.68330349	3.36525519	0	0	0	0	0	3
65	56	0	0.58315096	-4.96134652	-5.31367183	-7.00762115	-4.68330349	2.32431766	0	0	0	0	0	3
66	57	0	0.592122513	-4.96047624	-5.31862134	-7.00762115	-4.96047624	2.04714491	0	0	0	0	0	3
67	58	0	0.601094066	-4.957225	-5.28200712	-6.71881972	-4.957225	1.76159472	0	0	0	0	0	3
68	59	0	0.61006562	-4.95293047	-5.27619319	-6.71881972	-4.95293047	1.76588926	0	0	0	0	0	3
69	59	0	0.619037173	-4.94678103	-5.24454964	-6.46884894	-4.94678103	1.52206791	0	0	0	0	0	3
70	60	0	0.628008726	-4.94423673	-5.23337292	-6.46884894	-4.94423673	1.52461221	0	0	0	0	0	3
71	61	0	0.636980279	-4.94416854	-5.20614648	-6.13068458	-4.94416854	1.18651604	0	0	0	0	0	3
72	62	0	0.645951833	-4.94734319	-5.19018937	-6.13068458	-4.94416854	1.18651604	0	0	0	0	0	3
73	63	0	0.654923386	-4.94770715	-5.16906477	-5.88234702	-4.94416854	0.93817848	0	0	0	0	0	3
74	63	0	0.663894939	-4.9464815	-5.15357471	-5.88234702	-4.94416854	0.93817848	0	0	0	0	0	3
75	64	0	0.672866492	-4.93987564	-5.13674486	-5.70745523	-4.93987564	0.76757959	0	0	0	0	0	3
76	65	0	0.681838046	-4.92703631	-5.12280881	-5.68362656	-4.92703631	0.756590253	0	0	0	0	0	3
77	66	0	0.690809599	-4.92116772	-5.10919347	-5.60449411	-4.92116772	0.683326382	0	0	0	0	0	3
78	67	0	0.699781152	-4.91678508	-5.09691295	-5.55630843	-4.91678508	0.639523355	0	0	0	0	0	3
79	67	0	0.708752705	-4.92028733	-5.08555543	-5.49402668	-4.91678508	0.577241605	0	0	0	0	0	3
80	68	0	0.717724258	-4.9229314	-5.0753573	-5.45453651	-4.91678508	0.537751432	0	0	0	0	0	3
81	69	0	0.726695812	-4.92415592	-5.06588622	-5.42259797	-4.91678508	0.505812894	0	0	0	0	0	3
82	70	0	0.735667365	-4.92383765	-5.05697979	-5.39155101	-4.91678508	0.474765936	0	0	0	0	0	3
83	71	0	0.744638918	-4.9173719	-5.0485123	-5.36359382	-4.91678508	0.446808743	0	0	0	0	0	3
84	71	0	0.753610471	-4.91137732	-5.04043701	-5.34228684	-4.91137732	0.430909514	0	0	0	0	0	3
85	72	0	0.762582025	-4.90692096	-5.03266262	-5.32270312	-4.90692096	0.415782157	0	0	0	0	0	3
86	73	0	0.771553578	-4.90585818	-5.02521896	-5.30237624	-4.90585818	0.396518063	0	0	0	0	0	3
87	74	0	0.780525131	-4.90605349	-5.01814177	-5.28142682	-4.90585818	0.375568642	0	0	0	0	0	3
88	75	0	0.789496684	-4.90564588	-5.01143139	-5.26704513	-4.90564588	0.361399249	0	0	0	0	0	3
89	75	0	0.798468238	-4.9019029	-5.00491099	-5.24721218	-4.9019029	0.345309287	0	0	0	0	0	3
90	76	0	0.807439791	-4.89987286	-4.99870851	-5.23000597	-4.89987286	0.330133117	0	0	0	0	0	3
91	77	0	0.816411344	-4.89823013	-4.99278394	-5.21097504	-4.89823013	0.312744909	0	0	0	0	0	3
92	78	0	0.825382897	-4.89534999	-4.98714778	-5.19180792	-4.89534999	0.296457925	0	0	0	0	0	3
93	79	0	0.83435445	-4.89321697	-4.98181579	-5.16911307	-4.89321697	0.275896099	0	0	0	0	0	3
94	79	0	0.843326004	-4.89186906	-4.97686501	-5.15318332	-4.89186906	0.261314261	0	0	0	0	0	3
95	80	0	0.852297557	-4.89381976	-4.97223352	-5.1388887	-4.89186906	0.247019641	0	0	0	0	0	3
96	81	0	0.86126911	-4.89339232	-4.96784965	-5.13071241	-4.89186906	0.238843352	0	0	0	0	0	3
97	82	0	0.870240663	-4.89082639	-4.96356597	-5.11856121	-4.89082639	0.227734819	0	0	0	0	0	3
98	83	0	0.879212217	-4.88971949	-4.95947951	-5.10674361	-4.88971949	0.217024118	0	0	0	0	0	3
99	83	0	0.88818377	-4.88964106	-4.95560268	-5.09427928	-4.88964106	0.20463822	0	0	0	0	0	3
100	84	0	0.897155323	-4.89245185	-4.95199862	-5.08388993	-4.88964106	0.19424887	0	0	0	0	0	3
101	88	0	0.906126876	-4.89315443	-4.94859263	-5.07219293	-4.88964106	0.182551868	0	0	0	0	0	3
102	89	0	0.91509843	-4.89648446	-4.94545498	-5.06438	-4.88964106	0.174738938	0	0	0	0	0	3
103	90	0	0.924069983	-4.90024908	-4.94252407	-5.05299673	-4.88964106	0.163355664	0	0	0	0	0	3
104	91	0	0.933041536	-4.90375647	-4.93985907	-5.0451613	-4.88964106	0.155520234	0	0	0	0	0	3
105	92	0	0.942013089	-4.90352414	-4.93732983	-5.03674149	-4.88964106	0.147100431	0	0	0	0	0	3
106	92	0	0.950984642	-4.90279621	-4.93493795	-5.02696526	-4.88964106	0.1373242	0	0	0	0	0	3
107	93	0	0.959956196	-4.90137063	-4.93269519	-5.02103113	-4.88964106	0.131390069	0	0	0	0	0	3
108	94	0	0.968927749	-4.89935735	-4.93052244	-5.01419639	-4.88964106	0.12455533	0	0	0	0	0	3
109	95	0	0.977899302	-4.89639314	-4.92841881	-5.00464571	-4.88964106	0.11500465	0	0	0	0	0	3
110	96	0	0.986870855	-4.89766426	-4.92650843	-4.99748215	-4.88964106	0.107841087	0	0	0	0	0	3
111	96	0	0.995842409	-4.89802661	-4.92473244	-4.99113131	-4.88964106	0.101490248	0	0	0	0	0	3
112	97	0	1.00481396	-4.90172276	-4.92313586	-4.98648689	-4.88964106	0.0968458298	0.226782371	0	100	0	0	3
113	98	0	1.01378552	-4.90045762	-4.92159962	-4.98645325	-4.88964106	0.0968121935	0.226782371	0	100	0	0	3
114	99	0	1.02275707	-4.90311909	-4.92011151	-4.98443698	-4.88964106	0.094795915	0.226782371	0	100	0	0	3
115	100	0	1.03172862	-4.9007281	-4.91861671	-4.9812885	-4.88964106	0.0916474367	0.226782371	0	100	0	0	3
116	100	0	1.04070017	-4.89984888	-4.91716243	-4.97420923	-4.88964106	0.0845681708	0.226782371	0	100	0	0	3
117	101	0	1.04967173	-4.89847233	-4.91580999	-4.97200298	-4.88964106	0.0823619221	0.226782371	0	100	0	0	3
118	102	0	1.05864328	-4.9013686	-4.91454866	-4.96528763	-4.88964106	0.0756465675	0.226782371	0	100	0	0	3
119	103	0	1.06761483	-4.89743036	-4.91333692	-4.96264915	-4.88964106	0.073008086	0.226782371	0	100	0	0	3
120	104	0	1.07658639	-4.89775924	-4.91217817	-4.96134652	-4.88964106	0.0717054549	0.226782371	0	100	0	0	3
121	104	0	1.08555794	-4.8942968	-4.91098086	-4.96047624	-4.88964106	0.0708351766	0.226782371	0	100	0	0	3
122	105	0	1.09452949	-4.89217338	-4.90976116	-4.957225	-4.88964106	0.0675839386	0.226782371	0	100	0	0	3
123	106	0	1.10350105	-4.88990909	-4.90855909	-4.95293047	-4.88964106	0.0632894049	0.226782371	0	100	0	0	3
124	107	0	1.1124726	-4.88834863	-4.90740585	-4.94770715	-4.88834863	0.0593585218	0.226782371	0	100	0	0	3
125	108	0	1.12144415	-4.88727538	-4.90634324	-4.94770715	-4.88727538	0.0604317746	0.226782371	0	100	0	0	3
126	108	0	1.13041571	-4.89019787	-4.90537827	-4.94770715	-4.88727538	0.0604317746	0.226782371	0	100	0	0	3
127	109	0	1.13938726	-4.89336464	-4.90447105	-4.94770715	-4.88727538	0.0604317746	0.226782371	0	100	0	0	3
128	110	0	1.14835881	-4.90020792	-4.90362935	-4.94770715	-4.88727538	0.0604317746	0.226782371	0	100	0	0	3
129	111	0	1.15733037	-4.90357661	-4.90284131	-4.9464815	-4.88727538	0.0592061243	0.226782371	0	100	0	0	3
130	112	0	1.16630192	-4.90633694	-4.90212444	-4.93987564	-4.88727538	0.0526002662	0.226782371	0	100	0	0	3
131	112	0	1.17527347	-4.90708674	-4.90153892	-4.92703631	-4.88727538	0.0397609306	0.226782371	0	100	0	0	3
132	113	0	1.18424503	-4.90737941	-4.90118791	-4.92415592	-4.88727538	0.0368805429	0.226782371	0	100	0	0	3
133	114	0	1.19321658	-4.90487978	-4.90089705	-4.92415592	-4.88727538	0.0368805429	0.226782371	0	100	0	0	3
134	115	0	1.20218813	-4.90430524	-4.9006742	-4.92415592	-4.88727538	0.0368805429	0.226782371	0	100	0	0	3
135	116	0	1.21115969	-4.90430547	-4.90038881	-4.92415592	-4.88727538	0.0368805429	0.226782371	0	100	0	0	3
136	116	0	1.22013124	-4.90478927	-4.90006484	-4.92415592	-4.88727538	0.0368805429	0.226782371	0	100	0	0	3
137	117	0	1.22910279	-4.90350682	-4.89969611	-4.92383765	-4.88727538	0.036562268	0.226782371	0	100	0	0	3
138	118	0	1.23807435	-4.90193213	-4.89930494	-4.9173719	-4.88727538	0.0300965218	0.226782371	0	100	0	0	3
139	119	0	1.2470459	-4.89870234	-4.89897155	-4.91137732	-4.88727538	0.0241019463	0.226782371	0	100	0	0	3
140	119	0	1.25601745	-4.8986628	-4.89874451	-4.90737941	-4.88727538	0.0201040284	0.226782371	0	100	0	0	3
141	120	0	1.26498901	-4.89800323	-4.89858526	-4.90737941	-4.88727538	0.0201040284	0.226782371	0	100	0	0	3
142	121	0	1.27396056	-4.897902	-4.89844319	-4.90737941	-4.88727538	0.0201040284	0.226782371	0	100	0	0	3
143	122	0	1.28293211	-4.89763143	-4.89829279	-4.90737941	-4.88727538	0.0201040284	0.226782371	0	100	0	0	3
144	123	0	1.29190367	-4.8972473	-4.89814282	-4.90737941	-4.88727538	0.0201040284	0.226782371	0	100	0	0	3
145	124	0	1.30087522	-4.89859763	-4.89808379	-4.90737941	-4.88727538	0.0201040284	0.226782371	0	100	0	0	3
146	124	0	1.30984677	-4.89705099	-4.8980334	-4.90737941	-4.88727538	0.0201040284	0.226782371	0	100	0	0	3
147	125	0	1.31881832	-4.89810597	-4.89803119	-4.90737941	-4.88727538	0.0201040284	0.226782371	0	100	0	0	3
148	126	0	1.32778988	-4.8997079	-4.89810901	-4.90737941	-4.88727538	0.0201040284	0.226782371	0	100	0	0	3
149	127	0	1.33676143	-4.90200184	-4.89826588	-4.90737941	-4.88727538	0.0201040284	0.226782371	0	100	0	0	3
150	127	0	1.34573298	-4.90589591	-4.89851636	-4.90737941	-4.88727538	0.0201040284	0.226782371	0	100	0	0	3
151	128	0	1.35470454	-4.91018393	-4.89880858	-4.91018393	-4.88727538	0.0229085538	0.226782371	0	100	0	0	3
152	129	0	1.36367609	-4.91252656	-4.89915026	-4.91252656	-4.88727538	0.0252511851	0.226782371	0	100	0	0	3
153	130	0	1.37264764	-4.91216717	-4.89953134	-4.91252656	-4.88727538	0.0252511851	0.226782371	0	100	0	0	3
154	131	0	1.3816192	-4.91181292	-4.89992587	-4.91252656	-4.88727538	0.0252511851	0.226782371	0	100	0	0	3
155	131	0	1.39059075	-4.91145584	-4.90031542	-4.91252656	-4.88727538	0.0252511851	0.226782371	0	100	0	0	3
156	132	0	1.3995623	-4.91451548	-4.90070941	-4.91451548	-4.88727538	0.0272401042	0.226782371	0	100	0	0	3
157	133	0	1.40853386	-4.91623727	-4.90112161	-4.91623727	-4.88727538	0.0289618961	0.226782371	0	100	0	0	3
158	134	0	1.41750541	-4.91558857	-4.90146275	-4.91623727	-4.88727538	0.0289618961	0.226782371	0	100	0	0	3
159	135	0	1.42647696	-4.91238012	-4.90167938	-4.91623727	-4.88727538	0.0289618961	0.226782371	0	100	0	0	3
160	135	0	1.43544852	-4.90698412	-4.90173701	-4.91623727	-4.88727538	0.0289618961	0.226782371	0	100	0	0	3
161	136	0	1.44442007	-4.90059467	-4.9016847	-4.91623727	-4.88727538	0.0289618961	0.226782371	0	100	0	0	3
162	137	0	1.45339162	-4.8968846	-4.90157914	-4.91623727	-4.88727538	0.0289618961	0.226782371	0	100	0	0	3
163	138	0	1.46236318	-4.89253894	-4.90142143	-4.91623727	-4.88727538	0.0289618961	0.226782371	0	100	0	0	3
164	139	0	1.47133473	-4.89098195	-4.90127187	-4.91623727	-4.88727538	0.0289618961	0.226782371	0	100	0	0	3
165	140	0	1.48030628	-4.8912001	-4.90117914	-4.91623727	-4.88727538	0.0284772447	0.226782371	0	100	0	0	3
166	140	0	1.48927784	-4.89129611	-4.90106542	-4.91623727	-4.88727538	0.0267012529	0.226782371	0	100	0	0	3
167	141	0	1.49824939	-4.89349797	-4.90098455	-4.91623727	-4.88727538	0.0251046717	0.226782371	0	100	0	0	3
168	142	0	1.50722094	-4.89500883	-4.90086466	-4.91623727	-4.88727538	0.0235684347	0.226782371	0	100	0	0	3
169	143	0	1.5161925	-4.89727136	-4.90080776	-4.91623727	-4.88727538	0.0220803245	0.226782371	0	100	0	0	3
170	144	0	1.52516405	-4.89977209	-4.90074799	-4.91623727	-4.88727538	0.0205855232	0.226782371	0	100	0	0	3
171	144	0	1.5341356	-4.89631424	-4.90066917	-4.91623727	-4.88727538	0.0191312442	0.226782371	0	100	0	0	3
172	145	0	1.54310716	-4.89530294	-4.900588	-4.91623727	-4.88727538	0.0177787996	0.226782371	0	100	0	0	3
173	146	0	1.55207871	-4.889592	-4.90042942	-4.91623727	-4.88727538	0.0165174713	0.226782371	0	100	0	0	3
174	147	0	1.56105026	-4.88626273	-4.90015967	-4.91623727	-4.88626273	0.0153057344	0.226782371	0	100	0	0	3
175	148	0	1.57002182	-4.88523974	-4.89994198	-4.91623727	-4.88523974	0.0141469861	0.226782371	0	100	0	0	3
176	148	0	1.57899337	-4.88314773	-4.89968106	-4.91623727	-4.88314773	0.0129496698	0.226782371	0	100	0	0	3
177	149	0	1.58796492	-4.88770328	-4.89956332	-4.91623727	-4.88314773	0.0117299759	0.226782371	0	100	0	0	3
178	150	0	1.59693648	-4.89172088	-4.89955524	-4.91623727	-4.88314773	0.010527906	0.226782371	0	100	0	0	3
179	151	0	1.60590803	-4.89770482	-4.89969445	-4.91623727	-4.88314773	0.00937465898	0.226782371	0	100	0	0	3
180	152	0	1.61487958	-4.90203587	-4.89993886	-4.91623727	-4.88314773	0.0083120581	0.226782371	0	100	0	0	3
181	152	0	1.62385113	-4.90534317	-4.9002615	-4.91623727	-4.88314773	0.00734707848	0.226782371	0	100	0	0	3
182	153	0	1.63282269	-4.90742762	-4.90056918	-4.91623727	-4.88314773	0.00643986588	0.226782371	0	100	0	0	3
183	154	0	1.64179424	-4.91029282	-4.90087147	-4.91623727	-4.88314773	0.00559816465	0.226782371	0	100	0	0	3
184	155	0	1.65076579	-4.91288699	-4.90109788	-4.91623727	-4.88314773	0.00481011931	0.226782371	0	100	0	0	3
185	156	0	1.65973735	-4.91649373	-4.90132854	-4.91649373	-4.88314773	0.00409325214	0.226782371	0	100	0	0	3
186	156	0	1.6687089	-4.92018811	-4.90157588	-4.92018811	-4.88314773	0.00370582697	0.226782371	0	100	0	0	3
187	157	0	1.67768045	-4.92442478	-4.90188549	-4.92442478	-4.88314773	0.00385430428	0.226782371	0	100	0	0	3
188	158	0	1.68665201	-4.92484	-4.90219729	-4.92484	-4.88314773	0.00416610056	0.226782371	0	100	0	0	3
189	159	0	1.69562356	-4.92625237	-4.90257894	-4.92625237	-4.88314773	0.00454775391	0.226782371	0	100	0	0	3
190	160	0	1.70459511	-4.92510763	-4.90295041	-4.92625237	-4.88314773	0.0049192252	0.226782371	0	100	0	0	3
191	161	0	1.71356667	-4.92561327	-4.90333091	-4.92625237	-4.88314773	0.00529972161	0.226782371	0	100	0	0	3
192	161	0	1.72253822	-4.92526632	-4.90369657	-4.92625237	-4.88314773	0.00566538338	0.226782371	0	100	0	0	3
193	162	0	1.73150977	-4.92459904	-4.90407322	-4.92625237	-4.88314773	0.00604203018	0.226782371	0	100	0	0	3
194	163	0	1.74048133	-4.92427697	-4.90447223	-4.92625237	-4.88314773	0.0064410452	0.226782371	0	100	0	0	3
195	164	0	1.74945288	-4.92784189	-4.90499258	-4.92784189	-4.88314773	0.00696139431	0.226782371	0	100	0	0	3
196	165	0	1.75842443	-4.92920866	-4.90553804	-4.92920866	-4.88314773	0.00750685606	0.226782371	0	100	0	0	3
197	165	0	1.76739599	-4.93191152	-4.90614355	-4.93191152	-4.88314773	0.00811236114	0.226782371	0	100	0	0	3
198	166	0	1.77636754	-4.93321494	-4.90677414	-4.93321494	-4.88314773	0.00874294926	0.226782371	0	100	0	0	3
199	167	0	1.78533909	-4.93421656	-4.90742744	-4.93421656	-4.88314773	0.00939625511	0.226782371	0	100	0	0	3
200	168	0	1.79431065	-4.93251059	-4.90805714	-4.93421656	-4.88314773	0.0100259568	0.226782371	0	100	0	0	3
201	172	0	1.8032822	-4.93140048	-4.90864291	-4.93421656	-4.88314773	0.0106117219	0.226782371	0	100	0	0	3
202	173	0	1.81225375	-4.93038399	-4.90923814	-4.93421656	-4.88314773	0.011206954	0.226782371	0	100	0	0	3
203	174	0	1.82122531	-4.93006926	-4.90980891	-4.93421656	-4.88314773	0.0116999072	0.226782371	0	100	0	0	3
204	175	0	1.83019686	-4.92943595	-4.91033977	-4.93421656	-4.88314773	0.0120738924	0.226782371	0	100	0	0	3
205	175	0	1.83916841	-4.92838227	-4.91081085	-4.93421656	-4.88314773	0.0122944921	0.226782371	0	100	0	0	3
206	176	0	1.84813997	-4.9265336	-4.91117938	-4.93421656	-4.88314773	0.0123708049	0.226782371	0	100	0	0	3
207	177	0	1.85711152	-4.92533571	-4.91144995	-4.93421656	-4.88314773	0.0122996895	0.226782371	0	100	0	0	3
208	178	0	1.86608307	-4.92509723	-4.91167442	-4.93421656	-4.88314773	0.0121430802	0.226782371	0	100	0	0	3
209	178	0	1.87505463	-4.92367522	-4.91187993	-4.93421656	-4.88314773	0.012324686	0.226782371	0	100	0	0	3
210	179	0	1.88402618	-4.92134532	-4.91205015	-4.93421656	-4.88314773	0.0124949075	0.226782371	0	100	0	0	3
211	180	0	1.89299773	-4.92088133	-4.91221846	-4.93421656	-4.88314773	0.01266322	0.226782371	0	100	0	0	3
212	181	0	1.90196928	-4.92090079	-4.91233248	-4.93421656	-4.88314773	0.0127772433	0.226782371	0	100	0	0	3
213	182	0	1.91094084	-4.92193334	-4.9124342	-4.93421656	-4.88314773	0.0128789587	0.226782371	0	100	0	0	3
214	182	0	1.91991239	-4.92325321	-4.91257107	-4.93421656	-4.88314773	0.0130158273	0.226782371	0	100	0	0	3
215	183	0	1.92888394	-4.92417684	-4.91278172	-4.93421656	-4.88314773	0.0132264831	0.226782371	0	100	0	0	3
216	184	0	1.9378555	-4.92576406	-4.91311708	-4.93421656	-4.88314773	0.0135618392	0.226782371	0	100	0	0	3
217	185	0	1.94682705	-4.92577779	-4.91356678	-4.93421656	-4.88314773	0.0140115378	0.226782371	0	100	0	0	3
218	186	0	1.9557986	-4.92308727	-4.91403468	-4.93421656	-4.88314773	0.0144794426	0.226782371	0	100	0	0	3
219	186	0	1.96477016	-4.92329685	-4.91458393	-4.93421656	-4.88314773	0.0150286909	0.226782371	0	100	0	0	3
220	187	0	1.97374171	-4.92272112	-4.9151507	-4.93421656	-4.88314773	0.0155954619	0.226782371	0	100	0	0	3
221	188	0	1.98271326	-4.921464	-4.91569113	-4.93421656	-4.88314773	0.0161358886	0.226782371	0	100	0	0	3
222	189	0	1.99168482	-4.91784758	-4.91616526	-4.93421656	-4.88314773	0.016610022	0.226782371	0	100	0	0	3
223	190	0	2.00065637	-4.91660388	-4.91657787	-4.93421656	-4.88314773	0.0170226276	0.226782371	0	100	0	0	3
224	191	0	2.00962792	-4.91562039	-4.91694593	-4.93421656	-4.88314773	0.0173906912	0.226782371	0	100	0	0	3
225	191	0	2.01859948	-4.91471503	-4.91725742	-4.93421656	-4.88314773	0.0177021853	0.226782371	0	100	0	0	3
226	192	0	2.02757103	-4.91210377	-4.91747763	-4.93421656	-4.88314773	0.0179223938	0.226782371	0	100	0	0	3
227	193	0	2.03654258	-4.90910267	-4.917706	-4.93421656	-4.88314773	0.0181507587	0.226782371	0	100	0	0	3
228	194	0	2.04551414	-4.9083049	-4.91793818	-4.93421656	-4.88314773	0.0183829365	0.226782371	0	100	0	0	3
229	195	0	2.05448569	-4.90773731	-4.9182622	-4.93421656	-4.88314773	0.0187069599	0.226782371	0	100	0	0	3
230	195	0	2.06345724	-4.90762848	-4.91864373	-4.93421656	-4.88314773	0.0190884912	0.226782371	0	100	0	0	3
231	196	0	2.0724288	-4.90599284	-4.91901432	-4.93421656	-4.88314773	0.0194590823	0.226782371	0	100	0	0	3
232	197	0	2.08140035	-4.90434306	-4.91939281	-4.93421656	-4.88770328	0.0198375705	0.226782371	0	100	0	0	3
233	198	0	2.0903719	-4.90088191	-4.91962814	-4.93421656	-4.89172088	0.0200729032	0.226782371	0	100	0	0	3
234	199	0	2.09934346	-4.8962753	-4.91970947	-4.93421656	-4.8962753	0.0200150226	0.226782371	0	100	0	0	3
235	199	0	2.10831501	-4.89117843	-4.91959293	-4.93421656	-4.89117843	0.0197706077	0.226782371	0	100	0	0	3
236	200	0	2.11728656	-4.88729552	-4.91932971	-4.93421656	-4.88729552	0.0194479686	0.226782371	0	100	0	0	3
237	201	0	2.12625812	-4.88756844	-4.9190123	-4.93421656	-4.88729552	0.0191402946	0.226782371	0	100	0	0	3
238	202	0	2.13522967	-4.88556182	-4.91862184	-4.93421656	-4.88556182	0.0188380056	0.226782371	0	100	0	0	3
239	203	0	2.14420122	-4.88595276	-4.9181872	-4.93421656	-4.88556182	0.0186115937	0.226782371	0	100	0	0	3
240	203	0	2.15317278	-4.88784768	-4.91774007	-4.93421656	-4.88556182	0.0183809309	0.226782371	0	100	0	0	3
241	204	0	2.16214433	-4.88723869	-4.91721766	-4.93421656	-4.88556182	0.0181335886	0.226782371	0	100	0	0	3
242	205	0	2.17111588	-4.88851401	-4.91665205	-4.93421656	-4.88556182	0.0178239807	0.226782371	0	100	0	0	3
243	206	0	2.18008744	-4.89394915	-4.91610784	-4.93421656	-4.88556182	0.0175121844	0.226782371	0	100	0	0	3
244	207	0	2.18905899	-4.9003627	-4.91567074	-4.93421656	-4.88556182	0.0171305311	0.226782371	0	100	0	0	3
245	207	0	2.19803054	-4.90497604	-4.91529081	-4.93421656	-4.88556182	0.0167590598	0.226782371	0	100	0	0	3
246	208	0	2.20700209	-4.91262788	-4.91506796	-4.93421656	-4.88556182	0.0163785634	0.226782371	0	100	0	0	3
247	209	0	2.21597365	-4.91842311	-4.91493956	-4.93421656	-4.88556182	0.0160129016	0.226782371	0	100	0	0	3
248	210	0	2.2249452	-4.92178056	-4.91487732	-4.93421656	-4.88556182	0.0156362548	0.226782371	0	100	0	0	3
249	211	0	2.23391675	-4.92588183	-4.91490022	-4.93421656	-4.88556182	0.0152372398	0.226782371	0	100	0	0	3
250	211	0	2.24288831	-4.92722648	-4.91495289	-4.93421656	-4.88556182	0.0147168907	0.226782371	0	100	0	0	3
251	212	0	2.25185986	-4.93007566	-4.91499278	-4.93421656	-4.88556182	0.0141714289	0.226782371	0	100	0	0	3
252	213	0	2.26083141	-4.93294316	-4.91505947	-4.93421656	-4.88556182	0.0135659238	0.226782371	0	100	0	0	3
253	214	0	2.26980297	-4.93442125	-4.91510429	-4.93442125	-4.88556182	0.0129353357	0.226782371	0	100	0	0	3
254	215	0	2.27877452	-4.93692808	-4.91517059	-4.93692808	-4.88556182	0.0122820299	0.226782371	0	100	0	0	3
255	215	0	2.28774607	-4.93944882	-4.91526403	-4.93944882	-4.88556182	0.0116523282	0.226782371	0	100	0	0	3
256	216	0	2.29671763	-4.94010187	-4.91539958	-4.94010187	-4.88556182	0.0110665631	0.226782371	0	100	0	0	3
257	217	0	2.30568918	-4.94324638	-4.91561112	-4.94324638	-4.88556182	0.0104713309	0.226782371	0	100	0	0	3
258	218	0	2.31466073	-4.93962685	-4.91577617	-4.94324638	-4.88556182	0.00990055799	0.226782371	0	100	0	0	3
259	219	0	2.32363229	-4.93814087	-4.9159203	-4.94324638	-4.88556182	0.00936969997	0.226782371	0	100	0	0	3
260	220	0	2.33260384	-4.93537446	-4.91602635	-4.94324638	-4.88556182	0.00889862086	0.226782371	0	100	0	0	3
261	220	0	2.34157539	-4.93260437	-4.91610174	-4.94324638	-4.88556182	0.00853009071	0.226782371	0	100	0	0	3
262	221	0	2.35054695	-4.9306979	-4.91617611	-4.94324638	-4.88556182	0.00825952322	0.226782371	0	100	0	0	3
263	222	0	2.3595185	-4.93375199	-4.9163264	-4.94324638	-4.88556182	0.0080350471	0.226782371	0	100	0	0	3
264	223	0	2.36849005	-4.93445421	-4.91649349	-4.94324638	-4.88556182	0.00782954624	0.226782371	0	100	0	0	3
265	224	0	2.37746161	-4.93520412	-4.91669936	-4.94324638	-4.88556182	0.00765932476	0.226782371	0	100	0	0	3
266	224	0	2.38643316	-4.93467552	-4.9169374	-4.94324638	-4.88556182	0.00749101227	0.226782371	0	100	0	0	3
267	225	0	2.39540471	-4.93232697	-4.91714179	-4.94324638	-4.88556182	0.00737698893	0.226782371	0	100	0	0	3
268	226	0	2.40437627	-4.93188986	-4.91733802	-4.94324638	-4.88556182	0.00727527351	0.226782371	0	100	0	0	3
269	227	0	2.41334782	-4.93334527	-4.9175418	-4.94324638	-4.88556182	0.00713840491	0.226782371	0	100	0	0	3
270	228	0	2.42231937	-4.93177616	-4.917694	-4.94324638	-4.88556182	0.00692774917	0.226782371	0	100	0	0	3
271	228	0	2.43129093	-4.9308623	-4.91781338	-4.94324638	-4.88556182	0.00659239304	0.226782371	0	100	0	0	3
272	229	0	2.44026248	-4.9250941	-4.91780142	-4.94324638	-4.88556182	0.00614269445	0.226782371	0	100	0	0	3
273	230	0	2.44923403	-4.9220181	-4.91773428	-4.94324638	-4.88556182	0.0056747896	0.226782371	0	100	0	0	3
274	231	0	2.45820559	-4.92139415	-4.91770405	-4.94324638	-4.88556182	0.00512554129	0.226782371	0	100	0	0	3
275	232	0	2.46717714	-4.9241695	-4.91771963	-4.94324638	-4.88556182	0.00483215566	0.226782371	0	100	0	0	3
276	232	0	2.47614869	-4.92657404	-4.91778843	-4.94324638	-4.88556182	0.00483215566	0.226782371	0	100	0	0	3
277	233	0	2.48512024	-4.92795142	-4.91790428	-4.94324638	-4.88556182	0.00483215566	0.226782371	0	100	0	0	3
278	234	0	2.4940918	-4.92753451	-4.91807726	-4.94324638	-4.88556182	0.00483215566	0.226782371	0	100	0	0	3
279	235	0	2.50306335	-4.92412135	-4.9182115	-4.94324638	-4.88556182	0.00483215566	0.226782371	0	100	0	0	3
280	236	0	2.5120349	-4.92136806	-4.91831414	-4.94324638	-4.88556182	0.00483215566	0.226782371	0	100	0	0	3
281	237	0	2.52100646	-4.91862552	-4.91838397	-4.94324638	-4.88556182	0.00483215566	0.226782371	0	100	0	0	3
282	237	0	2.52997801	-4.91435403	-4.91842415	-4.94324638	-4.88556182	0.00483215566	0.226782371	0	100	0	0	3
283	238	0	2.53894956	-4.91161926	-4.91846909	-4.94324638	-4.88556182	0.00483215566	0.226782371	0	100	0	0	3
284	239	0	2.54792112	-4.91336459	-4.91855944	-4.94324638	-4.88556182	0.00483215566	0.226782371	0	100	0	0	3
285	240	0	2.55689267	-4.91192485	-4.91863422	-4.94324638	-4.88556182	0.00483215566	0.226782371	0	100	0	0	3
286	241	0	2.56586422	-4.91077072	-4.91869033	-4.94324638	-4.88556182	0.00483215566	0.226782371	0	100	0	0	3
287	241	0	2.57483578	-4.91071878	-4.91877472	-4.94324638	-4.88556182	0.00483215566	0.226782371	0	100	0	0	3
288	242	0	2.58380733	-4.90860315	-4.91885079	-4.94324638	-4.88556182	0.00483215566	0.226782371	0	100	0	0	3
289	243	0	2.59277888	-4.90645617	-4.91895034	-4.94324638	-4.88556182	0.00483215566	0.226782371	0	100	0	0	3
290	244	0	2.60175044	-4.90527146	-4.91911098	-4.94324638	-4.88556182	0.00471561298	0.226782371	0	100	0	0	3
291	245	0	2.61072199	-4.90672459	-4.91938859	-4.94324638	-4.88556182	0.00451127476	0.226782371	0	100	0	0	3
292	246	0	2.61969354	-4.91117538	-4.91981502	-4.94324638	-4.88556182	0.00493770089	0.226782371	0	100	0	0	3
293	246	0	2.6286651	-4.91307182	-4.92027043	-4.94324638	-4.88556182	0.00539311837	0.226782371	0	100	0	0	3
294	247	0	2.63763665	-4.91387664	-4.92077606	-4.94324638	-4.88595276	0.00589874023	0.226782371	0	100	0	0	3
295	248	0	2.6466082	-4.91388545	-4.92127485	-4.94324638	-4.88723869	0.00639753828	0.226782371	0	100	0	0	3
296	249	0	2.65557976	-4.91236665	-4.92171269	-4.94324638	-4.88723869	0.00683537702	0.226782371	0	100	0	0	3
297	249	0	2.66455131	-4.91206547	-4.92215603	-4.94324638	-4.88851401	0.00727871235	0.226782371	0	100	0	0	3
298	250	0	2.67352286	-4.90952145	-4.92253116	-4.94324638	-4.89394915	0.00765384526	0.226782371	0	100	0	0	3
299	251	0	2.68249442	-4.90489181	-4.92272657	-4.94324638	-4.9003627	0.00784924984	0.226782371	0	100	0	0	3
300	252	0	2.69146597	-4.90332325	-4.92277943	-4.94324638	-4.90332325	0.00790211679	0.226782371	0	100	0	0	3
301	256	0	2.70043752	-4.90401263	-4.92276223	-4.94324638	-4.90332325	0.00790211679	0.226782371	0	100	0	0	3
302	257	0	2.70940908	-4.90705061	-4.92266264	-4.94324638	-4.90332325	0.00790211679	0.226782371	0	100	0	0	3
303	258	0	2.71838063	-4.90915728	-4.92249717	-4.94324638	-4.90332325	0.00790211679	0.226782371	0	100	0	0	3
304	259	0	2.72735218	-4.90701606	-4.92223352	-4.94324638	-4.90332325	0.00787920973	0.226782371	0	100	0	0	3
305	260	0	2.73632374	-4.90198531	-4.9218068	-4.94324638	-4.90198531	0.00782653989	0.226782371	0	100	0	0	3
306	260	0	2.74529529	-4.89982894	-4.92131756	-4.94324638	-4.89982894	0.00778665112	0.226782371	0	100	0	0	3
307	261	0	2.75426684	-4.90165989	-4.92081013	-4.94324638	-4.89982894	0.00771996348	0.226782371	0	100	0	0	3
308	262	0	2.7632384	-4.9030129	-4.92027566	-4.94324638	-4.89982894	0.00767514679	0.226782371	0	100	0	0	3
309	263	0	2.77220995	-4.90609299	-4.9197698	-4.94324638	-4.89982894	0.00760884074	0.226782371	0	100	0	0	3
310	264	0	2.7811815	-4.91006287	-4.91929007	-4.94324638	-4.89982894	0.00751540747	0.226782371	0	100	0	0	3
311	265	0	2.79015305	-4.91154444	-4.91879177	-4.94324638	-4.89982894	0.00737984901	0.226782371	0	100	0	0	3
312	266	0	2.79912461	-4.91017504	-4.91825737	-4.94324638	-4.89982894	0.0071683151	0.226782371	0	100	0	0	3
313	267	0	2.80809616	-4.90749823	-4.91761901	-4.93962685	-4.89982894	0.0070032641	0.226782371	0	100	0	0	3
314	268	0	2.81706771	-4.90186317	-4.91694465	-4.93814087	-4.89982894	0.00685912812	0.226782371	0	100	0	0	3
315	269	0	2.82603927	-4.89756841	-4.91622015	-4.93537446	-4.89756841	0.0067530833	0.226782371	0	100	0	0	3
316	270	0	2.83501082	-4.89228286	-4.91545065	-4.93520412	-4.89228286	0.00732877996	0.226782371	0	100	0	0	3
317	270	0	2.84398237	-4.89118815	-4.91471108	-4.93520412	-4.89118815	0.00806835532	0.226782371	0	100	0	0	3
318	271	0	2.85295393	-4.89364482	-4.91404942	-4.93520412	-4.89118815	0.00873001746	0.226782371	0	100	0	0	3
319	272	0	2.86192548	-4.898781	-4.91342493	-4.93520412	-4.89118815	0.00935449948	0.226782371	0	100	0	0	3
320	273	0	2.87089703	-4.89927244	-4.91279669	-4.93520412	-4.89118815	0.0099827453	0.226782371	0	100	0	0	3
321	274	0	2.87986859	-4.89753386	-4.912124	-4.93467552	-4.89118815	0.0106554285	0.226782371	0	100	0	0	3
322	274	0	2.88884014	-4.89138071	-4.91135088	-4.93334527	-4.89118815	0.0114285501	0.226782371	0	100	0	0	3
323	275	0	2.89781169	-4.89066759	-4.91060697	-4.93334527	-4.89066759	0.0121724678	0.226782371	0	100	0	0	3
324	276	0	2.90678325	-4.88834452	-4.90982937	-4.93334527	-4.88834452	0.0129500631	0.226782371	0	100	0	0	3
325	277	0	2.9157548	-4.88898771	-4.90903727	-4.93177616	-4.88834452	0.0137421625	0.226782371	0	100	0	0	3
326	278	0	2.92472635	-4.89203776	-4.90832766	-4.9308623	-4.88834452	0.0144517767	0.226782371	0	100	0	0	3
327	279	0	2.93369791	-4.89788764	-4.90773882	-4.92795142	-4.88834452	0.0150406099	0.226782371	0	100	0	0	3
328	280	0	2.94266946	-4.90264991	-4.90733803	-4.92795142	-4.88834452	0.015441399	0.226782371	0	100	0	0	3
329	280	0	2.95164101	-4.90764365	-4.90708135	-4.92795142	-4.88834452	0.0156980856	0.226782371	0	100	0	0	3
330	281	0	2.96061257	-4.90957201	-4.90687024	-4.92795142	-4.88834452	0.0159091952	0.226782371	0	100	0	0	3
331	282	0	2.96958412	-4.91135835	-4.90664147	-4.92795142	-4.88834452	0.0161379657	0.226782371	0	100	0	0	3
332	283	0	2.97855567	-4.91221112	-4.90638499	-4.92795142	-4.88834452	0.0163944464	0.226782371	0	100	0	0	3
333	284	0	2.98752723	-4.91452625	-4.90614525	-4.92753451	-4.88834452	0.0166341815	0.226782371	0	100	0	0	3
334	285	0	2.99649878	-4.91433034	-4.90590946	-4.92412135	-4.88834452	0.0168699703	0.226782371	0	100	0	0	3
335	285	0	3.00547033	-4.91634833	-4.90577066	-4.92136806	-4.88834452	0.0170087743	0.226782371	0	100	0	0	3
336	286	0	3.01444189	-4.91837499	-4.90571721	-4.91862552	-4.88834452	0.017062222	0.226782371	0	100	0	0	3
337	287	0	3.02341344	-4.92153979	-4.90576925	-4.92153979	-4.88834452	0.017062222	0.226782371	0	100	0	0	3
338	288	0	3.03238499	-4.9270451	-4.90599588	-4.9270451	-4.88834452	0.017062222	0.226782371	0	100	0	0	3
339	289	0	3.04135655	-4.9274248	-4.90627812	-4.9274248	-4.88834452	0.017062222	0.226782371	0	100	0	0	3
340	290	0	3.0503281	-4.93218263	-4.90661416	-4.93218263	-4.88834452	0.017062222	0.226782371	0	100	0	0	3
341	291	0	3.05929965	-4.93613741	-4.90704652	-4.93613741	-4.88834452	0.017062222	0.226782371	0	100	0	0	3
342	291	0	3.0682712	-4.93934518	-4.90755678	-4.93934518	-4.88834452	0.017062222	0.226782371	0	100	0	0	3
343	292	0	3.07724276	-4.94489662	-4.9081671	-4.94489662	-4.88834452	0.017062222	0.226782371	0	100	0	0	3
344	293	0	3.08621431	-4.94916497	-4.90889142	-4.94916497	-4.88834452	0.017062222	0.226782371	0	100	0	0	3
345	294	0	3.09518586	-4.95104378	-4.90968763	-4.95104378	-4.88834452	0.017062222	0.226782371	0	100	0	0	3
346	295	0	3.10415742	-4.95203721	-4.91052273	-4.95203721	-4.88834452	0.017062222	0.226782371	0	100	0	0	3
347	295	0	3.11312897	-4.95186453	-4.9113288	-4.95203721	-4.88834452	0.017062222	0.226782371	0	100	0	0	3
348	296	0	3.12210052	-4.95369445	-4.91208807	-4.95369445	-4.88834452	0.017062222	0.226782371	0	100	0	0	3
349	297	0	3.13107208	-4.9547615	-4.91283253	-4.9547615	-4.88834452	0.017062222	0.226782371	0	100	0	0	3
350	298	0	3.14004363	-4.9567314	-4.91359779	-4.9567314	-4.88834452	0.017062222	0.226782371	0	100	0	0	3
351	299	0	3.14901518	-4.95810745	-4.91438747	-4.95810745	-4.88834452	0.017062222	0.226782371	0	100	0	0	3
352	300	0	3.15798674	-4.95965042	-4.91523182	-4.95965042	-4.88834452	0.017062222	0.226782371	0	100	0	0	3
353	300	0	3.16695829	-4.96156804	-4.9161158	-4.96156804	-4.88834452	0.017062222	0.226782371	0	100	0	0	3
354	301	0	3.17592984	-4.96211339	-4.91705494	-4.96211339	-4.88834452	0.017062222	0.226782371	0	100	0	0	3
355	302	0	3.1849014	-4.96280871	-4.91808917	-4.96280871	-4.88834452	0.017062222	0.226782371	0	100	0	0	3
356	303	0	3.19387295	-4.96018402	-4.91910454	-4.96280871	-4.88834452	0.0170450182	0.226782371	0	100	0	0	3
357	304	0	3.2028445	-4.96144321	-4.92013009	-4.96280871	-4.88834452	0.0169454241	0.226782371	0	100	0	0	3
358	304	0	3.21181606	-4.95779301	-4.9210362	-4.96280871	-4.88834452	0.0167799628	0.226782371	0	100	0	0	3
359	305	0	3.22078761	-4.95820797	-4.9219121	-4.96280871	-4.88834452	0.0165163109	0.226782371	0	100	0	0	3
360	306	0	3.22975916	-4.95295824	-4.9227325	-4.96280871	-4.88834452	0.01701529	0.226782371	0	100	0	0	3
361	307	0	3.23873072	-4.95045928	-4.92359811	-4.96280871	-4.88834452	0.0178808965	0.226782371	0	100	0	0	3
362	308	0	3.24770227	-4.9436979	-4.92438148	-4.96280871	-4.88834452	0.0186642707	0.226782371	0	100	0	0	3
363	308	0	3.25667382	-4.93701975	-4.92501291	-4.96280871	-4.88834452	0.0192956968	0.226782371	0	100	0	0	3
364	309	0	3.26564538	-4.9318646	-4.92552812	-4.96280871	-4.88834452	0.0198109057	0.226782371	0	100	0	0	3
365	310	0	3.27461693	-4.93211488	-4.92599279	-4.96280871	-4.88834452	0.0202755823	0.226782371	0	100	0	0	3
366	311	0	3.28358848	-4.93180344	-4.92638102	-4.96280871	-4.88834452	0.0206638068	0.226782371	0	100	0	0	3
367	312	0	3.29256004	-4.93244402	-4.92675422	-4.96280871	-4.88834452	0.0210370136	0.226782371	0	100	0	0	3
368	312	0	3.30153159	-4.92860907	-4.9270834	-4.96280871	-4.88834452	0.0213661928	0.226782371	0	100	0	0	3
369	313	0	3.31050314	-4.9253633	-4.92740242	-4.96280871	-4.88834452	0.021685212	0.226782371	0	100	0	0	3
370	314	0	3.3194747	-4.92235501	-4.92776835	-4.96280871	-4.88834452	0.0220511377	0.226782371	0	100	0	0	3
371	315	0	3.32844625	-4.92102428	-4.9281872	-4.96280871	-4.88834452	0.0224699925	0.226782371	0	100	0	0	3
372	316	0	3.3374178	-4.91816174	-4.92864933	-4.96280871	-4.88834452	0.0229321154	0.226782371	0	100	0	0	3
373	317	0	3.34638936	-4.91649206	-4.92910118	-4.96280871	-4.88834452	0.0233839709	0.226782371	0	100	0	0	3
374	317	0	3.35536091	-4.91374309	-4.92946008	-4.96280871	-4.88834452	0.0237428686	0.226782371	0	100	0	0	3
375	318	0	3.36433246	-4.91312656	-4.92971625	-4.96280871	-4.88834452	0.0239990393	0.226782371	0	100	0	0	3
376	319	0	3.37330401	-4.91326797	-4.92996617	-4.96280871	-4.88834452	0.0242489595	0.226782371	0	100	0	0	3
377	320	0	3.38227557	-4.91239395	-4.93023153	-4.96280871	-4.88834452	0.0245143181	0.226782371	0	100	0	0	3
378	321	0	3.39124712	-4.91220202	-4.93060334	-4.96280871	-4.88834452	0.0248861273	0.226782371	0	100	0	0	3
379	321	0	3.40021867	-4.91102735	-4.93096691	-4.96280871	-4.88834452	0.0252496945	0.226782371	0	100	0	0	3
380	322	0	3.40919023	-4.91028331	-4.93135867	-4.96280871	-4.88898771	0.0256414587	0.226782371	0	100	0	0	3
381	323	0	3.41816178	-4.91121363	-4.93175556	-4.96280871	-4.89203776	0.0260383501	0.226782371	0	100	0	0	3
382	324	0	3.42713333	-4.91078755	-4.93209038	-4.96280871	-4.89788764	0.0263731677	0.226782371	0	100	0	0	3
383	325	0	3.43610489	-4.91108449	-4.93232604	-4.96280871	-4.90264991	0.0266088257	0.226782371	0	100	0	0	3
384	325	0	3.44507644	-4.91321379	-4.93251468	-4.96280871	-4.90764365	0.0267974664	0.226782371	0	100	0	0	3
385	326	0	3.45404799	-4.91476125	-4.93264178	-4.96280871	-4.90957201	0.0269245664	0.226782371	0	100	0	0	3
386	327	0	3.46301955	-4.91482685	-4.93273561	-4.96280871	-4.91028331	0.0270184028	0.226782371	0	100	0	0	3
387	328	0	3.4719911	-4.91485069	-4.93279798	-4.96280871	-4.91028331	0.027080766	0.226782371	0	100	0	0	3
388	329	0	3.48096265	-4.91426454	-4.93283465	-4.96280871	-4.91028331	0.0271174341	0.226782371	0	100	0	0	3
389	330	0	3.48993421	-4.91233638	-4.93279554	-4.96280871	-4.91028331	0.0271174341	0.226782371	0	100	0	0	3
390	330	0	3.49890576	-4.91392843	-4.93278836	-4.96280871	-4.91028331	0.0271174341	0.226782371	0	100	0	0	3
391	331	0	3.50787731	-4.91787703	-4.93281566	-4.96280871	-4.91028331	0.0271174341	0.226782371	0	100	0	0	3
392	332	0	3.51684887	-4.91872807	-4.93282197	-4.96280871	-4.91028331	0.0270653936	0.226782371	0	100	0	0	3
393	333	0	3.52582042	-4.92155586	-4.93282225	-4.96280871	-4.91028331	0.0268387673	0.226782371	0	100	0	0	3
394	334	0	3.53479197	-4.92153461	-4.93272385	-4.96280871	-4.91028331	0.0265565254	0.226782371	0	100	0	0	3
395	335	0	3.54376353	-4.9229834	-4.93264454	-4.96280871	-4.91028331	0.026220489	0.226782371	0	100	0	0	3
396	335	0	3.55273508	-4.92461406	-4.93250939	-4.96280871	-4.91028331	0.0257881219	0.226782371	0	100	0	0	3
397	336	0	3.56170663	-4.92635218	-4.93233465	-4.96280871	-4.91028331	0.0252778637	0.226782371	0	100	0	0	3
398	337	0	3.57067819	-4.9255155	-4.93208769	-4.96280871	-4.91028331	0.0246675451	0.226782371	0	100	0	0	3
399	338	0	3.57964974	-4.92266807	-4.93169075	-4.96280871	-4.91028331	0.0239432268	0.226782371	0	100	0	0	3
400	339	0	3.58862129	-4.92164806	-4.93119938	-4.96280871	-4.91028331	0.0231470195	0.226782371	0	100	0	0	3
401	343	0	3.59759285	-4.92333957	-4.93070466	-4.96280871	-4.91028331	0.0223119167	0.226782371	0	100	0	0	3
402	344	0	3.6065644	-4.92491426	-4.93022032	-4.96280871	-4.91028331	0.0215058464	0.226782371	0	100	0	0	3
403	345	0	3.61553595	-4.92497843	-4.92974022	-4.96280871	-4.91028331	0.0207465773	0.226782371	0	100	0	0	3
404	346	0	3.62450751	-4.92438513	-4.92921684	-4.96280871	-4.91028331	0.0200021186	0.226782371	0	100	0	0	3
405	347	0	3.63347906	-4.9226267	-4.928643	-4.96280871	-4.91028331	0.019236855	0.226782371	0	100	0	0	3
406	347	0	3.64245061	-4.92379496	-4.92805485	-4.96280871	-4.91028331	0.0184471763	0.226782371	0	100	0	0	3
407	348	0	3.65142216	-4.92492697	-4.92746234	-4.96280871	-4.91028331	0.0176028232	0.226782371	0	100	0	0	3
408	349	0	3.66039372	-4.92786977	-4.92689483	-4.96280871	-4.91028331	0.0167188487	0.226782371	0	100	0	0	3
409	350	0	3.66936527	-4.93081331	-4.92634564	-4.96280871	-4.91028331	0.015779707	0.226782371	0	100	0	0	3
410	351	0	3.67833682	-4.93074817	-4.92578554	-4.96280871	-4.91028331	0.0147454767	0.226782371	0	100	0	0	3
411	352	0	3.68730838	-4.92918305	-4.92518509	-4.96144321	-4.91028331	0.0137301058	0.226782371	0	100	0	0	3
412	352	0	3.69627993	-4.92648205	-4.92458326	-4.96144321	-4.91028331	0.0127045598	0.226782371	0	100	0	0	3
413	353	0	3.70525148	-4.92691643	-4.92396671	-4.95820797	-4.91028331	0.0117984455	0.226782371	0	100	0	0	3
414	354	0	3.71422304	-4.92647349	-4.92340744	-4.95820797	-4.91028331	0.0109225402	0.226782371	0	100	0	0	3
415	355	0	3.72319459	-4.92814659	-4.92287063	-4.95295824	-4.91028331	0.0101021441	0.226782371	0	100	0	0	3
416	356	0	3.73216614	-4.93041275	-4.92246803	-4.95045928	-4.91028331	0.0103666156	0.226782371	0	100	0	0	3
417	356	0	3.7411377	-4.93525487	-4.92219652	-4.9436979	-4.91028331	0.0106381228	0.226782371	0	100	0	0	3
418	357	0	3.75010925	-4.93869099	-4.92210711	-4.93869099	-4.91028331	0.0107275318	0.226782371	0	100	0	0	3
419	358	0	3.7590808	-4.93743444	-4.92211452	-4.93869099	-4.91028331	0.0107275318	0.226782371	0	100	0	0	3
420	359	0	3.76805236	-4.93091328	-4.92209753	-4.93869099	-4.91028331	0.0107371146	0.226782371	0	100	0	0	3
421	360	0	3.77702391	-4.92136593	-4.92190558	-4.93869099	-4.91028331	0.0109290602	0.226782371	0	100	0	0	3
422	361	0	3.78599546	-4.91546737	-4.92161387	-4.93869099	-4.91028331	0.0112207757	0.226782371	0	100	0	0	3
423	361	0	3.79496702	-4.91411507	-4.92128657	-4.93869099	-4.91028331	0.0115480783	0.226782371	0	100	0	0	3
424	362	0	3.80393857	-4.91434592	-4.92103187	-4.93869099	-4.91028331	0.0118027775	0.226782371	0	100	0	0	3
425	363	0	3.81291012	-4.91740477	-4.92088975	-4.93869099	-4.91028331	0.0119448942	0.226782371	0	100	0	0	3
426	364	0	3.82188168	-4.92018828	-4.92085106	-4.93869099	-4.91028331	0.0119835858	0.226782371	0	100	0	0	3
427	365	0	3.83085323	-4.91847107	-4.92080547	-4.93869099	-4.91028331	0.0120291789	0.226782371	0	100	0	0	3
428	366	0	3.83982478	-4.91473653	-4.9207443	-4.93869099	-4.91028331	0.0120903432	0.226782371	0	100	0	0	3
429	366	0	3.84879634	-4.90618652	-4.92056027	-4.93869099	-4.90618652	0.0122743707	0.226782371	0	100	0	0	3
430	367	0	3.85776789	-4.90143331	-4.92034046	-4.93869099	-4.90143331	0.0124941881	0.226782371	0	100	0	0	3
431	368	0	3.86673944	-4.90076392	-4.9201197	-4.93869099	-4.90076392	0.0127149497	0.226782371	0	100	0	0	3
432	369	0	3.875711	-4.90008749	-4.91988433	-4.93869099	-4.90008749	0.0129503154	0.226782371	0	100	0	0	3
433	370	0	3.88468255	-4.90096524	-4.91968025	-4.93869099	-4.90008749	0.0131543993	0.226782371	0	100	0	0	3
434	371	0	3.8936541	-4.90029777	-4.91946767	-4.93869099	-4.90008749	0.0133669754	0.226782371	0	100	0	0	3
435	371	0	3.90262566	-4.89765637	-4.9192289	-4.93869099	-4.89765637	0.0136057429	0.226782371	0	100	0	0	3
436	372	0	3.91159721	-4.89483497	-4.91895304	-4.93869099	-4.89483497	0.0138816062	0.226782371	0	100	0	0	3
437	373	0	3.92056876	-4.89064111	-4.91858567	-4.93869099	-4.89064111	0.0142489727	0.226782371	0	100	0	0	3
438	374	0	3.92954032	-4.88781021	-4.91817536	-4.93869099	-4.88781021	0.0146592823	0.226782371	0	100	0	0	3
439	375	0	3.93851187	-4.88761595	-4.91775628	-4.93869099	-4.88761595	0.0150783632	0.226782371	0	100	0	0	3
440	375	0	3.94748342	-4.88997103	-4.91734123	-4.93869099	-4.88761595	0.0154934126	0.226782371	0	100	0	0	3
441	376	0	3.95645497	-4.89218407	-4.91693807	-4.93869099	-4.88761595	0.0158965765	0.226782371	0	100	0	0	3
442	377	0	3.96542653	-4.89717712	-4.91662289	-4.93869099	-4.88761595	0.0162117503	0.226782371	0	100	0	0	3
443	378	0	3.97439808	-4.90037371	-4.91636438	-4.93869099	-4.88761595	0.0164702678	0.226782371	0	100	0	0	3
444	379	0	3.98336963	-4.90327543	-4.91616814	-4.93869099	-4.88761595	0.0166541101	0.226782371	0	100	0	0	3
445	380	0	3.99234119	-4.90581692	-4.91605172	-4.93869099	-4.88761595	0.0167705291	0.226782371	0	100	0	0	3
446	380	0	4.00131274	-4.90730152	-4.91593339	-4.93869099	-4.88761595	0.0168888668	0.226782371	0	100	0	0	3
