Iteration	CPUTime	PhysTime	Travels	Value	AvValue	MinValue	MaxValue	Delta	Criteria	PrevAvRefValue	Progress	CriteriaType	CriteriaVarType	CriteriaPercentage
1	6	0	0.00897155323	0	0	0	0	0	0	0	0	0	0	3
2	7	0	0.0179431065	0	0	0	0	0	0	0	0	0	0	3
3	8	0	0.0269146597	0	0	0	0	0	0	0	0	0	0	3
4	9	0	0.0358862129	0	0	0	0	0	0	0	0	0	0	3
5	10	0	0.0448577662	0	0	0	0	0	0	0	0	0	0	3
6	11	0	0.0538293194	0	0	0	0	0	0	0	0	0	0	3
7	11	0	0.0628008726	0	0	0	0	0	0	0	0	0	0	3
8	12	0	0.0717724258	0	0	0	0	0	0	0	0	0	0	3
9	13	0	0.0807439791	0	0	0	0	0	0	0	0	0	0	3
10	14	0	0.0897155323	0	0	0	0	0	0	0	0	0	0	3
11	14	0	0.0986870855	0	0	0	0	0	0	0	0	0	0	3
12	15	0	0.107658639	0	0	0	0	0	0	0	0	0	0	3
13	16	0	0.116630192	0	0	0	0	0	0	0	0	0	0	3
14	17	0	0.125601745	0	0	0	0	0	0	0	0	0	0	3
15	17	0	0.134573298	0	0	0	0	0	0	0	0	0	0	3
16	18	0	0.143544852	0	0	0	0	0	0	0	0	0	0	3
17	19	0	0.152516405	0	0	0	0	0	0	0	0	0	0	3
18	20	0	0.161487958	0	0	0	0	0	0	0	0	0	0	3
19	20	0	0.170459511	0	0	0	0	0	0	0	0	0	0	3
20	21	0	0.179431065	0	0	0	0	0	0	0	0	0	0	3
21	22	0	0.188402618	0	0	0	0	0	0	0	0	0	0	3
22	22	0	0.197374171	0	0	0	0	0	0	0	0	0	0	3
23	23	0	0.206345724	0	0	0	0	0	0	0	0	0	0	3
24	24	0	0.215317278	0	0	0	0	0	0	0	0	0	0	3
25	25	0	0.224288831	0	0	0	0	0	0	0	0	0	0	3
26	25	0	0.233260384	0	0	0	0	0	0	0	0	0	0	3
27	26	0	0.242231937	0	0	0	0	0	0	0	0	0	0	3
28	27	0	0.25120349	0	0	0	0	0	0	0	0	0	0	3
29	28	0	0.260175044	0	0	0	0	0	0	0	0	0	0	3
30	28	0	0.269146597	0	0	0	0	0	0	0	0	0	0	3
31	29	0	0.27811815	0	0	0	0	0	0	0	0	0	0	3
32	30	0	0.287089703	0	0	0	0	0	0	0	0	0	0	3
33	31	0	0.296061257	0	0	0	0	0	0	0	0	0	0	3
34	32	0	0.30503281	0	0	0	0	0	0	0	0	0	0	3
35	32	0	0.314004363	0	0	0	0	0	0	0	0	0	0	3
36	33	0	0.322975916	0	0	0	0	0	0	0	0	0	0	3
37	34	0	0.33194747	0	0	0	0	0	0	0	0	0	0	3
38	35	0	0.340919023	0	0	0	0	0	0	0	0	0	0	3
39	36	0	0.349890576	0	0	0	0	0	0	0	0	0	0	3
40	36	0	0.358862129	0	0	0	0	0	0	0	0	0	0	3
41	37	0	0.367833682	0	0	0	0	0	0	0	0	0	0	3
42	38	0	0.376805236	0	0	0	0	0	0	0	0	0	0	3
43	39	0	0.385776789	0	0	0	0	0	0	0	0	0	0	3
44	40	0	0.394748342	0	0	0	0	0	0	0	0	0	0	3
45	40	0	0.403719895	0	0	0	0	0	0	0	0	0	0	3
46	41	0	0.412691449	0	0	0	0	0	0	0	0	0	0	3
47	42	0	0.421663002	0	0	0	0	0	0	0	0	0	0	3
48	43	0	0.430634555	0	0	0	0	0	0	0	0	0	0	3
49	44	0	0.439606108	0	0	0	0	0	0	0	0	0	0	3
50	45	0	0.448577662	0	0	0	0	0	0	0	0	0	0	3
51	45	0	0.457549215	0	0	0	0	0	0	0	0	0	0	3
52	46	0	0.466520768	0	0	0	0	0	0	0	0	0	0	3
53	47	0	0.475492321	0	0	0	0	0	0	0	0	0	0	3
54	48	0	0.484463874	0	0	0	0	0	0	0	0	0	0	3
55	49	0	0.493435428	0	0	0	0	0	0	0	0	0	0	3
56	49	0	0.502406981	0	0	0	0	0	0	0	0	0	0	3
57	50	0	0.511378534	0	0	0	0	0	0	0	0	0	0	3
58	51	0	0.520350087	0	0	0	0	0	0	0	0	0	0	3
59	52	0	0.529321641	0	0	0	0	0	0	0	0	0	0	3
60	52	0	0.538293194	0	0	0	0	0	0	0	0	0	0	3
61	53	0	0.547264747	0	0	0	0	0	0	0	0	0	0	3
62	54	0	0.5562363	0	0	0	0	0	0	0	0	0	0	3
63	55	0	0.565207854	0	0	0	0	0	0	0	0	0	0	3
64	56	0	0.574179407	0	0	0	0	0	0	0	0	0	0	3
65	56	0	0.58315096	0	0	0	0	0	0	0	0	0	0	3
66	57	0	0.592122513	0	0	0	0	0	0	0	0	0	0	3
67	58	0	0.601094066	0	0	0	0	0	0	0	0	0	0	3
68	59	0	0.61006562	0	0	0	0	0	0	0	0	0	0	3
69	59	0	0.619037173	0	0	0	0	0	0	0	0	0	0	3
70	60	0	0.628008726	0	0	0	0	0	0	0	0	0	0	3
71	61	0	0.636980279	0	0	0	0	0	0	0	0	0	0	3
72	62	0	0.645951833	0	0	0	0	0	0	0	0	0	0	3
73	63	0	0.654923386	0	0	0	0	0	0	0	0	0	0	3
74	63	0	0.663894939	0	0	0	0	0	0	0	0	0	0	3
75	64	0	0.672866492	0	0	0	0	0	0	0	0	0	0	3
76	65	0	0.681838046	0	0	0	0	0	0	0	0	0	0	3
77	66	0	0.690809599	0	0	0	0	0	0	0	0	0	0	3
78	67	0	0.699781152	0	0	0	0	0	0	0	0	0	0	3
79	67	0	0.708752705	0	0	0	0	0	0	0	0	0	0	3
80	68	0	0.717724258	0	0	0	0	0	0	0	0	0	0	3
81	69	0	0.726695812	0	0	0	0	0	0	0	0	0	0	3
82	70	0	0.735667365	0	0	0	0	0	0	0	0	0	0	3
83	71	0	0.744638918	0	0	0	0	0	0	0	0	0	0	3
84	71	0	0.753610471	0	0	0	0	0	0	0	0	0	0	3
85	72	0	0.762582025	0	0	0	0	0	0	0	0	0	0	3
86	73	0	0.771553578	0	0	0	0	0	0	0	0	0	0	3
87	74	0	0.780525131	0	0	0	0	0	0	0	0	0	0	3
88	75	0	0.789496684	0	0	0	0	0	0	0	0	0	0	3
89	75	0	0.798468238	0	0	0	0	0	0	0	0	0	0	3
90	76	0	0.807439791	0	0	0	0	0	0	0	0	0	0	3
91	77	0	0.816411344	0	0	0	0	0	0	0	0	0	0	3
92	78	0	0.825382897	0	0	0	0	0	0	0	0	0	0	3
93	79	0	0.83435445	0	0	0	0	0	0	0	0	0	0	3
94	79	0	0.843326004	0	0	0	0	0	0	0	0	0	0	3
95	80	0	0.852297557	0	0	0	0	0	0	0	0	0	0	3
96	81	0	0.86126911	0	0	0	0	0	0	0	0	0	0	3
97	82	0	0.870240663	0	0	0	0	0	0	0	0	0	0	3
98	83	0	0.879212217	0	0	0	0	0	0	0	0	0	0	3
99	83	0	0.88818377	0	0	0	0	0	0	0	0	0	0	3
100	84	0	0.897155323	0	0	0	0	0	0	0	0	0	0	3
101	88	0	0.906126876	0	0	0	0	0	0	0	0	0	0	3
102	89	0	0.91509843	0	0	0	0	0	0	0	0	0	0	3
103	90	0	0.924069983	0	0	0	0	0	0	0	0	0	0	3
104	91	0	0.933041536	0	0	0	0	0	0	0	0	0	0	3
105	92	0	0.942013089	0	0	0	0	0	0	0	0	0	0	3
106	92	0	0.950984642	0	0	0	0	0	0	0	0	0	0	3
107	93	0	0.959956196	0	0	0	0	0	0	0	0	0	0	3
108	94	0	0.968927749	0	0	0	0	0	0	0	0	0	0	3
109	95	0	0.977899302	0	0	0	0	0	0	0	0	0	0	3
110	96	0	0.986870855	0	0	0	0	0	0	0	0	0	0	3
111	96	0	0.995842409	0	0	0	0	0	0	0	0	0	0	3
112	97	0	1.00481396	0	0	0	0	0	0.001	0	0	0	0	3
113	98	0	1.01378552	0	0	0	0	0	0.001	0	0	0	0	3
114	99	0	1.02275707	0	0	0	0	0	0.001	0	0	0	0	3
115	100	0	1.03172862	0	0	0	0	0	0.001	0	0	0	0	3
116	100	0	1.04070017	0	0	0	0	0	0.001	0	0	0	0	3
117	101	0	1.04967173	0	0	0	0	0	0.001	0	0	0	0	3
118	102	0	1.05864328	0	0	0	0	0	0.001	0	0	0	0	3
119	103	0	1.06761483	0	0	0	0	0	0.001	0	0	0	0	3
120	104	0	1.07658639	0	0	0	0	0	0.001	0	0	0	0	3
121	104	0	1.08555794	0	0	0	0	0	0.001	0	0	0	0	3
122	105	0	1.09452949	0	0	0	0	0	0.001	0	0	0	0	3
123	106	0	1.10350105	0	0	0	0	0	0.001	0	0	0	0	3
124	107	0	1.1124726	0	0	0	0	0	0.001	0	0	0	0	3
125	108	0	1.12144415	0	0	0	0	0	0.001	0	0	0	0	3
126	108	0	1.13041571	0	0	0	0	0	0.001	0	0	0	0	3
127	109	0	1.13938726	0	0	0	0	0	0.001	0	0	0	0	3
128	110	0	1.14835881	0	0	0	0	0	0.001	0	0	0	0	3
129	111	0	1.15733037	0	0	0	0	0	0.001	0	0	0	0	3
130	112	0	1.16630192	0	0	0	0	0	0.001	0	0	0	0	3
131	112	0	1.17527347	0	0	0	0	0	0.001	0	0	0	0	3
132	113	0	1.18424503	0	0	0	0	0	0.001	0	0	0	0	3
133	114	0	1.19321658	0	0	0	0	0	0.001	0	0	0	0	3
134	115	0	1.20218813	0	0	0	0	0	0.001	0	0	0	0	3
135	116	0	1.21115969	0	0	0	0	0	0.001	0	0	0	0	3
136	116	0	1.22013124	0	0	0	0	0	0.001	0	0	0	0	3
137	117	0	1.22910279	0	0	0	0	0	0.001	0	0	0	0	3
138	118	0	1.23807435	0	0	0	0	0	0.001	0	0	0	0	3
139	119	0	1.2470459	0	0	0	0	0	0.001	0	0	0	0	3
140	119	0	1.25601745	0	0	0	0	0	0.001	0	0	0	0	3
141	120	0	1.26498901	0	0	0	0	0	0.001	0	0	0	0	3
142	121	0	1.27396056	0	0	0	0	0	0.001	0	0	0	0	3
143	122	0	1.28293211	0	0	0	0	0	0.001	0	0	0	0	3
144	123	0	1.29190367	0	0	0	0	0	0.001	0	0	0	0	3
145	124	0	1.30087522	0	0	0	0	0	0.001	0	0	0	0	3
146	124	0	1.30984677	0	0	0	0	0	0.001	0	0	0	0	3
147	125	0	1.31881832	0	0	0	0	0	0.001	0	0	0	0	3
148	126	0	1.32778988	0	0	0	0	0	0.001	0	0	0	0	3
149	127	0	1.33676143	0	0	0	0	0	0.001	0	0	0	0	3
150	127	0	1.34573298	0	0	0	0	0	0.001	0	0	0	0	3
151	128	0	1.35470454	0	0	0	0	0	0.001	0	0	0	0	3
152	129	0	1.36367609	0	0	0	0	0	0.001	0	0	0	0	3
153	130	0	1.37264764	0	0	0	0	0	0.001	0	0	0	0	3
154	131	0	1.3816192	0	0	0	0	0	0.001	0	0	0	0	3
155	131	0	1.39059075	0	0	0	0	0	0.001	0	0	0	0	3
156	132	0	1.3995623	0	0	0	0	0	0.001	0	0	0	0	3
157	133	0	1.40853386	0	0	0	0	0	0.001	0	0	0	0	3
158	134	0	1.41750541	0	0	0	0	0	0.001	0	0	0	0	3
159	135	0	1.42647696	0	0	0	0	0	0.001	0	0	0	0	3
160	135	0	1.43544852	0	0	0	0	0	0.001	0	0	0	0	3
161	136	0	1.44442007	0	0	0	0	0	0.001	0	0	0	0	3
162	137	0	1.45339162	0	0	0	0	0	0.001	0	0	0	0	3
163	138	0	1.46236318	0	0	0	0	0	0.001	0	0	0	0	3
164	139	0	1.47133473	0	0	0	0	0	0.001	0	0	0	0	3
165	140	0	1.48030628	0	0	0	0	0	0.001	0	0	0	0	3
166	140	0	1.48927784	0	0	0	0	0	0.001	0	0	0	0	3
167	141	0	1.49824939	0	0	0	0	0	0.001	0	0	0	0	3
168	142	0	1.50722094	0	0	0	0	0	0.001	0	0	0	0	3
169	143	0	1.5161925	0	0	0	0	0	0.001	0	0	0	0	3
170	144	0	1.52516405	0	0	0	0	0	0.001	0	0	0	0	3
171	144	0	1.5341356	0	0	0	0	0	0.001	0	0	0	0	3
172	145	0	1.54310716	0	0	0	0	0	0.001	0	0	0	0	3
173	146	0	1.55207871	0	0	0	0	0	0.001	0	0	0	0	3
174	147	0	1.56105026	0	0	0	0	0	0.001	0	0	0	0	3
175	148	0	1.57002182	0	0	0	0	0	0.001	0	0	0	0	3
176	148	0	1.57899337	0	0	0	0	0	0.001	0	0	0	0	3
177	149	0	1.58796492	0	0	0	0	0	0.001	0	0	0	0	3
178	150	0	1.59693648	0	0	0	0	0	0.001	0	0	0	0	3
179	151	0	1.60590803	0	0	0	0	0	0.001	0	0	0	0	3
180	152	0	1.61487958	0	0	0	0	0	0.001	0	0	0	0	3
181	152	0	1.62385113	0	0	0	0	0	0.001	0	0	0	0	3
182	153	0	1.63282269	0	0	0	0	0	0.001	0	0	0	0	3
183	154	0	1.64179424	0	0	0	0	0	0.001	0	0	0	0	3
184	155	0	1.65076579	0	0	0	0	0	0.001	0	0	0	0	3
185	156	0	1.65973735	0	0	0	0	0	0.001	0	0	0	0	3
186	156	0	1.6687089	0	0	0	0	0	0.001	0	0	0	0	3
187	157	0	1.67768045	0	0	0	0	0	0.001	0	0	0	0	3
188	158	0	1.68665201	0	0	0	0	0	0.001	0	0	0	0	3
189	159	0	1.69562356	0	0	0	0	0	0.001	0	0	0	0	3
190	160	0	1.70459511	0	0	0	0	0	0.001	0	0	0	0	3
191	161	0	1.71356667	0	0	0	0	0	0.001	0	0	0	0	3
192	161	0	1.72253822	0	0	0	0	0	0.001	0	0	0	0	3
193	162	0	1.73150977	0	0	0	0	0	0.001	0	0	0	0	3
194	163	0	1.74048133	0	0	0	0	0	0.001	0	0	0	0	3
195	164	0	1.74945288	0	0	0	0	0	0.001	0	0	0	0	3
196	165	0	1.75842443	0	0	0	0	0	0.001	0	0	0	0	3
197	165	0	1.76739599	0	0	0	0	0	0.001	0	0	0	0	3
198	166	0	1.77636754	0	0	0	0	0	0.001	0	0	0	0	3
199	167	0	1.78533909	0	0	0	0	0	0.001	0	0	0	0	3
200	168	0	1.79431065	0	0	0	0	0	0.001	0	0	0	0	3
201	172	0	1.8032822	0	0	0	0	0	0.001	0	0	0	0	3
202	173	0	1.81225375	0	0	0	0	0	0.001	0	0	0	0	3
203	174	0	1.82122531	0	0	0	0	0	0.001	0	0	0	0	3
204	175	0	1.83019686	0	0	0	0	0	0.001	0	0	0	0	3
205	175	0	1.83916841	0	0	0	0	0	0.001	0	0	0	0	3
206	176	0	1.84813997	0	0	0	0	0	0.001	0	0	0	0	3
207	177	0	1.85711152	0	0	0	0	0	0.001	0	0	0	0	3
208	178	0	1.86608307	0	0	0	0	0	0.001	0	0	0	0	3
209	178	0	1.87505463	0	0	0	0	0	0.001	0	0	0	0	3
210	179	0	1.88402618	0	0	0	0	0	0.001	0	0	0	0	3
211	180	0	1.89299773	0	0	0	0	0	0.001	0	0	0	0	3
212	181	0	1.90196928	0	0	0	0	0	0.001	0	0	0	0	3
213	182	0	1.91094084	0	0	0	0	0	0.001	0	0	0	0	3
214	182	0	1.91991239	0	0	0	0	0	0.001	0	0	0	0	3
215	183	0	1.92888394	0	0	0	0	0	0.001	0	0	0	0	3
216	184	0	1.9378555	0	0	0	0	0	0.001	0	0	0	0	3
217	185	0	1.94682705	0	0	0	0	0	0.001	0	0	0	0	3
218	186	0	1.9557986	0	0	0	0	0	0.001	0	0	0	0	3
219	186	0	1.96477016	0	0	0	0	0	0.001	0	0	0	0	3
220	187	0	1.97374171	0	0	0	0	0	0.001	0	0	0	0	3
221	188	0	1.98271326	0	0	0	0	0	0.001	0	0	0	0	3
222	189	0	1.99168482	0	0	0	0	0	0.001	0	0	0	0	3
223	190	0	2.00065637	0	0	0	0	0	0.001	0	0	0	0	3
224	191	0	2.00962792	0	0	0	0	0	0.001	0	0	0	0	3
225	191	0	2.01859948	0	0	0	0	0	0.001	0	0	0	0	3
226	192	0	2.02757103	0	0	0	0	0	0.001	0	0	0	0	3
227	193	0	2.03654258	0	0	0	0	0	0.001	0	0	0	0	3
228	194	0	2.04551414	0	0	0	0	0	0.001	0	0	0	0	3
229	195	0	2.05448569	0	0	0	0	0	0.001	0	0	0	0	3
230	195	0	2.06345724	0	0	0	0	0	0.001	0	0	0	0	3
231	196	0	2.0724288	0	0	0	0	0	0.001	0	0	0	0	3
232	197	0	2.08140035	0	0	0	0	0	0.001	0	0	0	0	3
233	198	0	2.0903719	0	0	0	0	0	0.001	0	0	0	0	3
234	199	0	2.09934346	0	0	0	0	0	0.001	0	0	0	0	3
235	199	0	2.10831501	0	0	0	0	0	0.001	0	0	0	0	3
236	200	0	2.11728656	0	0	0	0	0	0.001	0	0	0	0	3
237	201	0	2.12625812	0	0	0	0	0	0.001	0	0	0	0	3
238	202	0	2.13522967	0	0	0	0	0	0.001	0	0	0	0	3
239	203	0	2.14420122	0	0	0	0	0	0.001	0	0	0	0	3
240	203	0	2.15317278	0	0	0	0	0	0.001	0	0	0	0	3
241	204	0	2.16214433	0	0	0	0	0	0.001	0	0	0	0	3
242	205	0	2.17111588	0	0	0	0	0	0.001	0	0	0	0	3
243	206	0	2.18008744	0	0	0	0	0	0.001	0	0	0	0	3
244	207	0	2.18905899	0	0	0	0	0	0.001	0	0	0	0	3
245	207	0	2.19803054	0	0	0	0	0	0.001	0	0	0	0	3
246	208	0	2.20700209	0	0	0	0	0	0.001	0	0	0	0	3
247	209	0	2.21597365	0	0	0	0	0	0.001	0	0	0	0	3
248	210	0	2.2249452	0	0	0	0	0	0.001	0	0	0	0	3
249	211	0	2.23391675	0	0	0	0	0	0.001	0	0	0	0	3
250	211	0	2.24288831	0	0	0	0	0	0.001	0	0	0	0	3
251	212	0	2.25185986	0	0	0	0	0	0.001	0	0	0	0	3
252	213	0	2.26083141	0	0	0	0	0	0.001	0	0	0	0	3
253	214	0	2.26980297	0	0	0	0	0	0.001	0	0	0	0	3
254	215	0	2.27877452	0	0	0	0	0	0.001	0	0	0	0	3
255	215	0	2.28774607	0	0	0	0	0	0.001	0	0	0	0	3
256	216	0	2.29671763	0	0	0	0	0	0.001	0	0	0	0	3
257	217	0	2.30568918	0	0	0	0	0	0.001	0	0	0	0	3
258	218	0	2.31466073	0	0	0	0	0	0.001	0	0	0	0	3
259	219	0	2.32363229	0	0	0	0	0	0.001	0	0	0	0	3
260	220	0	2.33260384	0	0	0	0	0	0.001	0	0	0	0	3
261	220	0	2.34157539	0	0	0	0	0	0.001	0	0	0	0	3
262	221	0	2.35054695	0	0	0	0	0	0.001	0	0	0	0	3
263	222	0	2.3595185	0	0	0	0	0	0.001	0	0	0	0	3
264	223	0	2.36849005	0	0	0	0	0	0.001	0	0	0	0	3
265	224	0	2.37746161	0	0	0	0	0	0.001	0	0	0	0	3
266	224	0	2.38643316	0	0	0	0	0	0.001	0	0	0	0	3
267	225	0	2.39540471	0	0	0	0	0	0.001	0	0	0	0	3
268	226	0	2.40437627	0	0	0	0	0	0.001	0	0	0	0	3
269	227	0	2.41334782	0	0	0	0	0	0.001	0	0	0	0	3
270	228	0	2.42231937	0	0	0	0	0	0.001	0	0	0	0	3
271	228	0	2.43129093	0	0	0	0	0	0.001	0	0	0	0	3
272	229	0	2.44026248	0	0	0	0	0	0.001	0	0	0	0	3
273	230	0	2.44923403	0	0	0	0	0	0.001	0	0	0	0	3
274	231	0	2.45820559	0	0	0	0	0	0.001	0	0	0	0	3
275	232	0	2.46717714	0	0	0	0	0	0.001	0	0	0	0	3
276	232	0	2.47614869	0	0	0	0	0	0.001	0	0	0	0	3
277	233	0	2.48512024	0	0	0	0	0	0.001	0	0	0	0	3
278	234	0	2.4940918	0	0	0	0	0	0.001	0	0	0	0	3
279	235	0	2.50306335	0	0	0	0	0	0.001	0	0	0	0	3
280	236	0	2.5120349	0	0	0	0	0	0.001	0	0	0	0	3
281	237	0	2.52100646	0	0	0	0	0	0.001	0	0	0	0	3
282	237	0	2.52997801	0	0	0	0	0	0.001	0	0	0	0	3
283	238	0	2.53894956	0	0	0	0	0	0.001	0	0	0	0	3
284	239	0	2.54792112	0	0	0	0	0	0.001	0	0	0	0	3
285	240	0	2.55689267	0	0	0	0	0	0.001	0	0	0	0	3
286	241	0	2.56586422	0	0	0	0	0	0.001	0	0	0	0	3
287	241	0	2.57483578	0	0	0	0	0	0.001	0	0	0	0	3
288	242	0	2.58380733	0	0	0	0	0	0.001	0	0	0	0	3
289	243	0	2.59277888	0	0	0	0	0	0.001	0	0	0	0	3
290	244	0	2.60175044	0	0	0	0	0	0.001	0	0	0	0	3
291	245	0	2.61072199	0	0	0	0	0	0.001	0	0	0	0	3
292	246	0	2.61969354	0	0	0	0	0	0.001	0	0	0	0	3
293	246	0	2.6286651	0	0	0	0	0	0.001	0	0	0	0	3
294	247	0	2.63763665	0	0	0	0	0	0.001	0	0	0	0	3
295	248	0	2.6466082	0	0	0	0	0	0.001	0	0	0	0	3
296	249	0	2.65557976	0	0	0	0	0	0.001	0	0	0	0	3
297	249	0	2.66455131	0	0	0	0	0	0.001	0	0	0	0	3
298	250	0	2.67352286	0	0	0	0	0	0.001	0	0	0	0	3
299	251	0	2.68249442	0	0	0	0	0	0.001	0	0	0	0	3
300	252	0	2.69146597	0	0	0	0	0	0.001	0	0	0	0	3
301	256	0	2.70043752	0	0	0	0	0	0.001	0	0	0	0	3
302	257	0	2.70940908	0	0	0	0	0	0.001	0	0	0	0	3
303	258	0	2.71838063	0	0	0	0	0	0.001	0	0	0	0	3
304	259	0	2.72735218	0	0	0	0	0	0.001	0	0	0	0	3
305	260	0	2.73632374	0	0	0	0	0	0.001	0	0	0	0	3
306	260	0	2.74529529	0	0	0	0	0	0.001	0	0	0	0	3
307	261	0	2.75426684	0	0	0	0	0	0.001	0	0	0	0	3
308	262	0	2.7632384	0	0	0	0	0	0.001	0	0	0	0	3
309	263	0	2.77220995	0	0	0	0	0	0.001	0	0	0	0	3
310	264	0	2.7811815	0	0	0	0	0	0.001	0	0	0	0	3
311	265	0	2.79015305	0	0	0	0	0	0.001	0	0	0	0	3
312	266	0	2.79912461	0	0	0	0	0	0.001	0	0	0	0	3
313	267	0	2.80809616	0	0	0	0	0	0.001	0	0	0	0	3
314	268	0	2.81706771	0	0	0	0	0	0.001	0	0	0	0	3
315	269	0	2.82603927	0	0	0	0	0	0.001	0	0	0	0	3
316	270	0	2.83501082	0	0	0	0	0	0.001	0	0	0	0	3
317	270	0	2.84398237	0	0	0	0	0	0.001	0	0	0	0	3
318	271	0	2.85295393	0	0	0	0	0	0.001	0	0	0	0	3
319	272	0	2.86192548	0	0	0	0	0	0.001	0	0	0	0	3
320	273	0	2.87089703	0	0	0	0	0	0.001	0	0	0	0	3
321	274	0	2.87986859	0	0	0	0	0	0.001	0	0	0	0	3
322	274	0	2.88884014	0	0	0	0	0	0.001	0	0	0	0	3
323	275	0	2.89781169	0	0	0	0	0	0.001	0	0	0	0	3
324	276	0	2.90678325	0	0	0	0	0	0.001	0	0	0	0	3
325	277	0	2.9157548	0	0	0	0	0	0.001	0	0	0	0	3
326	278	0	2.92472635	0	0	0	0	0	0.001	0	0	0	0	3
327	279	0	2.93369791	0	0	0	0	0	0.001	0	0	0	0	3
328	280	0	2.94266946	0	0	0	0	0	0.001	0	0	0	0	3
329	280	0	2.95164101	0	0	0	0	0	0.001	0	0	0	0	3
330	281	0	2.96061257	0	0	0	0	0	0.001	0	0	0	0	3
331	282	0	2.96958412	0	0	0	0	0	0.001	0	0	0	0	3
332	283	0	2.97855567	0	0	0	0	0	0.001	0	0	0	0	3
333	284	0	2.98752723	0	0	0	0	0	0.001	0	0	0	0	3
334	285	0	2.99649878	0	0	0	0	0	0.001	0	0	0	0	3
335	285	0	3.00547033	0	0	0	0	0	0.001	0	0	0	0	3
336	286	0	3.01444189	0	0	0	0	0	0.001	0	0	0	0	3
337	287	0	3.02341344	0	0	0	0	0	0.001	0	0	0	0	3
338	288	0	3.03238499	0	0	0	0	0	0.001	0	0	0	0	3
339	289	0	3.04135655	0	0	0	0	0	0.001	0	0	0	0	3
340	290	0	3.0503281	0	0	0	0	0	0.001	0	0	0	0	3
341	291	0	3.05929965	0	0	0	0	0	0.001	0	0	0	0	3
342	291	0	3.0682712	0	0	0	0	0	0.001	0	0	0	0	3
343	292	0	3.07724276	0	0	0	0	0	0.001	0	0	0	0	3
344	293	0	3.08621431	0	0	0	0	0	0.001	0	0	0	0	3
345	294	0	3.09518586	0	0	0	0	0	0.001	0	0	0	0	3
346	295	0	3.10415742	0	0	0	0	0	0.001	0	0	0	0	3
347	295	0	3.11312897	0	0	0	0	0	0.001	0	0	0	0	3
348	296	0	3.12210052	0	0	0	0	0	0.001	0	0	0	0	3
349	297	0	3.13107208	0	0	0	0	0	0.001	0	0	0	0	3
350	298	0	3.14004363	0	0	0	0	0	0.001	0	0	0	0	3
351	299	0	3.14901518	0	0	0	0	0	0.001	0	0	0	0	3
352	300	0	3.15798674	0	0	0	0	0	0.001	0	0	0	0	3
353	300	0	3.16695829	0	0	0	0	0	0.001	0	0	0	0	3
354	301	0	3.17592984	0	0	0	0	0	0.001	0	0	0	0	3
355	302	0	3.1849014	0	0	0	0	0	0.001	0	0	0	0	3
356	303	0	3.19387295	0	0	0	0	0	0.001	0	0	0	0	3
357	304	0	3.2028445	0	0	0	0	0	0.001	0	0	0	0	3
358	304	0	3.21181606	0	0	0	0	0	0.001	0	0	0	0	3
359	305	0	3.22078761	0	0	0	0	0	0.001	0	0	0	0	3
360	306	0	3.22975916	0	0	0	0	0	0.001	0	0	0	0	3
361	307	0	3.23873072	0	0	0	0	0	0.001	0	0	0	0	3
362	308	0	3.24770227	0	0	0	0	0	0.001	0	0	0	0	3
363	308	0	3.25667382	0	0	0	0	0	0.001	0	0	0	0	3
364	309	0	3.26564538	0	0	0	0	0	0.001	0	0	0	0	3
365	310	0	3.27461693	0	0	0	0	0	0.001	0	0	0	0	3
366	311	0	3.28358848	0	0	0	0	0	0.001	0	0	0	0	3
367	312	0	3.29256004	0	0	0	0	0	0.001	0	0	0	0	3
368	312	0	3.30153159	0	0	0	0	0	0.001	0	0	0	0	3
369	313	0	3.31050314	0	0	0	0	0	0.001	0	0	0	0	3
370	314	0	3.3194747	0	0	0	0	0	0.001	0	0	0	0	3
371	315	0	3.32844625	0	0	0	0	0	0.001	0	0	0	0	3
372	316	0	3.3374178	0	0	0	0	0	0.001	0	0	0	0	3
373	317	0	3.34638936	0	0	0	0	0	0.001	0	0	0	0	3
374	317	0	3.35536091	0	0	0	0	0	0.001	0	0	0	0	3
375	318	0	3.36433246	0	0	0	0	0	0.001	0	0	0	0	3
376	319	0	3.37330401	0	0	0	0	0	0.001	0	0	0	0	3
377	320	0	3.38227557	0	0	0	0	0	0.001	0	0	0	0	3
378	321	0	3.39124712	0	0	0	0	0	0.001	0	0	0	0	3
379	321	0	3.40021867	0	0	0	0	0	0.001	0	0	0	0	3
380	322	0	3.40919023	0	0	0	0	0	0.001	0	0	0	0	3
381	323	0	3.41816178	0	0	0	0	0	0.001	0	0	0	0	3
382	324	0	3.42713333	0	0	0	0	0	0.001	0	0	0	0	3
383	325	0	3.43610489	0	0	0	0	0	0.001	0	0	0	0	3
384	325	0	3.44507644	0	0	0	0	0	0.001	0	0	0	0	3
385	326	0	3.45404799	0	0	0	0	0	0.001	0	0	0	0	3
386	327	0	3.46301955	0	0	0	0	0	0.001	0	0	0	0	3
387	328	0	3.4719911	0	0	0	0	0	0.001	0	0	0	0	3
388	329	0	3.48096265	0	0	0	0	0	0.001	0	0	0	0	3
389	330	0	3.48993421	0	0	0	0	0	0.001	0	0	0	0	3
390	330	0	3.49890576	0	0	0	0	0	0.001	0	0	0	0	3
391	331	0	3.50787731	0	0	0	0	0	0.001	0	0	0	0	3
392	332	0	3.51684887	0	0	0	0	0	0.001	0	0	0	0	3
393	333	0	3.52582042	0	0	0	0	0	0.001	0	0	0	0	3
394	334	0	3.53479197	0	0	0	0	0	0.001	0	0	0	0	3
395	335	0	3.54376353	0	0	0	0	0	0.001	0	0	0	0	3
396	335	0	3.55273508	0	0	0	0	0	0.001	0	0	0	0	3
397	336	0	3.56170663	0	0	0	0	0	0.001	0	0	0	0	3
398	337	0	3.57067819	0	0	0	0	0	0.001	0	0	0	0	3
399	338	0	3.57964974	0	0	0	0	0	0.001	0	0	0	0	3
400	339	0	3.58862129	0	0	0	0	0	0.001	0	0	0	0	3
401	343	0	3.59759285	0	0	0	0	0	0.001	0	0	0	0	3
402	344	0	3.6065644	0	0	0	0	0	0.001	0	0	0	0	3
403	345	0	3.61553595	0	0	0	0	0	0.001	0	0	0	0	3
404	346	0	3.62450751	0	0	0	0	0	0.001	0	0	0	0	3
405	347	0	3.63347906	0	0	0	0	0	0.001	0	0	0	0	3
406	347	0	3.64245061	0	0	0	0	0	0.001	0	0	0	0	3
407	348	0	3.65142216	0	0	0	0	0	0.001	0	0	0	0	3
408	349	0	3.66039372	0	0	0	0	0	0.001	0	0	0	0	3
409	350	0	3.66936527	0	0	0	0	0	0.001	0	0	0	0	3
410	351	0	3.67833682	0	0	0	0	0	0.001	0	0	0	0	3
411	352	0	3.68730838	0	0	0	0	0	0.001	0	0	0	0	3
412	352	0	3.69627993	0	0	0	0	0	0.001	0	0	0	0	3
413	353	0	3.70525148	0	0	0	0	0	0.001	0	0	0	0	3
414	354	0	3.71422304	0	0	0	0	0	0.001	0	0	0	0	3
415	355	0	3.72319459	0	0	0	0	0	0.001	0	0	0	0	3
416	356	0	3.73216614	0	0	0	0	0	0.001	0	0	0	0	3
417	356	0	3.7411377	0	0	0	0	0	0.001	0	0	0	0	3
418	357	0	3.75010925	0	0	0	0	0	0.001	0	0	0	0	3
419	358	0	3.7590808	0	0	0	0	0	0.001	0	0	0	0	3
420	359	0	3.76805236	0	0	0	0	0	0.001	0	0	0	0	3
421	360	0	3.77702391	0	0	0	0	0	0.001	0	0	0	0	3
422	361	0	3.78599546	0	0	0	0	0	0.001	0	0	0	0	3
423	361	0	3.79496702	0	0	0	0	0	0.001	0	0	0	0	3
424	362	0	3.80393857	0	0	0	0	0	0.001	0	0	0	0	3
425	363	0	3.81291012	0	0	0	0	0	0.001	0	0	0	0	3
426	364	0	3.82188168	0	0	0	0	0	0.001	0	0	0	0	3
427	365	0	3.83085323	0	0	0	0	0	0.001	0	0	0	0	3
428	366	0	3.83982478	0	0	0	0	0	0.001	0	0	0	0	3
429	366	0	3.84879634	0	0	0	0	0	0.001	0	0	0	0	3
430	367	0	3.85776789	0	0	0	0	0	0.001	0	0	0	0	3
431	368	0	3.86673944	0	0	0	0	0	0.001	0	0	0	0	3
432	369	0	3.875711	0	0	0	0	0	0.001	0	0	0	0	3
433	370	0	3.88468255	0	0	0	0	0	0.001	0	0	0	0	3
434	371	0	3.8936541	0	0	0	0	0	0.001	0	0	0	0	3
435	371	0	3.90262566	0	0	0	0	0	0.001	0	0	0	0	3
436	372	0	3.91159721	0	0	0	0	0	0.001	0	0	0	0	3
437	373	0	3.92056876	0	0	0	0	0	0.001	0	0	0	0	3
438	374	0	3.92954032	0	0	0	0	0	0.001	0	0	0	0	3
439	375	0	3.93851187	0	0	0	0	0	0.001	0	0	0	0	3
440	375	0	3.94748342	0	0	0	0	0	0.001	0	0	0	0	3
441	376	0	3.95645497	0	0	0	0	0	0.001	0	0	0	0	3
442	377	0	3.96542653	0	0	0	0	0	0.001	0	0	0	0	3
443	378	0	3.97439808	0	0	0	0	0	0.001	0	0	0	0	3
444	379	0	3.98336963	0	0	0	0	0	0.001	0	0	0	0	3
445	380	0	3.99234119	0	0	0	0	0	0.001	0	0	0	0	3
446	380	0	4.00131274	0	0	0	0	0	0.001	0	0	0	0	3
