Iteration	CPUTime	PhysTime	Travels	Value	AvValue	MinValue	MaxValue	Delta	Criteria	PrevAvRefValue	Progress	CriteriaType	CriteriaVarType	CriteriaPercentage
1	6	0	0.00897155323	293.20004	293.20004	293.20004	293.20004	0	0	0	0	0	0	3
2	7	0	0.0179431065	293.200049	293.200044	293.20004	293.200049	4.57302713e-06	0	0	0	0	0	3
3	8	0	0.0269146597	293.200059	293.200049	293.20004	293.200059	9.44717488e-06	0	0	0	0	0	3
4	9	0	0.0358862129	293.200063	293.200053	293.20004	293.200063	1.29250223e-05	0	0	0	0	0	3
5	10	0	0.0448577662	293.200068	293.200056	293.20004	293.200068	1.60595043e-05	0	0	0	0	0	3
6	11	0	0.0538293194	293.200075	293.200059	293.20004	293.200075	1.92653359e-05	0	0	0	0	0	3
7	11	0	0.0628008726	293.200086	293.200063	293.20004	293.200086	2.31336306e-05	0	0	0	0	0	3
8	12	0	0.0717724258	293.200095	293.200067	293.20004	293.200095	2.70799628e-05	0	0	0	0	0	3
9	13	0	0.0807439791	293.200106	293.200071	293.20004	293.200106	3.13733762e-05	0	0	0	0	0	3
10	14	0	0.0897155323	293.200114	293.200075	293.20004	293.200114	3.56147428e-05	0	0	0	0	0	3
11	14	0	0.0986870855	293.200129	293.20008	293.20004	293.200129	4.04856006e-05	0	0	0	0	0	3
12	15	0	0.107658639	293.200142	293.200085	293.20004	293.200142	4.5582497e-05	0	0	0	0	0	3
13	16	0	0.116630192	293.200156	293.200091	293.20004	293.200156	5.09867337e-05	0	0	0	0	0	3
14	17	0	0.125601745	293.200168	293.200096	293.20004	293.200168	5.65168808e-05	0	0	0	0	0	3
15	17	0	0.134573298	293.200182	293.200102	293.20004	293.200182	6.22169827e-05	0	0	0	0	0	3
16	18	0	0.143544852	293.200201	293.200108	293.20004	293.200201	6.83737847e-05	0	0	0	0	0	3
17	19	0	0.152516405	293.20022	293.200115	293.20004	293.20022	7.49457517e-05	0	0	0	0	0	3
18	20	0	0.161487958	293.200238	293.200122	293.20004	293.200238	8.18071944e-05	0	0	0	0	0	3
19	20	0	0.170459511	293.200257	293.200129	293.20004	293.200257	8.89195675e-05	0	0	0	0	0	3
20	21	0	0.179431065	293.200275	293.200136	293.20004	293.200275	9.62118898e-05	0	0	0	0	0	3
21	22	0	0.188402618	293.200301	293.200144	293.20004	293.200301	0.000104063702	0	0	0	0	0	3
22	22	0	0.197374171	293.200326	293.200152	293.20004	293.200326	0.000112355404	0	0	0	0	0	3
23	23	0	0.206345724	293.200351	293.200161	293.20004	293.200351	0.000120986832	0	0	0	0	0	3
24	24	0	0.215317278	293.200374	293.20017	293.20004	293.200374	0.000129874685	0	0	0	0	0	3
25	25	0	0.224288831	293.200396	293.200179	293.20004	293.200396	0.000138937675	0	0	0	0	0	3
26	25	0	0.233260384	293.200427	293.200188	293.20004	293.200427	0.000148470417	0	0	0	0	0	3
27	26	0	0.242231937	293.200454	293.200198	293.20004	293.200454	0.000158302511	0	0	0	0	0	3
28	27	0	0.25120349	293.200478	293.200208	293.20004	293.200478	0.000168282577	0	0	0	0	0	3
29	28	0	0.260175044	293.200498	293.200218	293.20004	293.200498	0.00017827056	0	0	0	0	0	3
30	28	0	0.269146597	293.200515	293.200228	293.20004	293.200515	0.000188152592	0	0	0	0	0	3
31	29	0	0.27811815	293.200533	293.200238	293.20004	293.200533	0.000197984116	0	0	0	0	0	3
32	30	0	0.287089703	293.200546	293.200247	293.20004	293.200546	0.000207607154	0	0	0	0	0	3
33	31	0	0.296061257	293.200554	293.200257	293.20004	293.200554	0.000216884197	0	0	0	0	0	3
34	32	0	0.30503281	293.200558	293.200266	293.20004	293.200558	0.000225741225	0	0	0	0	0	3
35	32	0	0.314004363	293.20056	293.200274	293.20004	293.20056	0.000234163553	0	0	0	0	0	3
36	33	0	0.322975916	293.200563	293.200282	293.20004	293.200563	0.000242200601	0	0	0	0	0	3
37	34	0	0.33194747	293.200568	293.20029	293.20004	293.200568	0.000249931731	0	0	0	0	0	3
38	35	0	0.340919023	293.200575	293.200297	293.20004	293.200575	0.000257426559	0	0	0	0	0	3
39	36	0	0.349890576	293.200583	293.200305	293.20004	293.200583	0.000264759164	0	0	0	0	0	3
40	36	0	0.358862129	293.200594	293.200312	293.20004	293.200594	0.0002719827	0	0	0	0	0	3
41	37	0	0.367833682	293.200611	293.200319	293.20004	293.200611	0.000279268361	0	0	0	0	0	3
42	38	0	0.376805236	293.200628	293.200326	293.20004	293.200628	0.000286619707	0	0	0	0	0	3
43	39	0	0.385776789	293.200643	293.200334	293.20004	293.200643	0.000293991736	0	0	0	0	0	3
44	40	0	0.394748342	293.200656	293.200341	293.20004	293.200656	0.000301312149	0	0	0	0	0	3
45	40	0	0.403719895	293.200666	293.200348	293.20004	293.200666	0.000308523894	0	0	0	0	0	3
46	41	0	0.412691449	293.200674	293.200355	293.20004	293.200674	0.000315593184	0	0	0	0	0	3
47	42	0	0.421663002	293.200681	293.200362	293.20004	293.200681	0.000322512423	0	0	0	0	0	3
48	43	0	0.430634555	293.200686	293.200369	293.20004	293.200686	0.000329264648	0	0	0	0	0	3
49	44	0	0.439606108	293.200692	293.200376	293.20004	293.200692	0.000335858333	0	0	0	0	0	3
50	45	0	0.448577662	293.200697	293.200382	293.20004	293.200697	0.000342285272	0	0	0	0	0	3
51	45	0	0.457549215	293.200702	293.200388	293.20004	293.200702	0.000348550999	0	0	0	0	0	3
52	46	0	0.466520768	293.200706	293.200395	293.20004	293.200706	0.000354661915	0	0	0	0	0	3
53	47	0	0.475492321	293.20071	293.2004	293.20004	293.20071	0.000360608203	0	0	0	0	0	3
54	48	0	0.484463874	293.200711	293.200406	293.20004	293.200711	0.000366360605	0	0	0	0	0	3
55	49	0	0.493435428	293.200713	293.200412	293.20004	293.200713	0.000371940443	0	0	0	0	0	3
56	49	0	0.502406981	293.200714	293.200417	293.20004	293.200714	0.000377345173	0	0	0	0	0	3
57	50	0	0.511378534	293.200717	293.200429	293.200049	293.200717	0.000384862712	0	0	0	0	0	3
58	51	0	0.520350087	293.20072	293.200441	293.200059	293.20072	0.000391963586	0	0	0	0	0	3
59	52	0	0.529321641	293.200722	293.200453	293.200063	293.200722	0.000400331498	0	0	0	0	0	3
60	52	0	0.538293194	293.200724	293.200465	293.200068	293.200724	0.000408998188	0	0	0	0	0	3
61	53	0	0.547264747	293.200725	293.200477	293.200075	293.200725	0.000417510403	0	0	0	0	0	3
62	54	0	0.5562363	293.200725	293.200488	293.200086	293.200725	0.000425238025	0	0	0	0	0	3
63	55	0	0.565207854	293.200724	293.2005	293.200095	293.200725	0.00043268032	0	0	0	0	0	3
64	56	0	0.574179407	293.200723	293.200511	293.200106	293.200725	0.00043961299	0	0	0	0	0	3
65	56	0	0.58315096	293.200723	293.200522	293.200114	293.200725	0.00044640216	0	0	0	0	0	3
66	57	0	0.592122513	293.200723	293.200533	293.200129	293.200725	0.000452413172	0	0	0	0	0	3
67	58	0	0.601094066	293.200723	293.200543	293.200142	293.200725	0.000457916764	0	0	0	0	0	3
68	59	0	0.61006562	293.200722	293.200554	293.200156	293.200725	0.000462874264	0	0	0	0	0	3
69	59	0	0.619037173	293.20072	293.200564	293.200168	293.200725	0.000467428481	0	0	0	0	0	3
70	60	0	0.628008726	293.200719	293.200574	293.200182	293.200725	0.000471571404	0	0	0	0	0	3
71	61	0	0.636980279	293.200719	293.200583	293.200201	293.200725	0.000475011862	0	0	0	0	0	3
72	62	0	0.645951833	293.20072	293.200593	293.20022	293.200725	0.000477712226	0	0	0	0	0	3
73	63	0	0.654923386	293.200721	293.200601	293.200238	293.200725	0.000479789486	0	0	0	0	0	3
74	63	0	0.663894939	293.20072	293.20061	293.200257	293.200725	0.000467865742	0	0	0	0	0	3
75	64	0	0.672866492	293.200718	293.200618	293.200275	293.200725	0.000450042012	0	0	0	0	0	3
76	65	0	0.681838046	293.200715	293.200626	293.200301	293.200725	0.000423708071	0	0	0	0	0	3
77	66	0	0.690809599	293.200711	293.200633	293.200326	293.200725	0.000398326894	0	0	0	0	0	3
78	67	0	0.699781152	293.200709	293.20064	293.200351	293.200725	0.000373929782	0	0	0	0	0	3
79	67	0	0.708752705	293.200711	293.200647	293.200374	293.200725	0.0003505127	0	0	0	0	0	3
80	68	0	0.717724258	293.200712	293.200653	293.200396	293.200725	0.000328358611	0	0	0	0	0	3
81	69	0	0.726695812	293.200714	293.200658	293.200427	293.200725	0.00029801905	0	0	0	0	0	3
82	70	0	0.735667365	293.200715	293.200664	293.200454	293.200725	0.000270871076	0	0	0	0	0	3
83	71	0	0.744638918	293.200714	293.200668	293.200478	293.200725	0.000247063653	0	0	0	0	0	3
84	71	0	0.753610471	293.200712	293.200672	293.200498	293.200725	0.00022687396	0	0	0	0	0	3
85	72	0	0.762582025	293.200709	293.200676	293.200515	293.200725	0.000210076501	0	0	0	0	0	3
86	73	0	0.771553578	293.200707	293.20068	293.200533	293.200725	0.000191878191	0	0	0	0	0	3
87	74	0	0.780525131	293.200707	293.200683	293.200546	293.200725	0.000178886678	0	0	0	0	0	3
88	75	0	0.789496684	293.200707	293.200686	293.200554	293.200725	0.000171058458	0	0	0	0	0	3
89	75	0	0.798468238	293.200708	293.200688	293.200558	293.200725	0.000166784859	0	0	0	0	0	3
90	76	0	0.807439791	293.200708	293.200691	293.20056	293.200725	0.000164285328	0	0	0	0	0	3
91	77	0	0.816411344	293.200707	293.200694	293.200563	293.200725	0.000161310757	0	0	0	0	0	3
92	78	0	0.825382897	293.200706	293.200696	293.200568	293.200725	0.000156555601	0	0	0	0	0	3
93	79	0	0.83435445	293.200705	293.200699	293.200575	293.200725	0.000150072832	0	0	0	0	0	3
94	79	0	0.843326004	293.200704	293.200701	293.200583	293.200725	0.000141409876	0	0	0	0	0	3
95	80	0	0.852297557	293.200705	293.200703	293.200594	293.200725	0.000131107425	0	0	0	0	0	3
96	81	0	0.86126911	293.200705	293.200705	293.200611	293.200725	0.000114113227	0	0	0	0	0	3
97	82	0	0.870240663	293.200705	293.200707	293.200628	293.200725	9.67831115e-05	0	0	0	0	0	3
98	83	0	0.879212217	293.200705	293.200708	293.200643	293.200725	8.11910782e-05	0	0	0	0	0	3
99	83	0	0.88818377	293.200704	293.200709	293.200656	293.200725	6.87181405e-05	0	0	0	0	0	3
100	84	0	0.897155323	293.200703	293.20071	293.200666	293.200725	5.89673272e-05	0	0	0	0	0	3
101	88	0	0.906126876	293.200701	293.200711	293.200674	293.200725	5.10968006e-05	0	0	0	0	0	3
102	89	0	0.91509843	293.2007	293.200711	293.200681	293.200725	4.40106166e-05	0	0	0	0	0	3
103	90	0	0.924069983	293.200699	293.200712	293.200686	293.200725	3.81887818e-05	0	0	0	0	0	3
104	91	0	0.933041536	293.200699	293.200712	293.200692	293.200725	3.24528315e-05	0	0	0	0	0	3
105	92	0	0.942013089	293.200698	293.200712	293.200697	293.200725	2.76027141e-05	0	0	0	0	0	3
106	92	0	0.950984642	293.200698	293.200712	293.200698	293.200725	2.67609121e-05	0	0	0	0	0	3
107	93	0	0.959956196	293.200698	293.200712	293.200698	293.200725	2.71034389e-05	0	0	0	0	0	3
108	94	0	0.968927749	293.200697	293.200712	293.200697	293.200725	2.72524546e-05	0	0	0	0	0	3
109	95	0	0.977899302	293.200697	293.200711	293.200697	293.200725	2.74272341e-05	0	0	0	0	0	3
110	96	0	0.986870855	293.200697	293.200711	293.200697	293.200725	2.74272341e-05	0	0	0	0	0	3
111	96	0	0.995842409	293.200698	293.200711	293.200697	293.200725	2.74272341e-05	0	0	0	0	0	3
112	97	0	1.00481396	293.200699	293.200711	293.200697	293.200725	2.74272341e-05	1.99683766e-05	0	0	0	0	3
113	98	0	1.01378552	293.2007	293.20071	293.200697	293.200725	2.74272341e-05	1.99683766e-05	0	0	0	0	3
114	99	0	1.02275707	293.200701	293.20071	293.200697	293.200725	2.74272341e-05	1.99683766e-05	0	0	0	0	3
115	100	0	1.03172862	293.200702	293.20071	293.200697	293.200725	2.74272341e-05	1.99683766e-05	0	0	0	0	3
116	100	0	1.04070017	293.200703	293.200709	293.200697	293.200725	2.74272341e-05	1.99683766e-05	0	0	0	0	3
117	101	0	1.04967173	293.200703	293.200709	293.200697	293.200725	2.72850626e-05	1.99683766e-05	0	0	0	0	3
118	102	0	1.05864328	293.200703	293.200709	293.200697	293.200724	2.67257254e-05	1.99683766e-05	0	0	0	0	3
119	103	0	1.06761483	293.200703	293.200708	293.200697	293.200723	2.60499776e-05	1.99683766e-05	0	0	0	0	3
120	104	0	1.07658639	293.200703	293.200708	293.200697	293.200723	2.60499776e-05	1.99683766e-05	0	0	0	0	3
121	104	0	1.08555794	293.200702	293.200707	293.200697	293.200723	2.57909348e-05	1.99683766e-05	0	0	0	0	3
122	105	0	1.09452949	293.200702	293.200707	293.200697	293.200723	2.54407306e-05	1.99683766e-05	0	0	0	0	3
123	106	0	1.10350105	293.200703	293.200707	293.200697	293.200722	2.45248507e-05	1.99683766e-05	0	0	0	0	3
124	107	0	1.1124726	293.200702	293.200706	293.200697	293.200721	2.32837921e-05	1.99683766e-05	0	0	0	0	3
125	108	0	1.12144415	293.200703	293.200706	293.200697	293.200721	2.32837921e-05	1.99683766e-05	0	0	0	0	3
126	108	0	1.13041571	293.200704	293.200706	293.200697	293.200721	2.32837921e-05	1.99683766e-05	0	0	0	0	3
127	109	0	1.13938726	293.200706	293.200706	293.200697	293.200721	2.32837921e-05	1.99683766e-05	0	0	0	0	3
128	110	0	1.14835881	293.200708	293.200705	293.200697	293.200721	2.32837921e-05	1.99683766e-05	0	0	0	0	3
129	111	0	1.15733037	293.200709	293.200705	293.200697	293.20072	2.27398333e-05	1.99683766e-05	0	0	0	0	3
130	112	0	1.16630192	293.20071	293.200705	293.200697	293.200718	2.09202127e-05	1.99683766e-05	0	0	0	0	3
131	112	0	1.17527347	293.20071	293.200705	293.200697	293.200715	1.76693894e-05	1.99683766e-05	0	0	0	0	3
132	113	0	1.18424503	293.200709	293.200705	293.200697	293.200715	1.76693894e-05	1.99683766e-05	0	0	0	0	3
133	114	0	1.19321658	293.200708	293.200705	293.200697	293.200715	1.76693894e-05	1.99683766e-05	0	0	0	0	3
134	115	0	1.20218813	293.200707	293.200705	293.200697	293.200715	1.76693894e-05	1.99683766e-05	0	0	0	0	3
135	116	0	1.21115969	293.200706	293.200704	293.200697	293.200715	1.76693894e-05	1.99683766e-05	0	0	0	0	3
136	116	0	1.22013124	293.200706	293.200704	293.200697	293.200715	1.76693894e-05	1.99683766e-05	0	0	0	0	3
137	117	0	1.22910279	293.200707	293.200704	293.200697	293.200715	1.76693894e-05	1.99683766e-05	0	0	0	0	3
138	118	0	1.23807435	293.200708	293.200704	293.200697	293.200714	1.66440266e-05	1.99683766e-05	0	0	0	0	3
139	119	0	1.2470459	293.200709	293.200704	293.200697	293.200712	1.43544333e-05	1.99683766e-05	0	0	0	0	3
140	119	0	1.25601745	293.20071	293.200704	293.200697	293.20071	1.2667378e-05	1.99683766e-05	0	0	0	0	3
141	120	0	1.26498901	293.20071	293.200704	293.200697	293.20071	1.30897302e-05	1.99683766e-05	0	0	0	0	3
142	121	0	1.27396056	293.200711	293.200704	293.200697	293.200711	1.32830809e-05	1.99683766e-05	0	0	0	0	3
143	122	0	1.28293211	293.200711	293.200704	293.200697	293.200711	1.38042698e-05	1.99683766e-05	0	0	0	0	3
144	123	0	1.29190367	293.200711	293.200704	293.200697	293.200711	1.38042698e-05	1.99683766e-05	0	0	0	0	3
145	124	0	1.30087522	293.200711	293.200704	293.200697	293.200711	1.38042698e-05	1.99683766e-05	0	0	0	0	3
146	124	0	1.30984677	293.20071	293.200704	293.200697	293.200711	1.38042698e-05	1.99683766e-05	0	0	0	0	3
147	125	0	1.31881832	293.200709	293.200704	293.200697	293.200711	1.38042698e-05	1.99683766e-05	0	0	0	0	3
148	126	0	1.32778988	293.200709	293.200704	293.200697	293.200711	1.32321898e-05	1.99683766e-05	0	0	0	0	3
149	127	0	1.33676143	293.200708	293.200704	293.200697	293.200711	1.09183919e-05	1.99683766e-05	0	0	0	0	3
150	127	0	1.34573298	293.200708	293.200705	293.200697	293.200711	8.74871887e-06	1.99683766e-05	0	0	0	0	3
151	128	0	1.35470454	293.200708	293.200705	293.200697	293.200711	7.92226331e-06	1.99683766e-05	0	0	0	0	3
152	129	0	1.36367609	293.200708	293.200705	293.200697	293.200711	7.92226331e-06	1.99683766e-05	0	0	0	0	3
153	130	0	1.37264764	293.200708	293.200705	293.200697	293.200711	7.92226331e-06	1.99683766e-05	0	0	0	0	3
154	131	0	1.3816192	293.200708	293.200705	293.200697	293.200711	7.92226331e-06	1.99683766e-05	0	0	0	0	3
155	131	0	1.39059075	293.200708	293.200705	293.200697	293.200711	7.92226331e-06	1.99683766e-05	0	0	0	0	3
156	132	0	1.3995623	293.20071	293.200705	293.200697	293.200711	7.92226331e-06	1.99683766e-05	0	0	0	0	3
157	133	0	1.40853386	293.200711	293.200705	293.200697	293.200711	7.92226331e-06	1.99683766e-05	0	0	0	0	3
158	134	0	1.41750541	293.200711	293.200705	293.200697	293.200711	7.92226331e-06	1.99683766e-05	0	0	0	0	3
159	135	0	1.42647696	293.200711	293.200706	293.200697	293.200711	7.92226331e-06	1.99683766e-05	0	0	0	0	3
160	135	0	1.43544852	293.20071	293.200706	293.200697	293.200711	7.92226331e-06	1.99683766e-05	0	0	0	0	3
161	136	0	1.44442007	293.200708	293.200706	293.200697	293.200711	7.92226331e-06	1.99683766e-05	0	0	0	0	3
162	137	0	1.45339162	293.200706	293.200706	293.200697	293.200711	7.84846435e-06	1.99683766e-05	0	0	0	0	3
163	138	0	1.46236318	293.200705	293.200706	293.200697	293.200711	7.69198107e-06	1.99683766e-05	0	0	0	0	3
164	139	0	1.47133473	293.200703	293.200706	293.200697	293.200711	7.46993862e-06	1.99683766e-05	0	0	0	0	3
165	140	0	1.48030628	293.200702	293.200706	293.200697	293.200711	7.2269479e-06	1.99683766e-05	0	0	0	0	3
166	140	0	1.48927784	293.200702	293.200706	293.200698	293.200711	6.95514456e-06	1.99683766e-05	0	0	0	0	3
167	141	0	1.49824939	293.200702	293.200707	293.200699	293.200711	6.67709469e-06	1.99683766e-05	0	0	0	0	3
168	142	0	1.50722094	293.200701	293.200707	293.2007	293.200711	6.37235047e-06	1.99683766e-05	0	0	0	0	3
169	143	0	1.5161925	293.200701	293.200707	293.200701	293.200711	6.04622687e-06	1.99683766e-05	0	0	0	0	3
170	144	0	1.52516405	293.2007	293.200707	293.2007	293.200711	5.68687352e-06	1.99683766e-05	0	0	0	0	3
171	144	0	1.5341356	293.200699	293.200706	293.200699	293.200711	5.31627796e-06	1.99683766e-05	0	0	0	0	3
172	145	0	1.54310716	293.200699	293.200706	293.200699	293.200711	4.93709524e-06	1.99683766e-05	0	0	0	0	3
173	146	0	1.55207871	293.200698	293.200706	293.200698	293.200711	4.55975936e-06	1.99683766e-05	0	0	0	0	3
174	147	0	1.56105026	293.200697	293.200706	293.200697	293.200711	4.18303927e-06	1.99683766e-05	0	0	0	0	3
175	148	0	1.57002182	293.200697	293.200706	293.200697	293.200711	3.81303266e-06	1.99683766e-05	0	0	0	0	3
176	148	0	1.57899337	293.200696	293.200706	293.200696	293.200711	3.43692955e-06	1.99683766e-05	0	0	0	0	3
177	149	0	1.58796492	293.200696	293.200706	293.200696	293.200711	3.06340178e-06	1.99683766e-05	0	0	0	0	3
178	150	0	1.59693648	293.200696	293.200706	293.200696	293.200711	2.70295811e-06	1.99683766e-05	0	0	0	0	3
179	151	0	1.60590803	293.200696	293.200706	293.200696	293.200711	2.57097213e-06	1.99683766e-05	0	0	0	0	3
180	152	0	1.61487958	293.200697	293.200706	293.200696	293.200711	2.57097213e-06	1.99683766e-05	0	0	0	0	3
181	152	0	1.62385113	293.200697	293.200705	293.200696	293.200711	2.57097213e-06	1.99683766e-05	0	0	0	0	3
182	153	0	1.63282269	293.200697	293.200705	293.200696	293.200711	2.57097213e-06	1.99683766e-05	0	0	0	0	3
183	154	0	1.64179424	293.200696	293.200705	293.200696	293.200711	2.57097213e-06	1.99683766e-05	0	0	0	0	3
184	155	0	1.65076579	293.200696	293.200705	293.200696	293.200711	2.57097213e-06	1.99683766e-05	0	0	0	0	3
185	156	0	1.65973735	293.200696	293.200705	293.200696	293.200711	2.57097213e-06	1.99683766e-05	0	0	0	0	3
186	156	0	1.6687089	293.200696	293.200704	293.200696	293.200711	2.57097213e-06	1.99683766e-05	0	0	0	0	3
187	157	0	1.67768045	293.200696	293.200704	293.200696	293.200711	2.57097213e-06	1.99683766e-05	0	0	0	0	3
188	158	0	1.68665201	293.200697	293.200704	293.200696	293.200711	2.57097213e-06	1.99683766e-05	0	0	0	0	3
189	159	0	1.69562356	293.200698	293.200704	293.200696	293.200711	2.72653568e-06	1.99683766e-05	0	0	0	0	3
190	160	0	1.70459511	293.200699	293.200704	293.200696	293.200711	2.85453581e-06	1.99683766e-05	0	0	0	0	3
191	161	0	1.71356667	293.2007	293.200704	293.200696	293.200711	2.96263642e-06	1.99683766e-05	0	0	0	0	3
192	161	0	1.72253822	293.200701	293.200704	293.200696	293.200711	3.05661268e-06	1.99683766e-05	0	0	0	0	3
193	162	0	1.73150977	293.200702	293.200703	293.200696	293.200711	3.1450511e-06	1.99683766e-05	0	0	0	0	3
194	163	0	1.74048133	293.200703	293.200703	293.200696	293.200711	3.23451144e-06	1.99683766e-05	0	0	0	0	3
195	164	0	1.74945288	293.200704	293.200703	293.200696	293.200711	3.32766041e-06	1.99683766e-05	0	0	0	0	3
196	165	0	1.75842443	293.200705	293.200703	293.200696	293.200711	3.42222336e-06	1.99683766e-05	0	0	0	0	3
197	165	0	1.76739599	293.200705	293.200703	293.200696	293.200711	3.51571123e-06	1.99683766e-05	0	0	0	0	3
198	166	0	1.77636754	293.200705	293.200703	293.200696	293.200711	3.61185232e-06	1.99683766e-05	0	0	0	0	3
199	167	0	1.78533909	293.200705	293.200703	293.200696	293.200711	3.72772712e-06	1.99683766e-05	0	0	0	0	3
200	168	0	1.79431065	293.200704	293.200703	293.200696	293.200711	3.85090345e-06	1.99683766e-05	0	0	0	0	3
201	172	0	1.8032822	293.200703	293.200703	293.200696	293.200711	3.98389932e-06	1.99683766e-05	0	0	0	0	3
202	173	0	1.81225375	293.200703	293.200702	293.200696	293.200711	4.11524206e-06	1.99683766e-05	0	0	0	0	3
203	174	0	1.82122531	293.200702	293.200702	293.200696	293.200711	4.2402429e-06	1.99683766e-05	0	0	0	0	3
204	175	0	1.83019686	293.200702	293.200702	293.200696	293.200711	4.35397095e-06	1.99683766e-05	0	0	0	0	3
205	175	0	1.83916841	293.200702	293.200702	293.200696	293.200711	4.46189267e-06	1.99683766e-05	0	0	0	0	3
206	176	0	1.84813997	293.200702	293.200702	293.200696	293.200711	4.56801661e-06	1.99683766e-05	0	0	0	0	3
207	177	0	1.85711152	293.200703	293.200702	293.200696	293.200711	4.66527456e-06	1.99683766e-05	0	0	0	0	3
208	178	0	1.86608307	293.200703	293.200702	293.200696	293.200711	4.74772031e-06	1.99683766e-05	0	0	0	0	3
209	178	0	1.87505463	293.200703	293.200702	293.200696	293.200711	4.82051519e-06	1.99683766e-05	0	0	0	0	3
210	179	0	1.88402618	293.200704	293.200702	293.200696	293.200711	4.87742489e-06	1.99683766e-05	0	0	0	0	3
211	180	0	1.89299773	293.200706	293.200702	293.200696	293.200711	4.92612787e-06	1.99683766e-05	0	0	0	0	3
212	181	0	1.90196928	293.200707	293.200702	293.200696	293.200711	4.96984188e-06	1.99683766e-05	0	0	0	0	3
213	182	0	1.91094084	293.200708	293.200702	293.200696	293.200711	5.01576613e-06	1.99683766e-05	0	0	0	0	3
214	182	0	1.91991239	293.200709	293.200702	293.200696	293.200711	5.05229735e-06	1.99683766e-05	0	0	0	0	3
215	183	0	1.92888394	293.20071	293.200701	293.200696	293.20071	5.07699627e-06	1.99683766e-05	0	0	0	0	3
216	184	0	1.9378555	293.20071	293.200701	293.200696	293.20071	5.07699627e-06	1.99683766e-05	0	0	0	0	3
217	185	0	1.94682705	293.200711	293.200702	293.200696	293.200711	5.07699627e-06	1.99683766e-05	0	0	0	0	3
218	186	0	1.9557986	293.200711	293.200702	293.200696	293.200711	5.07699627e-06	1.99683766e-05	0	0	0	0	3
219	186	0	1.96477016	293.200711	293.200702	293.200696	293.200711	5.07699627e-06	1.99683766e-05	0	0	0	0	3
220	187	0	1.97374171	293.20071	293.200702	293.200696	293.200711	5.07699627e-06	1.99683766e-05	0	0	0	0	3
221	188	0	1.98271326	293.20071	293.200702	293.200696	293.200711	5.07699627e-06	1.99683766e-05	0	0	0	0	3
222	189	0	1.99168482	293.20071	293.200702	293.200696	293.200711	5.07699627e-06	1.99683766e-05	0	0	0	0	3
223	190	0	2.00065637	293.200709	293.200702	293.200696	293.200711	5.07699627e-06	1.99683766e-05	0	0	0	0	3
224	191	0	2.00962792	293.200709	293.200702	293.200696	293.200711	5.07699627e-06	1.99683766e-05	0	0	0	0	3
225	191	0	2.01859948	293.200709	293.200703	293.200696	293.200711	5.05871969e-06	1.99683766e-05	0	0	0	0	3
226	192	0	2.02757103	293.200709	293.200703	293.200696	293.200711	5.00423596e-06	1.99683766e-05	0	0	0	0	3
227	193	0	2.03654258	293.200708	293.200703	293.200696	293.200711	4.92563487e-06	1.99683766e-05	0	0	0	0	3
228	194	0	2.04551414	293.200707	293.200703	293.200696	293.200711	4.83110779e-06	1.99683766e-05	0	0	0	0	3
229	195	0	2.05448569	293.200707	293.200703	293.200696	293.200711	4.7173499e-06	1.99683766e-05	0	0	0	0	3
230	195	0	2.06345724	293.200707	293.200703	293.200696	293.200711	4.60941101e-06	1.99683766e-05	0	0	0	0	3
231	196	0	2.0724288	293.200706	293.200703	293.200696	293.200711	4.49701395e-06	1.99683766e-05	0	0	0	0	3
232	197	0	2.08140035	293.200705	293.200704	293.200696	293.200711	4.38593872e-06	1.99683766e-05	0	0	0	0	3
233	198	0	2.0903719	293.200704	293.200704	293.200696	293.200711	4.27363716e-06	1.99683766e-05	0	0	0	0	3
234	199	0	2.09934346	293.200703	293.200704	293.200696	293.200711	4.16600443e-06	1.99683766e-05	0	0	0	0	3
235	199	0	2.10831501	293.200702	293.200704	293.200696	293.200711	4.06424238e-06	1.99683766e-05	0	0	0	0	3
236	200	0	2.11728656	293.200701	293.200704	293.200696	293.200711	3.95223924e-06	1.99683766e-05	0	0	0	0	3
237	201	0	2.12625812	293.2007	293.200704	293.200696	293.200711	3.81961763e-06	1.99683766e-05	0	0	0	0	3
238	202	0	2.13522967	293.200699	293.200704	293.200696	293.200711	3.65123242e-06	1.99683766e-05	0	0	0	0	3
239	203	0	2.14420122	293.200699	293.200704	293.200696	293.200711	3.45125551e-06	1.99683766e-05	0	0	0	0	3
240	203	0	2.15317278	293.200699	293.200704	293.200696	293.200711	3.21677066e-06	1.99683766e-05	0	0	0	0	3
241	204	0	2.16214433	293.200699	293.200704	293.200696	293.200711	2.97580067e-06	1.99683766e-05	0	0	0	0	3
242	205	0	2.17111588	293.200699	293.200704	293.200696	293.200711	2.88439941e-06	1.99683766e-05	0	0	0	0	3
243	206	0	2.18008744	293.2007	293.200704	293.200697	293.200711	2.94927509e-06	1.99683766e-05	0	0	0	0	3
244	207	0	2.18905899	293.200701	293.200705	293.200698	293.200711	3.02004878e-06	1.99683766e-05	0	0	0	0	3
245	207	0	2.19803054	293.200702	293.200705	293.200699	293.200711	3.08710304e-06	1.99683766e-05	0	0	0	0	3
246	208	0	2.20700209	293.200703	293.200705	293.200699	293.200711	3.14499613e-06	1.99683766e-05	0	0	0	0	3
247	209	0	2.21597365	293.200704	293.200705	293.200699	293.200711	3.20513146e-06	1.99683766e-05	0	0	0	0	3
248	210	0	2.2249452	293.200704	293.200705	293.200699	293.200711	3.25994637e-06	1.99683766e-05	0	0	0	0	3
249	211	0	2.23391675	293.200705	293.200705	293.200699	293.200711	3.30982402e-06	1.99683766e-05	0	0	0	0	3
250	211	0	2.24288831	293.200705	293.200705	293.200699	293.200711	3.3483476e-06	1.99683766e-05	0	0	0	0	3
251	212	0	2.25185986	293.200706	293.200705	293.200699	293.200711	3.3846332e-06	1.99683766e-05	0	0	0	0	3
252	213	0	2.26083141	293.200706	293.200705	293.200699	293.200711	3.417681e-06	1.99683766e-05	0	0	0	0	3
253	214	0	2.26980297	293.200707	293.200705	293.200699	293.200711	3.46008568e-06	1.99683766e-05	0	0	0	0	3
254	215	0	2.27877452	293.200709	293.200705	293.200699	293.200711	3.52114171e-06	1.99683766e-05	0	0	0	0	3
255	215	0	2.28774607	293.20071	293.200705	293.200699	293.200711	3.61184351e-06	1.99683766e-05	0	0	0	0	3
256	216	0	2.29671763	293.200711	293.200705	293.200699	293.200711	3.73028433e-06	1.99683766e-05	0	0	0	0	3
257	217	0	2.30568918	293.200711	293.200705	293.200699	293.200711	3.87609566e-06	1.99683766e-05	0	0	0	0	3
258	218	0	2.31466073	293.200712	293.200706	293.200699	293.200712	4.03594464e-06	1.99683766e-05	0	0	0	0	3
259	219	0	2.32363229	293.200711	293.200706	293.200699	293.200712	4.19373839e-06	1.99683766e-05	0	0	0	0	3
260	220	0	2.33260384	293.200711	293.200706	293.200699	293.200712	4.34931934e-06	1.99683766e-05	0	0	0	0	3
261	220	0	2.34157539	293.20071	293.200706	293.200699	293.200712	4.49322135e-06	1.99683766e-05	0	0	0	0	3
262	221	0	2.35054695	293.200711	293.200706	293.200699	293.200712	4.64160223e-06	1.99683766e-05	0	0	0	0	3
263	222	0	2.3595185	293.20071	293.200706	293.200699	293.200712	4.780366e-06	1.99683766e-05	0	0	0	0	3
264	223	0	2.36849005	293.20071	293.200706	293.200699	293.200712	4.91027168e-06	1.99683766e-05	0	0	0	0	3
265	224	0	2.37746161	293.20071	293.200707	293.200699	293.200712	5.02452866e-06	1.99683766e-05	0	0	0	0	3
266	224	0	2.38643316	293.20071	293.200707	293.200699	293.200712	5.11590059e-06	1.99683766e-05	0	0	0	0	3
267	225	0	2.39540471	293.200709	293.200707	293.200699	293.200712	5.1751453e-06	1.99683766e-05	0	0	0	0	3
268	226	0	2.40437627	293.200709	293.200707	293.200699	293.200712	5.20926216e-06	1.99683766e-05	0	0	0	0	3
269	227	0	2.41334782	293.200709	293.200707	293.200699	293.200712	5.22841697e-06	1.99683766e-05	0	0	0	0	3
270	228	0	2.42231937	293.200709	293.200707	293.200699	293.200712	5.23247007e-06	1.99683766e-05	0	0	0	0	3
271	228	0	2.43129093	293.200709	293.200707	293.200699	293.200712	5.22894049e-06	1.99683766e-05	0	0	0	0	3
272	229	0	2.44026248	293.200709	293.200707	293.200699	293.200712	5.19008785e-06	1.99683766e-05	0	0	0	0	3
273	230	0	2.44923403	293.200708	293.200707	293.200699	293.200712	5.11393682e-06	1.99683766e-05	0	0	0	0	3
274	231	0	2.45820559	293.200708	293.200707	293.200699	293.200712	5.00500539e-06	1.99683766e-05	0	0	0	0	3
275	232	0	2.46717714	293.200708	293.200707	293.200699	293.200712	4.87727362e-06	1.99683766e-05	0	0	0	0	3
276	232	0	2.47614869	293.20071	293.200707	293.200699	293.200712	4.74715137e-06	1.99683766e-05	0	0	0	0	3
277	233	0	2.48512024	293.200711	293.200707	293.200699	293.200712	4.61159607e-06	1.99683766e-05	0	0	0	0	3
278	234	0	2.4940918	293.200711	293.200707	293.200699	293.200712	4.47109426e-06	1.99683766e-05	0	0	0	0	3
279	235	0	2.50306335	293.200711	293.200707	293.200699	293.200712	4.32816165e-06	1.99683766e-05	0	0	0	0	3
280	236	0	2.5120349	293.200711	293.200707	293.200699	293.200712	4.18746299e-06	1.99683766e-05	0	0	0	0	3
281	237	0	2.52100646	293.20071	293.200707	293.200699	293.200712	4.04102974e-06	1.99683766e-05	0	0	0	0	3
282	237	0	2.52997801	293.200709	293.200707	293.200699	293.200712	3.88645236e-06	1.99683766e-05	0	0	0	0	3
283	238	0	2.53894956	293.200708	293.200707	293.200699	293.200712	3.73383523e-06	1.99683766e-05	0	0	0	0	3
284	239	0	2.54792112	293.200708	293.200707	293.200699	293.200712	3.57636725e-06	1.99683766e-05	0	0	0	0	3
285	240	0	2.55689267	293.200709	293.200707	293.200699	293.200712	3.42005768e-06	1.99683766e-05	0	0	0	0	3
286	241	0	2.56586422	293.20071	293.200707	293.200699	293.200712	3.31558573e-06	1.99683766e-05	0	0	0	0	3
287	241	0	2.57483578	293.20071	293.200707	293.200699	293.200712	3.22965906e-06	1.99683766e-05	0	0	0	0	3
288	242	0	2.58380733	293.200711	293.200707	293.200699	293.200712	3.17649796e-06	1.99683766e-05	0	0	0	0	3
289	243	0	2.59277888	293.20071	293.200707	293.200699	293.200712	3.15009362e-06	1.99683766e-05	0	0	0	0	3
290	244	0	2.60175044	293.200709	293.200707	293.200699	293.200712	3.16951503e-06	1.99683766e-05	0	0	0	0	3
291	245	0	2.61072199	293.200708	293.200707	293.200699	293.200712	3.22305181e-06	1.99683766e-05	0	0	0	0	3
292	246	0	2.61969354	293.200708	293.200707	293.200699	293.200712	3.30813191e-06	1.99683766e-05	0	0	0	0	3
293	246	0	2.6286651	293.200708	293.200708	293.200699	293.200712	3.40653992e-06	1.99683766e-05	0	0	0	0	3
294	247	0	2.63763665	293.200708	293.200708	293.200699	293.200712	3.50878543e-06	1.99683766e-05	0	0	0	0	3
295	248	0	2.6466082	293.200707	293.200708	293.200699	293.200712	3.61463486e-06	1.99683766e-05	0	0	0	0	3
296	249	0	2.65557976	293.200707	293.200708	293.200699	293.200712	3.71202663e-06	1.99683766e-05	0	0	0	0	3
297	249	0	2.66455131	293.200707	293.200708	293.200699	293.200712	3.80207871e-06	1.99683766e-05	0	0	0	0	3
298	250	0	2.67352286	293.200707	293.200708	293.2007	293.200712	3.87480259e-06	1.99683766e-05	0	0	0	0	3
299	251	0	2.68249442	293.200706	293.200708	293.200701	293.200712	3.91830309e-06	1.99683766e-05	0	0	0	0	3
300	252	0	2.69146597	293.200706	293.200709	293.200702	293.200712	3.94871546e-06	1.99683766e-05	0	0	0	0	3
301	256	0	2.70043752	293.200706	293.200709	293.200703	293.200712	3.96789858e-06	1.99683766e-05	0	0	0	0	3
302	257	0	2.70940908	293.200706	293.200709	293.200704	293.200712	3.97275556e-06	1.99683766e-05	0	0	0	0	3
303	258	0	2.71838063	293.200706	293.200709	293.200704	293.200712	3.96795048e-06	1.99683766e-05	0	0	0	0	3
304	259	0	2.72735218	293.200707	293.200709	293.200705	293.200712	3.96098307e-06	1.99683766e-05	0	0	0	0	3
305	260	0	2.73632374	293.200706	293.200709	293.200705	293.200712	3.94359131e-06	1.99683766e-05	0	0	0	0	3
306	260	0	2.74529529	293.200705	293.200709	293.200705	293.200712	3.91070313e-06	1.99683766e-05	0	0	0	0	3
307	261	0	2.75426684	293.200705	293.200709	293.200705	293.200712	3.87765533e-06	1.99683766e-05	0	0	0	0	3
308	262	0	2.7632384	293.200705	293.200709	293.200705	293.200712	3.83525065e-06	1.99683766e-05	0	0	0	0	3
309	263	0	2.77220995	293.200705	293.200709	293.200705	293.200712	3.77419462e-06	1.99683766e-05	0	0	0	0	3
310	264	0	2.7811815	293.200706	293.200709	293.200705	293.200712	3.68349282e-06	1.99683766e-05	0	0	0	0	3
311	265	0	2.79015305	293.200706	293.200709	293.200705	293.200712	3.565052e-06	1.99683766e-05	0	0	0	0	3
312	266	0	2.79912461	293.200706	293.200708	293.200705	293.200712	3.41924067e-06	1.99683766e-05	0	0	0	0	3
313	267	0	2.80809616	293.200706	293.200708	293.200705	293.200712	3.25939169e-06	1.99683766e-05	0	0	0	0	3
314	268	0	2.81706771	293.200705	293.200708	293.200705	293.200711	3.10159794e-06	1.99683766e-05	0	0	0	0	3
315	269	0	2.82603927	293.200704	293.200708	293.200704	293.200711	2.94601699e-06	1.99683766e-05	0	0	0	0	3
316	270	0	2.83501082	293.200702	293.200708	293.200702	293.200711	2.80211498e-06	1.99683766e-05	0	0	0	0	3
317	270	0	2.84398237	293.200701	293.200708	293.200701	293.200711	2.6537341e-06	1.99683766e-05	0	0	0	0	3
318	271	0	2.85295393	293.200701	293.200708	293.200701	293.200711	2.51497033e-06	1.99683766e-05	0	0	0	0	3
319	272	0	2.86192548	293.200701	293.200708	293.200701	293.200711	2.38506465e-06	1.99683766e-05	0	0	0	0	3
320	273	0	2.87089703	293.200702	293.200707	293.200701	293.200711	2.27080767e-06	1.99683766e-05	0	0	0	0	3
321	274	0	2.87986859	293.200701	293.200707	293.200701	293.200711	2.23817523e-06	1.99683766e-05	0	0	0	0	3
322	274	0	2.88884014	293.200701	293.200707	293.200701	293.200711	2.23817523e-06	1.99683766e-05	0	0	0	0	3
323	275	0	2.89781169	293.200699	293.200707	293.200699	293.200711	2.23817523e-06	1.99683766e-05	0	0	0	0	3
324	276	0	2.90678325	293.200698	293.200707	293.200698	293.200711	2.23817523e-06	1.99683766e-05	0	0	0	0	3
325	277	0	2.9157548	293.200697	293.200706	293.200697	293.200711	2.32304012e-06	1.99683766e-05	0	0	0	0	3
326	278	0	2.92472635	293.200697	293.200706	293.200697	293.200711	2.54163604e-06	1.99683766e-05	0	0	0	0	3
327	279	0	2.93369791	293.200698	293.200706	293.200697	293.200711	2.74954931e-06	1.99683766e-05	0	0	0	0	3
328	280	0	2.94266946	293.200699	293.200706	293.200697	293.200711	2.92716828e-06	1.99683766e-05	0	0	0	0	3
329	280	0	2.95164101	293.2007	293.200706	293.200697	293.200711	3.07777583e-06	1.99683766e-05	0	0	0	0	3
330	281	0	2.96061257	293.2007	293.200706	293.200697	293.200711	3.21267805e-06	1.99683766e-05	0	0	0	0	3
331	282	0	2.96958412	293.2007	293.200705	293.200697	293.200711	3.36087271e-06	1.99683766e-05	0	0	0	0	3
332	283	0	2.97855567	293.2007	293.200705	293.200697	293.200711	3.53883468e-06	1.99683766e-05	0	0	0	0	3
333	284	0	2.98752723	293.2007	293.200705	293.200697	293.200711	3.74058669e-06	1.99683766e-05	0	0	0	0	3
334	285	0	2.99649878	293.2007	293.200705	293.200697	293.200711	3.95141984e-06	1.99683766e-05	0	0	0	0	3
335	285	0	3.00547033	293.2007	293.200705	293.200697	293.200711	4.15515831e-06	1.99683766e-05	0	0	0	0	3
336	286	0	3.01444189	293.200701	293.200704	293.200697	293.200711	4.33779513e-06	1.99683766e-05	0	0	0	0	3
337	287	0	3.02341344	293.200702	293.200704	293.200697	293.200711	4.4831163e-06	1.99683766e-05	0	0	0	0	3
338	288	0	3.03238499	293.200703	293.200704	293.200697	293.200711	4.58586294e-06	1.99683766e-05	0	0	0	0	3
339	289	0	3.04135655	293.200704	293.200704	293.200697	293.200711	4.65148611e-06	1.99683766e-05	0	0	0	0	3
340	290	0	3.0503281	293.200705	293.200704	293.200697	293.200711	4.70177508e-06	1.99683766e-05	0	0	0	0	3
341	291	0	3.05929965	293.200706	293.200704	293.200697	293.200711	4.7498408e-06	1.99683766e-05	0	0	0	0	3
342	291	0	3.0682712	293.200707	293.200704	293.200697	293.200711	4.80998841e-06	1.99683766e-05	0	0	0	0	3
343	292	0	3.07724276	293.200707	293.200704	293.200697	293.200711	4.86678363e-06	1.99683766e-05	0	0	0	0	3
344	293	0	3.08621431	293.200708	293.200704	293.200697	293.20071	4.91398578e-06	1.99683766e-05	0	0	0	0	3
345	294	0	3.09518586	293.200709	293.200704	293.200697	293.200709	4.93646911e-06	1.99683766e-05	0	0	0	0	3
346	295	0	3.10415742	293.20071	293.200704	293.200697	293.20071	4.93646911e-06	1.99683766e-05	0	0	0	0	3
347	295	0	3.11312897	293.200711	293.200704	293.200697	293.200711	4.93646911e-06	1.99683766e-05	0	0	0	0	3
348	296	0	3.12210052	293.200713	293.200704	293.200697	293.200713	4.93646911e-06	1.99683766e-05	0	0	0	0	3
349	297	0	3.13107208	293.200714	293.200704	293.200697	293.200714	4.93646911e-06	1.99683766e-05	0	0	0	0	3
350	298	0	3.14004363	293.200715	293.200704	293.200697	293.200715	4.93646911e-06	1.99683766e-05	0	0	0	0	3
351	299	0	3.14901518	293.200715	293.200704	293.200697	293.200715	4.93646911e-06	1.99683766e-05	0	0	0	0	3
352	300	0	3.15798674	293.200715	293.200705	293.200697	293.200715	4.93646911e-06	1.99683766e-05	0	0	0	0	3
353	300	0	3.16695829	293.200715	293.200705	293.200697	293.200715	4.93646911e-06	1.99683766e-05	0	0	0	0	3
354	301	0	3.17592984	293.200715	293.200705	293.200697	293.200715	4.93646911e-06	1.99683766e-05	0	0	0	0	3
355	302	0	3.1849014	293.200715	293.200705	293.200697	293.200715	4.93646911e-06	1.99683766e-05	0	0	0	0	3
356	303	0	3.19387295	293.200715	293.200705	293.200697	293.200715	4.93646911e-06	1.99683766e-05	0	0	0	0	3
357	304	0	3.2028445	293.200714	293.200705	293.200697	293.200715	4.93646911e-06	1.99683766e-05	0	0	0	0	3
358	304	0	3.21181606	293.200714	293.200705	293.200697	293.200715	4.93646911e-06	1.99683766e-05	0	0	0	0	3
359	305	0	3.22078761	293.200714	293.200706	293.200697	293.200715	4.93646911e-06	1.99683766e-05	0	0	0	0	3
360	306	0	3.22975916	293.200714	293.200706	293.200697	293.200715	4.93646911e-06	1.99683766e-05	0	0	0	0	3
361	307	0	3.23873072	293.200713	293.200706	293.200697	293.200715	4.93646911e-06	1.99683766e-05	0	0	0	0	3
362	308	0	3.24770227	293.200711	293.200706	293.200697	293.200715	4.91465664e-06	1.99683766e-05	0	0	0	0	3
363	308	0	3.25667382	293.200709	293.200706	293.200697	293.200715	4.88174646e-06	1.99683766e-05	0	0	0	0	3
364	309	0	3.26564538	293.200707	293.200706	293.200697	293.200715	4.83761522e-06	1.99683766e-05	0	0	0	0	3
365	310	0	3.27461693	293.200705	293.200706	293.200697	293.200715	4.78853241e-06	1.99683766e-05	0	0	0	0	3
366	311	0	3.28358848	293.200704	293.200706	293.200697	293.200715	4.72741726e-06	1.99683766e-05	0	0	0	0	3
367	312	0	3.29256004	293.200704	293.200706	293.200697	293.200715	4.65217522e-06	1.99683766e-05	0	0	0	0	3
368	312	0	3.30153159	293.200705	293.200706	293.200697	293.200715	4.55609097e-06	1.99683766e-05	0	0	0	0	3
369	313	0	3.31050314	293.200705	293.200706	293.200697	293.200715	4.4368449e-06	1.99683766e-05	0	0	0	0	3
370	314	0	3.3194747	293.200705	293.200706	293.200697	293.200715	4.30134605e-06	1.99683766e-05	0	0	0	0	3
371	315	0	3.32844625	293.200704	293.200706	293.200697	293.200715	4.14415678e-06	1.99683766e-05	0	0	0	0	3
372	316	0	3.3374178	293.200704	293.200706	293.200697	293.200715	3.98258453e-06	1.99683766e-05	0	0	0	0	3
373	317	0	3.34638936	293.200703	293.200706	293.200697	293.200715	3.81222867e-06	1.99683766e-05	0	0	0	0	3
374	317	0	3.35536091	293.200702	293.200706	293.200697	293.200715	3.65316691e-06	1.99683766e-05	0	0	0	0	3
375	318	0	3.36433246	293.200703	293.200706	293.200697	293.200715	3.50274672e-06	1.99683766e-05	0	0	0	0	3
376	319	0	3.37330401	293.200704	293.200706	293.200697	293.200715	3.35245915e-06	1.99683766e-05	0	0	0	0	3
377	320	0	3.38227557	293.200705	293.200706	293.200697	293.200715	3.19418388e-06	1.99683766e-05	0	0	0	0	3
378	321	0	3.39124712	293.200706	293.200706	293.200697	293.200715	3.02257837e-06	1.99683766e-05	0	0	0	0	3
379	321	0	3.40021867	293.200706	293.200706	293.200697	293.200715	2.82843689e-06	1.99683766e-05	0	0	0	0	3
380	322	0	3.40919023	293.200706	293.200707	293.200697	293.200715	2.66634845e-06	1.99683766e-05	0	0	0	0	3
381	323	0	3.41816178	293.200706	293.200707	293.200697	293.200715	2.82442113e-06	1.99683766e-05	0	0	0	0	3
382	324	0	3.42713333	293.200705	293.200707	293.200698	293.200715	2.97074581e-06	1.99683766e-05	0	0	0	0	3
383	325	0	3.43610489	293.200705	293.200707	293.200699	293.200715	3.0994679e-06	1.99683766e-05	0	0	0	0	3
384	325	0	3.44507644	293.200705	293.200707	293.2007	293.200715	3.21109582e-06	1.99683766e-05	0	0	0	0	3
385	326	0	3.45404799	293.200705	293.200707	293.2007	293.200715	3.31319927e-06	1.99683766e-05	0	0	0	0	3
386	327	0	3.46301955	293.200706	293.200707	293.2007	293.200715	3.41178782e-06	1.99683766e-05	0	0	0	0	3
387	328	0	3.4719911	293.200706	293.200707	293.2007	293.200715	3.51451996e-06	1.99683766e-05	0	0	0	0	3
388	329	0	3.48096265	293.200706	293.200707	293.2007	293.200715	3.61255462e-06	1.99683766e-05	0	0	0	0	3
389	330	0	3.48993421	293.200705	293.200708	293.2007	293.200715	3.69951323e-06	1.99683766e-05	0	0	0	0	3
390	330	0	3.49890576	293.200704	293.200708	293.2007	293.200715	3.77413181e-06	1.99683766e-05	0	0	0	0	3
391	331	0	3.50787731	293.200704	293.200708	293.200701	293.200715	3.84458059e-06	1.99683766e-05	0	0	0	0	3
392	332	0	3.51684887	293.200704	293.200708	293.200702	293.200715	3.90514498e-06	1.99683766e-05	0	0	0	0	3
393	333	0	3.52582042	293.200705	293.200708	293.200702	293.200715	3.95857569e-06	1.99683766e-05	0	0	0	0	3
394	334	0	3.53479197	293.200706	293.200708	293.200702	293.200715	4.0041121e-06	1.99683766e-05	0	0	0	0	3
395	335	0	3.54376353	293.200706	293.200708	293.200702	293.200715	4.04024854e-06	1.99683766e-05	0	0	0	0	3
396	335	0	3.55273508	293.200707	293.200708	293.200702	293.200715	4.06938079e-06	1.99683766e-05	0	0	0	0	3
397	336	0	3.56170663	293.200707	293.200708	293.200702	293.200715	4.08975461e-06	1.99683766e-05	0	0	0	0	3
398	337	0	3.57067819	293.200707	293.200708	293.200702	293.200715	4.0997254e-06	1.99683766e-05	0	0	0	0	3
399	338	0	3.57964974	293.200707	293.200708	293.200702	293.200715	4.0997254e-06	1.99683766e-05	0	0	0	0	3
400	339	0	3.58862129	293.200707	293.200708	293.200702	293.200715	4.0997254e-06	1.99683766e-05	0	0	0	0	3
401	343	0	3.59759285	293.200708	293.200708	293.200702	293.200715	4.08851588e-06	1.99683766e-05	0	0	0	0	3
402	344	0	3.6065644	293.200708	293.200708	293.200702	293.200715	4.04204019e-06	1.99683766e-05	0	0	0	0	3
403	345	0	3.61553595	293.200709	293.200708	293.200702	293.200715	3.95565291e-06	1.99683766e-05	0	0	0	0	3
404	346	0	3.62450751	293.200709	293.200708	293.200702	293.200715	3.83666975e-06	1.99683766e-05	0	0	0	0	3
405	347	0	3.63347906	293.200709	293.200708	293.200702	293.200715	3.69991676e-06	1.99683766e-05	0	0	0	0	3
406	347	0	3.64245061	293.200709	293.200708	293.200702	293.200715	3.55869321e-06	1.99683766e-05	0	0	0	0	3
407	348	0	3.65142216	293.200709	293.200707	293.200702	293.200715	3.4156821e-06	1.99683766e-05	0	0	0	0	3
408	349	0	3.66039372	293.200709	293.200707	293.200702	293.200715	3.27578397e-06	1.99683766e-05	0	0	0	0	3
409	350	0	3.66936527	293.20071	293.200707	293.200702	293.200715	3.1317532e-06	1.99683766e-05	0	0	0	0	3
410	351	0	3.67833682	293.200711	293.200707	293.200702	293.200715	2.97859594e-06	1.99683766e-05	0	0	0	0	3
411	352	0	3.68730838	293.200712	293.200707	293.200702	293.200715	2.82919399e-06	1.99683766e-05	0	0	0	0	3
412	352	0	3.69627993	293.200712	293.200707	293.200702	293.200714	2.67832041e-06	1.99683766e-05	0	0	0	0	3
413	353	0	3.70525148	293.200711	293.200707	293.200702	293.200714	2.53543806e-06	1.99683766e-05	0	0	0	0	3
414	354	0	3.71422304	293.20071	293.200707	293.200702	293.200714	2.3930404e-06	1.99683766e-05	0	0	0	0	3
415	355	0	3.72319459	293.200709	293.200707	293.200702	293.200714	2.2573322e-06	1.99683766e-05	0	0	0	0	3
416	356	0	3.73216614	293.200708	293.200707	293.200702	293.200713	2.13097394e-06	1.99683766e-05	0	0	0	0	3
417	356	0	3.7411377	293.200709	293.200707	293.200702	293.200712	2.02030549e-06	1.99683766e-05	0	0	0	0	3
418	357	0	3.75010925	293.20071	293.200707	293.200702	293.200712	2.01006247e-06	1.99683766e-05	0	0	0	0	3
419	358	0	3.7590808	293.20071	293.200707	293.200702	293.200712	2.01006247e-06	1.99683766e-05	0	0	0	0	3
420	359	0	3.76805236	293.20071	293.200707	293.200702	293.200712	2.01006247e-06	1.99683766e-05	0	0	0	0	3
421	360	0	3.77702391	293.200709	293.200707	293.200702	293.200712	2.01006247e-06	1.99683766e-05	0	0	0	0	3
422	361	0	3.78599546	293.200708	293.200707	293.200702	293.200712	2.01006247e-06	1.99683766e-05	0	0	0	0	3
423	361	0	3.79496702	293.200707	293.200707	293.200702	293.200712	2.01006247e-06	1.99683766e-05	0	0	0	0	3
424	362	0	3.80393857	293.200707	293.200707	293.200702	293.200712	2.01006247e-06	1.99683766e-05	0	0	0	0	3
425	363	0	3.81291012	293.200708	293.200707	293.200702	293.200712	2.00954696e-06	1.99683766e-05	0	0	0	0	3
426	364	0	3.82188168	293.200709	293.200707	293.200702	293.200712	1.99345334e-06	1.99683766e-05	0	0	0	0	3
427	365	0	3.83085323	293.20071	293.200707	293.200702	293.200712	1.96176705e-06	1.99683766e-05	0	0	0	0	3
428	366	0	3.83982478	293.200709	293.200707	293.200702	293.200712	1.931508e-06	1.99683766e-05	0	0	0	0	3
429	366	0	3.84879634	293.200708	293.200707	293.200702	293.200712	1.90760255e-06	1.99683766e-05	0	0	0	0	3
430	367	0	3.85776789	293.200706	293.200707	293.200703	293.200712	1.88392107e-06	1.99683766e-05	0	0	0	0	3
431	368	0	3.86673944	293.200705	293.200707	293.200704	293.200712	1.85051061e-06	1.99683766e-05	0	0	0	0	3
432	369	0	3.875711	293.200705	293.200707	293.200704	293.200712	1.7956358e-06	1.99683766e-05	0	0	0	0	3
433	370	0	3.88468255	293.200705	293.200707	293.200704	293.200712	1.70406008e-06	1.99683766e-05	0	0	0	0	3
434	371	0	3.8936541	293.200706	293.200707	293.200704	293.200712	1.57931623e-06	1.99683766e-05	0	0	0	0	3
435	371	0	3.90262566	293.200705	293.200707	293.200704	293.200712	1.43337695e-06	1.99683766e-05	0	0	0	0	3
436	372	0	3.91159721	293.200704	293.200707	293.200704	293.200712	1.32697994e-06	1.99683766e-05	0	0	0	0	3
437	373	0	3.92056876	293.200702	293.200707	293.200702	293.200712	1.32697994e-06	1.99683766e-05	0	0	0	0	3
438	374	0	3.92954032	293.2007	293.200707	293.2007	293.200712	1.32697994e-06	1.99683766e-05	0	0	0	0	3
439	375	0	3.93851187	293.200699	293.200707	293.200699	293.200712	1.32697994e-06	1.99683766e-05	0	0	0	0	3
440	375	0	3.94748342	293.200699	293.200707	293.200699	293.200712	1.32697994e-06	1.99683766e-05	0	0	0	0	3
441	376	0	3.95645497	293.200699	293.200707	293.200699	293.200712	1.32697994e-06	1.99683766e-05	0	0	0	0	3
442	377	0	3.96542653	293.2007	293.200707	293.200699	293.200712	1.32697994e-06	1.99683766e-05	0	0	0	0	3
443	378	0	3.97439808	293.200701	293.200707	293.200699	293.200712	1.32697994e-06	1.99683766e-05	0	0	0	0	3
444	379	0	3.98336963	293.200701	293.200707	293.200699	293.200712	1.32697994e-06	1.99683766e-05	0	0	0	0	3
445	380	0	3.99234119	293.200701	293.200707	293.200699	293.200712	1.34190543e-06	1.99683766e-05	0	0	0	0	3
446	380	0	4.00131274	293.200701	293.200707	293.200699	293.200712	1.3904002e-06	1.99683766e-05	0	0	0	0	3
