Iteration	CPUTime	PhysTime	Travels	Value	AvValue	MinValue	MaxValue	Delta	Criteria	PrevAvRefValue	Progress	CriteriaType	CriteriaVarType	CriteriaPercentage
1	6	0	0.00897167416	52.4402589	52.4402589	52.4402589	52.4402589	0	0	0	0	0	0	3
2	7	0	0.0179433483	9.55778071	30.9990198	9.55778071	52.4402589	21.4412391	0	0	0	0	0	3
3	8	0	0.0269150225	6.229609	22.7425495	6.229609	52.4402589	29.6977094	0	0	0	0	0	3
4	8	0	0.0358866967	2.54120593	17.6922136	2.54120593	52.4402589	34.7480453	0	0	0	0	0	3
5	9	0	0.0448583708	5.33146201	15.2200633	2.54120593	52.4402589	37.2201956	0	0	0	0	0	3
6	10	0	0.053830045	2.56459725	13.110819	2.54120593	52.4402589	39.32944	0	0	0	0	0	3
7	11	0	0.0628017192	4.44340074	11.8726164	2.54120593	52.4402589	40.5676426	0	0	0	0	0	3
8	12	0	0.0717733933	2.37218445	10.6850624	2.37218445	52.4402589	41.7551966	0	0	0	0	0	3
9	13	0	0.0807450675	4.04110709	9.94684512	2.37218445	52.4402589	42.4934138	0	0	0	0	0	3
10	13	0	0.0897167416	2.36326318	9.18848693	2.36326318	52.4402589	43.251772	0	0	0	0	0	3
11	14	0	0.0986884158	3.57897116	8.67853095	2.36326318	52.4402589	43.761728	0	0	0	0	0	3
12	15	0	0.10766009	2.69022292	8.17950528	2.36326318	52.4402589	44.2607537	0	0	0	0	0	3
13	16	0	0.116631764	3.47151452	7.81735215	2.36326318	52.4402589	44.6229068	0	0	0	0	0	3
14	16	0	0.125603438	2.85665077	7.46301633	2.36326318	52.4402589	44.9772426	0	0	0	0	0	3
15	17	0	0.134575112	3.34476073	7.18846596	2.36326318	52.4402589	45.251793	0	0	0	0	0	3
16	18	0	0.143546787	3.00981293	6.92730015	2.36326318	52.4402589	45.5129588	0	0	0	0	0	3
17	19	0	0.152518461	3.15188638	6.70521698	2.36326318	52.4402589	45.735042	0	0	0	0	0	3
18	20	0	0.161490135	2.991946	6.49892415	2.36326318	52.4402589	45.9413348	0	0	0	0	0	3
19	20	0	0.170461809	3.01238172	6.31542192	2.36326318	52.4402589	46.124837	0	0	0	0	0	3
20	21	0	0.179433483	2.93277689	6.14628967	2.36326318	52.4402589	46.2939693	0	0	0	0	0	3
21	22	0	0.188405157	2.91168997	5.99226111	2.36326318	52.4402589	46.4479978	0	0	0	0	0	3
22	23	0	0.197376832	2.87569774	5.85059914	2.36326318	52.4402589	46.5896598	0	0	0	0	0	3
23	24	0	0.206348506	2.84772956	5.72003959	2.36326318	52.4402589	46.7202193	0	0	0	0	0	3
24	24	0	0.21532018	2.82073989	5.59923544	2.36326318	52.4402589	46.8410235	0	0	0	0	0	3
25	25	0	0.224291854	2.80021337	5.48727455	2.36326318	52.4402589	46.9529844	0	0	0	0	0	3
26	26	0	0.233263528	2.78595561	5.38337767	2.36326318	52.4402589	47.0568813	0	0	0	0	0	3
27	27	0	0.242235202	2.76998246	5.28658526	2.36326318	52.4402589	47.1536737	0	0	0	0	0	3
28	28	0	0.251206877	2.75585243	5.19620194	2.36326318	52.4402589	47.244057	0	0	0	0	0	3
29	29	0	0.260178551	2.74226533	5.11158344	2.36326318	52.4402589	47.3286755	0	0	0	0	0	3
30	29	0	0.269150225	2.72944023	5.03217866	2.36326318	52.4402589	47.4080803	0	0	0	0	0	3
31	30	0	0.278121899	2.71773825	4.9575193	2.36326318	52.4402589	47.4827396	0	0	0	0	0	3
32	31	0	0.287093573	2.70560914	4.8871471	2.36326318	52.4402589	47.5531118	0	0	0	0	0	3
33	32	0	0.296065247	2.69412651	4.82069193	2.36326318	52.4402589	47.619567	0	0	0	0	0	3
34	33	0	0.305036922	2.68463557	4.75786675	2.36326318	52.4402589	47.6823922	0	0	0	0	0	3
35	34	0	0.314008596	2.67551839	4.69837108	2.36326318	52.4402589	47.7418879	0	0	0	0	0	3
36	35	0	0.32298027	2.66788853	4.64196879	2.36326318	52.4402589	47.7982901	0	0	0	0	0	3
37	35	0	0.331951944	2.65808903	4.58835041	2.36326318	52.4402589	47.8519085	0	0	0	0	0	3
38	36	0	0.340923618	2.64947533	4.53732739	2.36326318	52.4402589	47.9029315	0	0	0	0	0	3
39	37	0	0.349895292	2.64154169	4.4887175	2.36326318	52.4402589	47.9515414	0	0	0	0	0	3
40	38	0	0.358866967	2.63686575	4.4424212	2.36326318	52.4402589	47.9978377	0	0	0	0	0	3
41	39	0	0.367838641	2.63195776	4.39826356	2.36326318	52.4402589	48.0419954	0	0	0	0	0	3
42	40	0	0.376810315	2.62720739	4.35609555	2.36326318	52.4402589	48.0841634	0	0	0	0	0	3
43	41	0	0.385781989	2.62078753	4.31573955	2.36326318	52.4402589	48.1245194	0	0	0	0	0	3
44	42	0	0.394753663	2.61528017	4.27709275	2.36326318	52.4402589	48.1631662	0	0	0	0	0	3
45	43	0	0.403725337	2.60833452	4.24000923	2.36326318	52.4402589	48.2002497	0	0	0	0	0	3
46	44	0	0.412697012	2.60301577	4.20442242	2.36326318	52.4402589	48.2358365	0	0	0	0	0	3
47	44	0	0.421668686	2.59689034	4.17021961	2.36326318	52.4402589	48.2700393	0	0	0	0	0	3
48	45	0	0.43064036	2.59332687	4.13736768	2.36326318	52.4402589	48.3028913	0	0	0	0	0	3
49	46	0	0.439612034	2.58922938	4.10577302	2.36326318	52.4402589	48.3344859	0	0	0	0	0	3
50	47	0	0.448583708	2.58574173	4.07537239	2.36326318	52.4402589	48.3648865	0	0	0	0	0	3
51	48	0	0.457555382	2.57943709	4.04604033	2.36326318	52.4402589	48.3942186	0	0	0	0	0	3
52	49	0	0.466527057	2.57408855	4.01773356	2.36326318	52.4402589	48.4225254	0	0	0	0	0	3
53	50	0	0.475498731	2.56814232	3.99038278	2.36326318	52.4402589	48.4498762	0	0	0	0	0	3
54	50	0	0.484470405	2.5645154	3.96397783	2.36326318	52.4402589	48.4762811	0	0	0	0	0	3
55	51	0	0.493442079	2.56217993	3.9384906	2.36326318	52.4402589	48.5017683	0	0	0	0	0	3
56	52	0	0.502413753	2.56041478	3.9138821	2.36326318	52.4402589	48.5263768	0	0	0	0	0	3
57	53	0	0.511385427	2.55813514	3.02312989	2.36326318	9.55778071	7.19451753	0	0	0	0	0	3
58	54	0	0.520357102	2.5568537	2.89811334	2.36326318	6.229609	3.86634581	0	0	0	0	0	3
59	55	0	0.529328776	2.5542732	2.83248234	2.36326318	5.33146201	2.96819883	0	0	0	0	0	3
60	56	0	0.53830045	2.55036932	2.83264597	2.36326318	5.33146201	2.96819883	0	0	0	0	0	3
61	57	0	0.547272124	2.54768103	2.7829356	2.36326318	4.44340074	2.08013755	0	0	0	0	0	3
62	58	0	0.556243798	2.54724306	2.7826257	2.36326318	4.44340074	2.08013755	0	0	0	0	0	3
63	58	0	0.565215472	2.54574535	2.748739	2.36326318	4.04110709	1.6778439	0	0	0	0	0	3
64	59	0	0.574187147	2.54653524	2.7518524	2.36326318	4.04110709	1.6778439	0	0	0	0	0	3
65	60	0	0.583158821	2.54558417	2.72514664	2.36326318	3.57897116	1.21570798	0	0	0	0	0	3
66	61	0	0.592130495	2.54292162	2.72835482	2.54292162	3.57897116	1.03604954	0	0	0	0	0	3
67	62	0	0.601102169	2.5422926	2.70984271	2.5422926	3.47151452	0.929221916	0	0	0	0	0	3
68	63	0	0.610073843	2.53877365	2.70713826	2.53877365	3.47151452	0.932740863	0	0	0	0	0	3
69	64	0	0.619045517	2.53757502	2.69046076	2.53757502	3.34476073	0.807185709	0	0	0	0	0	3
70	64	0	0.628017192	2.53869731	2.68478302	2.53757502	3.34476073	0.807185709	0	0	0	0	0	3
71	65	0	0.636988866	2.53996021	2.67041159	2.53757502	3.15188638	0.614311363	0	0	0	0	0	3
72	66	0	0.64596054	2.53978366	2.66201821	2.53757502	3.15188638	0.614311363	0	0	0	0	0	3
73	67	0	0.654932214	2.53662752	2.65103144	2.53662752	3.01238172	0.475754199	0	0	0	0	0	3
74	68	0	0.663903888	2.53633926	2.64289561	2.53633926	3.01238172	0.476042462	0	0	0	0	0	3
75	69	0	0.672875562	2.53424054	2.63435737	2.53424054	2.93277689	0.39853635	0	0	0	0	0	3
76	70	0	0.681847237	2.53313717	2.62722095	2.53313717	2.91168997	0.378552804	0	0	0	0	0	3
77	71	0	0.690818911	2.53586904	2.62050986	2.53313717	2.87569774	0.342560568	0	0	0	0	0	3
78	71	0	0.699790585	2.53504339	2.61442675	2.53313717	2.84772956	0.31459239	0	0	0	0	0	3
79	72	0	0.708762259	2.53635238	2.60886644	2.53313717	2.82073989	0.287602723	0	0	0	0	0	3
80	73	0	0.717733933	2.53548845	2.60377266	2.53313717	2.80021337	0.267076199	0	0	0	0	0	3
81	74	0	0.726705607	2.53305363	2.59900195	2.53305363	2.78595561	0.252901976	0	0	0	0	0	3
82	75	0	0.735677282	2.53238511	2.59447391	2.53238511	2.76998246	0.237597348	0	0	0	0	0	3
83	76	0	0.744648956	2.53030999	2.59019404	2.53030999	2.75585243	0.225542441	0	0	0	0	0	3
84	77	0	0.75362063	2.52928368	2.58614817	2.52928368	2.74226533	0.212981648	0	0	0	0	0	3
85	78	0	0.762592304	2.52790676	2.58232034	2.52790676	2.72944023	0.201533464	0	0	0	0	0	3
86	79	0	0.771563978	2.5279027	2.57872146	2.5279027	2.71773825	0.189835545	0	0	0	0	0	3
87	80	0	0.780535652	2.52537316	2.57528637	2.52537316	2.70560914	0.180235977	0	0	0	0	0	3
88	80	0	0.789507327	2.5244865	2.57205203	2.5244865	2.69412651	0.169640013	0	0	0	0	0	3
89	81	0	0.798479001	2.52103393	2.56896109	2.52103393	2.68463557	0.163601639	0	0	0	0	0	3
90	82	0	0.807450675	2.52058797	2.56603167	2.52058797	2.67551839	0.15493042	0	0	0	0	0	3
91	83	0	0.816422349	2.51889935	2.5632349	2.51889935	2.66788853	0.148989172	0	0	0	0	0	3
92	84	0	0.825394023	2.51870146	2.56057085	2.51870146	2.65808903	0.139387571	0	0	0	0	0	3
93	85	0	0.834365697	2.5199342	2.5581038	2.51870146	2.64947533	0.130773874	0	0	0	0	0	3
94	86	0	0.843337372	2.51978707	2.55578794	2.51870146	2.64154169	0.122840229	0	0	0	0	0	3
95	87	0	0.852309046	2.51889243	2.55359777	2.51870146	2.63686575	0.118164292	0	0	0	0	0	3
96	88	0	0.86128072	2.5174679	2.55146567	2.5174679	2.63195776	0.114489854	0	0	0	0	0	3
97	88	0	0.870252394	2.51631086	2.54940054	2.51631086	2.62720739	0.110896534	0	0	0	0	0	3
98	89	0	0.879224068	2.51568737	2.54740912	2.51568737	2.62078753	0.105100166	0	0	0	0	0	3
99	90	0	0.888195742	2.51419095	2.54550561	2.51419095	2.61528017	0.101089216	0	0	0	0	0	3
100	91	0	0.897167416	2.51322636	2.54368322	2.51322636	2.60833452	0.09510816	0	0	0	0	0	3
101	95	0	0.906139091	2.51262036	2.54197403	2.51262036	2.60301577	0.0903954106	0	0	0	0	0	3
102	96	0	0.915110765	2.5136224	2.54037772	2.51262036	2.59689034	0.0842699828	0	0	0	0	0	3
103	96	0	0.924082439	2.51445397	2.53890565	2.51262036	2.59332687	0.0807065157	0	0	0	0	0	3
104	97	0	0.933054113	2.51510841	2.53750889	2.51262036	2.58922938	0.0766090246	0	0	0	0	0	3
105	98	0	0.942025787	2.51676501	2.53621488	2.51262036	2.58574173	0.0731213689	0	0	0	0	0	3
106	99	0	0.950997461	2.51599865	2.53496947	2.51262036	2.57943709	0.0668167359	0	0	0	0	0	3
107	100	0	0.959969136	2.51563763	2.53383019	2.51262036	2.57408855	0.06146819	0	0	0	0	0	3
108	101	0	0.96894081	2.51452683	2.53276659	2.51262036	2.56814232	0.0555219657	0	0	0	0	0	3
109	101	0	0.977912484	2.51365194	2.53179355	2.51262036	2.5645154	0.0518950425	0	0	0	0	0	3
110	102	0	0.986884158	2.51394054	2.53089043	2.51262036	2.56217993	0.0495595771	0	0	0	0	0	3
111	103	0	0.995855832	2.51501804	2.53004825	2.51262036	2.56041478	0.0477944277	0	0	0	0	0	3
112	104	0	1.00482751	2.5153824	2.5292441	2.51262036	2.55813514	0.0455147842	0.115990374	0	100	0	0	3
113	105	0	1.01379918	2.51461301	2.52846692	2.51262036	2.5568537	0.0442333451	0.115990374	0	100	0	0	3
114	106	0	1.02277085	2.51471469	2.52771444	2.51262036	2.5542732	0.0416528419	0.115990374	0	100	0	0	3
115	107	0	1.03174253	2.51453427	2.52700481	2.51262036	2.55036932	0.0377489651	0.115990374	0	100	0	0	3
116	107	0	1.0407142	2.51417379	2.52635846	2.51262036	2.54768103	0.0350606736	0.115990374	0	100	0	0	3
117	108	0	1.04968588	2.51570108	2.52578739	2.51262036	2.54724306	0.0346226988	0.115990374	0	100	0	0	3
118	109	0	1.05865755	2.51593862	2.52522839	2.51262036	2.54653524	0.0339148825	0.115990374	0	100	0	0	3
119	110	0	1.06762923	2.51668738	2.52470949	2.51262036	2.54653524	0.0339148825	0.115990374	0	100	0	0	3
120	111	0	1.0766009	2.51795211	2.52419908	2.51262036	2.54558417	0.0329638089	0.115990374	0	100	0	0	3
121	112	0	1.08557257	2.51860796	2.52371736	2.51262036	2.54292162	0.0303012642	0.115990374	0	100	0	0	3
122	112	0	1.09454425	2.51772069	2.52326735	2.51262036	2.5422926	0.0296722441	0.115990374	0	100	0	0	3
123	113	0	1.10351592	2.51811792	2.52283565	2.51262036	2.53996021	0.0273398505	0.115990374	0	100	0	0	3
124	114	0	1.1124876	2.51888735	2.52248054	2.51262036	2.53996021	0.0273398505	0.115990374	0	100	0	0	3
125	115	0	1.12145927	2.52093672	2.52218343	2.51262036	2.53996021	0.0273398505	0.115990374	0	100	0	0	3
126	116	0	1.13043094	2.52288935	2.52190114	2.51262036	2.53996021	0.0273398505	0.115990374	0	100	0	0	3
127	117	0	1.13940262	2.52442335	2.5216237	2.51262036	2.53978366	0.0271633005	0.115990374	0	100	0	0	3
128	118	0	1.14837429	2.52655766	2.52138752	2.51262036	2.53662752	0.0240071672	0.115990374	0	100	0	0	3
129	119	0	1.15734597	2.52924761	2.52125574	2.51262036	2.53635238	0.0237320189	0.115990374	0	100	0	0	3
130	120	0	1.16631764	2.53009135	2.52114417	2.51262036	2.53635238	0.0237320189	0.115990374	0	100	0	0	3
131	120	0	1.17528932	2.53205987	2.52110523	2.51262036	2.53635238	0.0237320189	0.115990374	0	100	0	0	3
132	121	0	1.18426099	2.53166975	2.52107902	2.51262036	2.53635238	0.0237320189	0.115990374	0	100	0	0	3
133	122	0	1.19323266	2.532625	2.52102109	2.51262036	2.53635238	0.0237320189	0.115990374	0	100	0	0	3
134	123	0	1.20220434	2.53254234	2.52097643	2.51262036	2.53635238	0.0237320189	0.115990374	0	100	0	0	3
135	124	0	1.21117601	2.53321175	2.52092035	2.51262036	2.53548845	0.0228680889	0.115990374	0	100	0	0	3
136	125	0	1.22014769	2.5316424	2.52085167	2.51262036	2.53321175	0.0205913892	0.115990374	0	100	0	0	3
137	126	0	1.22911936	2.53093334	2.52081381	2.51262036	2.53321175	0.0205913892	0.115990374	0	100	0	0	3
138	127	0	1.23809103	2.52945776	2.52076153	2.51262036	2.53321175	0.0205913892	0.115990374	0	100	0	0	3
139	127	0	1.24706271	2.52965961	2.52074992	2.51262036	2.53321175	0.0205913892	0.115990374	0	100	0	0	3
140	128	0	1.25603438	2.52860614	2.52073782	2.51262036	2.53321175	0.0205913892	0.115990374	0	100	0	0	3
141	129	0	1.26500606	2.52884579	2.52075459	2.51262036	2.53321175	0.0205913892	0.115990374	0	100	0	0	3
142	130	0	1.27397773	2.52963573	2.52078554	2.51262036	2.53321175	0.0205913892	0.115990374	0	100	0	0	3
143	131	0	1.28294941	2.53194161	2.52090283	2.51262036	2.53321175	0.0205913892	0.115990374	0	100	0	0	3
144	132	0	1.29192108	2.53201503	2.52103727	2.51262036	2.53321175	0.0205913892	0.115990374	0	100	0	0	3
145	133	0	1.30089275	2.53256474	2.52124318	2.51262036	2.53321175	0.0205913892	0.115990374	0	100	0	0	3
146	134	0	1.30986443	2.53128191	2.52143414	2.51262036	2.53321175	0.0205913892	0.115990374	0	100	0	0	3
147	134	0	1.3188361	2.53148053	2.5216588	2.51262036	2.53321175	0.0205913892	0.115990374	0	100	0	0	3
148	135	0	1.32780778	2.53174046	2.52189164	2.51262036	2.53321175	0.0205913892	0.115990374	0	100	0	0	3
149	136	0	1.33677945	2.53351814	2.52213421	2.51262036	2.53351814	0.0208977883	0.115990374	0	100	0	0	3
150	137	0	1.34575112	2.53322495	2.52237418	2.51262036	2.53351814	0.0208977883	0.115990374	0	100	0	0	3
151	138	0	1.3547228	2.53421864	2.52264786	2.51262036	2.53421864	0.0215982827	0.115990374	0	100	0	0	3
152	139	0	1.36369447	2.53345406	2.52293332	2.51262036	2.53421864	0.0215982827	0.115990374	0	100	0	0	3
153	140	0	1.37266615	2.53349394	2.52324017	2.51262036	2.53421864	0.0215982827	0.115990374	0	100	0	0	3
154	140	0	1.38163782	2.53295013	2.52354843	2.51262036	2.53421864	0.0215982827	0.115990374	0	100	0	0	3
155	141	0	1.3906095	2.53411988	2.5239043	2.51262036	2.53421864	0.0215982827	0.115990374	0	100	0	0	3
156	142	0	1.39958117	2.53399484	2.52427517	2.51262036	2.53421864	0.0212362129	0.115990374	0	100	0	0	3
157	143	0	1.40855284	2.53596272	2.524692	2.5136224	2.53596272	0.0196399027	0.115990374	0	100	0	0	3
158	144	0	1.41752452	2.53694599	2.52510849	2.51365194	2.53694599	0.0181678248	0.115990374	0	100	0	0	3
159	145	0	1.42649619	2.53911683	2.5255489	2.51365194	2.53911683	0.0167710664	0.115990374	0	100	0	0	3
160	146	0	1.43546787	2.53979681	2.52598976	2.51365194	2.53979681	0.0154770597	0.115990374	0	100	0	0	3
161	147	0	1.44443954	2.53956623	2.52639693	2.51365194	2.53979681	0.0142316476	0.115990374	0	100	0	0	3
162	147	0	1.45341121	2.53714881	2.52677461	2.51365194	2.53979681	0.0130923716	0.115990374	0	100	0	0	3
163	148	0	1.46238289	2.53567712	2.52713246	2.51365194	2.53979681	0.0120287696	0.115990374	0	100	0	0	3
164	149	0	1.47135456	2.53131892	2.52743231	2.51365194	2.53979681	0.0110557271	0.115990374	0	100	0	0	3
165	150	0	1.48032624	2.52806421	2.52768968	2.51394054	2.53979681	0.0101526047	0.115990374	0	100	0	0	3
166	151	0	1.48929791	2.52608826	2.5279066	2.51417379	2.53979681	0.00931042799	0.115990374	0	100	0	0	3
167	152	0	1.49826959	2.52603909	2.5281034	2.51417379	2.53979681	0.00850627829	0.115990374	0	100	0	0	3
168	153	0	1.50724126	2.52511246	2.52827715	2.51417379	2.53979681	0.0077290974	0.115990374	0	100	0	0	3
169	153	0	1.51621293	2.52482164	2.52845945	2.51417379	2.53979681	0.00772163036	0.115990374	0	100	0	0	3
170	154	0	1.52518461	2.52306961	2.52860865	2.51417379	2.53979681	0.00787082524	0.115990374	0	100	0	0	3
171	155	0	1.53415628	2.52100798	2.52872425	2.51417379	2.53979681	0.00798642717	0.115990374	0	100	0	0	3
172	156	0	1.54312796	2.51877293	2.52880638	2.51570108	2.53979681	0.00806855469	0.115990374	0	100	0	0	3
173	157	0	1.55209963	2.51730233	2.52883497	2.51593862	2.53979681	0.00809714858	0.115990374	0	100	0	0	3
174	158	0	1.5610713	2.51566414	2.52883007	2.51566414	2.53979681	0.00809714858	0.115990374	0	100	0	0	3
175	159	0	1.57004298	2.51649492	2.52882663	2.51566414	2.53979681	0.00809714858	0.115990374	0	100	0	0	3
176	159	0	1.57901465	2.51757005	2.52881981	2.51566414	2.53979681	0.00809714858	0.115990374	0	100	0	0	3
177	160	0	1.58798633	2.51915182	2.52882952	2.51566414	2.53979681	0.00809714858	0.115990374	0	100	0	0	3
178	161	0	1.596958	2.51803228	2.52883509	2.51566414	2.53979681	0.00809726384	0.115990374	0	100	0	0	3
179	162	0	1.60592968	2.51791916	2.52883154	2.51566414	2.53979681	0.00809726384	0.115990374	0	100	0	0	3
180	163	0	1.61490135	2.51434261	2.52875038	2.51434261	2.53979681	0.00809726384	0.115990374	0	100	0	0	3
181	164	0	1.62387302	2.51315441	2.52861141	2.51315441	2.53979681	0.00809726384	0.115990374	0	100	0	0	3
182	165	0	1.6328447	2.51104747	2.52839995	2.51104747	2.53979681	0.00809726384	0.115990374	0	100	0	0	3
183	165	0	1.64181637	2.51190884	2.52817647	2.51104747	2.53979681	0.00809726384	0.115990374	0	100	0	0	3
184	166	0	1.65078805	2.51319371	2.52793783	2.51104747	2.53979681	0.00809726384	0.115990374	0	100	0	0	3
185	167	0	1.65975972	2.51699787	2.52771909	2.51104747	2.53979681	0.00809726384	0.115990374	0	100	0	0	3
186	168	0	1.66873139	2.51798349	2.52750288	2.51104747	2.53979681	0.00809726384	0.115990374	0	100	0	0	3
187	169	0	1.67770307	2.52075205	2.52730095	2.51104747	2.53979681	0.00809726384	0.115990374	0	100	0	0	3
188	170	0	1.68667474	2.52140092	2.52711758	2.51104747	2.53979681	0.00809726384	0.115990374	0	100	0	0	3
189	171	0	1.69564642	2.52243844	2.52693568	2.51104747	2.53979681	0.00809726384	0.115990374	0	100	0	0	3
190	171	0	1.70461809	2.52194148	2.52674637	2.51104747	2.53979681	0.00809726384	0.115990374	0	100	0	0	3
191	172	0	1.71358977	2.52500325	2.52659979	2.51104747	2.53979681	0.00809726384	0.115990374	0	100	0	0	3
192	173	0	1.72256144	2.52603965	2.52649974	2.51104747	2.53979681	0.00809726384	0.115990374	0	100	0	0	3
193	174	0	1.73153311	2.52874057	2.52646059	2.51104747	2.53979681	0.00809726384	0.115990374	0	100	0	0	3
194	175	0	1.74050479	2.53044902	2.52647829	2.51104747	2.53979681	0.00809726384	0.115990374	0	100	0	0	3
195	176	0	1.74947646	2.53094042	2.52650116	2.51104747	2.53979681	0.00809726384	0.115990374	0	100	0	0	3
196	176	0	1.75844814	2.53164395	2.52655541	2.51104747	2.53979681	0.00808049548	0.115990374	0	100	0	0	3
197	177	0	1.76741981	2.5314582	2.52660206	2.51104747	2.53979681	0.00804954855	0.115990374	0	100	0	0	3
198	178	0	1.77639148	2.5324483	2.52665228	2.51104747	2.53979681	0.00793225473	0.115990374	0	100	0	0	3
199	179	0	1.78536316	2.53235175	2.52665961	2.51104747	2.53979681	0.00779781679	0.115990374	0	100	0	0	3
200	180	0	1.79433483	2.53376505	2.52669086	2.51104747	2.53979681	0.00759190934	0.115990374	0	100	0	0	3
201	184	0	1.80330651	2.53526708	2.52673911	2.51104747	2.53979681	0.00740094615	0.115990374	0	100	0	0	3
202	185	0	1.81227818	2.53490551	2.52680382	2.51104747	2.53979681	0.0071762823	0.115990374	0	100	0	0	3
203	186	0	1.82124986	2.53451667	2.52685804	2.51104747	2.53979681	0.00694344302	0.115990374	0	100	0	0	3
204	186	0	1.83022153	2.53279401	2.52687685	2.51104747	2.53979681	0.00670087251	0.115990374	0	100	0	0	3
205	187	0	1.8391932	2.53295391	2.52686677	2.51104747	2.53979681	0.00646091032	0.115990374	0	100	0	0	3
206	188	0	1.84816488	2.53100721	2.52682717	2.51104747	2.53979681	0.00618722801	0.115990374	0	100	0	0	3
207	189	0	1.85713655	2.53116586	2.52677266	2.51104747	2.53979681	0.00590176092	0.115990374	0	100	0	0	3
208	190	0	1.86610823	2.53074629	2.5267243	2.51104747	2.53979681	0.00559492021	0.115990374	0	100	0	0	3
209	191	0	1.8750799	2.53097134	2.52667926	2.51104747	2.53979681	0.00528665653	0.115990374	0	100	0	0	3
210	192	0	1.88405157	2.52940272	2.52661591	2.51104747	2.53979681	0.00493078295	0.115990374	0	100	0	0	3
211	192	0	1.89302325	2.52797064	2.5265061	2.51104747	2.53979681	0.0045599172	0.115990374	0	100	0	0	3
212	193	0	1.90199492	2.52668292	2.52637553	2.51104747	2.53979681	0.00414308921	0.115990374	0	100	0	0	3
213	194	0	1.9109666	2.52629874	2.52620296	2.51104747	2.53979681	0.00372659654	0.115990374	0	100	0	0	3
214	195	0	1.91993827	2.52704362	2.52602613	2.51104747	2.53979681	0.0032861883	0.115990374	0	100	0	0	3
215	196	0	1.92890995	2.52905451	2.52584645	2.51104747	2.53979681	0.00298863517	0.115990374	0	100	0	0	3
216	197	0	1.93788162	2.52976953	2.52566739	2.51104747	2.53956623	0.00316769378	0.115990374	0	100	0	0	3
217	198	0	1.94685329	2.53080678	2.52551097	2.51104747	2.53714881	0.00332411253	0.115990374	0	100	0	0	3
218	199	0	1.95582497	2.52903607	2.5253661	2.51104747	2.53567712	0.00346898278	0.115990374	0	100	0	0	3
219	200	0	1.96479664	2.52629075	2.52519849	2.51104747	2.53526708	0.00363659644	0.115990374	0	100	0	0	3
220	201	0	1.97376832	2.52085026	2.52501155	2.51104747	2.53526708	0.00382353674	0.115990374	0	100	0	0	3
221	201	0	1.98273999	2.51923125	2.52485382	2.51104747	2.53526708	0.00398126823	0.115990374	0	100	0	0	3
222	202	0	1.99171166	2.51858766	2.52471988	2.51104747	2.53526708	0.00411520747	0.115990374	0	100	0	0	3
223	203	0	2.00068334	2.52041028	2.52461936	2.51104747	2.53526708	0.00421572179	0.115990374	0	100	0	0	3
224	204	0	2.00965501	2.52096266	2.52454526	2.51104747	2.53526708	0.00428982526	0.115990374	0	100	0	0	3
225	205	0	2.01862669	2.52109675	2.52447874	2.51104747	2.53526708	0.00435634109	0.115990374	0	100	0	0	3
226	206	0	2.02759836	2.51928626	2.52441118	2.51104747	2.53526708	0.00442390084	0.115990374	0	100	0	0	3
227	207	0	2.03657004	2.51748952	2.52434835	2.51104747	2.53526708	0.00448673053	0.115990374	0	100	0	0	3
228	208	0	2.04554171	2.51466055	2.52427492	2.51104747	2.53526708	0.00456016592	0.115990374	0	100	0	0	3
229	209	0	2.05451338	2.51250427	2.52418924	2.51104747	2.53526708	0.00464584566	0.115990374	0	100	0	0	3
230	210	0	2.06348506	2.5122823	2.52412885	2.51104747	2.53526708	0.00470623556	0.115990374	0	100	0	0	3
231	210	0	2.07245673	2.51338434	2.5240733	2.51104747	2.53526708	0.0047617816	0.115990374	0	100	0	0	3
232	211	0	2.08142841	2.51438071	2.52401635	2.51104747	2.53526708	0.00481873405	0.115990374	0	100	0	0	3
233	212	0	2.09040008	2.51468914	2.52393666	2.51104747	2.53526708	0.00489842473	0.115990374	0	100	0	0	3
234	213	0	2.09937175	2.51325968	2.52385144	2.51104747	2.53526708	0.00498010047	0.115990374	0	100	0	0	3
235	214	0	2.10834343	2.51148323	2.52373651	2.51104747	2.53526708	0.00501387157	0.115990374	0	100	0	0	3
236	215	0	2.1173151	2.50972981	2.52365414	2.50972981	2.53526708	0.00495727314	0.115990374	0	100	0	0	3
237	216	0	2.12628678	2.50934415	2.5235861	2.50934415	2.53526708	0.00481385135	0.115990374	0	100	0	0	3
238	217	0	2.13525845	2.51040424	2.52357461	2.50934415	2.53526708	0.0046018642	0.115990374	0	100	0	0	3
239	217	0	2.14423013	2.51217522	2.52357937	2.50934415	2.53526708	0.00436322228	0.115990374	0	100	0	0	3
240	218	0	2.1532018	2.51376415	2.52358955	2.50934415	2.53526708	0.00414447697	0.115990374	0	100	0	0	3
241	219	0	2.16217347	2.51412413	2.52353824	2.50934415	2.53526708	0.00396463884	0.115990374	0	100	0	0	3
242	220	0	2.17114515	2.51236724	2.52343795	2.50934415	2.53526708	0.00386300363	0.115990374	0	100	0	0	3
243	221	0	2.18011682	2.51122862	2.52326789	2.50934415	2.53526708	0.00384969293	0.115990374	0	100	0	0	3
244	222	0	2.1890885	2.50885475	2.52304385	2.50885475	2.53526708	0.00389182884	0.115990374	0	100	0	0	3
245	223	0	2.19806017	2.50651988	2.52275959	2.50651988	2.53526708	0.00411726304	0.115990374	0	100	0	0	3
246	224	0	2.20703184	2.5062642	2.52247964	2.5062642	2.53526708	0.00439721442	0.115990374	0	100	0	0	3
247	224	0	2.21600352	2.50843848	2.52218384	2.5062642	2.53526708	0.00469301401	0.115990374	0	100	0	0	3
248	225	0	2.22497519	2.50985464	2.52189482	2.5062642	2.53526708	0.00498203209	0.115990374	0	100	0	0	3
249	226	0	2.23394687	2.51157549	2.5215883	2.5062642	2.53526708	0.00528855128	0.115990374	0	100	0	0	3
250	227	0	2.24291854	2.51208326	2.52126034	2.5062642	2.53526708	0.00561651116	0.115990374	0	100	0	0	3
251	228	0	2.25189022	2.51213784	2.52092458	2.5062642	2.53526708	0.0059522715	0.115990374	0	100	0	0	3
252	229	0	2.26086189	2.51070139	2.5205506	2.5062642	2.53526708	0.00632624581	0.115990374	0	100	0	0	3
253	230	0	2.26983356	2.50901992	2.52014992	2.5062642	2.53526708	0.00672692934	0.115990374	0	100	0	0	3
254	231	0	2.27880524	2.50906094	2.51973229	2.5062642	2.53526708	0.00714456083	0.115990374	0	100	0	0	3
255	232	0	2.28777691	2.50864934	2.51930903	2.5062642	2.53526708	0.00756781808	0.115990374	0	100	0	0	3
256	233	0	2.29674859	2.51008267	2.51888613	2.5062642	2.53526708	0.00799071779	0.115990374	0	100	0	0	3
257	234	0	2.30572026	2.51098315	2.51845249	2.5062642	2.53490551	0.00842435938	0.115990374	0	100	0	0	3
258	234	0	2.31469193	2.51105308	2.51802655	2.5062642	2.53451667	0.00885029568	0.115990374	0	100	0	0	3
259	235	0	2.32366361	2.5107145	2.51760152	2.5062642	2.53295391	0.00927533439	0.115990374	0	100	0	0	3
260	236	0	2.33263528	2.51073055	2.51720752	2.5062642	2.53295391	0.00965924906	0.115990374	0	100	0	0	3
261	237	0	2.34160696	2.50954558	2.51678952	2.5062642	2.53116586	0.0100376523	0.115990374	0	100	0	0	3
262	238	0	2.35057863	2.50905107	2.51639745	2.5062642	2.53116586	0.0103752123	0.115990374	0	100	0	0	3
263	239	0	2.35955031	2.50792976	2.51598251	2.5062642	2.53097134	0.0107417897	0.115990374	0	100	0	0	3
264	240	0	2.36852198	2.50787125	2.51557403	2.5062642	2.53097134	0.0111052262	0.115990374	0	100	0	0	3
265	241	0	2.37749365	2.50638264	2.51513495	2.5062642	2.53080678	0.0114809634	0.115990374	0	100	0	0	3
266	242	0	2.38646533	2.50738216	2.51474172	2.5062642	2.53080678	0.0117643799	0.115990374	0	100	0	0	3
267	242	0	2.395437	2.50872137	2.51439799	2.5062642	2.53080678	0.011977547	0.115990374	0	100	0	0	3
268	243	0	2.40440868	2.51048703	2.51410877	2.5062642	2.53080678	0.0120941881	0.115990374	0	100	0	0	3
269	244	0	2.41338035	2.51164543	2.51384711	2.5062642	2.53080678	0.0121790264	0.115990374	0	100	0	0	3
270	245	0	2.42235202	2.51199797	2.51357844	2.5062642	2.53080678	0.0122680144	0.115990374	0	100	0	0	3
271	246	0	2.4313237	2.51207317	2.5132752	2.5062642	2.53080678	0.012392194	0.115990374	0	100	0	0	3
272	247	0	2.44029537	2.51054643	2.51293193	2.5062642	2.53080678	0.0125790448	0.115990374	0	100	0	0	3
273	248	0	2.44926705	2.51096274	2.51257757	2.5062642	2.52903607	0.0127885325	0.115990374	0	100	0	0	3
274	249	0	2.45823872	2.5099719	2.51223714	2.5062642	2.52629075	0.0129613505	0.115990374	0	100	0	0	3
275	250	0	2.4672104	2.51279089	2.51199607	2.5062642	2.52109675	0.0130154791	0.115990374	0	100	0	0	3
276	251	0	2.47618207	2.51394333	2.51187273	2.5062642	2.52109675	0.0129810857	0.115990374	0	100	0	0	3
277	252	0	2.48515374	2.51455236	2.51178918	2.5062642	2.52109675	0.0129306979	0.115990374	0	100	0	0	3
278	253	0	2.49412542	2.51359828	2.51170008	2.5062642	2.52109675	0.0129192797	0.115990374	0	100	0	0	3
279	254	0	2.50309709	2.51415777	2.51158843	2.5062642	2.52109675	0.0129568282	0.115990374	0	100	0	0	3
280	255	0	2.51206877	2.51425641	2.51146868	2.5062642	2.52109675	0.0130100669	0.115990374	0	100	0	0	3
281	256	0	2.52104044	2.51689789	2.5113937	2.5062642	2.51928626	0.0130174867	0.115990374	0	100	0	0	3
282	256	0	2.53001211	2.51779964	2.51136715	2.5062642	2.51779964	0.0115354453	0.115990374	0	100	0	0	3
283	257	0	2.53898379	2.51979482	2.51140832	2.5062642	2.51979482	0.0129077684	0.115990374	0	100	0	0	3
284	258	0	2.54795546	2.51895031	2.51148492	2.5062642	2.51979482	0.0128220886	0.115990374	0	100	0	0	3
285	259	0	2.55692714	2.51906779	2.51160213	2.5062642	2.51979482	0.0127616987	0.115990374	0	100	0	0	3
286	260	0	2.56589881	2.51805017	2.51170512	2.5062642	2.51979482	0.0127061527	0.115990374	0	100	0	0	3
287	261	0	2.57487049	2.5179003	2.51178577	2.5062642	2.51979482	0.0126492003	0.115990374	0	100	0	0	3
288	261	0	2.58384216	2.51666767	2.5118266	2.5062642	2.51979482	0.0125695096	0.115990374	0	100	0	0	3
289	262	0	2.59281383	2.51708293	2.51186935	2.5062642	2.51979482	0.0124842845	0.115990374	0	100	0	0	3
290	263	0	2.60178551	2.51580169	2.51191474	2.5062642	2.51979482	0.0123693573	0.115990374	0	100	0	0	3
291	264	0	2.61075718	2.51682165	2.51201007	2.5062642	2.51979482	0.012286986	0.115990374	0	100	0	0	3
292	265	0	2.61972886	2.51430868	2.51209184	2.5062642	2.51979482	0.0122224025	0.115990374	0	100	0	0	3
293	266	0	2.62870053	2.51551879	2.5122021	2.5062642	2.51979482	0.0122224025	0.115990374	0	100	0	0	3
294	266	0	2.6376722	2.5121805	2.51223382	2.5062642	2.51979482	0.0122224025	0.115990374	0	100	0	0	3
295	267	0	2.64664388	2.51295676	2.51224777	2.5062642	2.51979482	0.0122224025	0.115990374	0	100	0	0	3
296	268	0	2.65561555	2.51095302	2.51219758	2.5062642	2.51979482	0.0121710857	0.115990374	0	100	0	0	3
297	269	0	2.66458723	2.51194871	2.51215873	2.5062642	2.51979482	0.0120707955	0.115990374	0	100	0	0	3
298	270	0	2.6735589	2.51285716	2.51216748	2.5062642	2.51979482	0.0119007343	0.115990374	0	100	0	0	3
299	271	0	2.68253058	2.5162794	2.51225767	2.5062642	2.51979482	0.0116766955	0.115990374	0	100	0	0	3
300	272	0	2.69150225	2.5168993	2.51240132	2.5062642	2.51979482	0.0113924356	0.115990374	0	100	0	0	3
301	276	0	2.70047392	2.51834741	2.51261253	2.5062642	2.51979482	0.0111124842	0.115990374	0	100	0	0	3
302	276	0	2.7094456	2.51675941	2.51279994	2.50638264	2.51979482	0.0108166846	0.115990374	0	100	0	0	3
303	277	0	2.71841727	2.51642693	2.51294259	2.50638264	2.51979482	0.0105276665	0.115990374	0	100	0	0	3
304	278	0	2.72738895	2.51343911	2.5130066	2.50638264	2.51979482	0.0102211473	0.115990374	0	100	0	0	3
305	279	0	2.73636062	2.51153559	2.51300589	2.50638264	2.51979482	0.00989318744	0.115990374	0	100	0	0	3
306	280	0	2.74533229	2.50808265	2.51293445	2.50638264	2.51979482	0.0095574271	0.115990374	0	100	0	0	3
307	281	0	2.75430397	2.5085821	2.51287096	2.50638264	2.51979482	0.00918345279	0.115990374	0	100	0	0	3
308	282	0	2.76327564	2.50754879	2.51281466	2.50638264	2.51979482	0.00878276926	0.115990374	0	100	0	0	3
309	282	0	2.77224732	2.50791989	2.51279502	2.50638264	2.51979482	0.00836513777	0.115990374	0	100	0	0	3
310	283	0	2.78121899	2.50644333	2.51274827	2.50638264	2.51979482	0.00794188052	0.115990374	0	100	0	0	3
311	284	0	2.79019067	2.50447903	2.5126738	2.50447903	2.51979482	0.00751898081	0.115990374	0	100	0	0	3
312	285	0	2.79916234	2.50116327	2.51251453	2.50116327	2.51979482	0.00708533922	0.115990374	0	100	0	0	3
313	286	0	2.80813401	2.49902611	2.51230101	2.49902611	2.51979482	0.00665940292	0.115990374	0	100	0	0	3
314	287	0	2.81710569	2.49746779	2.51205841	2.49746779	2.51979482	0.00623436421	0.115990374	0	100	0	0	3
315	288	0	2.82607736	2.49866833	2.5118433	2.49746779	2.51979482	0.00584037387	0.115990374	0	100	0	0	3
316	289	0	2.83504904	2.49957995	2.51164419	2.49746779	2.51979482	0.00542236803	0.115990374	0	100	0	0	3
317	290	0	2.84402071	2.50210713	2.51151136	2.49746779	2.51979482	0.00503029415	0.115990374	0	100	0	0	3
318	291	0	2.85299238	2.50253318	2.51139497	2.49746779	2.51979482	0.00461536374	0.115990374	0	100	0	0	3
319	291	0	2.86196406	2.50271304	2.51130181	2.49746779	2.51979482	0.00427222162	0.115990374	0	100	0	0	3
320	292	0	2.87093573	2.50164564	2.51119064	2.49746779	2.51979482	0.00394430932	0.115990374	0	100	0	0	3
321	293	0	2.87990741	2.50043964	2.51108451	2.49746779	2.51979482	0.00365721015	0.115990374	0	100	0	0	3
322	294	0	2.88887908	2.49905726	2.51093585	2.49746779	2.51979482	0.00346213215	0.115990374	0	100	0	0	3
323	295	0	2.89785076	2.49837522	2.5107511	2.49746779	2.51979482	0.00335767246	0.115990374	0	100	0	0	3
324	296	0	2.90682243	2.49855794	2.51053808	2.49746779	2.51979482	0.00330902577	0.115990374	0	100	0	0	3
325	297	0	2.9157941	2.49928676	2.51031739	2.49746779	2.51979482	0.0032610439	0.115990374	0	100	0	0	3
326	298	0	2.92476578	2.49961811	2.51009632	2.49746779	2.51979482	0.00317887469	0.115990374	0	100	0	0	3
327	299	0	2.93373745	2.50015362	2.50988347	2.49746779	2.51979482	0.00312312882	0.115990374	0	100	0	0	3
328	300	0	2.94270913	2.50061239	2.50970608	2.49746779	2.51979482	0.00330052249	0.115990374	0	100	0	0	3
329	300	0	2.9516808	2.50111771	2.50953028	2.49746779	2.51979482	0.00347632664	0.115990374	0	100	0	0	3
330	301	0	2.96065247	2.50121732	2.50937394	2.49746779	2.51979482	0.00363265837	0.115990374	0	100	0	0	3
331	302	0	2.96962415	2.50278165	2.50919521	2.49746779	2.51979482	0.00381139478	0.115990374	0	100	0	0	3
332	303	0	2.97859582	2.50241965	2.50898943	2.49746779	2.51979482	0.00401717466	0.115990374	0	100	0	0	3
333	304	0	2.9875675	2.50394306	2.50879998	2.49746779	2.51979482	0.00420662645	0.115990374	0	100	0	0	3
334	305	0	2.99653917	2.50544935	2.50865446	2.49746779	2.51979482	0.00435214297	0.115990374	0	100	0	0	3
335	305	0	3.00551085	2.50780475	2.50854101	2.49746779	2.51979482	0.00446558987	0.115990374	0	100	0	0	3
336	306	0	3.01448252	2.51066099	2.50847681	2.49746779	2.51979482	0.0045297939	0.115990374	0	100	0	0	3
337	307	0	3.02345419	2.51489747	2.50844109	2.49746779	2.51979482	0.00456551573	0.115990374	0	100	0	0	3
338	308	0	3.03242587	2.51845948	2.50845287	2.49746779	2.51979482	0.00456551573	0.115990374	0	100	0	0	3
339	309	0	3.04139754	2.52284385	2.50850732	2.49746779	2.52284385	0.00456551573	0.115990374	0	100	0	0	3
340	310	0	3.05036922	2.5273927	2.50865807	2.49746779	2.5273927	0.00456551573	0.115990374	0	100	0	0	3
341	311	0	3.05934089	2.5320074	2.50888914	2.49746779	2.5320074	0.00456551573	0.115990374	0	100	0	0	3
342	312	0	3.06831256	2.53416898	2.50917697	2.49746779	2.53416898	0.00456551573	0.115990374	0	100	0	0	3
343	313	0	3.07728424	2.53653965	2.50950982	2.49746779	2.53653965	0.00456551573	0.115990374	0	100	0	0	3
344	314	0	3.08625591	2.53796021	2.50989004	2.49746779	2.53796021	0.00456551573	0.115990374	0	100	0	0	3
345	314	0	3.09522759	2.54045664	2.51030743	2.49746779	2.54045664	0.00456551573	0.115990374	0	100	0	0	3
346	315	0	3.10419926	2.54217237	2.51077834	2.49746779	2.54217237	0.00456551573	0.115990374	0	100	0	0	3
347	316	0	3.11317094	2.54433886	2.51126971	2.49746779	2.54433886	0.00456551573	0.115990374	0	100	0	0	3
348	317	0	3.12214261	2.54738243	2.51186032	2.49746779	2.54738243	0.00456551573	0.115990374	0	100	0	0	3
349	318	0	3.13111428	2.55017157	2.51247912	2.49746779	2.55017157	0.00456551573	0.115990374	0	100	0	0	3
350	319	0	3.14008596	2.55018424	2.51315775	2.49746779	2.55018424	0.00471666784	0.115990374	0	100	0	0	3
351	320	0	3.14905763	2.55019147	2.51382266	2.49746779	2.55019147	0.00538157337	0.115990374	0	100	0	0	3
352	321	0	3.15802931	2.54855474	2.51449412	2.49746779	2.55019147	0.00605303262	0.115990374	0	100	0	0	3
353	321	0	3.16700098	2.54767367	2.51513207	2.49746779	2.55019147	0.00669097822	0.115990374	0	100	0	0	3
354	322	0	3.17597265	2.54464122	2.51569964	2.49746779	2.55019147	0.00725855074	0.115990374	0	100	0	0	3
355	323	0	3.18494433	2.54447635	2.51620315	2.49746779	2.55019147	0.00776206761	0.115990374	0	100	0	0	3
356	324	0	3.193916	2.54297468	2.51666879	2.49746779	2.55019147	0.00822769948	0.115990374	0	100	0	0	3
357	325	0	3.20288768	2.54155771	2.51708326	2.49746779	2.55019147	0.00864216916	0.115990374	0	100	0	0	3
358	326	0	3.21185935	2.53800466	2.51746264	2.49746779	2.55019147	0.00902154863	0.115990374	0	100	0	0	3
359	327	0	3.22083103	2.53455147	2.51778629	2.49746779	2.55019147	0.00934520107	0.115990374	0	100	0	0	3
360	327	0	3.2298027	2.53072902	2.51809504	2.49746779	2.55019147	0.00965394952	0.115990374	0	100	0	0	3
361	328	0	3.23877437	2.52771632	2.51838398	2.49746779	2.55019147	0.00994289116	0.115990374	0	100	0	0	3
362	329	0	3.24774605	2.52458672	2.51867869	2.49746779	2.55019147	0.0102376067	0.115990374	0	100	0	0	3
363	330	0	3.25671772	2.52331605	2.5189418	2.49746779	2.55019147	0.010500713	0.115990374	0	100	0	0	3
364	331	0	3.2656894	2.52242389	2.51920743	2.49746779	2.55019147	0.0107663398	0.115990374	0	100	0	0	3
365	332	0	3.27466107	2.52107975	2.51944242	2.49746779	2.55019147	0.0110013373	0.115990374	0	100	0	0	3
366	333	0	3.28363274	2.51991288	2.51968295	2.49746779	2.55019147	0.011241865	0.115990374	0	100	0	0	3
367	334	0	3.29260442	2.51889715	2.51994042	2.49746779	2.55019147	0.0114993314	0.115990374	0	100	0	0	3
368	334	0	3.30157609	2.51829376	2.52024632	2.49746779	2.55019147	0.011805233	0.115990374	0	100	0	0	3
369	335	0	3.31054777	2.51835665	2.52059151	2.49746779	2.55019147	0.0121504212	0.115990374	0	100	0	0	3
370	336	0	3.31951944	2.5178298	2.52095512	2.49837522	2.55019147	0.0125140285	0.115990374	0	100	0	0	3
371	337	0	3.32849112	2.51853698	2.52130991	2.49837522	2.55019147	0.0128688258	0.115990374	0	100	0	0	3
372	338	0	3.33746279	2.51796319	2.52163818	2.49837522	2.55019147	0.0131970981	0.115990374	0	100	0	0	3
373	339	0	3.34643446	2.51890391	2.52193813	2.49837522	2.55019147	0.0134970405	0.115990374	0	100	0	0	3
374	339	0	3.35540614	2.51762104	2.52220755	2.49837522	2.55019147	0.0137664665	0.115990374	0	100	0	0	3
375	340	0	3.36437781	2.51879295	2.52249469	2.49837522	2.55019147	0.0140536079	0.115990374	0	100	0	0	3
376	341	0	3.37334949	2.5187179	2.52279956	2.49837522	2.55019147	0.0143584697	0.115990374	0	100	0	0	3
377	342	0	3.38232116	2.51991381	2.52314731	2.49837522	2.55019147	0.0147062228	0.115990374	0	100	0	0	3
378	343	0	3.39129283	2.52077396	2.52353511	2.49837522	2.55019147	0.0150940212	0.115990374	0	100	0	0	3
379	344	0	3.40026451	2.52310991	2.5239768	2.49855794	2.55019147	0.0155357121	0.115990374	0	100	0	0	3
380	344	0	3.40923618	2.52404628	2.52443195	2.49928676	2.55019147	0.0159908609	0.115990374	0	100	0	0	3
381	345	0	3.41820786	2.52643621	2.52491676	2.49961811	2.55019147	0.0164756725	0.115990374	0	100	0	0	3
382	346	0	3.42717953	2.52661504	2.52539885	2.50015362	2.55019147	0.0169577605	0.115990374	0	100	0	0	3
383	347	0	3.43615121	2.52837048	2.52590272	2.50061239	2.55019147	0.017461633	0.115990374	0	100	0	0	3
384	348	0	3.44512288	2.52845262	2.52639987	2.50111771	2.55019147	0.01795878	0.115990374	0	100	0	0	3
385	349	0	3.45409455	2.52915036	2.52690045	2.50121732	2.55019147	0.0184593631	0.115990374	0	100	0	0	3
386	350	0	3.46306623	2.52754093	2.52737051	2.50241965	2.55019147	0.0189294276	0.115990374	0	100	0	0	3
387	350	0	3.4720379	2.52802626	2.52782131	2.50241965	2.55019147	0.0193802242	0.115990374	0	100	0	0	3
388	351	0	3.48100958	2.52580142	2.52823884	2.50394306	2.55019147	0.0197977557	0.115990374	0	100	0	0	3
389	352	0	3.48998125	2.52487707	2.52861266	2.50544935	2.55019147	0.0201715771	0.115990374	0	100	0	0	3
390	353	0	3.49895292	2.52316555	2.52892902	2.50780475	2.55019147	0.0204879379	0.115990374	0	100	0	0	3
391	354	0	3.5079246	2.52366355	2.52921222	2.51066099	2.55019147	0.0207711308	0.115990374	0	100	0	0	3
392	355	0	3.51689627	2.52365444	2.52944424	2.51489747	2.55019147	0.0210031567	0.115990374	0	100	0	0	3
393	355	0	3.52586795	2.52568621	2.5296369	2.51762104	2.55019147	0.0211840301	0.115990374	0	100	0	0	3
394	356	0	3.53483962	2.52626835	2.52977634	2.51762104	2.55019147	0.0212690273	0.115990374	0	100	0	0	3
395	357	0	3.5438113	2.5285279	2.52987784	2.51762104	2.55019147	0.0212197714	0.115990374	0	100	0	0	3
396	358	0	3.55278297	2.52796483	2.52988806	2.51762104	2.55019147	0.0209989235	0.115990374	0	100	0	0	3
397	359	0	3.56175464	2.5276839	2.52981086	2.51762104	2.55019147	0.0207110878	0.115990374	0	100	0	0	3
398	359	0	3.57072632	2.52705252	2.52968378	2.51762104	2.55019147	0.0203782423	0.115990374	0	100	0	0	3
399	360	0	3.57969799	2.52825289	2.5295358	2.51762104	2.55019147	0.0199980185	0.115990374	0	100	0	0	3
400	361	0	3.58866967	2.52991365	2.52939211	2.51762104	2.55019147	0.0195806309	0.115990374	0	100	0	0	3
401	365	0	3.59764134	2.53132735	2.52922909	2.51762104	2.55019147	0.0191097259	0.115990374	0	100	0	0	3
402	366	0	3.60661301	2.53232585	2.52905326	2.51762104	2.55019147	0.0186183471	0.115990374	0	100	0	0	3
403	367	0	3.61558469	2.53363076	2.52886204	2.51762104	2.55019147	0.0180277445	0.115990374	0	100	0	0	3
404	368	0	3.62455636	2.53401565	2.52862335	2.51762104	2.55019147	0.0174089449	0.115990374	0	100	0	0	3
405	369	0	3.63352804	2.5333711	2.52832334	2.51762104	2.55019147	0.0167303067	0.115990374	0	100	0	0	3
406	369	0	3.64249971	2.53225687	2.52800321	2.51762104	2.55019147	0.0160654012	0.115990374	0	100	0	0	3
407	370	0	3.65147139	2.53262795	2.52768957	2.51762104	2.54855474	0.0153939419	0.115990374	0	100	0	0	3
408	371	0	3.66044306	2.53300844	2.52741196	2.51762104	2.54767367	0.0147559963	0.115990374	0	100	0	0	3
409	372	0	3.66941473	2.53600274	2.52720355	2.51762104	2.54464122	0.0141884238	0.115990374	0	100	0	0	3
410	373	0	3.67838641	2.5375613	2.52707712	2.51762104	2.54447635	0.0136849069	0.115990374	0	100	0	0	3
411	373	0	3.68735808	2.53824977	2.52696594	2.51762104	2.54297468	0.0132192751	0.115990374	0	100	0	0	3
412	374	0	3.69632976	2.53819813	2.52688064	2.51762104	2.54155771	0.0128048054	0.115990374	0	100	0	0	3
413	375	0	3.70530143	2.53700516	2.52679934	2.51762104	2.53824977	0.0124254259	0.115990374	0	100	0	0	3
414	376	0	3.7142731	2.53643448	2.52677131	2.51762104	2.53824977	0.0121017735	0.115990374	0	100	0	0	3
415	377	0	3.72324478	2.53531997	2.52678503	2.51762104	2.53824977	0.011793025	0.115990374	0	100	0	0	3
416	378	0	3.73221645	2.53474466	2.52685674	2.51762104	2.53824977	0.0115040834	0.115990374	0	100	0	0	3
417	378	0	3.74118813	2.53512032	2.52698895	2.51762104	2.53824977	0.0112093679	0.115990374	0	100	0	0	3
418	379	0	3.7501598	2.53495636	2.52717412	2.51762104	2.53824977	0.0109462616	0.115990374	0	100	0	0	3
419	380	0	3.75913148	2.53563682	2.52739414	2.51762104	2.53824977	0.0106806348	0.115990374	0	100	0	0	3
420	381	0	3.76810315	2.53417003	2.52760389	2.51762104	2.53824977	0.0104456373	0.115990374	0	100	0	0	3
421	382	0	3.77707482	2.5344627	2.52784287	2.51762104	2.53824977	0.0102051096	0.115990374	0	100	0	0	3
422	383	0	3.7860465	2.53156374	2.52805092	2.51762104	2.53824977	0.00994764314	0.115990374	0	100	0	0	3
423	383	0	3.79501817	2.53068517	2.52826142	2.51762104	2.53824977	0.00964174151	0.115990374	0	100	0	0	3
424	384	0	3.80398985	2.52757036	2.52842708	2.51762104	2.53824977	0.00929655333	0.115990374	0	100	0	0	3
425	385	0	3.81296152	2.52739848	2.52858854	2.51762104	2.53824977	0.00893294603	0.115990374	0	100	0	0	3
426	386	0	3.82193319	2.52530869	2.52872209	2.51762104	2.53824977	0.00857814872	0.115990374	0	100	0	0	3
427	387	0	3.83090487	2.52528223	2.52884254	2.51762104	2.53824977	0.0082498765	0.115990374	0	100	0	0	3
428	388	0	3.83987654	2.52385816	2.52894781	2.51762104	2.53824977	0.00794993404	0.115990374	0	100	0	0	3
429	388	0	3.84884822	2.52334251	2.52902707	2.51762104	2.53824977	0.00768050805	0.115990374	0	100	0	0	3
430	389	0	3.85781989	2.52249799	2.52911416	2.5187179	2.53824977	0.00739336667	0.115990374	0	100	0	0	3
431	390	0	3.86679157	2.52204955	2.52917231	2.5187179	2.53824977	0.00708850488	0.115990374	0	100	0	0	3
432	391	0	3.87576324	2.52070866	2.52920786	2.51991381	2.53824977	0.00674075172	0.115990374	0	100	0	0	3
433	392	0	3.88473491	2.52028316	2.52921445	2.52028316	2.53824977	0.00635295336	0.115990374	0	100	0	0	3
434	393	0	3.89370659	2.51905836	2.52918382	2.51905836	2.53824977	0.0059112625	0.115990374	0	100	0	0	3
435	394	0	3.90267826	2.5186505	2.52910419	2.5186505	2.53824977	0.00545611367	0.115990374	0	100	0	0	3
436	394	0	3.91164994	2.51721842	2.52898226	2.51721842	2.53824977	0.00497130207	0.115990374	0	100	0	0	3
437	395	0	3.92062161	2.51852977	2.52884107	2.51721842	2.53824977	0.00448921401	0.115990374	0	100	0	0	3
438	396	0	3.92959328	2.51960428	2.52871588	2.51721842	2.53824977	0.00398534154	0.115990374	0	100	0	0	3
439	397	0	3.93856496	2.52175241	2.5285977	2.51721842	2.53824977	0.00348819455	0.115990374	0	100	0	0	3
440	398	0	3.94753663	2.52230321	2.52848789	2.51721842	2.53824977	0.00311675586	0.115990374	0	100	0	0	3
441	399	0	3.95650831	2.52469471	2.52840833	2.51721842	2.53824977	0.00311675586	0.115990374	0	100	0	0	3
442	400	0	3.96547998	2.52488668	2.52836093	2.51721842	2.53824977	0.00311675586	0.115990374	0	100	0	0	3
443	400	0	3.97445166	2.52533656	2.5283129	2.51721842	2.53824977	0.00311675586	0.115990374	0	100	0	0	3
444	401	0	3.98342333	2.5243544	2.52828706	2.51721842	2.53824977	0.00311675586	0.115990374	0	100	0	0	3
445	402	0	3.992395	2.52456467	2.52828148	2.51721842	2.53824977	0.00311675586	0.115990374	0	100	0	0	3
446	403	0	4.00136668	2.52430661	2.52830186	2.51721842	2.53824977	0.00311675586	0.115990374	0	100	0	0	3
