Iteration	CPUTime	PhysTime	Travels	Value	AvValue	MinValue	MaxValue	Delta	Criteria	PrevAvRefValue	Progress	CriteriaType	CriteriaVarType	CriteriaPercentage
1	6	0	0.00897167416	-0.017706836	-0.017706836	-0.017706836	-0.017706836	0	0	0	0	0	0	3
2	7	0	0.0179433483	-0.00414249555	-0.0109246658	-0.017706836	-0.00414249555	0.00678217023	0	0	0	0	0	3
3	8	0	0.0269150225	-0.00232747282	-0.00805893479	-0.017706836	-0.00232747282	0.00964790121	0	0	0	0	0	3
4	8	0	0.0358866967	-0.0016802799	-0.00646427107	-0.017706836	-0.0016802799	0.0112425649	0	0	0	0	0	3
5	9	0	0.0448583708	-0.00152536657	-0.00547649017	-0.017706836	-0.00152536657	0.0122303458	0	0	0	0	0	3
6	10	0	0.053830045	-0.00160076185	-0.00483053545	-0.017706836	-0.00152536657	0.0128763006	0	0	0	0	0	3
7	11	0	0.0628017192	-0.00152520091	-0.0043583448	-0.017706836	-0.00152520091	0.0133484912	0	0	0	0	0	3
8	12	0	0.0717733933	-0.00155109012	-0.00400743797	-0.017706836	-0.00152520091	0.013699398	0	0	0	0	0	3
9	13	0	0.0807450675	-0.00161742722	-0.00374188122	-0.017706836	-0.00152520091	0.0139649548	0	0	0	0	0	3
10	13	0	0.0897167416	-0.00174452263	-0.00354214536	-0.017706836	-0.00152520091	0.0141646906	0	0	0	0	0	3
11	14	0	0.0986884158	-0.00160413354	-0.00336596246	-0.017706836	-0.00152520091	0.0143408735	0	0	0	0	0	3
12	15	0	0.10766009	-0.00171969045	-0.00322877313	-0.017706836	-0.00152520091	0.0144780629	0	0	0	0	0	3
13	16	0	0.116631764	-0.00149550863	-0.00309544509	-0.017706836	-0.00149550863	0.0146113909	0	0	0	0	0	3
14	16	0	0.125603438	-0.00158458524	-0.00298752653	-0.017706836	-0.00149550863	0.0147193095	0	0	0	0	0	3
15	17	0	0.134575112	-0.00153121606	-0.00289043917	-0.017706836	-0.00149550863	0.0148163968	0	0	0	0	0	3
16	18	0	0.143546787	-0.00156817896	-0.0028077979	-0.017706836	-0.00149550863	0.0148990381	0	0	0	0	0	3
17	19	0	0.152518461	-0.0015196353	-0.00273202363	-0.017706836	-0.00149550863	0.0149748124	0	0	0	0	0	3
18	20	0	0.161490135	-0.00157544373	-0.00266776919	-0.017706836	-0.00149550863	0.0150390668	0	0	0	0	0	3
19	20	0	0.170461809	-0.00152655356	-0.00260770521	-0.017706836	-0.00149550863	0.0150991308	0	0	0	0	0	3
20	21	0	0.179433483	-0.0015891781	-0.00255677886	-0.017706836	-0.00149550863	0.0151500571	0	0	0	0	0	3
21	22	0	0.188405157	-0.00159100191	-0.00251078948	-0.017706836	-0.00149550863	0.0151960465	0	0	0	0	0	3
22	23	0	0.197376832	-0.00163335086	-0.0024709059	-0.017706836	-0.00149550863	0.0152359301	0	0	0	0	0	3
23	24	0	0.206348506	-0.00166635417	-0.00243592539	-0.017706836	-0.00149550863	0.0152709106	0	0	0	0	0	3
24	24	0	0.21532018	-0.00167026904	-0.00240402305	-0.017706836	-0.00149550863	0.015302813	0	0	0	0	0	3
25	25	0	0.224291854	-0.00168205176	-0.0023751442	-0.017706836	-0.00149550863	0.0153316918	0	0	0	0	0	3
26	26	0	0.233263528	-0.00168650605	-0.00234865811	-0.017706836	-0.00149550863	0.0153581779	0	0	0	0	0	3
27	27	0	0.242235202	-0.00168728825	-0.00232416293	-0.017706836	-0.00149550863	0.0153826731	0	0	0	0	0	3
28	28	0	0.251206877	-0.00168872951	-0.00230146888	-0.017706836	-0.00149550863	0.0154053671	0	0	0	0	0	3
29	29	0	0.260178551	-0.00167875457	-0.00227999597	-0.017706836	-0.00149550863	0.01542684	0	0	0	0	0	3
30	29	0	0.269150225	-0.00167843287	-0.00225994387	-0.017706836	-0.00149550863	0.0154468921	0	0	0	0	0	3
31	30	0	0.278121899	-0.0016672492	-0.00224082469	-0.017706836	-0.00149550863	0.0154660113	0	0	0	0	0	3
32	31	0	0.287093573	-0.00166845141	-0.00222293802	-0.017706836	-0.00149550863	0.015483898	0	0	0	0	0	3
33	32	0	0.296065247	-0.00165420251	-0.00220570361	-0.017706836	-0.00149550863	0.0155011324	0	0	0	0	0	3
34	33	0	0.305036922	-0.00165251106	-0.00218943324	-0.017706836	-0.00149550863	0.0155174028	0	0	0	0	0	3
35	34	0	0.314008596	-0.0016310147	-0.00217347843	-0.017706836	-0.00149550863	0.0155333576	0	0	0	0	0	3
36	35	0	0.32298027	-0.00162946883	-0.00215836705	-0.017706836	-0.00149550863	0.015548469	0	0	0	0	0	3
37	35	0	0.331951944	-0.00160020379	-0.00214328156	-0.017706836	-0.00149550863	0.0155635544	0	0	0	0	0	3
38	36	0	0.340923618	-0.00158438637	-0.00212857379	-0.017706836	-0.00149550863	0.0155782622	0	0	0	0	0	3
39	37	0	0.349895292	-0.00155300569	-0.00211381563	-0.017706836	-0.00149550863	0.0155930204	0	0	0	0	0	3
40	38	0	0.358866967	-0.0015507474	-0.00209973893	-0.017706836	-0.00149550863	0.0156070971	0	0	0	0	0	3
41	39	0	0.367838641	-0.00153142774	-0.00208587768	-0.017706836	-0.00149550863	0.0156209583	0	0	0	0	0	3
42	40	0	0.376810315	-0.00152773347	-0.00207258853	-0.017706836	-0.00149550863	0.0156342475	0	0	0	0	0	3
43	41	0	0.385781989	-0.00150872055	-0.00205947532	-0.017706836	-0.00149550863	0.0156473607	0	0	0	0	0	3
44	42	0	0.394753663	-0.00150483379	-0.00204686983	-0.017706836	-0.00149550863	0.0156599662	0	0	0	0	0	3
45	43	0	0.403725337	-0.00148323587	-0.00203434463	-0.017706836	-0.00148323587	0.0156724914	0	0	0	0	0	3
46	44	0	0.412697012	-0.0014867704	-0.00202244085	-0.017706836	-0.00148323587	0.0156843952	0	0	0	0	0	3
47	44	0	0.421668686	-0.00147100761	-0.00201070822	-0.017706836	-0.00147100761	0.0156961278	0	0	0	0	0	3
48	45	0	0.43064036	-0.00145100581	-0.00199904776	-0.017706836	-0.00145100581	0.0157077882	0	0	0	0	0	3
49	46	0	0.439612034	-0.00146218707	-0.00198809142	-0.017706836	-0.00145100581	0.0157187446	0	0	0	0	0	3
50	47	0	0.448583708	-0.00142601767	-0.00197684994	-0.017706836	-0.00142601767	0.0157299861	0	0	0	0	0	3
51	48	0	0.457555382	-0.00143697238	-0.00196626411	-0.017706836	-0.00142601767	0.0157405719	0	0	0	0	0	3
52	49	0	0.466527057	-0.00139783845	-0.00195533284	-0.017706836	-0.00139783845	0.0157515032	0	0	0	0	0	3
53	50	0	0.475498731	-0.00142618236	-0.00194534887	-0.017706836	-0.00139783845	0.0157614871	0	0	0	0	0	3
54	50	0	0.484470405	-0.00137340051	-0.00193475724	-0.017706836	-0.00137340051	0.0157720788	0	0	0	0	0	3
55	51	0	0.493442079	-0.00142332728	-0.00192545851	-0.017706836	-0.00137340051	0.0157813775	0	0	0	0	0	3
56	52	0	0.502413753	-0.00136872799	-0.00191551689	-0.017706836	-0.00136872799	0.0157913191	0	0	0	0	0	3
57	53	0	0.511385427	-0.00141819822	-0.00162464836	-0.00414249555	-0.00136872799	0.00277376755	0	0	0	0	0	3
58	54	0	0.520357102	-0.00135759092	-0.00157491792	-0.00232747282	-0.00135759092	0.000969881907	0	0	0	0	0	3
59	55	0	0.529328776	-0.0014056227	-0.00155845631	-0.00174452263	-0.00135759092	0.000386931716	0	0	0	0	0	3
60	56	0	0.53830045	-0.00134480186	-0.00155246563	-0.00174452263	-0.00134480186	0.000399720774	0	0	0	0	0	3
61	57	0	0.547272124	-0.00139757086	-0.00155018357	-0.00174452263	-0.00134480186	0.000399720774	0	0	0	0	0	3
62	58	0	0.556243798	-0.00132906819	-0.00154533189	-0.00174452263	-0.00132906819	0.00041545444	0	0	0	0	0	3
63	58	0	0.565215472	-0.00137907369	-0.00154272248	-0.00174452263	-0.00132906819	0.00041545444	0	0	0	0	0	3
64	59	0	0.574187147	-0.00132493497	-0.00153868399	-0.00174452263	-0.00132493497	0.000419587665	0	0	0	0	0	3
65	60	0	0.583158821	-0.00137946902	-0.00153443474	-0.00174452263	-0.00132493497	0.000419587665	0	0	0	0	0	3
66	61	0	0.592130495	-0.00131516798	-0.00152676769	-0.00171969045	-0.00131516798	0.000404522462	0	0	0	0	0	3
67	62	0	0.601102169	-0.00136468081	-0.00152249175	-0.00171969045	-0.00131516798	0.000404522462	0	0	0	0	0	3
68	63	0	0.610073843	-0.00131721666	-0.00151530472	-0.00168872951	-0.00131516798	0.00037356153	0	0	0	0	0	3
69	64	0	0.619045517	-0.00137401029	-0.00151313511	-0.00168872951	-0.00131516798	0.00037356153	0	0	0	0	0	3
70	64	0	0.628017192	-0.00132173799	-0.00150844141	-0.00168872951	-0.00131516798	0.00037356153	0	0	0	0	0	3
71	65	0	0.636988866	-0.00137471292	-0.00150564671	-0.00168872951	-0.00131516798	0.00037356153	0	0	0	0	0	3
72	66	0	0.64596054	-0.00132442347	-0.00150129393	-0.00168872951	-0.00131516798	0.00037356153	0	0	0	0	0	3
73	67	0	0.654932214	-0.00137631923	-0.00149873472	-0.00168872951	-0.00131516798	0.00037356153	0	0	0	0	0	3
74	68	0	0.663903888	-0.00132209723	-0.00149421067	-0.00168872951	-0.00131516798	0.00037356153	0	0	0	0	0	3
75	69	0	0.672875562	-0.00137141904	-0.00149144041	-0.00168872951	-0.00131516798	0.00037356153	0	0	0	0	0	3
76	70	0	0.681847237	-0.00133324467	-0.00148687017	-0.00168872951	-0.00131516798	0.00037356153	0	0	0	0	0	3
77	71	0	0.690818911	-0.00138383031	-0.00148317068	-0.00168872951	-0.00131516798	0.00037356153	0	0	0	0	0	3
78	71	0	0.699790585	-0.00133536989	-0.00147784959	-0.00168872951	-0.00131516798	0.00037356153	0	0	0	0	0	3
79	72	0	0.708762259	-0.00138577893	-0.00147283932	-0.00168872951	-0.00131516798	0.00037356153	0	0	0	0	0	3
80	73	0	0.717733933	-0.00133308566	-0.00146681819	-0.00168872951	-0.00131516798	0.00037356153	0	0	0	0	0	3
81	74	0	0.726705607	-0.00138123856	-0.00146144652	-0.00168872951	-0.00131516798	0.00037356153	0	0	0	0	0	3
82	75	0	0.735677282	-0.0013360402	-0.0014551882	-0.00168872951	-0.00131516798	0.00037356153	0	0	0	0	0	3
83	76	0	0.744648956	-0.00138561357	-0.00144980115	-0.00168872951	-0.00131516798	0.00037356153	0	0	0	0	0	3
84	77	0	0.75362063	-0.00133765593	-0.00144353198	-0.00167875457	-0.00131516798	0.000363586587	0	0	0	0	0	3
85	78	0	0.762592304	-0.00137566987	-0.00143811976	-0.00167843287	-0.00131516798	0.000363264887	0	0	0	0	0	3
86	79	0	0.771563978	-0.00134742751	-0.00143220895	-0.00166845141	-0.00131516798	0.000353283422	0	0	0	0	0	3
87	80	0	0.780535652	-0.00137285663	-0.00142695194	-0.00166845141	-0.00131516798	0.000353283422	0	0	0	0	0	3
88	80	0	0.789507327	-0.00133060639	-0.00142091899	-0.00165420251	-0.00131516798	0.000339034529	0	0	0	0	0	3
89	81	0	0.798479001	-0.00137166295	-0.00141587364	-0.00165251106	-0.00131516798	0.000337343078	0	0	0	0	0	3
90	82	0	0.807450675	-0.00132868369	-0.00141009101	-0.0016310147	-0.00131516798	0.000315846712	0	0	0	0	0	3
91	83	0	0.816422349	-0.00136874175	-0.00140540756	-0.00162946883	-0.00131516798	0.000314300844	0	0	0	0	0	3
92	84	0	0.825394023	-0.00133433844	-0.00140013738	-0.00160020379	-0.00131516798	0.000285035808	0	0	0	0	0	3
93	85	0	0.834365697	-0.00137191289	-0.00139606075	-0.00158438637	-0.00131516798	0.00026921839	0	0	0	0	0	3
94	86	0	0.843337372	-0.00134158367	-0.00139172499	-0.00155300569	-0.00131516798	0.000237837704	0	0	0	0	0	3
95	87	0	0.852309046	-0.00137536543	-0.00138855284	-0.0015507474	-0.00131516798	0.000235579421	0	0	0	0	0	3
96	88	0	0.86128072	-0.0013382202	-0.00138475772	-0.00153142774	-0.00131516798	0.000216259751	0	0	0	0	0	3
97	88	0	0.870252394	-0.0013669984	-0.00138182148	-0.00152773347	-0.00131516798	0.000212565482	0	0	0	0	0	3
98	89	0	0.879224068	-0.00133182189	-0.00137832306	-0.00150872055	-0.00131516798	0.000193552562	0	0	0	0	0	3
99	90	0	0.888195742	-0.00135586988	-0.00137559358	-0.00150483379	-0.00131516798	0.000189665804	0	0	0	0	0	3
100	91	0	0.897167416	-0.0013337774	-0.001372539	-0.0014867704	-0.00131516798	0.000171602412	0	0	0	0	0	3
101	95	0	0.906139091	-0.0013472152	-0.00137011006	-0.0014867704	-0.00131516798	0.000171602412	0	0	0	0	0	3
102	96	0	0.915110765	-0.00132749348	-0.00136726583	-0.00147100761	-0.00131516798	0.00015583963	0	0	0	0	0	3
103	96	0	0.924082439	-0.0013347026	-0.00136483181	-0.00146218707	-0.00131516798	0.000147019084	0	0	0	0	0	3
104	97	0	0.933054113	-0.00133233484	-0.00136271269	-0.00146218707	-0.00131516798	0.000147019084	0	0	0	0	0	3
105	98	0	0.942025787	-0.00131832778	-0.00136014377	-0.00143697238	-0.00131516798	0.000121804391	0	0	0	0	0	3
106	99	0	0.950997461	-0.00133400674	-0.00135850072	-0.00143697238	-0.00131516798	0.000121804391	0	0	0	0	0	3
107	100	0	0.959969136	-0.00130330933	-0.00135611388	-0.00142618236	-0.00130330933	0.000122873038	0	0	0	0	0	3
108	101	0	0.96894081	-0.00134171456	-0.00135511167	-0.00142618236	-0.00130330933	0.000122873038	0	0	0	0	0	3
109	101	0	0.977912484	-0.00130591365	-0.00135296401	-0.00142332728	-0.00130330933	0.000120017952	0	0	0	0	0	3
110	102	0	0.986884158	-0.0013393996	-0.00135235685	-0.00142332728	-0.00130330933	0.000120017952	0	0	0	0	0	3
111	103	0	0.995855832	-0.00130988003	-0.00135033101	-0.00141819822	-0.00130330933	0.000114888889	0	0	0	0	0	3
112	104	0	1.00482751	-0.00134265804	-0.00134986547	-0.00141819822	-0.00130330933	0.000114888889	3.07249049e-05	0	26.7	0	0	3
113	105	0	1.01379918	-0.00130994182	-0.00134793232	-0.0014056227	-0.00130330933	0.000102313375	3.07249049e-05	0	30	0	0	3
114	106	0	1.02277085	-0.00134205277	-0.00134765486	-0.0014056227	-0.00130330933	0.000102313375	3.07249049e-05	0	30	0	0	3
115	107	0	1.03174253	-0.00131164014	-0.0013459766	-0.00139757086	-0.00130330933	9.42615359e-05	3.07249049e-05	0	32.5	0	0	3
116	107	0	1.0407142	-0.00134617738	-0.00134600116	-0.00139757086	-0.00130330933	9.42615359e-05	3.07249049e-05	0	32.5	0	0	3
117	108	0	1.04968588	-0.00132074419	-0.00134462926	-0.00138577893	-0.00130330933	8.24696013e-05	3.07249049e-05	0	37.2	0	0	3
118	109	0	1.05865755	-0.00135112449	-0.00134502312	-0.00138577893	-0.00130330933	8.24696013e-05	3.07249049e-05	0	37.2	0	0	3
119	110	0	1.06762923	-0.0013307319	-0.00134415987	-0.00138577893	-0.00130330933	8.24696013e-05	3.07249049e-05	0	37.2	0	0	3
120	111	0	1.0766009	-0.00136317308	-0.0013448427	-0.00138577893	-0.00130330933	8.24696013e-05	3.07249049e-05	0	37.2	0	0	3
121	112	0	1.08557257	-0.00133987236	-0.00134413561	-0.00138577893	-0.00130330933	8.24696013e-05	3.07249049e-05	0	37.2	0	0	3
122	112	0	1.09454425	-0.00136620815	-0.00134504704	-0.00138577893	-0.00130330933	8.24696013e-05	3.07249049e-05	0	37.2	0	0	3
123	113	0	1.10351592	-0.00134293164	-0.00134465867	-0.00138577893	-0.00130330933	8.24696013e-05	3.07249049e-05	0	37.2	0	0	3
124	114	0	1.1124876	-0.00136832494	-0.00134557131	-0.00138577893	-0.00130330933	8.24696013e-05	3.07249049e-05	0	37.2	0	0	3
125	115	0	1.12145927	-0.00134468948	-0.00134504773	-0.00138577893	-0.00130330933	8.24696013e-05	3.07249049e-05	0	37.2	0	0	3
126	116	0	1.13043094	-0.00136772652	-0.00134586895	-0.00138577893	-0.00130330933	8.24696013e-05	3.07249049e-05	0	37.2	0	0	3
127	117	0	1.13940262	-0.00135189338	-0.00134546146	-0.00138577893	-0.00130330933	8.24696013e-05	3.07249049e-05	0	37.2	0	0	3
128	118	0	1.14837429	-0.0013830537	-0.00134650843	-0.00138577893	-0.00130330933	8.24696013e-05	3.07249049e-05	0	37.2	0	0	3
129	119	0	1.15734597	-0.00135399079	-0.00134610971	-0.00138577893	-0.00130330933	8.24696013e-05	3.07249049e-05	0	37.2	0	0	3
130	120	0	1.16631764	-0.00138498067	-0.00134723262	-0.00138577893	-0.00130330933	8.24696013e-05	3.07249049e-05	0	37.2	0	0	3
131	120	0	1.17528932	-0.00136210464	-0.0013470663	-0.00138577893	-0.00130330933	8.24696013e-05	3.07249049e-05	0	37.2	0	0	3
132	121	0	1.18426099	-0.00138250739	-0.00134794599	-0.00138577893	-0.00130330933	8.24696013e-05	3.07249049e-05	0	37.2	0	0	3
133	122	0	1.19323266	-0.00136087483	-0.00134753607	-0.00138577893	-0.00130330933	8.24696013e-05	3.07249049e-05	0	37.2	0	0	3
134	123	0	1.20220434	-0.00138551471	-0.00134843151	-0.00138577893	-0.00130330933	8.24696013e-05	3.07249049e-05	0	37.2	0	0	3
135	124	0	1.21117601	-0.00135619966	-0.00134790331	-0.00138561357	-0.00130330933	8.23042413e-05	3.07249049e-05	0	37.3	0	0	3
136	125	0	1.22014769	-0.00139270703	-0.00134896798	-0.00139270703	-0.00130330933	8.93977048e-05	3.07249049e-05	0	34.3	0	0	3
137	126	0	1.22911936	-0.00135504763	-0.00134850028	-0.00139270703	-0.00130330933	8.93977048e-05	3.07249049e-05	0	34.3	0	0	3
138	127	0	1.23809103	-0.00139126996	-0.00134948653	-0.00139270703	-0.00130330933	8.93977048e-05	3.07249049e-05	0	34.3	0	0	3
139	127	0	1.24706271	-0.00136611079	-0.00134913826	-0.00139270703	-0.00130330933	8.93977048e-05	3.07249049e-05	0	34.3	0	0	3
140	128	0	1.25603438	-0.00139103924	-0.00135009154	-0.00139270703	-0.00130330933	8.93977048e-05	3.07249049e-05	0	34.3	0	0	3
141	129	0	1.26500606	-0.00136527781	-0.00134990597	-0.00139270703	-0.00130330933	8.80733342e-05	3.07249049e-05	0	34.8	0	0	3
142	130	0	1.27397773	-0.00139209617	-0.00135070362	-0.00139270703	-0.00130330933	8.2816324e-05	3.07249049e-05	0	37.1	0	0	3
143	131	0	1.28294941	-0.00137003239	-0.00135065319	-0.00139270703	-0.00130330933	7.67833773e-05	3.07249049e-05	0	40	0	0	3
144	132	0	1.29192108	-0.0013943983	-0.00135179233	-0.0013943983	-0.00130330933	7.1738028e-05	3.07249049e-05	0	42.8	0	0	3
145	133	0	1.30089275	-0.00136591874	-0.00135168975	-0.0013943983	-0.00130330933	6.59553963e-05	3.07249049e-05	0	46.5	0	0	3
146	134	0	1.30986443	-0.001389285	-0.00135277192	-0.0013943983	-0.00130330933	6.12719508e-05	3.07249049e-05	0	50.1	0	0	3
147	134	0	1.3188361	-0.00136457582	-0.00135269753	-0.0013943983	-0.00130330933	5.60017653e-05	3.07249049e-05	0	54.8	0	0	3
148	135	0	1.32780778	-0.00138023399	-0.00135351709	-0.0013943983	-0.00130330933	5.1925142e-05	3.07249049e-05	0	59.1	0	0	3
149	136	0	1.33677945	-0.00136416045	-0.00135337865	-0.0013943983	-0.00130330933	4.75893795e-05	3.07249049e-05	0	64.5	0	0	3
150	137	0	1.34575112	-0.00137966942	-0.00135405876	-0.0013943983	-0.00130330933	4.4417232e-05	3.07249049e-05	0	69.1	0	0	3
151	138	0	1.3547228	-0.00135295402	-0.00135365855	-0.0013943983	-0.00130330933	4.06221033e-05	3.07249049e-05	0	75.6	0	0	3
152	139	0	1.36369447	-0.00138067759	-0.00135441672	-0.0013943983	-0.00130330933	3.76858652e-05	3.07249049e-05	0	81.5	0	0	3
153	140	0	1.37266615	-0.00134518527	-0.0013540272	-0.0013943983	-0.00130330933	3.41874442e-05	3.07249049e-05	0	89.8	0	0	3
154	140	0	1.38163782	-0.00136498141	-0.00135461934	-0.0013943983	-0.00130330933	3.1457968e-05	3.07249049e-05	0	97.6	0	0	3
155	141	0	1.3906095	-0.00134874673	-0.00135449214	-0.0013943983	-0.00130330933	2.84033896e-05	3.07249049e-05	0	100	0	0	3
156	142	0	1.39958117	-0.00136396025	-0.00135503112	-0.0013943983	-0.00130330933	2.59744491e-05	3.07249049e-05	0	100	0	0	3
157	143	0	1.40855284	-0.00133510246	-0.00135481482	-0.0013943983	-0.00130330933	2.31302185e-05	3.07249049e-05	0	100	0	0	3
158	144	0	1.41752452	-0.00137132728	-0.00135559756	-0.0013943983	-0.00130330933	2.06962005e-05	3.07249049e-05	0	100	0	0	3
159	145	0	1.42649619	-0.00133531814	-0.00135560856	-0.0013943983	-0.00130330933	1.85770761e-05	3.07249049e-05	0	100	0	0	3
160	146	0	1.43546787	-0.00136084985	-0.00135611775	-0.0013943983	-0.00130330933	1.60081602e-05	3.07249049e-05	0	100	0	0	3
161	147	0	1.44443954	-0.0013409541	-0.00135652179	-0.0013943983	-0.00130330933	1.43651078e-05	3.07249049e-05	0	100	0	0	3
162	147	0	1.45341121	-0.00135641272	-0.0013569219	-0.0013943983	-0.00130330933	1.27862875e-05	3.07249049e-05	0	100	0	0	3
163	148	0	1.46238289	-0.00132103042	-0.00135723835	-0.0013943983	-0.00130591365	1.31027356e-05	3.07249049e-05	0	100	0	0	3
164	149	0	1.47135456	-0.00135590271	-0.00135749171	-0.0013943983	-0.00130591365	1.33560954e-05	3.07249049e-05	0	100	0	0	3
165	150	0	1.48032624	-0.00131573338	-0.00135766706	-0.0013943983	-0.00130988003	1.35314476e-05	3.07249049e-05	0	100	0	0	3
166	151	0	1.48929791	-0.00135181213	-0.00135788871	-0.0013943983	-0.00130988003	1.37531e-05	3.07249049e-05	0	100	0	0	3
167	152	0	1.49826959	-0.00132233685	-0.00135811116	-0.0013943983	-0.00130994182	1.39755432e-05	3.07249049e-05	0	100	0	0	3
168	153	0	1.50724126	-0.00135045779	-0.00135825044	-0.0013943983	-0.00130994182	1.41148244e-05	3.07249049e-05	0	100	0	0	3
169	153	0	1.51621293	-0.0013191921	-0.00135841562	-0.0013943983	-0.00131164014	1.42800079e-05	3.07249049e-05	0	100	0	0	3
170	154	0	1.52518461	-0.00134752266	-0.0013585133	-0.0013943983	-0.00131164014	1.43776846e-05	3.07249049e-05	0	100	0	0	3
171	155	0	1.53415628	-0.00131230862	-0.00135852523	-0.0013943983	-0.00131230862	1.43896217e-05	3.07249049e-05	0	100	0	0	3
172	156	0	1.54312796	-0.00133987781	-0.00135841274	-0.0013943983	-0.00131230862	1.43896217e-05	3.07249049e-05	0	100	0	0	3
173	157	0	1.55209963	-0.00130732489	-0.00135817311	-0.0013943983	-0.00130732489	1.43896217e-05	3.07249049e-05	0	100	0	0	3
174	158	0	1.5610713	-0.00133756523	-0.00135793098	-0.0013943983	-0.00130732489	1.43896217e-05	3.07249049e-05	0	100	0	0	3
175	159	0	1.57004298	-0.00130835629	-0.00135753142	-0.0013943983	-0.00130732489	1.43896217e-05	3.07249049e-05	0	100	0	0	3
176	159	0	1.57901465	-0.00133836728	-0.00135708846	-0.0013943983	-0.00130732489	1.43896217e-05	3.07249049e-05	0	100	0	0	3
177	160	0	1.58798633	-0.00130968577	-0.00135654941	-0.0013943983	-0.00130732489	1.38665681e-05	3.07249049e-05	0	100	0	0	3
178	161	0	1.596958	-0.00133683952	-0.00135602497	-0.0013943983	-0.00130732489	1.38665681e-05	3.07249049e-05	0	100	0	0	3
179	162	0	1.60592968	-0.00130683958	-0.00135538047	-0.0013943983	-0.00130683958	1.34775063e-05	3.07249049e-05	0	100	0	0	3
180	163	0	1.61490135	-0.00133049119	-0.00135470487	-0.0013943983	-0.00130683958	1.34775063e-05	3.07249049e-05	0	100	0	0	3
181	164	0	1.62387302	-0.00130065638	-0.00135391856	-0.0013943983	-0.00130065638	1.30637743e-05	3.07249049e-05	0	100	0	0	3
182	165	0	1.6328447	-0.00132420604	-0.00135314141	-0.0013943983	-0.00130065638	1.30637743e-05	3.07249049e-05	0	100	0	0	3
183	165	0	1.64181637	-0.00129675119	-0.00135215673	-0.0013943983	-0.00129675119	1.2415528e-05	3.07249049e-05	0	100	0	0	3
184	166	0	1.65078805	-0.00132341681	-0.00135109178	-0.0013943983	-0.00129675119	1.2415528e-05	3.07249049e-05	0	100	0	0	3
185	167	0	1.65975972	-0.00129878149	-0.0013501059	-0.0013943983	-0.00129675119	1.1458938e-05	3.07249049e-05	0	100	0	0	3
186	168	0	1.66873139	-0.00132564074	-0.00134904626	-0.0013943983	-0.00129675119	1.1458938e-05	3.07249049e-05	0	100	0	0	3
187	169	0	1.67770307	-0.00130073389	-0.00134795036	-0.0013943983	-0.00129675119	1.09891659e-05	3.07249049e-05	0	100	0	0	3
188	170	0	1.68667474	-0.00132839656	-0.00134698409	-0.0013943983	-0.00129675119	1.15411437e-05	3.07249049e-05	0	100	0	0	3
189	171	0	1.69564642	-0.00130706056	-0.00134602312	-0.0013943983	-0.00129675119	1.25021129e-05	3.07249049e-05	0	100	0	0	3
190	171	0	1.70461809	-0.00132900636	-0.00134501404	-0.0013943983	-0.00129675119	1.35111905e-05	3.07249049e-05	0	100	0	0	3
191	172	0	1.71358977	-0.00130905443	-0.00134417216	-0.0013943983	-0.00129675119	1.43530696e-05	3.07249049e-05	0	100	0	0	3
192	173	0	1.72256144	-0.0013346372	-0.0013431352	-0.0013943983	-0.00129675119	1.53900308e-05	3.07249049e-05	0	100	0	0	3
193	174	0	1.73153311	-0.00131130141	-0.00134235402	-0.0013943983	-0.00129675119	1.61712134e-05	3.07249049e-05	0	100	0	0	3
194	175	0	1.74050479	-0.00133891249	-0.00134141907	-0.0013943983	-0.00129675119	1.71061682e-05	3.07249049e-05	0	100	0	0	3
195	176	0	1.74947646	-0.00131911751	-0.0013405799	-0.0013943983	-0.00129675119	1.79453338e-05	3.07249049e-05	0	100	0	0	3
196	176	0	1.75844814	-0.00133615897	-0.0013395999	-0.0013943983	-0.00129675119	1.89253386e-05	3.07249049e-05	0	100	0	0	3
197	177	0	1.76741981	-0.00132687965	-0.00133891421	-0.0013943983	-0.00129675119	1.961102e-05	3.07249049e-05	0	100	0	0	3
198	178	0	1.77639148	-0.00134522269	-0.00133807719	-0.0013943983	-0.00129675119	2.04480464e-05	3.07249049e-05	0	100	0	0	3
199	179	0	1.78536316	-0.00131834727	-0.00133715424	-0.0013943983	-0.00129675119	2.1370995e-05	3.07249049e-05	0	100	0	0	3
200	180	0	1.79433483	-0.00135193998	-0.00133639606	-0.001389285	-0.00129675119	2.21291792e-05	3.07249049e-05	0	100	0	0	3
201	184	0	1.80330651	-0.00132292991	-0.0013356284	-0.001389285	-0.00129675119	2.28968368e-05	3.07249049e-05	0	100	0	0	3
202	185	0	1.81227818	-0.00134689036	-0.00133487135	-0.00138067759	-0.00129675119	2.36538838e-05	3.07249049e-05	0	100	0	0	3
203	186	0	1.82124986	-0.00132981544	-0.00133425063	-0.00138067759	-0.00129675119	2.42746048e-05	3.07249049e-05	0	100	0	0	3
204	186	0	1.83022153	-0.00135179548	-0.0013337428	-0.00138067759	-0.00129675119	2.47824354e-05	3.07249049e-05	0	100	0	0	3
205	187	0	1.8391932	-0.00132999017	-0.00133313262	-0.00138067759	-0.00129675119	2.53926188e-05	3.07249049e-05	0	100	0	0	3
206	188	0	1.84816488	-0.00135308992	-0.00133265798	-0.00138067759	-0.00129675119	2.58672527e-05	3.07249049e-05	0	100	0	0	3
207	189	0	1.85713655	-0.00132391143	-0.00133213936	-0.00138067759	-0.00129675119	2.63858703e-05	3.07249049e-05	0	100	0	0	3
208	190	0	1.86610823	-0.00136209269	-0.00133180749	-0.00137132728	-0.00129675119	2.67177436e-05	3.07249049e-05	0	100	0	0	3
209	191	0	1.8750799	-0.00132459546	-0.00133143982	-0.00137132728	-0.00129675119	2.70854189e-05	3.07249049e-05	0	100	0	0	3
210	192	0	1.88405157	-0.00135801531	-0.00133131542	-0.00137132728	-0.00129675119	2.72098135e-05	3.07249049e-05	0	100	0	0	3
211	192	0	1.89302325	-0.0013221065	-0.0013308397	-0.00137132728	-0.00129675119	2.76855318e-05	3.07249049e-05	0	100	0	0	3
212	193	0	1.90199492	-0.00135346368	-0.00133065226	-0.00137132728	-0.00129675119	2.78729706e-05	3.07249049e-05	0	100	0	0	3
213	194	0	1.9109666	-0.00132426662	-0.00133045877	-0.00137132728	-0.00129675119	2.80664677e-05	3.07249049e-05	0	100	0	0	3
214	195	0	1.91993827	-0.00135697485	-0.00133020247	-0.00136209269	-0.00129675119	2.83227612e-05	3.07249049e-05	0	100	0	0	3
215	196	0	1.92890995	-0.00132452121	-0.00133000967	-0.00136209269	-0.00129675119	2.85155636e-05	3.07249049e-05	0	100	0	0	3
216	197	0	1.93788162	-0.00135332429	-0.00132987529	-0.00136209269	-0.00129675119	2.86499485e-05	3.07249049e-05	0	100	0	0	3
217	198	0	1.94685329	-0.00132423128	-0.00132957666	-0.00136209269	-0.00129675119	2.89485705e-05	3.07249049e-05	0	100	0	0	3
218	199	0	1.95582497	-0.00134772563	-0.00132942154	-0.00136209269	-0.00129675119	2.91036972e-05	3.07249049e-05	0	100	0	0	3
219	200	0	1.96479664	-0.0013190114	-0.00132938548	-0.00136209269	-0.00129675119	2.91397511e-05	3.07249049e-05	0	100	0	0	3
220	201	0	1.97376832	-0.00134499181	-0.00132919065	-0.00136209269	-0.00129675119	2.93345887e-05	3.07249049e-05	0	100	0	0	3
221	201	0	1.98273999	-0.00131639574	-0.00132920247	-0.00136209269	-0.00129675119	2.93345887e-05	3.07249049e-05	0	100	0	0	3
222	202	0	1.99171166	-0.00134375482	-0.00132905859	-0.00136209269	-0.00129675119	2.94666412e-05	3.07249049e-05	0	100	0	0	3
223	203	0	2.00068334	-0.00132044168	-0.00132902475	-0.00136209269	-0.00129675119	2.95004836e-05	3.07249049e-05	0	100	0	0	3
224	204	0	2.00965501	-0.00134290994	-0.00132888997	-0.00136209269	-0.00129675119	2.96352666e-05	3.07249049e-05	0	100	0	0	3
225	205	0	2.01862669	-0.0013182527	-0.00132887319	-0.00136209269	-0.00129675119	2.96520415e-05	3.07249049e-05	0	100	0	0	3
226	206	0	2.02759836	-0.00134103641	-0.00132875737	-0.00136209269	-0.00129675119	2.97678676e-05	3.07249049e-05	0	100	0	0	3
227	207	0	2.03657004	-0.00131336207	-0.00132877618	-0.00136209269	-0.00129675119	2.96553752e-05	3.07249049e-05	0	100	0	0	3
228	208	0	2.04554171	-0.00133685075	-0.00132872212	-0.00136209269	-0.00129675119	2.94509878e-05	3.07249049e-05	0	100	0	0	3
229	209	0	2.05451338	-0.00131137732	-0.00132879449	-0.00136209269	-0.00129675119	2.9208858e-05	3.07249049e-05	0	100	0	0	3
230	210	0	2.06348506	-0.00133653308	-0.00132877606	-0.00136209269	-0.00129675119	2.88092935e-05	3.07249049e-05	0	100	0	0	3
231	210	0	2.07245673	-0.00131173304	-0.00132883636	-0.00136209269	-0.00129675119	2.83663327e-05	3.07249049e-05	0	100	0	0	3
232	211	0	2.08142841	-0.00133547835	-0.00132878477	-0.00136209269	-0.00129675119	2.78272864e-05	3.07249049e-05	0	100	0	0	3
233	212	0	2.09040008	-0.00130875705	-0.00132876818	-0.00136209269	-0.00129675119	2.73028466e-05	3.07249049e-05	0	100	0	0	3
234	213	0	2.09937175	-0.0013307015	-0.00132865858	-0.00136209269	-0.00129675119	2.67218928e-05	3.07249049e-05	0	100	0	0	3
235	214	0	2.10834343	-0.00130246307	-0.00132858042	-0.00136209269	-0.00129675119	2.6124442e-05	3.07249049e-05	0	100	0	0	3
236	215	0	2.1173151	-0.00132638908	-0.00132850717	-0.00136209269	-0.00129675119	2.54113886e-05	3.07249049e-05	0	100	0	0	3
237	216	0	2.12628678	-0.00130041564	-0.00132850287	-0.00136209269	-0.00129675119	2.46385361e-05	3.07249049e-05	0	100	0	0	3
238	217	0	2.13525845	-0.00132855028	-0.00132858045	-0.00136209269	-0.00129675119	2.36538543e-05	3.07249049e-05	0	100	0	0	3
239	217	0	2.14423013	-0.00130553362	-0.00132873728	-0.00136209269	-0.00129878149	2.25889099e-05	3.07249049e-05	0	100	0	0	3
240	218	0	2.1532018	-0.0013336112	-0.00132891932	-0.00136209269	-0.00129878149	2.16030297e-05	3.07249049e-05	0	100	0	0	3
241	219	0	2.16217347	-0.00130643293	-0.00132905595	-0.00136209269	-0.00130041564	2.0543388e-05	3.07249049e-05	0	100	0	0	3
242	220	0	2.17114515	-0.00133004603	-0.00132913462	-0.00136209269	-0.00130041564	1.94474817e-05	3.07249049e-05	0	100	0	0	3
243	221	0	2.18011682	-0.00130012423	-0.00132912373	-0.00136209269	-0.00130012423	1.84812169e-05	3.07249049e-05	0	100	0	0	3
244	222	0	2.1890885	-0.00132307094	-0.00132902863	-0.00136209269	-0.00130012423	1.75202478e-05	3.07249049e-05	0	100	0	0	3
245	223	0	2.19806017	-0.00129365426	-0.00132878923	-0.00136209269	-0.00129365426	1.65111702e-05	3.07249049e-05	0	100	0	0	3
246	224	0	2.20703184	-0.00131965672	-0.00132862228	-0.00136209269	-0.00129365426	1.56692911e-05	3.07249049e-05	0	100	0	0	3
247	224	0	2.21600352	-0.0012927068	-0.00132833035	-0.00136209269	-0.0012927068	1.48048489e-05	3.07249049e-05	0	100	0	0	3
248	225	0	2.22497519	-0.0013206039	-0.00132807976	-0.00136209269	-0.0012927068	1.42742611e-05	3.07249049e-05	0	100	0	0	3
249	226	0	2.23394687	-0.00129317056	-0.00132775599	-0.00136209269	-0.0012927068	1.36630715e-05	3.07249049e-05	0	100	0	0	3
250	227	0	2.24291854	-0.00132016477	-0.00132742121	-0.00136209269	-0.0012927068	1.31586867e-05	3.07249049e-05	0	100	0	0	3
251	228	0	2.25189022	-0.00129107106	-0.00132692038	-0.00136209269	-0.00129107106	1.26795114e-05	3.07249049e-05	0	100	0	0	3
252	229	0	2.26086189	-0.00131779439	-0.00132659245	-0.00136209269	-0.00129107106	1.2321769e-05	3.07249049e-05	0	100	0	0	3
253	230	0	2.26983356	-0.00128850236	-0.00132590714	-0.00136209269	-0.00128850236	1.21700513e-05	3.07249049e-05	0	100	0	0	3
254	231	0	2.27880524	-0.001317162	-0.00132540605	-0.00136209269	-0.00128850236	1.17481867e-05	3.07249049e-05	0	100	0	0	3
255	232	0	2.28777691	-0.00129051	-0.00132490896	-0.00136209269	-0.00128850236	1.14870967e-05	3.07249049e-05	0	100	0	0	3
256	233	0	2.29674859	-0.001320793	-0.00132435276	-0.00136209269	-0.00128850236	1.12756351e-05	3.07249049e-05	0	100	0	0	3
257	234	0	2.30572026	-0.00129460143	-0.0013238469	-0.00136209269	-0.00128850236	1.10244538e-05	3.07249049e-05	0	100	0	0	3
258	234	0	2.31469193	-0.00132171569	-0.00132339735	-0.00136209269	-0.00128850236	1.08532805e-05	3.07249049e-05	0	100	0	0	3
259	235	0	2.32366361	-0.00129297041	-0.0013227394	-0.00136209269	-0.00128850236	1.10033968e-05	3.07249049e-05	0	100	0	0	3
260	236	0	2.33263528	-0.00131957611	-0.00132216406	-0.00136209269	-0.00128850236	1.09685593e-05	3.07249049e-05	0	100	0	0	3
261	237	0	2.34160696	-0.0012921819	-0.00132148891	-0.00136209269	-0.00128850236	1.11690731e-05	3.07249049e-05	0	100	0	0	3
262	238	0	2.35057863	-0.00131401515	-0.00132079114	-0.00136209269	-0.00128850236	1.13482193e-05	3.07249049e-05	0	100	0	0	3
263	239	0	2.35955031	-0.00128840508	-0.0013201571	-0.00136209269	-0.00128840508	1.1650388e-05	3.07249049e-05	0	100	0	0	3
264	240	0	2.36852198	-0.0013100879	-0.00131922845	-0.00135801531	-0.00128840508	1.22113698e-05	3.07249049e-05	0	100	0	0	3
265	241	0	2.37749365	-0.00128546344	-0.00131852966	-0.00135801531	-0.00128546344	1.27857611e-05	3.07249049e-05	0	100	0	0	3
266	242	0	2.38646533	-0.00130824834	-0.00131764096	-0.00135697485	-0.00128546344	1.31987388e-05	3.07249049e-05	0	100	0	0	3
267	242	0	2.395437	-0.0012861427	-0.00131699875	-0.00135697485	-0.00128546344	1.36535108e-05	3.07249049e-05	0	100	0	0	3
268	243	0	2.40440868	-0.00131089019	-0.00131623851	-0.00135697485	-0.00128546344	1.42202545e-05	3.07249049e-05	0	100	0	0	3
269	244	0	2.41338035	-0.00128954533	-0.00131561849	-0.00135697485	-0.00128546344	1.45839841e-05	3.07249049e-05	0	100	0	0	3
270	245	0	2.42235202	-0.00131401785	-0.0013148514	-0.00135332429	-0.00128546344	1.51582711e-05	3.07249049e-05	0	100	0	0	3
271	246	0	2.4313237	-0.00129114703	-0.00131425543	-0.00135332429	-0.00128546344	1.56198537e-05	3.07249049e-05	0	100	0	0	3
272	247	0	2.44029537	-0.00131499855	-0.00131357104	-0.00134772563	-0.00128546344	1.600562e-05	3.07249049e-05	0	100	0	0	3
273	248	0	2.44926705	-0.00129167437	-0.00131298967	-0.00134772563	-0.00128546344	1.64318665e-05	3.07249049e-05	0	100	0	0	3
274	249	0	2.45823872	-0.00131524469	-0.00131240965	-0.00134499181	-0.00128546344	1.69758294e-05	3.07249049e-05	0	100	0	0	3
275	250	0	2.4672104	-0.00129270897	-0.00131193997	-0.00134499181	-0.00128546344	1.72625061e-05	3.07249049e-05	0	100	0	0	3
276	251	0	2.47618207	-0.00131667288	-0.00131143427	-0.00134375482	-0.00128546344	1.77682012e-05	3.07249049e-05	0	100	0	0	3
277	252	0	2.48515374	-0.00129375922	-0.00131103005	-0.00134375482	-0.00128546344	1.81045712e-05	3.07249049e-05	0	100	0	0	3
278	253	0	2.49412542	-0.00131672564	-0.00131054738	-0.00134290994	-0.00128546344	1.8587235e-05	3.07249049e-05	0	100	0	0	3
279	254	0	2.50309709	-0.00129326276	-0.00131006205	-0.00134290994	-0.00128546344	1.90725728e-05	3.07249049e-05	0	100	0	0	3
280	255	0	2.51206877	-0.00131841598	-0.00130962466	-0.00134103641	-0.00128546344	1.95099649e-05	3.07249049e-05	0	100	0	0	3
281	256	0	2.52104044	-0.00129839415	-0.00130927004	-0.00134103641	-0.00128546344	1.98645818e-05	3.07249049e-05	0	100	0	0	3
282	256	0	2.53001211	-0.00132582059	-0.00130899833	-0.00133685075	-0.00128546344	2.01362929e-05	3.07249049e-05	0	100	0	0	3
283	257	0	2.53898379	-0.0013081282	-0.00130890487	-0.00133685075	-0.00128546344	2.02297548e-05	3.07249049e-05	0	100	0	0	3
284	258	0	2.54795546	-0.00133120294	-0.00130880401	-0.00133653308	-0.00128546344	2.03306086e-05	3.07249049e-05	0	100	0	0	3
285	259	0	2.55692714	-0.0013115165	-0.0013088065	-0.00133653308	-0.00128546344	2.03306086e-05	3.07249049e-05	0	100	0	0	3
286	260	0	2.56589881	-0.00133618117	-0.00130880021	-0.00133618117	-0.00128546344	2.03344073e-05	3.07249049e-05	0	100	0	0	3
287	261	0	2.57487049	-0.00131091197	-0.00130878555	-0.00133618117	-0.00128546344	2.03490692e-05	3.07249049e-05	0	100	0	0	3
288	261	0	2.58384216	-0.00133503877	-0.0013087777	-0.00133618117	-0.00128546344	2.0356919e-05	3.07249049e-05	0	100	0	0	3
289	262	0	2.59281383	-0.00131358073	-0.00130886384	-0.00133618117	-0.00128546344	2.0356919e-05	3.07249049e-05	0	100	0	0	3
290	263	0	2.60178551	-0.00133368603	-0.00130891713	-0.00133618117	-0.00128546344	2.0356919e-05	3.07249049e-05	0	100	0	0	3
291	264	0	2.61075718	-0.0013108849	-0.00130906752	-0.00133618117	-0.00128546344	2.0356919e-05	3.07249049e-05	0	100	0	0	3
292	265	0	2.61972886	-0.00133446347	-0.00130921171	-0.00133618117	-0.00128546344	2.0356919e-05	3.07249049e-05	0	100	0	0	3
293	266	0	2.62870053	-0.00130942736	-0.00130937263	-0.00133618117	-0.00128546344	2.0356919e-05	3.07249049e-05	0	100	0	0	3
294	266	0	2.6376722	-0.00133435771	-0.00130947634	-0.00133618117	-0.00128546344	2.0356919e-05	3.07249049e-05	0	100	0	0	3
295	267	0	2.64664388	-0.00131125072	-0.00130957843	-0.00133618117	-0.00128546344	2.0356919e-05	3.07249049e-05	0	100	0	0	3
296	268	0	2.65561555	-0.0013375976	-0.00130964961	-0.0013375976	-0.00128546344	2.0356919e-05	3.07249049e-05	0	100	0	0	3
297	269	0	2.66458723	-0.00131562744	-0.0013098138	-0.0013375976	-0.00128546344	2.0356919e-05	3.07249049e-05	0	100	0	0	3
298	270	0	2.6735589	-0.00134328923	-0.00131005029	-0.00134328923	-0.00128546344	2.03460322e-05	3.07249049e-05	0	100	0	0	3
299	271	0	2.68253058	-0.0013237595	-0.00131047235	-0.00134328923	-0.00128546344	2.02509319e-05	3.07249049e-05	0	100	0	0	3
300	272	0	2.69150225	-0.00134620958	-0.00131088554	-0.00134620958	-0.00128546344	2.00115338e-05	3.07249049e-05	0	100	0	0	3
301	276	0	2.70047392	-0.00132202156	-0.00131139209	-0.00134620958	-0.00128546344	1.98445758e-05	3.07249049e-05	0	100	0	0	3
302	276	0	2.7094456	-0.00134903066	-0.00131191663	-0.00134903066	-0.00128546344	1.95526537e-05	3.07249049e-05	0	100	0	0	3
303	277	0	2.71841727	-0.0013177305	-0.00131236348	-0.00134903066	-0.00128546344	1.9302059e-05	3.07249049e-05	0	100	0	0	3
304	278	0	2.72738895	-0.00134321734	-0.00131276729	-0.00134903066	-0.00128546344	1.89782938e-05	3.07249049e-05	0	100	0	0	3
305	279	0	2.73636062	-0.00131418089	-0.00131314248	-0.00134903066	-0.00128546344	1.86435129e-05	3.07249049e-05	0	100	0	0	3
306	280	0	2.74533229	-0.00133803476	-0.00131346158	-0.00134903066	-0.00128546344	1.81426834e-05	3.07249049e-05	0	100	0	0	3
307	281	0	2.75430397	-0.00131086934	-0.00131381512	-0.00134903066	-0.00128546344	1.78147444e-05	3.07249049e-05	0	100	0	0	3
308	282	0	2.76327564	-0.00133905176	-0.00131419472	-0.00134903066	-0.00128546344	1.71294357e-05	3.07249049e-05	0	100	0	0	3
309	282	0	2.77224732	-0.00130819996	-0.00131454646	-0.00134903066	-0.00128546344	1.66283518e-05	3.07249049e-05	0	100	0	0	3
310	283	0	2.78121899	-0.00133259298	-0.00131482202	-0.00134903066	-0.00128546344	1.61312576e-05	3.07249049e-05	0	100	0	0	3
311	284	0	2.79019067	-0.00129919373	-0.00131497708	-0.00134903066	-0.00128546344	1.55750615e-05	3.07249049e-05	0	100	0	0	3
312	285	0	2.79916234	-0.00132515566	-0.00131505499	-0.00134903066	-0.00128546344	1.50691958e-05	3.07249049e-05	0	100	0	0	3
313	286	0	2.80813401	-0.00129740262	-0.00131510501	-0.00134903066	-0.00128546344	1.46196482e-05	3.07249049e-05	0	100	0	0	3
314	287	0	2.81710569	-0.00132078244	-0.00131508834	-0.00134903066	-0.00128546344	1.39617012e-05	3.07249049e-05	0	100	0	0	3
315	288	0	2.82607736	-0.00129842119	-0.00131518568	-0.00134903066	-0.00128546344	1.33863553e-05	3.07249049e-05	0	100	0	0	3
316	289	0	2.83504904	-0.00132425962	-0.00131526931	-0.00134903066	-0.00128546344	1.27112076e-05	3.07249049e-05	0	100	0	0	3
317	290	0	2.84402071	-0.0013024197	-0.00131545213	-0.00134903066	-0.00128546344	1.20134439e-05	3.07249049e-05	0	100	0	0	3
318	291	0	2.85299238	-0.00132687664	-0.0013156818	-0.00134903066	-0.00128546344	1.13794018e-05	3.07249049e-05	0	100	0	0	3
319	291	0	2.86196406	-0.0013031264	-0.00131594468	-0.00134903066	-0.00128546344	1.04507448e-05	3.07249049e-05	0	100	0	0	3
320	292	0	2.87093573	-0.00132549415	-0.00131621979	-0.00134903066	-0.00128546344	9.75195887e-06	3.07249049e-05	0	100	0	0	3
321	293	0	2.87990741	-0.00130118642	-0.00131650056	-0.00134903066	-0.0012861427	8.86326281e-06	3.07249049e-05	0	100	0	0	3
322	294	0	2.88887908	-0.00132286686	-0.00131676161	-0.00134903066	-0.0012861427	8.22105203e-06	3.07249049e-05	0	100	0	0	3
323	295	0	2.89785076	-0.00129896422	-0.00131699056	-0.00134903066	-0.00128954533	8.21286019e-06	3.07249049e-05	0	100	0	0	3
324	296	0	2.90682243	-0.00132136024	-0.00131717753	-0.00134903066	-0.00128954533	8.39982533e-06	3.07249049e-05	0	100	0	0	3
325	297	0	2.9157941	-0.00129786161	-0.00131732603	-0.00134903066	-0.00129114703	8.54833031e-06	3.07249049e-05	0	100	0	0	3
326	298	0	2.92476578	-0.00132124388	-0.00131745507	-0.00134903066	-0.00129114703	8.67736664e-06	3.07249049e-05	0	100	0	0	3
327	299	0	2.93373745	-0.00129637499	-0.00131754842	-0.00134903066	-0.00129167437	8.77072309e-06	3.07249049e-05	0	100	0	0	3
328	300	0	2.94270913	-0.00131764069	-0.00131759561	-0.00134903066	-0.00129167437	8.81790404e-06	3.07249049e-05	0	100	0	0	3
329	300	0	2.9516808	-0.00129147033	-0.00131759196	-0.00134903066	-0.00129147033	8.81790404e-06	3.07249049e-05	0	100	0	0	3
330	301	0	2.96065247	-0.00131277622	-0.00131754788	-0.00134903066	-0.00129147033	8.81790404e-06	3.07249049e-05	0	100	0	0	3
331	302	0	2.96962415	-0.00128856556	-0.00131747389	-0.00134903066	-0.00128856556	8.81790404e-06	3.07249049e-05	0	100	0	0	3
332	303	0	2.97859582	-0.0013113559	-0.00131737895	-0.00134903066	-0.00128856556	8.81790404e-06	3.07249049e-05	0	100	0	0	3
333	304	0	2.9875675	-0.00129057584	-0.0013173221	-0.00134903066	-0.00128856556	8.81790404e-06	3.07249049e-05	0	100	0	0	3
334	305	0	2.99653917	-0.0013141093	-0.00131727538	-0.00134903066	-0.00128856556	8.81790404e-06	3.07249049e-05	0	100	0	0	3
335	305	0	3.00551085	-0.00129124157	-0.00131723929	-0.00134903066	-0.00128856556	8.81790404e-06	3.07249049e-05	0	100	0	0	3
336	306	0	3.01448252	-0.00131874309	-0.00131724513	-0.00134903066	-0.00128856556	8.81790404e-06	3.07249049e-05	0	100	0	0	3
337	307	0	3.02345419	-0.00129453839	-0.00131717628	-0.00134903066	-0.00128856556	8.81790404e-06	3.07249049e-05	0	100	0	0	3
338	308	0	3.03242587	-0.0013227079	-0.00131712069	-0.00134903066	-0.00128856556	8.81790404e-06	3.07249049e-05	0	100	0	0	3
339	309	0	3.04139754	-0.00129951497	-0.00131696688	-0.00134903066	-0.00128856556	8.81790404e-06	3.07249049e-05	0	100	0	0	3
340	310	0	3.05036922	-0.00133059036	-0.00131695595	-0.00134903066	-0.00128856556	8.81790404e-06	3.07249049e-05	0	100	0	0	3
341	311	0	3.05934089	-0.00131227947	-0.00131696957	-0.00134903066	-0.00128856556	8.81790404e-06	3.07249049e-05	0	100	0	0	3
342	312	0	3.06831256	-0.00134274508	-0.00131708678	-0.00134903066	-0.00128856556	8.81790404e-06	3.07249049e-05	0	100	0	0	3
343	313	0	3.07728424	-0.00131560568	-0.0013171706	-0.00134903066	-0.00128856556	8.81790404e-06	3.07249049e-05	0	100	0	0	3
344	314	0	3.08625591	-0.00135188371	-0.0013174714	-0.00135188371	-0.00128856556	8.73176692e-06	3.07249049e-05	0	100	0	0	3
345	314	0	3.09522759	-0.00133880066	-0.00131792176	-0.00135188371	-0.00128856556	9.00462353e-06	3.07249049e-05	0	100	0	0	3
346	315	0	3.10419926	-0.00135771572	-0.00131835086	-0.00135771572	-0.00128856556	9.2833351e-06	3.07249049e-05	0	100	0	0	3
347	316	0	3.11317094	-0.00135045703	-0.0013190575	-0.00135771572	-0.00128856556	9.84579482e-06	3.07249049e-05	0	100	0	0	3
348	317	0	3.12214261	-0.00137011388	-0.00131969412	-0.00137011388	-0.00128856556	1.03214857e-05	3.07249049e-05	0	100	0	0	3
349	318	0	3.13111428	-0.00135190968	-0.00132045273	-0.00137011388	-0.00128856556	1.09763945e-05	3.07249049e-05	0	100	0	0	3
350	319	0	3.14008596	-0.00138621436	-0.00132137874	-0.00138621436	-0.00128856556	1.18003149e-05	3.07249049e-05	0	100	0	0	3
351	320	0	3.14905763	-0.00135297299	-0.00132212378	-0.00138621436	-0.00128856556	1.24741695e-05	3.07249049e-05	0	100	0	0	3
352	321	0	3.15802931	-0.00139585047	-0.00132316401	-0.00139585047	-0.00128856556	1.33502116e-05	3.07249049e-05	0	100	0	0	3
353	321	0	3.16700098	-0.00136094238	-0.00132397321	-0.00139585047	-0.00128856556	1.39229213e-05	3.07249049e-05	0	100	0	0	3
354	322	0	3.17597265	-0.00138843501	-0.00132477938	-0.00139585047	-0.00128856556	1.43070376e-05	3.07249049e-05	0	100	0	0	3
355	323	0	3.18494433	-0.00136895426	-0.00132558643	-0.00139585047	-0.00128856556	1.4700897e-05	3.07249049e-05	0	100	0	0	3
356	324	0	3.193916	-0.00138664195	-0.00132630844	-0.00139585047	-0.00128856556	1.49163448e-05	3.07249049e-05	0	100	0	0	3
357	325	0	3.20288768	-0.00135654224	-0.00132692488	-0.00139585047	-0.00128856556	1.50082508e-05	3.07249049e-05	0	100	0	0	3
358	326	0	3.21185935	-0.00138713495	-0.00132760531	-0.00139585047	-0.00128856556	1.52418327e-05	3.07249049e-05	0	100	0	0	3
359	327	0	3.22083103	-0.0013473362	-0.00132813399	-0.00139585047	-0.00128856556	1.53666945e-05	3.07249049e-05	0	100	0	0	3
360	327	0	3.2298027	-0.00136895702	-0.00132859362	-0.00139585047	-0.00128856556	1.5451147e-05	3.07249049e-05	0	100	0	0	3
361	328	0	3.23877437	-0.00134705719	-0.0013291807	-0.00139585047	-0.00128856556	1.57191167e-05	3.07249049e-05	0	100	0	0	3
362	329	0	3.24774605	-0.00136147623	-0.0013295993	-0.00139585047	-0.00128856556	1.57841736e-05	3.07249049e-05	0	100	0	0	3
363	330	0	3.25671772	-0.00133568278	-0.0013300424	-0.00139585047	-0.00128856556	1.58476747e-05	3.07249049e-05	0	100	0	0	3
364	331	0	3.2656894	-0.00135364454	-0.00133030298	-0.00139585047	-0.00128856556	1.57565171e-05	3.07249049e-05	0	100	0	0	3
365	332	0	3.27466107	-0.0013306391	-0.00133070368	-0.00139585047	-0.00128856556	1.58816627e-05	3.07249049e-05	0	100	0	0	3
366	333	0	3.28363274	-0.00134656275	-0.00133095314	-0.00139585047	-0.00128856556	1.59760561e-05	3.07249049e-05	0	100	0	0	3
367	334	0	3.29260442	-0.00132091331	-0.00133134099	-0.00139585047	-0.00128856556	1.62860012e-05	3.07249049e-05	0	100	0	0	3
368	334	0	3.30157609	-0.00134175216	-0.00133163736	-0.00139585047	-0.00128856556	1.65490112e-05	3.07249049e-05	0	100	0	0	3
369	335	0	3.31054777	-0.00131415779	-0.00133193655	-0.00139585047	-0.00128856556	1.68482107e-05	3.07249049e-05	0	100	0	0	3
370	336	0	3.31951944	-0.00133685258	-0.00133222352	-0.00139585047	-0.00128856556	1.70378421e-05	3.07249049e-05	0	100	0	0	3
371	337	0	3.32849112	-0.00131004838	-0.00133243115	-0.00139585047	-0.00128856556	1.71618364e-05	3.07249049e-05	0	100	0	0	3
372	338	0	3.33746279	-0.00133279184	-0.00133258351	-0.00139585047	-0.00128856556	1.71313797e-05	3.07249049e-05	0	100	0	0	3
373	339	0	3.34643446	-0.00130572557	-0.00133264254	-0.00139585047	-0.00128856556	1.69607437e-05	3.07249049e-05	0	100	0	0	3
374	339	0	3.35540614	-0.00132789001	-0.00133266064	-0.00139585047	-0.00128856556	1.67159589e-05	3.07249049e-05	0	100	0	0	3
375	340	0	3.36437781	-0.00130130056	-0.00133262804	-0.00139585047	-0.00128856556	1.64408472e-05	3.07249049e-05	0	100	0	0	3
376	341	0	3.37334949	-0.00132514985	-0.00133262189	-0.00139585047	-0.00128856556	1.61600799e-05	3.07249049e-05	0	100	0	0	3
377	342	0	3.38232116	-0.00130035744	-0.00133260708	-0.00139585047	-0.00128856556	1.58990348e-05	3.07249049e-05	0	100	0	0	3
378	343	0	3.39129283	-0.00132672642	-0.00133267601	-0.00139585047	-0.00128856556	1.57200601e-05	3.07249049e-05	0	100	0	0	3
379	344	0	3.40026451	-0.0013036898	-0.00133276039	-0.00139585047	-0.00128856556	1.58044455e-05	3.07249049e-05	0	100	0	0	3
380	344	0	3.40923618	-0.00133221747	-0.00133295427	-0.00139585047	-0.00128856556	1.59983246e-05	3.07249049e-05	0	100	0	0	3
381	345	0	3.41820786	-0.00131211253	-0.00133320875	-0.00139585047	-0.00128856556	1.62528054e-05	3.07249049e-05	0	100	0	0	3
382	346	0	3.42717953	-0.00133408268	-0.00133343801	-0.00139585047	-0.00128856556	1.64820696e-05	3.07249049e-05	0	100	0	0	3
383	347	0	3.43615121	-0.00131391978	-0.00133375131	-0.00139585047	-0.00128856556	1.67953695e-05	3.07249049e-05	0	100	0	0	3
384	348	0	3.44512288	-0.00133882253	-0.00133412956	-0.00139585047	-0.00128856556	1.71736166e-05	3.07249049e-05	0	100	0	0	3
385	349	0	3.45409455	-0.00131439958	-0.00133453901	-0.00139585047	-0.00128856556	1.75830675e-05	3.07249049e-05	0	100	0	0	3
386	350	0	3.46306623	-0.00133915169	-0.00133501	-0.00139585047	-0.00128856556	1.80540579e-05	3.07249049e-05	0	100	0	0	3
387	350	0	3.4720379	-0.00131777661	-0.00133553163	-0.00139585047	-0.00129057584	1.85756838e-05	3.07249049e-05	0	100	0	0	3
388	351	0	3.48100958	-0.00133963018	-0.00133603653	-0.00139585047	-0.00129057584	1.90805817e-05	3.07249049e-05	0	100	0	0	3
389	352	0	3.48998125	-0.00131761795	-0.00133651942	-0.00139585047	-0.00129124157	1.95634764e-05	3.07249049e-05	0	100	0	0	3
390	353	0	3.49895292	-0.0013415389	-0.00133700924	-0.00139585047	-0.00129124157	2.00532908e-05	3.07249049e-05	0	100	0	0	3
391	354	0	3.5079246	-0.00131701211	-0.00133746942	-0.00139585047	-0.00129453839	2.0513479e-05	3.07249049e-05	0	100	0	0	3
392	355	0	3.51689627	-0.0013408896	-0.0013378649	-0.00139585047	-0.00129453839	2.09089523e-05	3.07249049e-05	0	100	0	0	3
393	355	0	3.52586795	-0.00131127351	-0.00133816374	-0.00139585047	-0.00129951497	2.12077938e-05	3.07249049e-05	0	100	0	0	3
394	356	0	3.53483962	-0.00134132152	-0.00133849613	-0.00139585047	-0.00129951497	2.154018e-05	3.07249049e-05	0	100	0	0	3
395	357	0	3.5438113	-0.0013185057	-0.00133883525	-0.00139585047	-0.00130035744	2.18793e-05	3.07249049e-05	0	100	0	0	3
396	358	0	3.55278297	-0.0013415812	-0.00133903151	-0.00139585047	-0.00130035744	2.20619406e-05	3.07249049e-05	0	100	0	0	3
397	359	0	3.56175464	-0.00131424499	-0.00133906661	-0.00139585047	-0.00130035744	2.19798265e-05	3.07249049e-05	0	100	0	0	3
398	359	0	3.57072632	-0.00134399391	-0.00133908891	-0.00139585047	-0.00130035744	2.19183109e-05	3.07249049e-05	0	100	0	0	3
399	360	0	3.57969799	-0.00132325145	-0.00133922544	-0.00139585047	-0.00130035744	2.175404e-05	3.07249049e-05	0	100	0	0	3
400	361	0	3.58866967	-0.00134666575	-0.00133913226	-0.00139585047	-0.00130035744	2.13036841e-05	3.07249049e-05	0	100	0	0	3
401	365	0	3.59764134	-0.00131946015	-0.0013387869	-0.00139585047	-0.00130035744	2.08745826e-05	3.07249049e-05	0	100	0	0	3
402	366	0	3.60661301	-0.00135307662	-0.00133870406	-0.00139585047	-0.00130035744	2.01679374e-05	3.07249049e-05	0	100	0	0	3
403	367	0	3.61558469	-0.00131840139	-0.00133813163	-0.00139585047	-0.00130035744	1.95313229e-05	3.07249049e-05	0	100	0	0	3
404	368	0	3.62455636	-0.00134558773	-0.00133769367	-0.00139585047	-0.00130035744	1.87727101e-05	3.07249049e-05	0	100	0	0	3
405	369	0	3.63352804	-0.0013292791	-0.00133728955	-0.00139585047	-0.00130035744	1.78466985e-05	3.07249049e-05	0	100	0	0	3
406	369	0	3.64249971	-0.00134030269	-0.0013364697	-0.00139585047	-0.00130035744	1.71016581e-05	3.07249049e-05	0	100	0	0	3
407	370	0	3.65147139	-0.00132666467	-0.00133599991	-0.00139585047	-0.00130035744	1.60614283e-05	3.07249049e-05	0	100	0	0	3
408	371	0	3.66044306	-0.00133830375	-0.00133497229	-0.00138843501	-0.00130035744	1.5252233e-05	3.07249049e-05	0	100	0	0	3
409	372	0	3.66941473	-0.00131746324	-0.00133419587	-0.00138843501	-0.00130035744	1.44460583e-05	3.07249049e-05	0	100	0	0	3
410	373	0	3.67838641	-0.00133441516	-0.00133323123	-0.00138713495	-0.00130035744	1.3639009e-05	3.07249049e-05	0	100	0	0	3
411	373	0	3.68735808	-0.00131282043	-0.00133222884	-0.00138713495	-0.00130035744	1.29170023e-05	3.07249049e-05	0	100	0	0	3
412	374	0	3.69632976	-0.00133806631	-0.00133136142	-0.00138713495	-0.00130035744	1.23005615e-05	3.07249049e-05	0	100	0	0	3
413	375	0	3.70530143	-0.00131498305	-0.00133061929	-0.00138713495	-0.00130035744	1.16201278e-05	3.07249049e-05	0	100	0	0	3
414	376	0	3.7142731	-0.00134201787	-0.00132981363	-0.00136895702	-0.00130035744	1.10914545e-05	3.07249049e-05	0	100	0	0	3
415	377	0	3.72324478	-0.00131583448	-0.0013292511	-0.00136895702	-0.00130035744	1.06318175e-05	3.07249049e-05	0	100	0	0	3
416	378	0	3.73221645	-0.00134690737	-0.00132885736	-0.00136147623	-0.00130035744	1.03680844e-05	3.07249049e-05	0	100	0	0	3
417	378	0	3.74118813	-0.00131676049	-0.00132831634	-0.00136147623	-0.00130035744	1.0909097e-05	3.07249049e-05	0	100	0	0	3
418	379	0	3.7501598	-0.00134864818	-0.00132808727	-0.00135364454	-0.00130035744	1.11381693e-05	3.07249049e-05	0	100	0	0	3
419	380	0	3.75913148	-0.00131330469	-0.00132768766	-0.00135364454	-0.00130035744	1.15377781e-05	3.07249049e-05	0	100	0	0	3
420	381	0	3.76810315	-0.0013463788	-0.00132755792	-0.00135307662	-0.00130035744	1.16675233e-05	3.07249049e-05	0	100	0	0	3
421	382	0	3.77707482	-0.00131387306	-0.00132725852	-0.00135307662	-0.00130035744	1.19669168e-05	3.07249049e-05	0	100	0	0	3
422	383	0	3.7860465	-0.00134467313	-0.00132722478	-0.00135307662	-0.00130035744	1.200066e-05	3.07249049e-05	0	100	0	0	3
423	383	0	3.79501817	-0.00130731118	-0.00132698189	-0.00135307662	-0.00130035744	1.22435552e-05	3.07249049e-05	0	100	0	0	3
424	384	0	3.80398985	-0.00133915765	-0.00132693556	-0.00135307662	-0.00130035744	1.22898859e-05	3.07249049e-05	0	100	0	0	3
425	385	0	3.81296152	-0.00130584672	-0.00132678714	-0.00135307662	-0.00130035744	1.24382978e-05	3.07249049e-05	0	100	0	0	3
426	386	0	3.82193319	-0.00133720002	-0.00132679335	-0.00135307662	-0.00130035744	1.24382978e-05	3.07249049e-05	0	100	0	0	3
427	387	0	3.83090487	-0.00130646243	-0.00132672931	-0.00135307662	-0.00130035744	1.24961284e-05	3.07249049e-05	0	100	0	0	3
428	388	0	3.83987654	-0.00134207105	-0.00132689501	-0.00135307662	-0.00130035744	1.24961284e-05	3.07249049e-05	0	100	0	0	3
429	388	0	3.84884822	-0.00130807957	-0.00132693705	-0.00135307662	-0.00130035744	1.24961284e-05	3.07249049e-05	0	100	0	0	3
430	389	0	3.85781989	-0.00134328827	-0.00132721202	-0.00135307662	-0.00130035744	1.24961284e-05	3.07249049e-05	0	100	0	0	3
431	390	0	3.86679157	-0.00131025639	-0.00132737194	-0.00135307662	-0.00130035744	1.24961284e-05	3.07249049e-05	0	100	0	0	3
432	391	0	3.87576324	-0.0013386501	-0.00132761302	-0.00135307662	-0.00130035744	1.24961284e-05	3.07249049e-05	0	100	0	0	3
433	392	0	3.88473491	-0.00130362228	-0.00132767132	-0.00135307662	-0.00130362228	1.24961284e-05	3.07249049e-05	0	100	0	0	3
434	393	0	3.89370659	-0.00133588768	-0.00132783491	-0.00135307662	-0.00130362228	1.24961284e-05	3.07249049e-05	0	100	0	0	3
435	394	0	3.90267826	-0.0012979785	-0.00132773293	-0.00135307662	-0.0012979785	1.24961284e-05	3.07249049e-05	0	100	0	0	3
436	394	0	3.91164994	-0.00133161936	-0.00132772225	-0.00135307662	-0.0012979785	1.24961284e-05	3.07249049e-05	0	100	0	0	3
437	395	0	3.92062161	-0.00129826744	-0.00132747501	-0.00135307662	-0.0012979785	1.24961284e-05	3.07249049e-05	0	100	0	0	3
438	396	0	3.92959328	-0.00133013329	-0.00132740449	-0.00135307662	-0.0012979785	1.24961284e-05	3.07249049e-05	0	100	0	0	3
439	397	0	3.93856496	-0.00129779895	-0.00132711662	-0.00135307662	-0.00129779895	1.24961284e-05	3.07249049e-05	0	100	0	0	3
440	398	0	3.94753663	-0.00133126375	-0.00132698164	-0.00135307662	-0.00129779895	1.24961284e-05	3.07249049e-05	0	100	0	0	3
441	399	0	3.95650831	-0.00129478179	-0.00132663132	-0.00135307662	-0.00129478179	1.25941218e-05	3.07249049e-05	0	100	0	0	3
442	400	0	3.96547998	-0.00132799667	-0.00132643212	-0.00135307662	-0.00129478179	1.27933185e-05	3.07249049e-05	0	100	0	0	3
443	400	0	3.97445166	-0.00129538304	-0.00132603224	-0.00135307662	-0.00129478179	1.31932036e-05	3.07249049e-05	0	100	0	0	3
444	401	0	3.98342333	-0.00132626685	-0.00132579361	-0.00135307662	-0.00129478179	1.34318345e-05	3.07249049e-05	0	100	0	0	3
445	402	0	3.992395	-0.00129685002	-0.00132542275	-0.00135307662	-0.00129478179	1.38026903e-05	3.07249049e-05	0	100	0	0	3
446	403	0	4.00136668	-0.00133327675	-0.00132527521	-0.00135307662	-0.00129478179	1.39502289e-05	3.07249049e-05	0	100	0	0	3
