Iteration	CPUTime	PhysTime	Travels	Value	AvValue	MinValue	MaxValue	Delta	Criteria	PrevAvRefValue	Progress	CriteriaType	CriteriaVarType	CriteriaPercentage
1	7	0	0.00897203701	94.5615279	94.5615279	94.5615279	94.5615279	0	0	0	0	0	0	3
2	8	0	0.017944074	19.4554007	57.0084643	19.4554007	94.5615279	37.5530636	0	0	0	0	0	3
3	9	0	0.026916111	12.273969	42.0969659	12.273969	94.5615279	52.4645621	0	0	0	0	0	3
4	11	0	0.035888148	4.84194514	32.7832107	4.84194514	94.5615279	61.7783173	0	0	0	0	0	3
5	12	0	0.044860185	10.4130005	28.3091687	4.84194514	94.5615279	66.2523593	0	0	0	0	0	3
6	13	0	0.053832222	5.0343567	24.4300333	4.84194514	94.5615279	70.1314946	0	0	0	0	0	3
7	14	0	0.062804259	8.89384692	22.2105781	4.84194514	94.5615279	72.3509498	0	0	0	0	0	3
8	15	0	0.0717762961	4.7293104	20.0254197	4.7293104	94.5615279	74.5361083	0	0	0	0	0	3
9	16	0	0.0807483331	8.04902016	18.6947086	4.7293104	94.5615279	75.8668193	0	0	0	0	0	3
10	18	0	0.0897203701	4.69913545	17.2951513	4.69913545	94.5615279	77.2663767	0	0	0	0	0	3
11	19	0	0.0986924071	7.00876156	16.3600249	4.69913545	94.5615279	78.201503	0	0	0	0	0	3
12	20	0	0.107664444	5.29006187	15.437528	4.69913545	94.5615279	79.1239999	0	0	0	0	0	3
13	22	0	0.116636481	6.72698694	14.7674864	4.69913545	94.5615279	79.7940415	0	0	0	0	0	3
14	23	0	0.125608518	5.57444242	14.1108404	4.69913545	94.5615279	80.4506875	0	0	0	0	0	3
15	24	0	0.134580555	6.47608622	13.6018568	4.69913545	94.5615279	80.9596711	0	0	0	0	0	3
16	25	0	0.143552592	5.85040838	13.1173913	4.69913545	94.5615279	81.4441367	0	0	0	0	0	3
17	27	0	0.152524629	6.13393657	12.7065998	4.69913545	94.5615279	81.8549281	0	0	0	0	0	3
18	28	0	0.161496666	5.82201871	12.3241231	4.69913545	94.5615279	82.2374049	0	0	0	0	0	3
19	29	0	0.170468703	5.88859951	11.9854113	4.69913545	94.5615279	82.5761166	0	0	0	0	0	3
20	30	0	0.17944074	5.71836667	11.6720591	4.69913545	94.5615279	82.8894689	0	0	0	0	0	3
21	31	0	0.188412777	5.69613728	11.3874914	4.69913545	94.5615279	83.1740366	0	0	0	0	0	3
22	33	0	0.197384814	5.6084106	11.1248059	4.69913545	94.5615279	83.436722	0	0	0	0	0	3
23	34	0	0.206356851	5.5624723	10.8829653	4.69913545	94.5615279	83.6785626	0	0	0	0	0	3
24	35	0	0.215328888	5.50067729	10.6587033	4.69913545	94.5615279	83.9028246	0	0	0	0	0	3
25	36	0	0.224300925	5.4657528	10.4509853	4.69913545	94.5615279	84.1105427	0	0	0	0	0	3
26	38	0	0.233272962	5.43347165	10.258004	4.69913545	94.5615279	84.303524	0	0	0	0	0	3
27	39	0	0.242244999	5.40655261	10.0783206	4.69913545	94.5615279	84.4832073	0	0	0	0	0	3
28	40	0	0.251217036	5.37688568	9.91041221	4.69913545	94.5615279	84.6511157	0	0	0	0	0	3
29	41	0	0.260189073	5.34711928	9.75305728	4.69913545	94.5615279	84.8084707	0	0	0	0	0	3
30	43	0	0.26916111	5.32651663	9.60550593	4.69913545	94.5615279	84.956022	0	0	0	0	0	3
31	44	0	0.278133147	5.30384577	9.4667427	4.69913545	94.5615279	85.0947852	0	0	0	0	0	3
32	45	0	0.287105184	5.28079737	9.33593191	4.69913545	94.5615279	85.225596	0	0	0	0	0	3
33	46	0	0.296077221	5.26167117	9.21246946	4.69913545	94.5615279	85.3490585	0	0	0	0	0	3
34	48	0	0.305049258	5.23969828	9.09562325	4.69913545	94.5615279	85.4659047	0	0	0	0	0	3
35	49	0	0.314021295	5.22595596	8.98506133	4.69913545	94.5615279	85.5764666	0	0	0	0	0	3
36	51	0	0.322993332	5.20848504	8.88015643	4.69913545	94.5615279	85.6813715	0	0	0	0	0	3
37	52	0	0.331965369	5.1890339	8.78039636	4.69913545	94.5615279	85.7811316	0	0	0	0	0	3
38	54	0	0.340937406	5.16833724	8.68534217	4.69913545	94.5615279	85.8761858	0	0	0	0	0	3
39	55	0	0.349909443	5.15321214	8.59477474	4.69913545	94.5615279	85.9667532	0	0	0	0	0	3
40	56	0	0.35888148	5.13917354	8.50838471	4.69913545	94.5615279	86.0531432	0	0	0	0	0	3
41	58	0	0.367853517	5.12949361	8.42597273	4.69913545	94.5615279	86.1355552	0	0	0	0	0	3
42	59	0	0.376825554	5.12045295	8.34726988	4.69913545	94.5615279	86.2142581	0	0	0	0	0	3
43	61	0	0.385797591	5.1063824	8.2719004	4.69913545	94.5615279	86.2896275	0	0	0	0	0	3
44	62	0	0.394769628	5.09281938	8.19964856	4.69913545	94.5615279	86.3618794	0	0	0	0	0	3
45	63	0	0.403741665	5.08183962	8.13036392	4.69913545	94.5615279	86.431164	0	0	0	0	0	3
46	65	0	0.412713702	5.0702187	8.06383902	4.69913545	94.5615279	86.4976889	0	0	0	0	0	3
47	66	0	0.421685739	5.06456632	8.00002471	4.69913545	94.5615279	86.5615032	0	0	0	0	0	3
48	68	0	0.430657776	5.05946826	7.93876311	4.69913545	94.5615279	86.6227648	0	0	0	0	0	3
49	69	0	0.439629813	5.04931059	7.8797947	4.69913545	94.5615279	86.6817332	0	0	0	0	0	3
50	70	0	0.44860185	5.03985674	7.82299594	4.69913545	94.5615279	86.738532	0	0	0	0	0	3
51	72	0	0.457573887	5.02704731	7.76817341	4.69913545	94.5615279	86.7933545	0	0	0	0	0	3
52	73	0	0.466545924	5.01666638	7.71525982	4.69913545	94.5615279	86.8462681	0	0	0	0	0	3
53	74	0	0.475517961	5.00622807	7.66414601	4.69913545	94.5615279	86.8973819	0	0	0	0	0	3
54	76	0	0.484489998	4.99987911	7.61480774	4.69913545	94.5615279	86.9467202	0	0	0	0	0	3
55	77	0	0.493462035	4.99467778	7.56716901	4.69913545	94.5615279	86.9943589	0	0	0	0	0	3
56	79	0	0.502434072	4.99153163	7.52117548	4.69913545	94.5615279	87.0403525	0	0	0	0	0	3
57	80	0	0.511406109	4.98854664	5.92165796	4.69913545	19.4554007	14.7562652	0	0	0	0	0	3
58	81	0	0.520378146	4.98475599	5.66325359	4.69913545	12.273969	7.57483357	0	0	0	0	0	3
59	83	0	0.529350183	4.97950153	5.53299524	4.69913545	10.4130005	5.71386505	0	0	0	0	0	3
60	84	0	0.53832222	4.97355037	5.53534534	4.69913545	10.4130005	5.71386505	0	0	0	0	0	3
61	85	0	0.547294257	4.97093023	5.43816551	4.69913545	8.89384692	4.19471147	0	0	0	0	0	3
62	87	0	0.556266294	4.96835423	5.4369869	4.69913545	8.89384692	4.19471147	0	0	0	0	0	3
63	88	0	0.565238331	4.96763019	5.36687588	4.69913545	8.04902016	3.34988471	0	0	0	0	0	3
64	90	0	0.574210368	4.96672221	5.37111538	4.69913545	8.04902016	3.34988471	0	0	0	0	0	3
65	91	0	0.583182405	4.96608184	5.31606291	4.69913545	7.00876156	2.3096261	0	0	0	0	0	3
66	92	0	0.592154442	4.96598026	5.320828	4.96598026	7.00876156	2.0427813	0	0	0	0	0	3
67	94	0	0.601126479	4.96563277	5.28434355	4.96563277	6.72698694	1.76135417	0	0	0	0	0	3
68	95	0	0.610098516	4.96444667	5.278529	4.96444667	6.72698694	1.76254027	0	0	0	0	0	3
69	96	0	0.619070553	4.96508835	5.24706652	4.96444667	6.47608622	1.51163955	0	0	0	0	0	3
70	98	0	0.62804259	4.96320444	5.23615156	4.96320444	6.47608622	1.51288178	0	0	0	0	0	3
71	99	0	0.637014627	4.96032811	5.20908445	4.96032811	6.13393657	1.17360846	0	0	0	0	0	3
72	101	0	0.645986664	4.95265039	5.19305306	4.95265039	6.13393657	1.18128618	0	0	0	0	0	3
73	102	0	0.654958701	4.95047661	5.17191984	4.95047661	5.88859951	0.938122906	0	0	0	0	0	3
74	103	0	0.663930738	4.94844473	5.15632031	4.94844473	5.88859951	0.940154784	0	0	0	0	0	3
75	105	0	0.672902775	4.94843649	5.13953168	4.94843649	5.71836667	0.769930178	0	0	0	0	0	3
76	106	0	0.681874812	4.94534726	5.12572776	4.94534726	5.69613728	0.750790022	0	0	0	0	0	3
77	107	0	0.69084685	4.94468671	5.112309	4.94468671	5.6084106	0.663723887	0	0	0	0	0	3
78	109	0	0.699818887	4.9389018	5.10035349	4.9389018	5.5624723	0.623570506	0	0	0	0	0	3
79	110	0	0.708790924	4.93520583	5.0891523	4.93520583	5.50067729	0.565471462	0	0	0	0	0	3
80	112	0	0.717762961	4.93031847	5.07896732	4.93031847	5.4657528	0.535434336	0	0	0	0	0	3
81	113	0	0.726734998	4.93157346	5.06942841	4.93031847	5.43347165	0.503153187	0	0	0	0	0	3
82	114	0	0.735707035	4.93480626	5.06052367	4.93031847	5.40655261	0.47623414	0	0	0	0	0	3
83	115	0	0.744679072	4.93914473	5.0521771	4.93031847	5.37688568	0.446567213	0	0	0	0	0	3
84	117	0	0.753651109	4.93790613	5.04433818	4.93031847	5.34711928	0.416800811	0	0	0	0	0	3
85	118	0	0.762623146	4.93265957	5.03693711	4.93031847	5.32651663	0.396198161	0	0	0	0	0	3
86	119	0	0.771595183	4.92659942	5.02979573	4.92659942	5.30384577	0.377246358	0	0	0	0	0	3
87	121	0	0.78056722	4.9202089	5.02294507	4.9202089	5.28079737	0.360588475	0	0	0	0	0	3
88	122	0	0.789539257	4.91637183	5.01643747	4.91637183	5.26167117	0.345299336	0	0	0	0	0	3
89	123	0	0.798511294	4.91474481	5.01024236	4.91474481	5.23969828	0.324953475	0	0	0	0	0	3
90	125	0	0.807483331	4.91349014	5.00441721	4.91349014	5.22595596	0.312465819	0	0	0	0	0	3
91	126	0	0.816455368	4.91402389	4.998847	4.91349014	5.20848504	0.2949949	0	0	0	0	0	3
92	127	0	0.825427405	4.91522372	4.99361019	4.91349014	5.1890339	0.275543762	0	0	0	0	0	3
93	129	0	0.834399442	4.91424044	4.98870316	4.91349014	5.16833724	0.254847098	0	0	0	0	0	3
94	130	0	0.843371479	4.91155994	4.98411786	4.91155994	5.15321214	0.241652199	0	0	0	0	0	3
95	131	0	0.852343516	4.90959447	4.97976754	4.90959447	5.13917354	0.229579068	0	0	0	0	0	3
96	132	0	0.861315553	4.9066965	4.97561616	4.9066965	5.12949361	0.222797106	0	0	0	0	0	3
97	134	0	0.87028759	4.90455935	4.97159948	4.90455935	5.12045295	0.215893596	0	0	0	0	0	3
98	135	0	0.879259627	4.90410555	4.96773613	4.90410555	5.1063824	0.202276853	0	0	0	0	0	3
99	137	0	0.888231664	4.90494144	4.96413897	4.90410555	5.09281938	0.188713832	0	0	0	0	0	3
100	138	0	0.897203701	4.90526654	4.96078982	4.90410555	5.08183962	0.17773407	0	0	0	0	0	3
101	143	0	0.906175738	4.90554461	4.95764169	4.90410555	5.0702187	0.166113152	0	0	0	0	0	3
102	144	0	0.915147775	4.90298695	4.95465541	4.90298695	5.06456632	0.161579371	0	0	0	0	0	3
103	145	0	0.924119812	4.90374387	4.95178358	4.90298695	5.05946826	0.156481305	0	0	0	0	0	3
104	146	0	0.933091849	4.90169744	4.94896624	4.90169744	5.04931059	0.147613151	0	0	0	0	0	3
105	148	0	0.942063886	4.90218337	4.94633897	4.90169744	5.03985674	0.138159301	0	0	0	0	0	3
106	149	0	0.951035923	4.90205582	4.94387824	4.90169744	5.02704731	0.125349866	0	0	0	0	0	3
107	150	0	0.96000796	4.90369746	4.94167557	4.90169744	5.01666638	0.114968941	0	0	0	0	0	3
108	152	0	0.968979997	4.90362822	4.93965703	4.90169744	5.00622807	0.104530629	0	0	0	0	0	3
109	153	0	0.977952034	4.90741181	4.93789245	4.90169744	4.99987911	0.0981816634	0	0	0	0	0	3
110	154	0	0.986924071	4.90985521	4.93628488	4.90169744	4.99467778	0.092980334	0	0	0	0	0	3
111	156	0	0.995896108	4.91492879	4.93486079	4.90169744	4.99153163	0.089834184	0	0	0	0	0	3
112	157	0	1.00486814	4.91444098	4.93348417	4.90169744	4.98854664	0.0868491954	0.227245007	0	100	0	0	3
113	158	0	1.01384018	4.91862456	4.93223557	4.90169744	4.98475599	0.0830585517	0.227245007	0	100	0	0	3
114	160	0	1.02281222	4.9179071	4.93104183	4.90169744	4.97950153	0.0778040847	0.227245007	0	100	0	0	3
115	161	0	1.03178426	4.92046839	4.92998767	4.90169744	4.97355037	0.0718529264	0.227245007	0	100	0	0	3
116	162	0	1.04075629	4.91924095	4.92901786	4.90169744	4.97093023	0.0692327885	0.227245007	0	100	0	0	3
117	163	0	1.04972833	4.91937178	4.92809717	4.90169744	4.96835423	0.0666567915	0.227245007	0	100	0	0	3
118	165	0	1.05870037	4.9169928	4.92718001	4.90169744	4.96763019	0.0659327504	0.227245007	0	100	0	0	3
119	166	0	1.0676724	4.91563674	4.92625155	4.90169744	4.96672221	0.0650247719	0.227245007	0	100	0	0	3
120	167	0	1.07664444	4.91195827	4.92527362	4.90169744	4.96608184	0.0643844006	0.227245007	0	100	0	0	3
121	168	0	1.08561648	4.9126082	4.92431874	4.90169744	4.96598026	0.0642828182	0.227245007	0	100	0	0	3
122	170	0	1.09458851	4.91158317	4.92334736	4.90169744	4.96563277	0.0639353226	0.227245007	0	100	0	0	3
123	171	0	1.10356055	4.91395612	4.92242456	4.90169744	4.96508835	0.0633909084	0.227245007	0	100	0	0	3
124	172	0	1.11253259	4.91458974	4.92153426	4.90169744	4.96508835	0.0633909084	0.227245007	0	100	0	0	3
125	173	0	1.12150463	4.91757331	4.92068578	4.90169744	4.96320444	0.0615069946	0.227245007	0	100	0	0	3
126	175	0	1.13047666	4.91706197	4.91986181	4.90169744	4.96032811	0.0586306666	0.227245007	0	100	0	0	3
127	176	0	1.1394487	4.91896472	4.91912317	4.90169744	4.95265039	0.0509529465	0.227245007	0	100	0	0	3
128	177	0	1.14842074	4.92320531	4.91859737	4.90169744	4.95047661	0.0487791632	0.227245007	0	100	0	0	3
129	178	0	1.15739277	4.9254332	4.91815016	4.90169744	4.94844473	0.0467472844	0.227245007	0	100	0	0	3
130	180	0	1.16636481	4.92770283	4.91777977	4.90169744	4.94843649	0.0467390479	0.227245007	0	100	0	0	3
131	181	0	1.17533685	4.92966966	4.91744465	4.90169744	4.94534726	0.0436498125	0.227245007	0	100	0	0	3
132	182	0	1.18430888	4.92915719	4.91715554	4.90169744	4.94468671	0.0429892707	0.227245007	0	100	0	0	3
133	183	0	1.19328092	4.92970996	4.9168881	4.90169744	4.93914473	0.0374472892	0.227245007	0	100	0	0	3
134	185	0	1.20225296	4.92479254	4.91663615	4.90169744	4.93914473	0.0374472892	0.227245007	0	100	0	0	3
135	186	0	1.211225	4.92379007	4.9164323	4.90169744	4.93914473	0.0374472892	0.227245007	0	100	0	0	3
136	187	0	1.22019703	4.91887638	4.91622797	4.90169744	4.93914473	0.0374472892	0.227245007	0	100	0	0	3
137	189	0	1.22916907	4.91738239	4.91597456	4.90169744	4.93914473	0.0374472892	0.227245007	0	100	0	0	3
138	190	0	1.23814111	4.91727798	4.91566156	4.90169744	4.93914473	0.0374472892	0.227245007	0	100	0	0	3
139	191	0	1.24711314	4.91679235	4.91526241	4.90169744	4.93790613	0.0362086893	0.227245007	0	100	0	0	3
140	192	0	1.25608518	4.91780972	4.91490354	4.90169744	4.93265957	0.0309621224	0.227245007	0	100	0	0	3
141	194	0	1.26505722	4.92072269	4.91469038	4.90169744	4.92970996	0.0280125134	0.227245007	0	100	0	0	3
142	195	0	1.27402925	4.91926677	4.91455944	4.90169744	4.92970996	0.0280125134	0.227245007	0	100	0	0	3
143	196	0	1.28300129	4.91787046	4.91451769	4.90169744	4.92970996	0.0280125134	0.227245007	0	100	0	0	3
144	197	0	1.29197333	4.9138044	4.91447184	4.90169744	4.92970996	0.0280125134	0.227245007	0	100	0	0	3
145	199	0	1.30094537	4.90989555	4.91438525	4.90169744	4.92970996	0.0280125134	0.227245007	0	100	0	0	3
146	200	0	1.3099174	4.90968707	4.91431733	4.90169744	4.92970996	0.0280125134	0.227245007	0	100	0	0	3
147	201	0	1.31888944	4.91184988	4.91427851	4.90169744	4.92970996	0.0280125134	0.227245007	0	100	0	0	3
148	202	0	1.32786148	4.91336783	4.91424537	4.90169744	4.92970996	0.0280125134	0.227245007	0	100	0	0	3
149	204	0	1.33683351	4.91599109	4.91427663	4.90169744	4.92970996	0.0280125134	0.227245007	0	100	0	0	3
150	205	0	1.34580555	4.91426537	4.91432494	4.90169744	4.92970996	0.0280125134	0.227245007	0	100	0	0	3
151	207	0	1.35477759	4.91303321	4.91438635	4.90169744	4.92970996	0.0280125134	0.227245007	0	100	0	0	3
152	208	0	1.36374962	4.90653615	4.91438349	4.90169744	4.92970996	0.0280125134	0.227245007	0	100	0	0	3
153	210	0	1.37272166	4.9026095	4.91434867	4.90169744	4.92970996	0.0280125134	0.227245007	0	100	0	0	3
154	212	0	1.3816937	4.89962649	4.91426868	4.89962649	4.92970996	0.0300834668	0.227245007	0	100	0	0	3
155	213	0	1.39066574	4.89819759	4.91414826	4.89819759	4.92970996	0.0315123681	0.227245007	0	100	0	0	3
156	214	0	1.39963777	4.90147062	4.91408047	4.89819759	4.92970996	0.0315123681	0.227245007	0	100	0	0	3
157	217	0	1.40860981	4.9070654	4.91410763	4.89819759	4.92970996	0.0315123681	0.227245007	0	100	0	0	3
158	218	0	1.41758185	4.91083488	4.91424777	4.89819759	4.92970996	0.0315123681	0.227245007	0	100	0	0	3
159	219	0	1.42655388	4.91417257	4.914434	4.89819759	4.92970996	0.0315123681	0.227245007	0	100	0	0	3
160	220	0	1.43552592	4.91367289	4.91464785	4.89819759	4.92970996	0.0315123681	0.227245007	0	100	0	0	3
161	221	0	1.44449796	4.91440811	4.91486615	4.89819759	4.92970996	0.0297977671	0.227245007	0	100	0	0	3
162	223	0	1.45347	4.91206591	4.9150449	4.89819759	4.92970996	0.0275950912	0.227245007	0	100	0	0	3
163	224	0	1.46244203	4.91218867	4.91519653	4.89819759	4.92970996	0.0255765525	0.227245007	0	100	0	0	3
164	225	0	1.47141407	4.90696614	4.91525613	4.89819759	4.92970996	0.0238119765	0.227245007	0	100	0	0	3
165	226	0	1.48038611	4.9079665	4.91526604	4.89819759	4.92970996	0.0222044068	0.227245007	0	100	0	0	3
166	228	0	1.48935814	4.90706272	4.91521617	4.89819759	4.92970996	0.0207803178	0.227245007	0	100	0	0	3
167	229	0	1.49833018	4.90905529	4.91511129	4.89819759	4.92970996	0.0194036991	0.227245007	0	100	0	0	3
168	230	0	1.50730222	4.90807136	4.91499754	4.89819759	4.92970996	0.0181550906	0.227245007	0	100	0	0	3
169	231	0	1.51627425	4.90969447	4.91483808	4.89819759	4.92970996	0.0169613603	0.227245007	0	100	0	0	3
170	233	0	1.52524629	4.91018737	4.91470023	4.89819759	4.92970996	0.0159071971	0.227245007	0	100	0	0	3
171	234	0	1.53421833	4.91078021	4.91452722	4.89819759	4.92970996	0.014937386	0.227245007	0	100	0	0	3
172	235	0	1.54319037	4.90984987	4.91435953	4.89819759	4.92970996	0.0140166994	0.227245007	0	100	0	0	3
173	236	0	1.5521624	4.90995422	4.91419135	4.89819759	4.92970996	0.013099531	0.227245007	0	100	0	0	3
174	237	0	1.56113444	4.90772058	4.91402578	4.89819759	4.92970996	0.0122257718	0.227245007	0	100	0	0	3
175	239	0	1.57010648	4.90809883	4.91389117	4.89819759	4.92970996	0.0113824499	0.227245007	0	100	0	0	3
176	240	0	1.57907851	4.90567293	4.91377894	4.89819759	4.92970996	0.0105398018	0.227245007	0	100	0	0	3
177	241	0	1.58805055	4.90409453	4.91362691	4.89819759	4.92970996	0.00972045507	0.227245007	0	100	0	0	3
178	242	0	1.59702259	4.90309999	4.91347542	4.89819759	4.92970996	0.0089491432	0.227245007	0	100	0	0	3
179	244	0	1.60599462	4.90626727	4.91333812	4.89819759	4.92970996	0.00819614184	0.227245007	0	100	0	0	3
180	245	0	1.61496666	4.9063487	4.91319096	4.89819759	4.92970996	0.00749482055	0.227245007	0	100	0	0	3
181	246	0	1.6239387	4.90863169	4.91303129	4.89819759	4.92970996	0.00683051977	0.227245007	0	100	0	0	3
182	247	0	1.63291074	4.90764086	4.91286305	4.89819759	4.92970996	0.00626012179	0.227245007	0	100	0	0	3
183	249	0	1.64188277	4.90592506	4.9126302	4.89819759	4.92970996	0.00596716772	0.227245007	0	100	0	0	3
184	250	0	1.65085481	4.90495104	4.91230423	4.89819759	4.92970996	0.00584593301	0.227245007	0	100	0	0	3
185	251	0	1.65982685	4.90262155	4.91189688	4.89819759	4.92970996	0.00588289265	0.227245007	0	100	0	0	3
186	252	0	1.66879888	4.89855447	4.91137637	4.89819759	4.92970996	0.00606827704	0.227245007	0	100	0	0	3
187	253	0	1.67777092	4.89932278	4.91083447	4.89819759	4.92970996	0.00632107745	0.227245007	0	100	0	0	3
188	255	0	1.68674296	4.90062613	4.91032498	4.89819759	4.92970996	0.0065631187	0.227245007	0	100	0	0	3
189	256	0	1.69571499	4.90165478	4.909824	4.89819759	4.92479254	0.00681215306	0.227245007	0	100	0	0	3
190	257	0	1.70468703	4.90132782	4.90940498	4.89819759	4.92379007	0.00702731308	0.227245007	0	100	0	0	3
191	258	0	1.71365907	4.90077342	4.90899397	4.89819759	4.92072269	0.00723400161	0.227245007	0	100	0	0	3
192	259	0	1.72263111	4.89979634	4.90865326	4.89819759	4.92072269	0.00732130466	0.227245007	0	100	0	0	3
193	260	0	1.73160314	4.90106593	4.90836189	4.89819759	4.92072269	0.00729966506	0.227245007	0	100	0	0	3
194	262	0	1.74057518	4.90148563	4.90807989	4.89819759	4.92072269	0.00718615149	0.227245007	0	100	0	0	3
195	263	0	1.74954722	4.90416782	4.90785445	4.89819759	4.92072269	0.00741158951	0.227245007	0	100	0	0	3
196	264	0	1.75851925	4.90491332	4.90762416	4.89819759	4.92072269	0.00764188239	0.227245007	0	100	0	0	3
197	265	0	1.76749129	4.90735628	4.90738547	4.89819759	4.91926677	0.00788056835	0.227245007	0	100	0	0	3
198	267	0	1.77646333	4.90640964	4.90715588	4.89819759	4.91787046	0.00811015995	0.227245007	0	100	0	0	3
199	268	0	1.78543536	4.90733114	4.90696768	4.89819759	4.91599109	0.00829836196	0.227245007	0	100	0	0	3
200	269	0	1.7944074	4.90628212	4.90683335	4.89819759	4.91599109	0.00843268843	0.227245007	0	100	0	0	3
201	274	0	1.80337944	4.90874441	4.90681279	4.89819759	4.91599109	0.00845324451	0.227245007	0	100	0	0	3
202	275	0	1.81235148	4.90978479	4.90681454	4.89819759	4.91599109	0.00845324451	0.227245007	0	100	0	0	3
203	276	0	1.82132351	4.91350107	4.90684402	4.89819759	4.91599109	0.00845324451	0.227245007	0	100	0	0	3
204	277	0	1.83029555	4.91594153	4.90688998	4.89819759	4.91599109	0.00845324451	0.227245007	0	100	0	0	3
205	278	0	1.83926759	4.92314233	4.90701768	4.89819759	4.92314233	0.00845324451	0.227245007	0	100	0	0	3
206	280	0	1.84823962	4.92769895	4.90725757	4.89819759	4.92769895	0.00845324451	0.227245007	0	100	0	0	3
207	281	0	1.85721166	4.93056803	4.90757069	4.89819759	4.93056803	0.00845324451	0.227245007	0	100	0	0	3
208	282	0	1.8661837	4.93194989	4.90802451	4.89819759	4.93194989	0.00845324451	0.227245007	0	100	0	0	3
209	283	0	1.87515573	4.93556201	4.90861295	4.89819759	4.93556201	0.00845324451	0.227245007	0	100	0	0	3
210	285	0	1.88412777	4.93496909	4.90924406	4.89819759	4.93556201	0.00845324451	0.227245007	0	100	0	0	3
211	286	0	1.89309981	4.93642445	4.90992669	4.89855447	4.93642445	0.00845324451	0.227245007	0	100	0	0	3
212	287	0	1.90207185	4.9398734	4.91061245	4.89855447	4.9398734	0.00845324451	0.227245007	0	100	0	0	3
213	288	0	1.91104388	4.94257998	4.91124664	4.89855447	4.94257998	0.00845324451	0.227245007	0	100	0	0	3
214	289	0	1.92001592	4.94429502	4.91184414	4.89855447	4.94429502	0.00845324451	0.227245007	0	100	0	0	3
215	291	0	1.92898796	4.94850552	4.91245723	4.89855447	4.94850552	0.00845324451	0.227245007	0	100	0	0	3
216	292	0	1.93795999	4.94730207	4.91305775	4.89855447	4.94850552	0.00845324451	0.227245007	0	100	0	0	3
217	293	0	1.94693203	4.94544804	4.91361203	4.89855447	4.94850552	0.00845324451	0.227245007	0	100	0	0	3
218	294	0	1.95590407	4.93767926	4.91406942	4.89855447	4.94850552	0.00845324451	0.227245007	0	100	0	0	3
219	295	0	1.9648761	4.93200934	4.91442336	4.89855447	4.94850552	0.00845324451	0.227245007	0	100	0	0	3
220	297	0	1.97384814	4.92564698	4.91475694	4.89855447	4.94850552	0.00845324451	0.227245007	0	100	0	0	3
221	298	0	1.98282018	4.92666517	4.91509085	4.89855447	4.94850552	0.0084033787	0.227245007	0	100	0	0	3
222	299	0	1.99179222	4.9295311	4.91549207	4.89855447	4.94850552	0.00867927588	0.227245007	0	100	0	0	3
223	300	0	2.00076425	4.93353952	4.91592929	4.89855447	4.94850552	0.0091164943	0.227245007	0	100	0	0	3
224	302	0	2.00973629	4.93301357	4.91637468	4.89855447	4.94850552	0.009561891	0.227245007	0	100	0	0	3
225	303	0	2.01870833	4.9332377	4.9167951	4.89855447	4.94850552	0.00998230577	0.227245007	0	100	0	0	3
226	304	0	2.02768036	4.92874866	4.91712655	4.89855447	4.94850552	0.0103137574	0.227245007	0	100	0	0	3
227	305	0	2.0366524	4.93109539	4.91748932	4.89855447	4.94850552	0.0106765285	0.227245007	0	100	0	0	3
