Iteration	CPUTime	PhysTime	Travels	Value	AvValue	MinValue	MaxValue	Delta	Criteria	PrevAvRefValue	Progress	CriteriaType	CriteriaVarType	CriteriaPercentage
1	7	0	0.00897203701	101324.689	101324.689	101324.689	101324.689	0	0	0	0	0	0	3
2	8	0	0.017944074	101324.724	101324.706	101324.689	101324.724	0.0173911627	0	0	0	0	0	3
3	9	0	0.026916111	101325.055	101324.822	101324.689	101325.055	0.133541436	0	0	0	0	0	3
4	11	0	0.035888148	101325.027	101324.873	101324.689	101325.055	0.184630779	0	0	0	0	0	3
5	12	0	0.044860185	101325.038	101324.906	101324.689	101325.055	0.217591046	0	0	0	0	0	3
6	13	0	0.053832222	101324.992	101324.921	101324.689	101325.055	0.231905899	0	0	0	0	0	3
7	14	0	0.062804259	101325.037	101324.937	101324.689	101325.055	0.248547828	0	0	0	0	0	3
8	15	0	0.0717762961	101325.008	101324.946	101324.689	101325.055	0.257384322	0	0	0	0	0	3
9	16	0	0.0807483331	101325.044	101324.957	101324.689	101325.055	0.268252484	0	0	0	0	0	3
10	18	0	0.0897203701	101325.013	101324.963	101324.689	101325.055	0.273871988	0	0	0	0	0	3
11	19	0	0.0986924071	101325.043	101324.97	101324.689	101325.055	0.281189958	0	0	0	0	0	3
12	20	0	0.107664444	101325.024	101324.974	101324.689	101325.055	0.285681136	0	0	0	0	0	3
13	22	0	0.116636481	101325.05	101324.98	101324.689	101325.055	0.291459883	0	0	0	0	0	3
14	23	0	0.125608518	101325.035	101324.984	101324.689	101325.055	0.295342334	0	0	0	0	0	3
15	24	0	0.134580555	101325.052	101324.989	101324.689	101325.055	0.299892553	0	0	0	0	0	3
16	25	0	0.143552592	101325.046	101324.992	101324.689	101325.055	0.303456729	0	0	0	0	0	3
17	27	0	0.152524629	101325.055	101324.996	101324.689	101325.055	0.307154161	0	0	0	0	0	3
18	28	0	0.161496666	101325.051	101324.999	101324.689	101325.055	0.310240012	0	0	0	0	0	3
19	29	0	0.170468703	101325.056	101325.002	101324.689	101325.056	0.313235819	0	0	0	0	0	3
20	30	0	0.17944074	101325.054	101325.005	101324.689	101325.056	0.315844368	0	0	0	0	0	3
21	31	0	0.188412777	101325.057	101325.007	101324.689	101325.057	0.318358405	0	0	0	0	0	3
22	33	0	0.197384814	101325.057	101325.009	101324.689	101325.057	0.320617168	0	0	0	0	0	3
23	34	0	0.206356851	101325.056	101325.011	101324.689	101325.057	0.322649681	0	0	0	0	0	3
24	35	0	0.215328888	101325.056	101325.013	101324.689	101325.057	0.324489601	0	0	0	0	0	3
25	36	0	0.224300925	101325.054	101325.015	101324.689	101325.057	0.326133679	0	0	0	0	0	3
26	38	0	0.233272962	101325.053	101325.016	101324.689	101325.057	0.327584662	0	0	0	0	0	3
27	39	0	0.242244999	101325.045	101325.017	101324.689	101325.057	0.328643083	0	0	0	0	0	3
28	40	0	0.251217036	101325.035	101325.018	101324.689	101325.057	0.329281855	0	0	0	0	0	3
29	41	0	0.260189073	101325.024	101325.018	101324.689	101325.057	0.329497816	0	0	0	0	0	3
30	43	0	0.26916111	101325.013	101325.018	101324.689	101325.057	0.329497816	0	0	0	0	0	3
31	44	0	0.278133147	101325.001	101325.018	101324.689	101325.057	0.329497816	0	0	0	0	0	3
32	45	0	0.287105184	101324.983	101325.016	101324.689	101325.057	0.329497816	0	0	0	0	0	3
33	46	0	0.296077221	101324.967	101325.015	101324.689	101325.057	0.329497816	0	0	0	0	0	3
34	48	0	0.305049258	101324.955	101325.013	101324.689	101325.057	0.329497816	0	0	0	0	0	3
35	49	0	0.314021295	101324.946	101325.011	101324.689	101325.057	0.329497816	0	0	0	0	0	3
36	51	0	0.322993332	101324.939	101325.009	101324.689	101325.057	0.329497816	0	0	0	0	0	3
37	52	0	0.331965369	101324.933	101325.007	101324.689	101325.057	0.329497816	0	0	0	0	0	3
38	54	0	0.340937406	101324.928	101325.005	101324.689	101325.057	0.329497816	0	0	0	0	0	3
39	55	0	0.349909443	101324.925	101325.003	101324.689	101325.057	0.329497816	0	0	0	0	0	3
40	56	0	0.35888148	101324.924	101325.001	101324.689	101325.057	0.329497816	0	0	0	0	0	3
41	58	0	0.367853517	101324.924	101324.999	101324.689	101325.057	0.329497816	0	0	0	0	0	3
42	59	0	0.376825554	101324.922	101324.997	101324.689	101325.057	0.329497816	0	0	0	0	0	3
43	61	0	0.385797591	101324.918	101324.995	101324.689	101325.057	0.329497816	0	0	0	0	0	3
44	62	0	0.394769628	101324.913	101324.994	101324.689	101325.057	0.329497816	0	0	0	0	0	3
45	63	0	0.403741665	101324.909	101324.992	101324.689	101325.057	0.329497816	0	0	0	0	0	3
46	65	0	0.412713702	101324.906	101324.99	101324.689	101325.057	0.329497816	0	0	0	0	0	3
47	66	0	0.421685739	101324.905	101324.988	101324.689	101325.057	0.329497816	0	0	0	0	0	3
48	68	0	0.430657776	101324.903	101324.986	101324.689	101325.057	0.329497816	0	0	0	0	0	3
49	69	0	0.439629813	101324.901	101324.985	101324.689	101325.057	0.329497816	0	0	0	0	0	3
50	70	0	0.44860185	101324.898	101324.983	101324.689	101325.057	0.329497816	0	0	0	0	0	3
51	72	0	0.457573887	101324.896	101324.981	101324.689	101325.057	0.329497816	0	0	0	0	0	3
52	73	0	0.466545924	101324.894	101324.979	101324.689	101325.057	0.329497816	0	0	0	0	0	3
53	74	0	0.475517961	101324.892	101324.978	101324.689	101325.057	0.329497816	0	0	0	0	0	3
54	76	0	0.484489998	101324.889	101324.976	101324.689	101325.057	0.329497816	0	0	0	0	0	3
55	77	0	0.493462035	101324.887	101324.974	101324.689	101325.057	0.329497816	0	0	0	0	0	3
56	79	0	0.502434072	101324.888	101324.973	101324.689	101325.057	0.329497816	0	0	0	0	0	3
57	80	0	0.511406109	101324.89	101324.977	101324.724	101325.057	0.312106653	0	0	0	0	0	3
58	81	0	0.520378146	101324.891	101324.979	101324.887	101325.057	0.170206567	0	0	0	0	0	3
59	83	0	0.529350183	101324.892	101324.977	101324.887	101325.057	0.144867037	0	0	0	0	0	3
60	84	0	0.53832222	101324.891	101324.974	101324.887	101325.057	0.11190677	0	0	0	0	0	3
61	85	0	0.547294257	101324.89	101324.972	101324.887	101325.057	0.0975919167	0	0	0	0	0	3
62	87	0	0.556266294	101324.889	101324.97	101324.887	101325.057	0.0809499879	0	0	0	0	0	3
63	88	0	0.565238331	101324.887	101324.967	101324.887	101325.057	0.0721134942	0	0	0	0	0	3
64	90	0	0.574210368	101324.885	101324.965	101324.885	101325.057	0.0612453322	0	0	0	0	0	3
65	91	0	0.583182405	101324.884	101324.962	101324.884	101325.057	0.0563161567	0	0	0	0	0	3
66	92	0	0.592154442	101324.882	101324.96	101324.882	101325.057	0.058661286	0	0	0	0	0	3
67	94	0	0.601126479	101324.879	101324.957	101324.879	101325.057	0.0615879169	0	0	0	0	0	3
68	95	0	0.610098516	101324.877	101324.954	101324.877	101325.057	0.0642111433	0	0	0	0	0	3
69	96	0	0.619070553	101324.876	101324.951	101324.876	101325.057	0.0673102967	0	0	0	0	0	3
70	98	0	0.62804259	101324.875	101324.948	101324.875	101325.057	0.07015587	0	0	0	0	0	3
71	99	0	0.637014627	101324.875	101324.945	101324.875	101325.057	0.0733254821	0	0	0	0	0	3
72	101	0	0.645986664	101324.874	101324.942	101324.874	101325.057	0.0763849196	0	0	0	0	0	3
73	102	0	0.654958701	101324.874	101324.939	101324.874	101325.057	0.0796158815	0	0	0	0	0	3
74	103	0	0.663930738	101324.875	101324.936	101324.874	101325.057	0.082766469	0	0	0	0	0	3
75	105	0	0.672902775	101324.876	101324.932	101324.874	101325.057	0.0859848058	0	0	0	0	0	3
76	106	0	0.681874812	101324.876	101324.929	101324.874	101325.057	0.0891703421	0	0	0	0	0	3
77	107	0	0.69084685	101324.875	101324.926	101324.874	101325.057	0.0924299878	0	0	0	0	0	3
78	109	0	0.699818887	101324.874	101324.923	101324.874	101325.056	0.0957024838	0	0	0	0	0	3
79	110	0	0.708790924	101324.872	101324.919	101324.872	101325.056	0.0989961326	0	0	0	0	0	3
80	112	0	0.717762961	101324.87	101324.916	101324.87	101325.054	0.102310085	0	0	0	0	0	3
81	113	0	0.726734998	101324.87	101324.913	101324.87	101325.053	0.105602516	0	0	0	0	0	3
82	114	0	0.735707035	101324.871	101324.909	101324.87	101325.045	0.10883717	0	0	0	0	0	3
83	115	0	0.744679072	101324.872	101324.906	101324.87	101325.035	0.111917692	0	0	0	0	0	3
84	117	0	0.753651109	101324.872	101324.903	101324.87	101325.024	0.114838433	0	0	0	0	0	3
85	118	0	0.762623146	101324.87	101324.901	101324.87	101325.013	0.117426953	0	0	0	0	0	3
86	119	0	0.771595183	101324.867	101324.898	101324.867	101325.001	0.119469739	0	0	0	0	0	3
87	121	0	0.78056722	101324.866	101324.896	101324.866	101324.983	0.117088188	0	0	0	0	0	3
88	122	0	0.789539257	101324.866	101324.894	101324.866	101324.967	0.101465564	0	0	0	0	0	3
89	123	0	0.798511294	101324.867	101324.892	101324.866	101324.955	0.0889858806	0	0	0	0	0	3
90	125	0	0.807483331	101324.869	101324.89	101324.866	101324.946	0.0800854446	0	0	0	0	0	3
91	126	0	0.816455368	101324.87	101324.889	101324.866	101324.939	0.0731854291	0	0	0	0	0	3
92	127	0	0.825427405	101324.871	101324.888	101324.866	101324.933	0.06708875	0	0	0	0	0	3
93	129	0	0.834399442	101324.87	101324.887	101324.866	101324.928	0.0619776985	0	0	0	0	0	3
94	130	0	0.843371479	101324.87	101324.886	101324.866	101324.925	0.0592299098	0	0	0	0	0	3
95	131	0	0.852343516	101324.87	101324.885	101324.866	101324.924	0.0579978967	0	0	0	0	0	3
96	132	0	0.861315553	101324.871	101324.884	101324.866	101324.924	0.0579978967	0	0	0	0	0	3
97	134	0	0.87028759	101324.871	101324.883	101324.866	101324.922	0.0562582016	0	0	0	0	0	3
98	135	0	0.879259627	101324.872	101324.882	101324.866	101324.918	0.0518585605	0	0	0	0	0	3
99	137	0	0.888231664	101324.873	101324.881	101324.866	101324.913	0.0469371494	0	0	0	0	0	3
100	138	0	0.897203701	101324.872	101324.88	101324.866	101324.909	0.0428286998	0	0	0	0	0	3
101	143	0	0.906175738	101324.87	101324.88	101324.866	101324.906	0.0403158991	0	0	0	0	0	3
102	144	0	0.915147775	101324.868	101324.879	101324.866	101324.905	0.0388760892	0	0	0	0	0	3
103	145	0	0.924119812	101324.865	101324.878	101324.865	101324.903	0.0373628199	0	0	0	0	0	3
104	146	0	0.933091849	101324.864	101324.877	101324.864	101324.901	0.0374881073	0	0	0	0	0	3
105	148	0	0.942063886	101324.863	101324.877	101324.863	101324.898	0.0352695844	0	0	0	0	0	3
106	149	0	0.951035923	101324.864	101324.876	101324.863	101324.896	0.0327566021	0	0	0	0	0	3
107	150	0	0.96000796	101324.864	101324.876	101324.863	101324.894	0.0308378123	0	0	0	0	0	3
108	152	0	0.968979997	101324.866	101324.875	101324.863	101324.892	0.0286281464	0	0	0	0	0	3
109	153	0	0.977952034	101324.867	101324.875	101324.863	101324.892	0.0285106324	0	0	0	0	0	3
110	154	0	0.986924071	101324.868	101324.874	101324.863	101324.892	0.0285106324	0	0	0	0	0	3
111	156	0	0.995896108	101324.868	101324.874	101324.863	101324.892	0.0285106324	0	0	0	0	0	3
112	157	0	1.00486814	101324.867	101324.874	101324.863	101324.892	0.0285106324	0.00583209342	0	0	0	0	3
113	158	0	1.01384018	101324.868	101324.873	101324.863	101324.892	0.0285106324	0.00583209342	0	0	0	0	3
114	160	0	1.02281222	101324.869	101324.873	101324.863	101324.892	0.0285106324	0.00583209342	0	0	0	0	3
115	161	0	1.03178426	101324.869	101324.872	101324.863	101324.891	0.0282044253	0.00583209342	0	0	0	0	3
116	162	0	1.04075629	101324.87	101324.872	101324.863	101324.89	0.0272725009	0.00583209342	0	0	0	0	3
117	163	0	1.04972833	101324.869	101324.872	101324.863	101324.889	0.026018024	0.00583209342	0	0	0	0	3
118	165	0	1.05870037	101324.868	101324.871	101324.863	101324.887	0.0243954561	0.00583209342	0	0	0	0	3
119	166	0	1.0676724	101324.866	101324.871	101324.863	101324.885	0.0223657975	0.00583209342	0	0	0	0	3
120	167	0	1.07664444	101324.865	101324.871	101324.863	101324.884	0.0206188997	0.00583209342	0	0	0	0	3
121	168	0	1.08561648	101324.865	101324.87	101324.863	101324.882	0.0188842635	0.00583209342	0	0	0	0	3
122	170	0	1.09458851	101324.866	101324.87	101324.863	101324.879	0.0162423079	0.00583209342	0	0	0	0	3
123	171	0	1.10356055	101324.867	101324.87	101324.863	101324.877	0.0139473939	0.00583209342	0	0	0	0	3
124	172	0	1.11253259	101324.868	101324.87	101324.863	101324.876	0.0130162373	0.00583209342	0	0	0	0	3
125	173	0	1.12150463	101324.869	101324.869	101324.863	101324.876	0.0127807498	0.00583209342	0	0	0	0	3
126	175	0	1.13047666	101324.868	101324.869	101324.863	101324.876	0.0127807498	0.00583209342	0	0	0	0	3
127	176	0	1.1394487	101324.867	101324.869	101324.863	101324.876	0.0127807498	0.00583209342	0	0	0	0	3
128	177	0	1.14842074	101324.865	101324.869	101324.863	101324.876	0.0127807498	0.00583209342	0	0	0	0	3
129	178	0	1.15739277	101324.863	101324.869	101324.863	101324.876	0.0127807498	0.00583209342	0	0	0	0	3
130	180	0	1.16636481	101324.863	101324.869	101324.863	101324.876	0.0127807498	0.00583209342	0	0	0	0	3
131	181	0	1.17533685	101324.864	101324.868	101324.863	101324.876	0.0127807498	0.00583209342	0	0	0	0	3
132	182	0	1.18430888	101324.865	101324.868	101324.863	101324.875	0.0118629571	0.00583209342	0	0	0	0	3
133	183	0	1.19328092	101324.865	101324.868	101324.863	101324.874	0.0105553984	0.00583209342	0	0	0	0	3
134	185	0	1.20225296	101324.865	101324.868	101324.863	101324.873	0.00951148767	0.00583209342	0	0	0	0	3
135	186	0	1.211225	101324.863	101324.868	101324.863	101324.873	0.00951148767	0.00583209342	0	0	0	0	3
136	187	0	1.22019703	101324.863	101324.868	101324.863	101324.873	0.00987445307	0.00583209342	0	0	0	0	3
137	189	0	1.22916907	101324.861	101324.867	101324.861	101324.873	0.0111649856	0.00583209342	0	0	0	0	3
138	190	0	1.23814111	101324.862	101324.867	101324.861	101324.873	0.0111649856	0.00583209342	0	0	0	0	3
139	191	0	1.24711314	101324.864	101324.867	101324.861	101324.873	0.0111649856	0.00583209342	0	0	0	0	3
140	192	0	1.25608518	101324.865	101324.867	101324.861	101324.873	0.0111649856	0.00583209342	0	0	0	0	3
141	194	0	1.26505722	101324.866	101324.867	101324.861	101324.873	0.0111649856	0.00583209342	0	0	0	0	3
142	195	0	1.27402925	101324.864	101324.867	101324.861	101324.873	0.0111649856	0.00583209342	0	0	0	0	3
143	196	0	1.28300129	101324.862	101324.867	101324.861	101324.873	0.0111649856	0.00583209342	0	0	0	0	3
144	197	0	1.29197333	101324.86	101324.867	101324.86	101324.873	0.0124043143	0.00583209342	0	0	0	0	3
145	199	0	1.30094537	101324.86	101324.867	101324.86	101324.873	0.0129078306	0.00583209342	0	0	0	0	3
146	200	0	1.3099174	101324.86	101324.866	101324.86	101324.873	0.0129078306	0.00583209342	0	0	0	0	3
147	201	0	1.31888944	101324.862	101324.866	101324.86	101324.873	0.0129078306	0.00583209342	0	0	0	0	3
148	202	0	1.32786148	101324.865	101324.866	101324.86	101324.873	0.0129078306	0.00583209342	0	0	0	0	3
149	204	0	1.33683351	101324.866	101324.866	101324.86	101324.873	0.0129078306	0.00583209342	0	0	0	0	3
150	205	0	1.34580555	101324.866	101324.866	101324.86	101324.873	0.0129078306	0.00583209342	0	0	0	0	3
151	207	0	1.35477759	101324.864	101324.866	101324.86	101324.873	0.0129078306	0.00583209342	0	0	0	0	3
152	208	0	1.36374962	101324.862	101324.866	101324.86	101324.873	0.0129078306	0.00583209342	0	0	0	0	3
153	210	0	1.37272166	101324.859	101324.866	101324.859	101324.873	0.0130931332	0.00583209342	0	0	0	0	3
154	212	0	1.3816937	101324.859	101324.865	101324.859	101324.873	0.0132852604	0.00583209342	0	0	0	0	3
155	213	0	1.39066574	101324.86	101324.865	101324.859	101324.872	0.0126565434	0.00583209342	0	0	0	0	3
156	214	0	1.39963777	101324.863	101324.865	101324.859	101324.87	0.0112395832	0.00583209342	0	0	0	0	3
157	217	0	1.40860981	101324.866	101324.865	101324.859	101324.87	0.0106114448	0.00583209342	0	0	0	0	3
158	218	0	1.41758185	101324.869	101324.865	101324.859	101324.87	0.0106114448	0.00583209342	0	0	0	0	3
159	219	0	1.42655388	101324.87	101324.865	101324.859	101324.87	0.0106114448	0.00583209342	0	0	0	0	3
160	220	0	1.43552592	101324.868	101324.865	101324.859	101324.87	0.0106114448	0.00583209342	0	0	0	0	3
161	221	0	1.44449796	101324.865	101324.865	101324.859	101324.87	0.0106114448	0.00583209342	0	0	0	0	3
162	223	0	1.45347	101324.863	101324.865	101324.859	101324.87	0.0106114448	0.00583209342	0	0	0	0	3
163	224	0	1.46244203	101324.862	101324.865	101324.859	101324.87	0.0102924935	0.00583209342	0	0	0	0	3
164	225	0	1.47141407	101324.861	101324.865	101324.859	101324.87	0.00984893921	0.00583209342	0	0	0	0	3
165	226	0	1.48038611	101324.861	101324.865	101324.859	101324.87	0.00950161259	0.00583209342	0	0	0	0	3
166	228	0	1.48935814	101324.862	101324.865	101324.859	101324.87	0.00925262776	0.00583209342	0	0	0	0	3
167	229	0	1.49833018	101324.862	101324.865	101324.859	101324.87	0.00897981264	0.00583209342	0	0	0	0	3
168	230	0	1.50730222	101324.863	101324.865	101324.859	101324.87	0.00867735477	0.00583209342	0	0	0	0	3
169	231	0	1.51627425	101324.862	101324.864	101324.859	101324.87	0.00838583134	0.00583209342	0	0	0	0	3
170	233	0	1.52524629	101324.862	101324.864	101324.859	101324.87	0.00810384365	0.00583209342	0	0	0	0	3
171	234	0	1.53421833	101324.862	101324.864	101324.859	101324.87	0.00785268555	0.00583209342	0	0	0	0	3
172	235	0	1.54319037	101324.862	101324.864	101324.859	101324.87	0.00761987854	0.00583209342	0	0	0	0	3
173	236	0	1.5521624	101324.863	101324.864	101324.859	101324.87	0.0073735491	0.00583209342	0	0	0	0	3
174	237	0	1.56113444	101324.863	101324.864	101324.859	101324.87	0.00709607378	0.00583209342	0	0	0	0	3
175	239	0	1.57010648	101324.862	101324.864	101324.859	101324.87	0.00681053185	0.00583209342	0	0	0	0	3
176	240	0	1.57907851	101324.862	101324.864	101324.859	101324.87	0.00653399868	0.00583209342	0	0	0	0	3
177	241	0	1.58805055	101324.861	101324.864	101324.859	101324.87	0.00631603748	0.00583209342	0	0	0	0	3
178	242	0	1.59702259	101324.861	101324.864	101324.859	101324.87	0.00618658366	0.00583209342	0	0	0	0	3
179	244	0	1.60599462	101324.862	101324.863	101324.859	101324.87	0.006106876	0.00583209342	0	0	0	0	3
180	245	0	1.61496666	101324.864	101324.863	101324.859	101324.87	0.00604225612	0.00583209342	0	0	0	0	3
181	246	0	1.6239387	101324.866	101324.863	101324.859	101324.87	0.00595875544	0.00583209342	0	0	0	0	3
182	247	0	1.63291074	101324.867	101324.863	101324.859	101324.87	0.00582531266	0.00583209342	0	0	0	0	3
183	249	0	1.64188277	101324.866	101324.863	101324.859	101324.87	0.00566361078	0.00583209342	0	0	0	0	3
184	250	0	1.65085481	101324.865	101324.863	101324.859	101324.87	0.00546982711	0.00583209342	0	0	0	0	3
185	251	0	1.65982685	101324.863	101324.863	101324.859	101324.87	0.00526012166	0.00583209342	0	0	0	0	3
186	252	0	1.66879888	101324.862	101324.863	101324.859	101324.87	0.00508003235	0.00583209342	0	0	0	0	3
187	253	0	1.67777092	101324.863	101324.863	101324.859	101324.87	0.00492383599	0.00583209342	0	0	0	0	3
188	255	0	1.68674296	101324.865	101324.863	101324.859	101324.87	0.00475795532	0.00583209342	0	0	0	0	3
189	256	0	1.69571499	101324.867	101324.863	101324.859	101324.87	0.00459849094	0.00583209342	0	0	0	0	3
190	257	0	1.70468703	101324.868	101324.863	101324.859	101324.87	0.00444947204	0.00583209342	0	0	0	0	3
191	258	0	1.71365907	101324.868	101324.863	101324.859	101324.87	0.0043181619	0.00583209342	0	0	0	0	3
192	259	0	1.72263111	101324.866	101324.863	101324.859	101324.87	0.00416400278	0.00583209342	0	0	0	0	3
193	260	0	1.73160314	101324.865	101324.864	101324.859	101324.87	0.00399720977	0.00583209342	0	0	0	0	3
194	262	0	1.74057518	101324.864	101324.864	101324.859	101324.87	0.00384535274	0.00583209342	0	0	0	0	3
195	263	0	1.74954722	101324.865	101324.864	101324.859	101324.87	0.00373180362	0.00583209342	0	0	0	0	3
196	264	0	1.75851925	101324.866	101324.864	101324.859	101324.87	0.00366457336	0.00583209342	0	0	0	0	3
197	265	0	1.76749129	101324.867	101324.864	101324.859	101324.87	0.00360651144	0.00583209342	0	0	0	0	3
198	267	0	1.77646333	101324.867	101324.864	101324.859	101324.87	0.00353851482	0.00583209342	0	0	0	0	3
199	268	0	1.78543536	101324.866	101324.864	101324.859	101324.87	0.00343427245	0.00583209342	0	0	0	0	3
200	269	0	1.7944074	101324.866	101324.864	101324.859	101324.87	0.00329555562	0.00583209342	0	0	0	0	3
201	274	0	1.80337944	101324.865	101324.864	101324.859	101324.87	0.00313645641	0.00583209342	0	0	0	0	3
202	275	0	1.81235148	101324.866	101324.864	101324.859	101324.87	0.0029940536	0.00583209342	0	0	0	0	3
203	276	0	1.82132351	101324.866	101324.864	101324.859	101324.87	0.00289245961	0.00583209342	0	0	0	0	3
204	277	0	1.83029555	101324.867	101324.864	101324.859	101324.87	0.00282257993	0.00583209342	0	0	0	0	3
205	278	0	1.83926759	101324.868	101324.864	101324.859	101324.87	0.00275521516	0.00583209342	0	0	0	0	3
206	280	0	1.84823962	101324.868	101324.864	101324.859	101324.87	0.00264757479	0.00583209342	0	0	0	0	3
207	281	0	1.85721166	101324.867	101324.864	101324.859	101324.87	0.00249044322	0.00583209342	0	0	0	0	3
208	282	0	1.8661837	101324.866	101324.864	101324.859	101324.87	0.00227906115	0.00583209342	0	0	0	0	3
209	283	0	1.87515573	101324.865	101324.864	101324.859	101324.87	0.00205695051	0.00583209342	0	0	0	0	3
210	285	0	1.88412777	101324.864	101324.865	101324.86	101324.87	0.00183779557	0.00583209342	0	0	0	0	3
211	286	0	1.89309981	101324.864	101324.865	101324.861	101324.87	0.00181357232	0.00583209342	0	0	0	0	3
212	287	0	1.90207185	101324.865	101324.865	101324.861	101324.87	0.00181357232	0.00583209342	0	0	0	0	3
213	288	0	1.91104388	101324.864	101324.865	101324.861	101324.87	0.00181357232	0.00583209342	0	0	0	0	3
214	289	0	1.92001592	101324.863	101324.864	101324.861	101324.87	0.00181357232	0.00583209342	0	0	0	0	3
215	291	0	1.92898796	101324.862	101324.864	101324.861	101324.868	0.00181357232	0.00583209342	0	0	0	0	3
216	292	0	1.93795999	101324.86	101324.864	101324.86	101324.868	0.00181357232	0.00583209342	0	0	0	0	3
217	293	0	1.94693203	101324.859	101324.864	101324.859	101324.868	0.00180509726	0.00583209342	0	0	0	0	3
218	294	0	1.95590407	101324.857	101324.864	101324.857	101324.868	0.00175545106	0.00583209342	0	0	0	0	3
219	295	0	1.9648761	101324.855	101324.864	101324.855	101324.868	0.00167699049	0.00583209342	0	0	0	0	3
220	297	0	1.97384814	101324.855	101324.864	101324.855	101324.868	0.00157759109	0.00583209342	0	0	0	0	3
221	298	0	1.98282018	101324.856	101324.864	101324.855	101324.868	0.00147521477	0.00583209342	0	0	0	0	3
222	299	0	1.99179222	101324.86	101324.864	101324.855	101324.868	0.00139306745	0.00583209342	0	0	0	0	3
223	300	0	2.00076425	101324.864	101324.864	101324.855	101324.868	0.00139306745	0.00583209342	0	0	0	0	3
224	302	0	2.00973629	101324.866	101324.864	101324.855	101324.868	0.00139306745	0.00583209342	0	0	0	0	3
225	303	0	2.01870833	101324.866	101324.864	101324.855	101324.868	0.00139306745	0.00583209342	0	0	0	0	3
226	304	0	2.02768036	101324.865	101324.864	101324.855	101324.868	0.00139306745	0.00583209342	0	0	0	0	3
227	305	0	2.0366524	101324.864	101324.864	101324.855	101324.868	0.00139306745	0.00583209342	0	0	0	0	3
