Iteration	CPUTime	PhysTime	Travels	Value	AvValue	MinValue	MaxValue	Delta	Criteria	PrevAvRefValue	Progress	CriteriaType	CriteriaVarType	CriteriaPercentage
1	6	0	0.00897167416	-149.274333	-149.274333	-149.274333	-149.274333	0	0	0	0	0	0	3
2	7	0	0.0179433483	-51.3189315	-100.296632	-149.274333	-51.3189315	48.9777007	0	0	0	0	0	3
3	8	0	0.0269150225	-25.5046865	-75.3659836	-149.274333	-25.5046865	73.9083492	0	0	0	0	0	3
4	9	0	0.0358866967	-16.294943	-60.5982235	-149.274333	-16.294943	88.6761093	0	0	0	0	0	3
5	10	0	0.0448583708	-20.1138417	-52.5013471	-149.274333	-16.294943	96.7729857	0	0	0	0	0	3
6	11	0	0.053830045	-15.5815399	-46.3480459	-149.274333	-15.5815399	102.926287	0	0	0	0	0	3
7	12	0	0.0628017192	-18.8331886	-42.417352	-149.274333	-15.5815399	106.856981	0	0	0	0	0	3
8	13	0	0.0717733933	-14.7332459	-38.9568387	-149.274333	-14.7332459	110.317494	0	0	0	0	0	3
9	14	0	0.0807450675	-17.6932621	-36.5942191	-149.274333	-14.7332459	112.680114	0	0	0	0	0	3
10	15	0	0.0897167416	-13.937956	-34.3285928	-149.274333	-13.937956	114.94574	0	0	0	0	0	3
11	16	0	0.0986884158	-16.3080535	-32.690362	-149.274333	-13.937956	116.583971	0	0	0	0	0	3
12	17	0	0.10766009	-14.1150069	-31.1424157	-149.274333	-13.937956	118.131917	0	0	0	0	0	3
13	18	0	0.116631764	-15.9430689	-29.9732352	-149.274333	-13.937956	119.301098	0	0	0	0	0	3
14	19	0	0.125603438	-14.1885475	-28.8457575	-149.274333	-13.937956	120.428575	0	0	0	0	0	3
15	20	0	0.134575112	-15.4904692	-27.9554049	-149.274333	-13.937956	121.318928	0	0	0	0	0	3
16	21	0	0.143546787	-14.436161	-27.1104522	-149.274333	-13.937956	122.163881	0	0	0	0	0	3
17	21	0	0.152518461	-14.8470462	-26.3890754	-149.274333	-13.937956	122.885257	0	0	0	0	0	3
18	22	0	0.161490135	-14.3012053	-25.717527	-149.274333	-13.937956	123.556806	0	0	0	0	0	3
19	23	0	0.170461809	-14.3917278	-25.1214323	-149.274333	-13.937956	124.1529	0	0	0	0	0	3
20	24	0	0.179433483	-14.058776	-24.5682995	-149.274333	-13.937956	124.706033	0	0	0	0	0	3
21	24	0	0.188405157	-13.994906	-24.0648046	-149.274333	-13.937956	125.209528	0	0	0	0	0	3
22	25	0	0.197376832	-13.8056507	-23.5984794	-149.274333	-13.8056507	125.675853	0	0	0	0	0	3
23	26	0	0.206348506	-13.7004727	-23.1681313	-149.274333	-13.7004727	126.106202	0	0	0	0	0	3
24	27	0	0.21532018	-13.5404827	-22.7669793	-149.274333	-13.5404827	126.507354	0	0	0	0	0	3
25	27	0	0.224291854	-13.4256023	-22.3933242	-149.274333	-13.4256023	126.881009	0	0	0	0	0	3
26	28	0	0.233263528	-13.3497416	-22.0454941	-149.274333	-13.3497416	127.228839	0	0	0	0	0	3
27	29	0	0.242235202	-13.2633562	-21.7202297	-149.274333	-13.2633562	127.554103	0	0	0	0	0	3
28	30	0	0.251206877	-13.1897527	-21.4155698	-149.274333	-13.1897527	127.858763	0	0	0	0	0	3
29	31	0	0.260178551	-13.1404124	-21.1302196	-149.274333	-13.1404124	128.144113	0	0	0	0	0	3
30	31	0	0.269150225	-13.0714786	-20.8615949	-149.274333	-13.0714786	128.412738	0	0	0	0	0	3
31	32	0	0.278121899	-13.0281368	-20.6089027	-149.274333	-13.0281368	128.66543	0	0	0	0	0	3
32	33	0	0.287093573	-12.9718713	-20.3702454	-149.274333	-12.9718713	128.904087	0	0	0	0	0	3
33	34	0	0.296065247	-12.9279169	-20.1447203	-149.274333	-12.9279169	129.129612	0	0	0	0	0	3
34	35	0	0.305036922	-12.881663	-19.931101	-149.274333	-12.881663	129.343232	0	0	0	0	0	3
35	36	0	0.314008596	-12.8428597	-19.7285798	-149.274333	-12.8428597	129.545753	0	0	0	0	0	3
36	36	0	0.32298027	-12.8003987	-19.5361304	-149.274333	-12.8003987	129.738202	0	0	0	0	0	3
37	37	0	0.331951944	-12.7514067	-19.3527594	-149.274333	-12.7514067	129.921573	0	0	0	0	0	3
38	38	0	0.340923618	-12.7065572	-19.1778594	-149.274333	-12.7065572	130.096473	0	0	0	0	0	3
39	39	0	0.349895292	-12.6734813	-19.0110805	-149.274333	-12.6734813	130.263252	0	0	0	0	0	3
40	40	0	0.358866967	-12.6421846	-18.8518581	-149.274333	-12.6421846	130.422475	0	0	0	0	0	3
41	41	0	0.367838641	-12.6214006	-18.6998957	-149.274333	-12.6214006	130.574437	0	0	0	0	0	3
42	42	0	0.376810315	-12.5933263	-18.5545012	-149.274333	-12.5933263	130.719832	0	0	0	0	0	3
43	42	0	0.385781989	-12.5661287	-18.4152367	-149.274333	-12.5661287	130.859096	0	0	0	0	0	3
44	43	0	0.394753663	-12.540538	-18.2817208	-149.274333	-12.540538	130.992612	0	0	0	0	0	3
45	44	0	0.403725337	-12.5176181	-18.1536296	-149.274333	-12.5176181	131.120703	0	0	0	0	0	3
46	45	0	0.412697012	-12.4993071	-18.0307096	-149.274333	-12.4993071	131.243623	0	0	0	0	0	3
47	46	0	0.421668686	-12.4781827	-17.9125707	-149.274333	-12.4781827	131.361762	0	0	0	0	0	3
48	47	0	0.43064036	-12.4534232	-17.7988385	-149.274333	-12.4534232	131.475494	0	0	0	0	0	3
49	47	0	0.439612034	-12.4289766	-17.6892495	-149.274333	-12.4289766	131.585083	0	0	0	0	0	3
50	48	0	0.448583708	-12.3991165	-17.5834468	-149.274333	-12.3991165	131.690886	0	0	0	0	0	3
51	49	0	0.457555382	-12.3783669	-17.4813864	-149.274333	-12.3783669	131.792946	0	0	0	0	0	3
52	50	0	0.466527057	-12.3470087	-17.3826484	-149.274333	-12.3470087	131.891684	0	0	0	0	0	3
53	51	0	0.475498731	-12.3284681	-17.2872865	-149.274333	-12.3284681	131.987046	0	0	0	0	0	3
54	51	0	0.484470405	-12.3136478	-17.1951821	-149.274333	-12.3136478	132.079151	0	0	0	0	0	3
55	52	0	0.493442079	-12.3058588	-17.1062853	-149.274333	-12.3058588	132.168048	0	0	0	0	0	3
56	53	0	0.502413753	-12.2958852	-17.0203853	-149.274333	-12.2958852	132.253948	0	0	0	0	0	3
57	54	0	0.511385427	-12.2822166	-14.5740975	-51.3189315	-12.2822166	39.0367149	0	0	0	0	0	3
58	55	0	0.520357102	-12.2669757	-13.8767411	-25.5046865	-12.2669757	13.2377109	0	0	0	0	0	3
59	55	0	0.529328776	-12.2488714	-13.6400302	-20.1138417	-12.2488714	7.86497024	0	0	0	0	0	3
60	56	0	0.53830045	-12.2293539	-13.5674303	-20.1138417	-12.2293539	7.88448771	0	0	0	0	0	3
61	57	0	0.547272124	-12.2237102	-13.4265351	-18.8331886	-12.2237102	6.60947844	0	0	0	0	0	3
62	58	0	0.556243798	-12.2215196	-13.3665348	-18.8331886	-12.2215196	6.611669	0	0	0	0	0	3
63	59	0	0.565215472	-12.2221381	-13.2484803	-17.6932621	-12.2215196	5.47174252	0	0	0	0	0	3
64	59	0	0.574187147	-12.2283242	-13.2037496	-17.6932621	-12.2215196	5.47174252	0	0	0	0	0	3
65	60	0	0.583158821	-12.2285108	-13.1061647	-16.3080535	-12.2215196	4.08653391	0	0	0	0	0	3
66	61	0	0.592130495	-12.2257558	-13.0755897	-16.3080535	-12.2215196	4.08653391	0	0	0	0	0	3
67	62	0	0.601102169	-12.2225359	-13.002634	-15.9430689	-12.2215196	3.72154929	0	0	0	0	0	3
68	63	0	0.610073843	-12.2215189	-12.9688218	-15.9430689	-12.2215189	3.72154999	0	0	0	0	0	3
69	63	0	0.619045517	-12.2055995	-12.9020812	-15.4904692	-12.2055995	3.28486976	0	0	0	0	0	3
70	64	0	0.628017192	-12.1941911	-12.8664677	-15.4904692	-12.1941911	3.29627808	0	0	0	0	0	3
71	65	0	0.636988866	-12.1787986	-12.8073307	-14.8470462	-12.1787986	2.6682476	0	0	0	0	0	3
72	66	0	0.64596054	-12.1734405	-12.766925	-14.8470462	-12.1734405	2.67360564	0	0	0	0	0	3
73	67	0	0.654932214	-12.1756645	-12.7192218	-14.3917278	-12.1734405	2.21828729	0	0	0	0	0	3
74	67	0	0.663903888	-12.1695713	-12.6811569	-14.3917278	-12.1695713	2.22215656	0	0	0	0	0	3
75	68	0	0.672875562	-12.152834	-12.6411766	-14.058776	-12.152834	1.90594192	0	0	0	0	0	3
76	69	0	0.681847237	-12.1504865	-12.6071	-13.994906	-12.1504865	1.84441943	0	0	0	0	0	3
77	70	0	0.690818911	-12.1414846	-12.5740032	-13.8056507	-12.1414846	1.66416604	0	0	0	0	0	3
78	70	0	0.699790585	-12.1470251	-12.5443849	-13.7004727	-12.1414846	1.55898806	0	0	0	0	0	3
79	71	0	0.708762259	-12.1476717	-12.5166563	-13.5404827	-12.1414846	1.39899807	0	0	0	0	0	3
80	72	0	0.717733933	-12.1485252	-12.4917999	-13.4256023	-12.1414846	1.28411764	0	0	0	0	0	3
81	73	0	0.726705607	-12.1445759	-12.4689245	-13.3497416	-12.1414846	1.20825702	0	0	0	0	0	3
82	74	0	0.735677282	-12.1384319	-12.4472939	-13.2633562	-12.1384319	1.12492426	0	0	0	0	0	3
83	74	0	0.744648956	-12.1293849	-12.4270445	-13.1897527	-12.1293849	1.06036787	0	0	0	0	0	3
84	75	0	0.75362063	-12.1208906	-12.4079576	-13.1404124	-12.1208906	1.01952184	0	0	0	0	0	3
85	76	0	0.762592304	-12.1182729	-12.3897051	-13.0714786	-12.1182729	0.953205675	0	0	0	0	0	3
86	77	0	0.771563978	-12.1102606	-12.3725405	-13.0281368	-12.1102606	0.91787619	0	0	0	0	0	3
87	78	0	0.780535652	-12.1057235	-12.3560689	-12.9718713	-12.1057235	0.866147868	0	0	0	0	0	3
88	78	0	0.789507327	-12.1024736	-12.3405439	-12.9279169	-12.1024736	0.825443313	0	0	0	0	0	3
89	79	0	0.798479001	-12.0926794	-12.325629	-12.881663	-12.0926794	0.788983617	0	0	0	0	0	3
90	80	0	0.807450675	-12.077846	-12.3112751	-12.8428597	-12.077846	0.765013683	0	0	0	0	0	3
91	81	0	0.816422349	-12.0620181	-12.2973315	-12.8003987	-12.0620181	0.7383806	0	0	0	0	0	3
92	82	0	0.825394023	-12.0523396	-12.2839733	-12.7514067	-12.0523396	0.699067074	0	0	0	0	0	3
93	82	0	0.834365697	-12.0435561	-12.2713331	-12.7065572	-12.0435561	0.66300109	0	0	0	0	0	3
94	83	0	0.843337372	-12.0458648	-12.259535	-12.6734813	-12.0435561	0.629925214	0	0	0	0	0	3
95	84	0	0.852309046	-12.0455616	-12.2483222	-12.6421846	-12.0435561	0.598628532	0	0	0	0	0	3
96	85	0	0.86128072	-12.0521	-12.2377849	-12.6214006	-12.0435561	0.577844519	0	0	0	0	0	3
97	86	0	0.870252394	-12.0531328	-12.2276373	-12.5933263	-12.0435561	0.549770196	0	0	0	0	0	3
98	86	0	0.879224068	-12.0542489	-12.2180109	-12.5661287	-12.0435561	0.52257267	0	0	0	0	0	3
99	87	0	0.888195742	-12.0500856	-12.2087959	-12.540538	-12.0435561	0.496981929	0	0	0	0	0	3
100	88	0	0.897167416	-12.054622	-12.2001188	-12.5176181	-12.0435561	0.474062016	0	0	0	0	0	3
101	92	0	0.906139091	-12.0566455	-12.1918871	-12.4993071	-12.0435561	0.455751024	0	0	0	0	0	3
102	93	0	0.915110765	-12.0616641	-12.1840721	-12.4781827	-12.0435561	0.434626675	0	0	0	0	0	3
103	94	0	0.924082439	-12.0661589	-12.1767145	-12.4534232	-12.0435561	0.409867105	0	0	0	0	0	3
104	95	0	0.933054113	-12.0793236	-12.1700342	-12.4289766	-12.0435561	0.385420572	0	0	0	0	0	3
105	96	0	0.942025787	-12.0899382	-12.1639799	-12.3991165	-12.0435561	0.35556041	0	0	0	0	0	3
106	96	0	0.950997461	-12.1005725	-12.1586488	-12.3783669	-12.0435561	0.334810856	0	0	0	0	0	3
107	97	0	0.959969136	-12.1054329	-12.1537749	-12.3470087	-12.0435561	0.30345262	0	0	0	0	0	3
108	98	0	0.96894081	-12.1082312	-12.1495111	-12.3284681	-12.0435561	0.284912055	0	0	0	0	0	3
109	99	0	0.977912484	-12.1098151	-12.1456065	-12.3136478	-12.0435561	0.270091754	0	0	0	0	0	3
110	100	0	0.986884158	-12.1061364	-12.141901	-12.3058588	-12.0435561	0.262302691	0	0	0	0	0	3
111	100	0	0.995855832	-12.101678	-12.1382549	-12.2958852	-12.0435561	0.252329111	0	0	0	0	0	3
112	101	0	1.00482751	-12.0995376	-12.1347487	-12.2822166	-12.0435561	0.238660523	0.403833914	0	100	0	0	3
113	102	0	1.01379918	-12.0993359	-12.131483	-12.2669757	-12.0435561	0.223419589	0.403833914	0	100	0	0	3
114	103	0	1.02277085	-12.1016422	-12.1285306	-12.2488714	-12.0435561	0.20531534	0.403833914	0	100	0	0	3
115	103	0	1.03174253	-12.1045905	-12.1259541	-12.2293539	-12.0435561	0.185797874	0.403833914	0	100	0	0	3
116	104	0	1.0407142	-12.1041312	-12.123718	-12.2285108	-12.0435561	0.184954698	0.403833914	0	100	0	0	3
117	105	0	1.04968588	-12.1016915	-12.1215391	-12.2285108	-12.0435561	0.184954698	0.403833914	0	100	0	0	3
118	106	0	1.05865755	-12.0939097	-12.1192604	-12.2285108	-12.0435561	0.184954698	0.403833914	0	100	0	0	3
119	107	0	1.06762923	-12.0893774	-12.1168896	-12.2285108	-12.0435561	0.184954698	0.403833914	0	100	0	0	3
120	107	0	1.0766009	-12.0861151	-12.1143502	-12.2285108	-12.0435561	0.184954698	0.403833914	0	100	0	0	3
121	108	0	1.08557257	-12.0830292	-12.1117523	-12.2257558	-12.0435561	0.182199709	0.403833914	0	100	0	0	3
122	109	0	1.09454425	-12.0824392	-12.1091931	-12.2225359	-12.0435561	0.178979864	0.403833914	0	100	0	0	3
123	110	0	1.10351592	-12.0891099	-12.1068105	-12.2215189	-12.0435561	0.177962834	0.403833914	0	100	0	0	3
124	111	0	1.1124876	-12.0907979	-12.1044762	-12.2055995	-12.0435561	0.162043387	0.403833914	0	100	0	0	3
125	111	0	1.12145927	-12.0962993	-12.1025244	-12.1941911	-12.0435561	0.150635066	0.403833914	0	100	0	0	3
126	112	0	1.13043094	-12.0965518	-12.1007808	-12.1787986	-12.0435561	0.135242498	0.403833914	0	100	0	0	3
127	113	0	1.13940262	-12.0997983	-12.0993701	-12.1756645	-12.0435561	0.132108459	0.403833914	0	100	0	0	3
128	114	0	1.14837429	-12.1073065	-12.0981891	-12.1756645	-12.0435561	0.132108459	0.403833914	0	100	0	0	3
129	115	0	1.15734597	-12.1110286	-12.0970349	-12.1695713	-12.0435561	0.126015189	0.403833914	0	100	0	0	3
130	115	0	1.16631764	-12.117109	-12.0960981	-12.152834	-12.0435561	0.109277967	0.403833914	0	100	0	0	3
131	116	0	1.17528932	-12.1228184	-12.0955621	-12.1504865	-12.0435561	0.106930463	0.403833914	0	100	0	0	3
132	117	0	1.18426099	-12.1281596	-12.0951634	-12.1485252	-12.0435561	0.104969131	0.403833914	0	100	0	0	3
133	118	0	1.19323266	-12.1341756	-12.0950329	-12.1485252	-12.0435561	0.104969131	0.403833914	0	100	0	0	3
134	119	0	1.20220434	-12.1415915	-12.0949359	-12.1485252	-12.0435561	0.104969131	0.403833914	0	100	0	0	3
135	119	0	1.21117601	-12.1476974	-12.0949363	-12.1485252	-12.0435561	0.104969131	0.403833914	0	100	0	0	3
136	120	0	1.22014769	-12.152455	-12.0950065	-12.152455	-12.0435561	0.108898957	0.403833914	0	100	0	0	3
137	121	0	1.22911936	-12.1593788	-12.0952708	-12.1593788	-12.0435561	0.115822764	0.403833914	0	100	0	0	3
138	122	0	1.23809103	-12.1659242	-12.0957618	-12.1659242	-12.0435561	0.122368126	0.403833914	0	100	0	0	3
139	122	0	1.24706271	-12.1758231	-12.096591	-12.1758231	-12.0435561	0.132266991	0.403833914	0	100	0	0	3
140	123	0	1.25603438	-12.1802055	-12.0976502	-12.1802055	-12.0435561	0.136649448	0.403833914	0	100	0	0	3
141	124	0	1.26500606	-12.1833434	-12.0988122	-12.1833434	-12.0435561	0.139787308	0.403833914	0	100	0	0	3
142	125	0	1.27397773	-12.1767154	-12.0999989	-12.1833434	-12.0435561	0.139787308	0.403833914	0	100	0	0	3
143	126	0	1.28294941	-12.1717006	-12.101177	-12.1833434	-12.0435561	0.139787308	0.403833914	0	100	0	0	3
144	126	0	1.29192108	-12.1636956	-12.1022703	-12.1833434	-12.0435561	0.139787308	0.403833914	0	100	0	0	3
145	127	0	1.30089275	-12.162584	-12.1035186	-12.1833434	-12.0435561	0.139787308	0.403833914	0	100	0	0	3
146	128	0	1.30986443	-12.1577682	-12.1049458	-12.1833434	-12.0435561	0.139787308	0.403833914	0	100	0	0	3
147	129	0	1.3188361	-12.1545496	-12.1065981	-12.1833434	-12.0435561	0.139787308	0.403833914	0	100	0	0	3
148	130	0	1.32780778	-12.1487679	-12.10832	-12.1833434	-12.0435561	0.139787308	0.403833914	0	100	0	0	3
149	130	0	1.33677945	-12.1434024	-12.110103	-12.1833434	-12.0455616	0.137781808	0.403833914	0	100	0	0	3
150	131	0	1.34575112	-12.1315672	-12.1116334	-12.1833434	-12.0455616	0.137781808	0.403833914	0	100	0	0	3
151	132	0	1.3547228	-12.1253831	-12.1130588	-12.1833434	-12.0500856	0.133257824	0.403833914	0	100	0	0	3
152	133	0	1.36369447	-12.1249291	-12.1143593	-12.1833434	-12.0500856	0.132701443	0.403833914	0	100	0	0	3
153	134	0	1.37266615	-12.1252683	-12.1156475	-12.1833434	-12.0500856	0.123075061	0.403833914	0	100	0	0	3
154	134	0	1.38163782	-12.1226141	-12.1168683	-12.1833434	-12.0500856	0.113860004	0.403833914	0	100	0	0	3
155	135	0	1.3906095	-12.1251586	-12.1182089	-12.1833434	-12.054622	0.105182932	0.403833914	0	100	0	0	3
156	136	0	1.39958117	-12.1184509	-12.1193487	-12.1833434	-12.0566455	0.0969512787	0.403833914	0	100	0	0	3
157	137	0	1.40855284	-12.1113201	-12.120325	-12.1833434	-12.0616641	0.0891362255	0.403833914	0	100	0	0	3
158	138	0	1.41752452	-12.1007782	-12.1210235	-12.1833434	-12.0661589	0.081778656	0.403833914	0	100	0	0	3
159	138	0	1.42649619	-12.0935856	-12.1215132	-12.1833434	-12.0793236	0.075098306	0.403833914	0	100	0	0	3
160	139	0	1.43546787	-12.081331	-12.1215491	-12.1833434	-12.081331	0.0690440491	0.403833914	0	100	0	0	3
161	140	0	1.44443954	-12.0753564	-12.1212887	-12.1833434	-12.0753564	0.0637129064	0.403833914	0	100	0	0	3
162	141	0	1.45341121	-12.0664071	-12.1206786	-12.1833434	-12.0664071	0.0588390842	0.403833914	0	100	0	0	3
163	141	0	1.46238289	-12.0640493	-12.1199396	-12.1833434	-12.0640493	0.0545752005	0.403833914	0	100	0	0	3
164	142	0	1.47135456	-12.0689346	-12.1192379	-12.1833434	-12.0640493	0.0506706816	0.403833914	0	100	0	0	3
165	143	0	1.48032624	-12.0752355	-12.1186204	-12.1833434	-12.0640493	0.0469651212	0.403833914	0	100	0	0	3
166	144	0	1.48929791	-12.0711909	-12.1179963	-12.1833434	-12.0640493	0.0433190367	0.403833914	0	100	0	0	3
167	145	0	1.49826959	-12.0623129	-12.1172934	-12.1833434	-12.0623129	0.0398128304	0.403833914	0	100	0	0	3
168	145	0	1.50724126	-12.0461798	-12.1163406	-12.1833434	-12.0461798	0.0365471029	0.403833914	0	100	0	0	3
169	146	0	1.51621293	-12.0402951	-12.1152863	-12.1833434	-12.0402951	0.0335947189	0.403833914	0	100	0	0	3
170	147	0	1.52518461	-12.0371278	-12.1141342	-12.1833434	-12.0371278	0.0310182735	0.403833914	0	100	0	0	3
171	148	0	1.53415628	-12.0462282	-12.113092	-12.1833434	-12.0371278	0.0287821534	0.403833914	0	100	0	0	3
172	149	0	1.54312796	-12.0521397	-12.1121636	-12.1833434	-12.0371278	0.0266132087	0.403833914	0	100	0	0	3
173	149	0	1.55209963	-12.0544564	-12.1113201	-12.1833434	-12.0371278	0.0266132087	0.403833914	0	100	0	0	3
174	150	0	1.5610713	-12.0549912	-12.1106252	-12.1833434	-12.0371278	0.0266132087	0.403833914	0	100	0	0	3
175	151	0	1.57004298	-12.0569654	-12.1100464	-12.1833434	-12.0371278	0.0266132087	0.403833914	0	100	0	0	3
176	152	0	1.57901465	-12.053521	-12.1094643	-12.1833434	-12.0371278	0.0266132087	0.403833914	0	100	0	0	3
177	153	0	1.58798633	-12.0512124	-12.1088962	-12.1833434	-12.0371278	0.0266132087	0.403833914	0	100	0	0	3
178	154	0	1.596958	-12.0541764	-12.1083915	-12.1833434	-12.0371278	0.0266132087	0.403833914	0	100	0	0	3
179	154	0	1.60592968	-12.0645243	-12.1079525	-12.1833434	-12.0371278	0.0266132087	0.403833914	0	100	0	0	3
180	155	0	1.61490135	-12.0734504	-12.1076427	-12.1833434	-12.0371278	0.0266132087	0.403833914	0	100	0	0	3
181	156	0	1.62387302	-12.0857307	-12.107454	-12.1833434	-12.0371278	0.0266132087	0.403833914	0	100	0	0	3
182	157	0	1.6328447	-12.0862041	-12.1072692	-12.1833434	-12.0371278	0.0266132087	0.403833914	0	100	0	0	3
183	158	0	1.64181637	-12.0829602	-12.1069685	-12.1833434	-12.0371278	0.0266132087	0.403833914	0	100	0	0	3
184	158	0	1.65078805	-12.0752749	-12.1063965	-12.1833434	-12.0371278	0.0266132087	0.403833914	0	100	0	0	3
185	159	0	1.65975972	-12.0667483	-12.1056058	-12.1833434	-12.0371278	0.0266132087	0.403833914	0	100	0	0	3
186	160	0	1.66873139	-12.0626179	-12.1046327	-12.1833434	-12.0371278	0.0266132087	0.403833914	0	100	0	0	3
187	161	0	1.67770307	-12.0608012	-12.1035253	-12.1833434	-12.0371278	0.0266132087	0.403833914	0	100	0	0	3
188	162	0	1.68667474	-12.0582843	-12.1022775	-12.1833434	-12.0371278	0.0266132087	0.403833914	0	100	0	0	3
189	162	0	1.69564642	-12.056323	-12.1008873	-12.1833434	-12.0371278	0.0266132087	0.403833914	0	100	0	0	3
190	163	0	1.70461809	-12.0574508	-12.0993848	-12.1833434	-12.0371278	0.0266127501	0.403833914	0	100	0	0	3
191	164	0	1.71358977	-12.0579984	-12.097783	-12.1833434	-12.0371278	0.0265425746	0.403833914	0	100	0	0	3
192	165	0	1.72256144	-12.0539958	-12.0960248	-12.1833434	-12.0371278	0.0262782371	0.403833914	0	100	0	0	3
193	166	0	1.73153311	-12.0480068	-12.094036	-12.1833434	-12.0371278	0.0275130438	0.403833914	0	100	0	0	3
194	166	0	1.74050479	-12.0409136	-12.0918037	-12.1833434	-12.0371278	0.0297453759	0.403833914	0	100	0	0	3
195	167	0	1.74947646	-12.038735	-12.0893557	-12.1833434	-12.0371278	0.0321933769	0.403833914	0	100	0	0	3
196	168	0	1.75844814	-12.0347223	-12.0867578	-12.1833434	-12.0347223	0.0347912916	0.403833914	0	100	0	0	3
197	169	0	1.76741981	-12.0364179	-12.0841341	-12.1767154	-12.0347223	0.0374149615	0.403833914	0	100	0	0	3
198	170	0	1.77639148	-12.035866	-12.0816189	-12.1717006	-12.0347223	0.0399301292	0.403833914	0	100	0	0	3
199	170	0	1.78536316	-12.0326127	-12.0791352	-12.1636956	-12.0326127	0.0424138417	0.403833914	0	100	0	0	3
200	171	0	1.79433483	-12.0216883	-12.0765994	-12.162584	-12.0216883	0.0449496866	0.403833914	0	100	0	0	3
201	175	0	1.80330651	-12.0160673	-12.073983	-12.1577682	-12.0160673	0.0475660558	0.403833914	0	100	0	0	3
202	176	0	1.81227818	-12.0139017	-12.071414	-12.1545496	-12.0139017	0.0501351003	0.403833914	0	100	0	0	3
203	177	0	1.82124986	-12.0156482	-12.0689336	-12.1487679	-12.0139017	0.052615483	0.403833914	0	100	0	0	3
204	178	0	1.83022153	-12.0176466	-12.0665921	-12.1434024	-12.0139017	0.0549569358	0.403833914	0	100	0	0	3
205	178	0	1.8391932	-12.0216345	-12.0644177	-12.1315672	-12.0139017	0.0571313613	0.403833914	0	100	0	0	3
206	179	0	1.84816488	-12.0306237	-12.0626151	-12.1253831	-12.0139017	0.0589339225	0.403833914	0	100	0	0	3
207	180	0	1.85713655	-12.0398461	-12.0610877	-12.1252683	-12.0139017	0.0604613679	0.403833914	0	100	0	0	3
208	181	0	1.86610823	-12.0414281	-12.0595966	-12.1252683	-12.0139017	0.0619524582	0.403833914	0	100	0	0	3
209	182	0	1.8750799	-12.041713	-12.0581045	-12.1251586	-12.0139017	0.0634445176	0.403833914	0	100	0	0	3
210	182	0	1.88405157	-12.0397933	-12.0566256	-12.1251586	-12.0139017	0.0649234612	0.403833914	0	100	0	0	3
211	183	0	1.89302325	-12.0370453	-12.0550521	-12.1184509	-12.0139017	0.0664969132	0.403833914	0	100	0	0	3
212	184	0	1.90199492	-12.0387725	-12.0536293	-12.1113201	-12.0139017	0.0679197402	0.403833914	0	100	0	0	3
213	185	0	1.9109666	-12.0402468	-12.0523602	-12.1007782	-12.0139017	0.0691889065	0.403833914	0	100	0	0	3
214	186	0	1.91993827	-12.0427392	-12.0513237	-12.0935856	-12.0139017	0.0702253178	0.403833914	0	100	0	0	3
215	186	0	1.92890995	-12.046774	-12.0504878	-12.0862041	-12.0139017	0.0710612403	0.403833914	0	100	0	0	3
216	187	0	1.93788162	-12.0516079	-12.0499571	-12.0862041	-12.0139017	0.0713316192	0.403833914	0	100	0	0	3
217	188	0	1.94685329	-12.0571211	-12.0496314	-12.0862041	-12.0139017	0.0710471525	0.403833914	0	100	0	0	3
218	189	0	1.95582497	-12.059302	-12.0495045	-12.0862041	-12.0139017	0.0704350358	0.403833914	0	100	0	0	3
219	190	0	1.96479664	-12.0662896	-12.0495446	-12.0862041	-12.0139017	0.0697333108	0.403833914	0	100	0	0	3
220	190	0	1.97376832	-12.0744999	-12.0496439	-12.0862041	-12.0139017	0.0691158179	0.403833914	0	100	0	0	3
221	191	0	1.98273999	-12.0862354	-12.0498404	-12.0862354	-12.0139017	0.0684917909	0.403833914	0	100	0	0	3
222	192	0	1.99171166	-12.0965074	-12.0502924	-12.0965074	-12.0139017	0.067788843	0.403833914	0	100	0	0	3
223	193	0	2.00068334	-12.1031843	-12.0510223	-12.1031843	-12.0139017	0.066836025	0.403833914	0	100	0	0	3
224	193	0	2.00965501	-12.1069184	-12.0521069	-12.1069184	-12.0139017	0.0657817254	0.403833914	0	100	0	0	3
225	194	0	2.01862669	-12.106549	-12.05329	-12.1069184	-12.0139017	0.0646296825	0.403833914	0	100	0	0	3
226	195	0	2.02759836	-12.1057247	-12.054515	-12.1069184	-12.0139017	0.0635874997	0.403833914	0	100	0	0	3
227	196	0	2.03657004	-12.1086876	-12.0556303	-12.1086876	-12.0139017	0.0626590791	0.403833914	0	100	0	0	3
228	197	0	2.04554171	-12.1142174	-12.0567388	-12.1142174	-12.0139017	0.0618155947	0.403833914	0	100	0	0	3
229	197	0	2.05451338	-12.1209652	-12.0579265	-12.1209652	-12.0139017	0.0611206212	0.403833914	0	100	0	0	3
230	198	0	2.06348506	-12.1334547	-12.0593276	-12.1334547	-12.0139017	0.0605418354	0.403833914	0	100	0	0	3
231	199	0	2.07245673	-12.1445341	-12.0608913	-12.1445341	-12.0139017	0.0599597988	0.403833914	0	100	0	0	3
232	200	0	2.08142841	-12.1572975	-12.0627445	-12.1572975	-12.0139017	0.0593916415	0.403833914	0	100	0	0	3
233	201	0	2.09040008	-12.175379	-12.0649618	-12.175379	-12.0139017	0.0588869485	0.403833914	0	100	0	0	3
234	201	0	2.09937175	-12.1840313	-12.0672806	-12.1840313	-12.0139017	0.0584479203	0.403833914	0	100	0	0	3
235	202	0	2.10834343	-12.1926221	-12.0695681	-12.1926221	-12.0139017	0.0581381427	0.403833914	0	100	0	0	3
236	203	0	2.1173151	-12.1969835	-12.071774	-12.1969835	-12.0139017	0.0579494183	0.403833914	0	100	0	0	3
237	204	0	2.12628678	-12.2078963	-12.0739555	-12.2078963	-12.0139017	0.0577646375	0.403833914	0	100	0	0	3
238	205	0	2.13525845	-12.2076716	-12.0761246	-12.2078963	-12.0139017	0.0574639561	0.403833914	0	100	0	0	3
239	206	0	2.14423013	-12.2099502	-12.0783923	-12.2099502	-12.0139017	0.0568919628	0.403833914	0	100	0	0	3
240	206	0	2.1532018	-12.2123033	-12.0808392	-12.2123033	-12.0139017	0.0561012421	0.403833914	0	100	0	0	3
241	207	0	2.16217347	-12.2245361	-12.0836569	-12.2245361	-12.0139017	0.0551281867	0.403833914	0	100	0	0	3
242	208	0	2.17114515	-12.2237894	-12.0865349	-12.2245361	-12.0139017	0.0540207363	0.403833914	0	100	0	0	3
243	209	0	2.18011682	-12.2283848	-12.0895275	-12.2283848	-12.0139017	0.0527729633	0.403833914	0	100	0	0	3
244	210	0	2.1890885	-12.2276206	-12.0925513	-12.2283848	-12.0139017	0.0513827375	0.403833914	0	100	0	0	3
245	210	0	2.19806017	-12.2194085	-12.0954636	-12.2283848	-12.0139017	0.0498802259	0.403833914	0	100	0	0	3
246	211	0	2.20703184	-12.2083175	-12.0981576	-12.2283848	-12.0139017	0.0486530823	0.403833914	0	100	0	0	3
247	212	0	2.21600352	-12.1992969	-12.1006808	-12.2283848	-12.0139017	0.0511762705	0.403833914	0	100	0	0	3
248	213	0	2.22497519	-12.1973956	-12.1032415	-12.2283848	-12.0139017	0.0537369805	0.403833914	0	100	0	0	3
249	214	0	2.23394687	-12.2000318	-12.1059563	-12.2283848	-12.0139017	0.0564517133	0.403833914	0	100	0	0	3
250	214	0	2.24291854	-12.2012739	-12.1088198	-12.2283848	-12.0139017	0.0593152908	0.403833914	0	100	0	0	3
251	215	0	2.25189022	-12.1945747	-12.1116027	-12.2283848	-12.0139017	0.0620981427	0.403833914	0	100	0	0	3
252	216	0	2.26086189	-12.1794722	-12.1141875	-12.2283848	-12.0139017	0.0646829622	0.403833914	0	100	0	0	3
253	217	0	2.26983356	-12.1603792	-12.1164011	-12.2283848	-12.0139017	0.0668965583	0.403833914	0	100	0	0	3
254	218	0	2.27880524	-12.1418118	-12.118293	-12.2283848	-12.0139017	0.0687884491	0.403833914	0	100	0	0	3
255	218	0	2.28777691	-12.1382903	-12.1201801	-12.2283848	-12.0139017	0.0706755503	0.403833914	0	100	0	0	3
256	219	0	2.29674859	-12.1443433	-12.1223704	-12.2283848	-12.0139017	0.0728658193	0.403833914	0	100	0	0	3
257	220	0	2.30572026	-12.1469288	-12.1247072	-12.2283848	-12.0139017	0.0752026305	0.403833914	0	100	0	0	3
258	221	0	2.31469193	-12.1436142	-12.1270235	-12.2283848	-12.0156482	0.0775189257	0.403833914	0	100	0	0	3
259	222	0	2.32366361	-12.132427	-12.1291088	-12.2283848	-12.0176466	0.0796042605	0.403833914	0	100	0	0	3
260	222	0	2.33263528	-12.1218903	-12.1309703	-12.2283848	-12.0216345	0.0814657548	0.403833914	0	100	0	0	3
261	223	0	2.34160696	-12.1139285	-12.1326184	-12.2283848	-12.0306237	0.0831138618	0.403833914	0	100	0	0	3
262	224	0	2.35057863	-12.1108074	-12.1340503	-12.2283848	-12.0370453	0.0845457128	0.403833914	0	100	0	0	3
263	225	0	2.35955031	-12.1137587	-12.1353701	-12.2283848	-12.0370453	0.0858655807	0.403833914	0	100	0	0	3
264	226	0	2.36852198	-12.1216732	-12.1368031	-12.2283848	-12.0370453	0.0872985283	0.403833914	0	100	0	0	3
265	226	0	2.37749365	-12.1204853	-12.1382097	-12.2283848	-12.0370453	0.0887051774	0.403833914	0	100	0	0	3
266	227	0	2.38646533	-12.1135397	-12.1395266	-12.2283848	-12.0370453	0.0900220781	0.403833914	0	100	0	0	3
267	228	0	2.395437	-12.1019765	-12.1406861	-12.2283848	-12.0387725	0.0911815633	0.403833914	0	100	0	0	3
268	229	0	2.40440868	-12.0893041	-12.1415885	-12.2283848	-12.0402468	0.0920839121	0.403833914	0	100	0	0	3
269	230	0	2.41338035	-12.0855344	-12.1423972	-12.2283848	-12.0427392	0.0928926205	0.403833914	0	100	0	0	3
270	230	0	2.42235202	-12.0811423	-12.1430829	-12.2283848	-12.046774	0.0935783899	0.403833914	0	100	0	0	3
271	231	0	2.4313237	-12.0846266	-12.1437589	-12.2283848	-12.0516079	0.0942543304	0.403833914	0	100	0	0	3
272	232	0	2.44029537	-12.0878113	-12.1444054	-12.2283848	-12.0571211	0.0949008187	0.403833914	0	100	0	0	3
273	233	0	2.44926705	-12.0897212	-12.1449875	-12.2283848	-12.059302	0.0954829636	0.403833914	0	100	0	0	3
274	234	0	2.45823872	-12.0871037	-12.145484	-12.2283848	-12.0662896	0.0959394165	0.403833914	0	100	0	0	3
275	234	0	2.4672104	-12.0927108	-12.1459558	-12.2283848	-12.0744999	0.096311842	0.403833914	0	100	0	0	3
276	235	0	2.47618207	-12.0947272	-12.146317	-12.2283848	-12.0811423	0.0964766165	0.403833914	0	100	0	0	3
277	236	0	2.48515374	-12.0971067	-12.1465111	-12.2283848	-12.0811423	0.0962186679	0.403833914	0	100	0	0	3
278	237	0	2.49412542	-12.098777	-12.1465516	-12.2283848	-12.0811423	0.0955293522	0.403833914	0	100	0	0	3
279	238	0	2.50309709	-12.1110168	-12.1466915	-12.2283848	-12.0811423	0.0945846022	0.403833914	0	100	0	0	3
280	238	0	2.51206877	-12.1219347	-12.1469597	-12.2283848	-12.0811423	0.093669645	0.403833914	0	100	0	0	3
281	239	0	2.52104044	-12.1352652	-12.1474724	-12.2283848	-12.0811423	0.0929574881	0.403833914	0	100	0	0	3
282	240	0	2.53001211	-12.1424871	-12.1481289	-12.2283848	-12.0811423	0.0924986124	0.403833914	0	100	0	0	3
283	241	0	2.53898379	-12.150601	-12.1488774	-12.2283848	-12.0811423	0.092138534	0.403833914	0	100	0	0	3
284	242	0	2.54795546	-12.1522816	-12.1495571	-12.2283848	-12.0811423	0.0916305948	0.403833914	0	100	0	0	3
285	242	0	2.55692714	-12.1544102	-12.1501543	-12.2283848	-12.0811423	0.0908266942	0.403833914	0	100	0	0	3
286	243	0	2.56589881	-12.153027	-12.1505038	-12.2283848	-12.0811423	0.089612474	0.403833914	0	100	0	0	3
287	244	0	2.57487049	-12.153565	-12.1506651	-12.2283848	-12.0811423	0.0879205885	0.403833914	0	100	0	0	3
288	245	0	2.58384216	-12.1487672	-12.1505128	-12.2283848	-12.0811423	0.0857033286	0.403833914	0	100	0	0	3
289	246	0	2.59281383	-12.1522269	-12.1500993	-12.2283848	-12.0811423	0.0833844899	0.403833914	0	100	0	0	3
290	246	0	2.60178551	-12.1534891	-12.1495539	-12.2283848	-12.0811423	0.0810970297	0.403833914	0	100	0	0	3
291	247	0	2.61075718	-12.1601484	-12.148974	-12.2283848	-12.0811423	0.0788910807	0.403833914	0	100	0	0	3
292	248	0	2.61972886	-12.1622195	-12.1483533	-12.2283848	-12.0811423	0.0767095533	0.403833914	0	100	0	0	3
293	249	0	2.62870053	-12.1667499	-12.1476185	-12.2283848	-12.0811423	0.0745404905	0.403833914	0	100	0	0	3
294	250	0	2.6376722	-12.1641855	-12.146842	-12.2283848	-12.0811423	0.0722728118	0.403833914	0	100	0	0	3
295	250	0	2.64664388	-12.1594742	-12.1459406	-12.2283848	-12.0811423	0.069825876	0.403833914	0	100	0	0	3
296	251	0	2.65561555	-12.1540395	-12.1449002	-12.2283848	-12.0811423	0.0670082372	0.403833914	0	100	0	0	3
297	252	0	2.66458723	-12.150049	-12.1435701	-12.2283848	-12.0811423	0.0641301739	0.403833914	0	100	0	0	3
298	253	0	2.6735589	-12.1448344	-12.1421601	-12.2283848	-12.0811423	0.0611376098	0.403833914	0	100	0	0	3
299	254	0	2.68253058	-12.1428096	-12.140632	-12.2276206	-12.0811423	0.058113748	0.403833914	0	100	0	0	3
300	254	0	2.69150225	-12.1410823	-12.1390867	-12.2194085	-12.0811423	0.0552015073	0.403833914	0	100	0	0	3
301	259	0	2.70047392	-12.1434768	-12.1377308	-12.2083175	-12.0811423	0.0525074593	0.403833914	0	100	0	0	3
302	260	0	2.7094456	-12.1467915	-12.1366321	-12.2012739	-12.0811423	0.0499842711	0.403833914	0	100	0	0	3
303	261	0	2.71841727	-12.1457509	-12.1356759	-12.2012739	-12.0811423	0.0474235611	0.403833914	0	100	0	0	3
304	261	0	2.72738895	-12.1422888	-12.1346919	-12.2012739	-12.0811423	0.0447088283	0.403833914	0	100	0	0	3
305	262	0	2.73636062	-12.1388288	-12.133599	-12.2012739	-12.0811423	0.0418452508	0.403833914	0	100	0	0	3
306	263	0	2.74533229	-12.1373084	-12.1324567	-12.1945747	-12.0811423	0.0390623989	0.403833914	0	100	0	0	3
307	264	0	2.75430397	-12.1375722	-12.1314388	-12.1794722	-12.0811423	0.0364775794	0.403833914	0	100	0	0	3
308	265	0	2.76327564	-12.1391937	-12.1307196	-12.1667499	-12.0811423	0.0342639833	0.403833914	0	100	0	0	3
309	265	0	2.77224732	-12.1368283	-12.130299	-12.1667499	-12.0811423	0.0323720925	0.403833914	0	100	0	0	3
310	266	0	2.78121899	-12.1367494	-12.1302086	-12.1667499	-12.0811423	0.0304849913	0.403833914	0	100	0	0	3
311	267	0	2.79019067	-12.1364867	-12.1301764	-12.1667499	-12.0811423	0.0282947222	0.403833914	0	100	0	0	3
312	268	0	2.79916234	-12.1398527	-12.1300962	-12.1667499	-12.0811423	0.0259579111	0.403833914	0	100	0	0	3
313	269	0	2.80813401	-12.1427863	-12.1300222	-12.1667499	-12.0811423	0.0236416159	0.403833914	0	100	0	0	3
314	269	0	2.81710569	-12.1426376	-12.1300048	-12.1667499	-12.0811423	0.0215562811	0.403833914	0	100	0	0	3
315	270	0	2.82607736	-12.1385997	-12.130115	-12.1667499	-12.0811423	0.0206602961	0.403833914	0	100	0	0	3
316	271	0	2.83504904	-12.1387819	-12.1304167	-12.1667499	-12.0811423	0.0206602961	0.403833914	0	100	0	0	3
317	272	0	2.84402071	-12.1397538	-12.1308778	-12.1667499	-12.0811423	0.0206602961	0.403833914	0	100	0	0	3
318	272	0	2.85299238	-12.1381944	-12.1313669	-12.1667499	-12.0811423	0.0206602961	0.403833914	0	100	0	0	3
319	273	0	2.86196406	-12.1354304	-12.1317539	-12.1667499	-12.0811423	0.0206602961	0.403833914	0	100	0	0	3
320	274	0	2.87093573	-12.1286473	-12.1318784	-12.1667499	-12.0811423	0.0206602961	0.403833914	0	100	0	0	3
321	275	0	2.87990741	-12.1204312	-12.1318774	-12.1667499	-12.0811423	0.0206602961	0.403833914	0	100	0	0	3
322	276	0	2.88887908	-12.1151272	-12.1319058	-12.1667499	-12.0811423	0.0206602961	0.403833914	0	100	0	0	3
323	276	0	2.89785076	-12.1121655	-12.1320877	-12.1667499	-12.0811423	0.0206602961	0.403833914	0	100	0	0	3
324	277	0	2.90682243	-12.1140596	-12.1325298	-12.1667499	-12.0811423	0.0206602961	0.403833914	0	100	0	0	3
325	278	0	2.9157941	-12.1215936	-12.1331737	-12.1667499	-12.0811423	0.0206602961	0.403833914	0	100	0	0	3
326	279	0	2.92476578	-12.1314065	-12.1340713	-12.1667499	-12.0846266	0.0206602961	0.403833914	0	100	0	0	3
327	280	0	2.93373745	-12.1328958	-12.1349332	-12.1667499	-12.0871037	0.0206602961	0.403833914	0	100	0	0	3
328	281	0	2.94270913	-12.1257567	-12.1356108	-12.1667499	-12.0871037	0.0206602961	0.403833914	0	100	0	0	3
329	281	0	2.9516808	-12.1158413	-12.1360773	-12.1667499	-12.0871037	0.0206602961	0.403833914	0	100	0	0	3
330	282	0	2.96065247	-12.1052214	-12.1364008	-12.1667499	-12.0927108	0.0206602961	0.403833914	0	100	0	0	3
331	283	0	2.96962415	-12.0894044	-12.1363418	-12.1667499	-12.0894044	0.0206602961	0.403833914	0	100	0	0	3
332	284	0	2.97859582	-12.0883762	-12.1362283	-12.1667499	-12.0883762	0.0206602961	0.403833914	0	100	0	0	3
333	285	0	2.9875675	-12.0867434	-12.1360433	-12.1667499	-12.0867434	0.0206602961	0.403833914	0	100	0	0	3
334	286	0	2.99653917	-12.0993618	-12.1360537	-12.1667499	-12.0867434	0.0206602961	0.403833914	0	100	0	0	3
335	286	0	3.00551085	-12.1034959	-12.1359194	-12.1667499	-12.0867434	0.0206602961	0.403833914	0	100	0	0	3
336	287	0	3.01448252	-12.1012937	-12.1355508	-12.1667499	-12.0867434	0.0206602961	0.403833914	0	100	0	0	3
337	288	0	3.02345419	-12.0894435	-12.1347326	-12.1667499	-12.0867434	0.0206602961	0.403833914	0	100	0	0	3
338	289	0	3.03242587	-12.0759031	-12.1335436	-12.1667499	-12.0759031	0.0206602961	0.403833914	0	100	0	0	3
339	290	0	3.04139754	-12.0574878	-12.1318809	-12.1667499	-12.0574878	0.0206602961	0.403833914	0	100	0	0	3
340	290	0	3.05036922	-12.0485906	-12.1300292	-12.1667499	-12.0485906	0.0206602961	0.403833914	0	100	0	0	3
341	291	0	3.05934089	-12.0446755	-12.1280697	-12.1667499	-12.0446755	0.0225954094	0.403833914	0	100	0	0	3
342	292	0	3.06831256	-12.0504635	-12.1262382	-12.1667499	-12.0446755	0.0244269012	0.403833914	0	100	0	0	3
343	293	0	3.07728424	-12.0535642	-12.1244525	-12.1667499	-12.0446755	0.0260603019	0.403833914	0	100	0	0	3
344	294	0	3.08625591	-12.0487407	-12.1226663	-12.1667499	-12.0446755	0.0274330604	0.403833914	0	100	0	0	3
345	294	0	3.09522759	-12.0396651	-12.1206562	-12.1667499	-12.0396651	0.0288976961	0.403833914	0	100	0	0	3
346	295	0	3.10419926	-12.0301893	-12.1184545	-12.1667499	-12.0301893	0.0305195915	0.403833914	0	100	0	0	3
347	296	0	3.11317094	-12.0257109	-12.1160538	-12.1667499	-12.0257109	0.0322994752	0.403833914	0	100	0	0	3
348	297	0	3.12214261	-12.0237516	-12.1135811	-12.1667499	-12.0237516	0.0340373591	0.403833914	0	100	0	0	3
349	298	0	3.13111428	-12.0281733	-12.1111066	-12.1641855	-12.0237516	0.0357354034	0.403833914	0	100	0	0	3
350	298	0	3.14008596	-12.0362111	-12.1088213	-12.1594742	-12.0237516	0.0371193022	0.403833914	0	100	0	0	3
351	299	0	3.14905763	-12.0481676	-12.1068337	-12.1540395	-12.0237516	0.0380664954	0.403833914	0	100	0	0	3
352	300	0	3.15802931	-12.0601926	-12.1051579	-12.150049	-12.0237516	0.0384122078	0.403833914	0	100	0	0	3
353	301	0	3.16700098	-12.0742194	-12.1038038	-12.1467915	-12.0237516	0.0383563977	0.403833914	0	100	0	0	3
354	302	0	3.17597265	-12.0802725	-12.1026509	-12.1467915	-12.0237516	0.0379811613	0.403833914	0	100	0	0	3
355	303	0	3.18494433	-12.0804261	-12.1015369	-12.1467915	-12.0237516	0.0375498256	0.403833914	0	100	0	0	3
356	304	0	3.193916	-12.0675322	-12.1002235	-12.1467915	-12.0237516	0.0375072973	0.403833914	0	100	0	0	3
357	304	0	3.20288768	-12.0606321	-12.0987441	-12.1467915	-12.0237516	0.0378879894	0.403833914	0	100	0	0	3
358	305	0	3.21185935	-12.0500892	-12.0970173	-12.1457509	-12.0237516	0.0393835153	0.403833914	0	100	0	0	3
359	307	0	3.22083103	-12.0521439	-12.0953457	-12.1427863	-12.0237516	0.0410550697	0.403833914	0	100	0	0	3
360	308	0	3.2298027	-12.0619382	-12.0939109	-12.1427863	-12.0237516	0.0424899017	0.403833914	0	100	0	0	3
361	309	0	3.23877437	-12.0734118	-12.0927427	-12.1427863	-12.0237516	0.0436580628	0.403833914	0	100	0	0	3
362	310	0	3.24774605	-12.074496	-12.0916211	-12.1427863	-12.0237516	0.0447797137	0.403833914	0	100	0	0	3
363	311	0	3.25671772	-12.0786777	-12.0905694	-12.1427863	-12.0237516	0.0458314013	0.403833914	0	100	0	0	3
364	312	0	3.2656894	-12.0817168	-12.089543	-12.1427863	-12.0237516	0.0468577748	0.403833914	0	100	0	0	3
365	313	0	3.27466107	-12.0891197	-12.0886911	-12.1427863	-12.0237516	0.0477097138	0.403833914	0	100	0	0	3
366	314	0	3.28363274	-12.093838	-12.0879248	-12.1427863	-12.0237516	0.0484759891	0.403833914	0	100	0	0	3
367	315	0	3.29260442	-12.1019615	-12.0873083	-12.1427863	-12.0237516	0.0490925113	0.403833914	0	100	0	0	3
368	316	0	3.30157609	-12.1090886	-12.0867589	-12.1427863	-12.0237516	0.0496418712	0.403833914	0	100	0	0	3
369	317	0	3.31054777	-12.1170596	-12.0862995	-12.1426376	-12.0237516	0.0501012764	0.403833914	0	100	0	0	3
370	318	0	3.31951944	-12.1186753	-12.0858716	-12.1397538	-12.0237516	0.0505291753	0.403833914	0	100	0	0	3
371	318	0	3.32849112	-12.1236719	-12.0856051	-12.1397538	-12.0237516	0.0507957429	0.403833914	0	100	0	0	3
372	319	0	3.33746279	-12.1212935	-12.0852928	-12.1397538	-12.0237516	0.0511080351	0.403833914	0	100	0	0	3
373	320	0	3.34643446	-12.1245745	-12.0850217	-12.1381944	-12.0237516	0.051379094	0.403833914	0	100	0	0	3
374	321	0	3.35540614	-12.1231874	-12.0847537	-12.1354304	-12.0237516	0.0516470758	0.403833914	0	100	0	0	3
375	322	0	3.36437781	-12.1209242	-12.0844947	-12.1328958	-12.0237516	0.0519061152	0.403833914	0	100	0	0	3
376	323	0	3.37334949	-12.1125155	-12.0842066	-12.1328958	-12.0237516	0.0521941826	0.403833914	0	100	0	0	3
377	324	0	3.38232116	-12.1090252	-12.0840029	-12.1328958	-12.0237516	0.0523978615	0.403833914	0	100	0	0	3
378	325	0	3.39129283	-12.0995525	-12.0837248	-12.1328958	-12.0237516	0.0526759806	0.403833914	0	100	0	0	3
379	325	0	3.40026451	-12.0953013	-12.0834237	-12.1328958	-12.0237516	0.0529771276	0.403833914	0	100	0	0	3
380	327	0	3.40923618	-12.0950908	-12.0830849	-12.1328958	-12.0237516	0.0533158551	0.403833914	0	100	0	0	3
381	328	0	3.41820786	-12.0966861	-12.0826402	-12.1328958	-12.0237516	0.0537606311	0.403833914	0	100	0	0	3
382	329	0	3.42717953	-12.1049361	-12.0821675	-12.1328958	-12.0237516	0.0542333166	0.403833914	0	100	0	0	3
383	329	0	3.43615121	-12.1128426	-12.0818094	-12.1257567	-12.0237516	0.0545914093	0.403833914	0	100	0	0	3
384	330	0	3.44512288	-12.1188405	-12.0816859	-12.1245745	-12.0237516	0.0547149129	0.403833914	0	100	0	0	3
385	331	0	3.45409455	-12.1180115	-12.0817246	-12.1245745	-12.0237516	0.0547149129	0.403833914	0	100	0	0	3
386	332	0	3.46306623	-12.1109624	-12.0818272	-12.1245745	-12.0237516	0.0546558697	0.403833914	0	100	0	0	3
387	333	0	3.4720379	-12.1071287	-12.0821437	-12.1245745	-12.0237516	0.0545424591	0.403833914	0	100	0	0	3
388	334	0	3.48100958	-12.0945964	-12.0822547	-12.1245745	-12.0237516	0.054367841	0.403833914	0	100	0	0	3
389	335	0	3.48998125	-12.0942187	-12.0823882	-12.1245745	-12.0237516	0.054367841	0.403833914	0	100	0	0	3
390	336	0	3.49895292	-12.0996774	-12.0823939	-12.1245745	-12.0237516	0.0542335391	0.403833914	0	100	0	0	3
391	337	0	3.5079246	-12.1087852	-12.0824883	-12.1245745	-12.0237516	0.0538649495	0.403833914	0	100	0	0	3
392	338	0	3.51689627	-12.1160473	-12.0827518	-12.1245745	-12.0237516	0.0530467062	0.403833914	0	100	0	0	3
393	339	0	3.52586795	-12.1178955	-12.0832598	-12.1245745	-12.0237516	0.0518577063	0.403833914	0	100	0	0	3
394	339	0	3.53483962	-12.1115983	-12.0838972	-12.1245745	-12.0237516	0.0501949714	0.403833914	0	100	0	0	3
395	340	0	3.5438113	-12.1094813	-12.0848257	-12.1245745	-12.0237516	0.0483433471	0.403833914	0	100	0	0	3
396	341	0	3.55278297	-12.1069486	-12.0858678	-12.1245745	-12.0237516	0.046383799	0.403833914	0	100	0	0	3
397	342	0	3.56175464	-12.1022146	-12.0868953	-12.1245745	-12.0237516	0.0445523072	0.403833914	0	100	0	0	3
398	343	0	3.57072632	-12.1110453	-12.0879771	-12.1245745	-12.0237516	0.0427665792	0.403833914	0	100	0	0	3
399	344	0	3.57969799	-12.1207657	-12.0891771	-12.1245745	-12.0237516	0.0409803913	0.403833914	0	100	0	0	3
400	345	0	3.58866967	-12.1309556	-12.0906453	-12.1309556	-12.0237516	0.038970359	0.403833914	0	100	0	0	3
401	350	0	3.59764134	-12.1329849	-12.0923117	-12.1329849	-12.0237516	0.0367685763	0.403833914	0	100	0	0	3
402	351	0	3.60661301	-12.1283072	-12.0940638	-12.1329849	-12.0237516	0.0343679058	0.403833914	0	100	0	0	3
403	352	0	3.61558469	-12.1258534	-12.0958521	-12.1329849	-12.0237516	0.0318952653	0.403833914	0	100	0	0	3
404	353	0	3.62455636	-12.1191359	-12.0975553	-12.1329849	-12.0281733	0.0294206824	0.403833914	0	100	0	0	3
405	354	0	3.63352804	-12.1186817	-12.0991716	-12.1329849	-12.0362111	0.0271354263	0.403833914	0	100	0	0	3
406	355	0	3.64249971	-12.1174268	-12.1006218	-12.1329849	-12.0481676	0.0251478092	0.403833914	0	100	0	0	3
407	356	0	3.65147139	-12.1172254	-12.101855	-12.1329849	-12.0500892	0.0234719715	0.403833914	0	100	0	0	3
408	357	0	3.66044306	-12.1192668	-12.1029099	-12.1329849	-12.0500892	0.0221178709	0.403833914	0	100	0	0	3
409	357	0	3.66941473	-12.1135491	-12.1036122	-12.1329849	-12.0500892	0.0219263508	0.403833914	0	100	0	0	3
410	358	0	3.67838641	-12.1050349	-12.1040544	-12.1329849	-12.0500892	0.0223685363	0.403833914	0	100	0	0	3
411	360	0	3.68735808	-12.0970677	-12.1043516	-12.1329849	-12.0500892	0.022665708	0.403833914	0	100	0	0	3
412	360	0	3.69632976	-12.0959203	-12.1048585	-12.1329849	-12.0500892	0.0231726382	0.403833914	0	100	0	0	3
413	361	0	3.70530143	-12.1018392	-12.1055944	-12.1329849	-12.0500892	0.0239084788	0.403833914	0	100	0	0	3
414	362	0	3.7142731	-12.1078809	-12.1066264	-12.1329849	-12.0521439	0.0249404738	0.403833914	0	100	0	0	3
415	363	0	3.72324478	-12.1095991	-12.1076523	-12.1329849	-12.0619382	0.0259664608	0.403833914	0	100	0	0	3
416	364	0	3.73221645	-12.1024109	-12.1083751	-12.1329849	-12.0734118	0.0266891872	0.403833914	0	100	0	0	3
417	365	0	3.74118813	-12.0938702	-12.1087404	-12.1329849	-12.074496	0.0270545154	0.403833914	0	100	0	0	3
418	366	0	3.7501598	-12.0790977	-12.1088226	-12.1329849	-12.0786777	0.0271366886	0.403833914	0	100	0	0	3
419	367	0	3.75913148	-12.0661801	-12.1085994	-12.1329849	-12.0661801	0.0271366886	0.403833914	0	100	0	0	3
420	368	0	3.76810315	-12.0566027	-12.1081509	-12.1329849	-12.0566027	0.0271366886	0.403833914	0	100	0	0	3
421	369	0	3.77707482	-12.053401	-12.1075131	-12.1329849	-12.053401	0.0271366886	0.403833914	0	100	0	0	3
422	370	0	3.7860465	-12.0563431	-12.1068435	-12.1329849	-12.053401	0.0271366886	0.403833914	0	100	0	0	3
423	371	0	3.79501817	-12.0605464	-12.106104	-12.1329849	-12.053401	0.0271366886	0.403833914	0	100	0	0	3
424	372	0	3.80398985	-12.067941	-12.1053692	-12.1329849	-12.053401	0.0271366886	0.403833914	0	100	0	0	3
425	372	0	3.81296152	-12.0712017	-12.1045503	-12.1329849	-12.053401	0.0271366886	0.403833914	0	100	0	0	3
426	373	0	3.82193319	-12.0682711	-12.1036502	-12.1329849	-12.053401	0.0271366886	0.403833914	0	100	0	0	3
427	374	0	3.83090487	-12.0584129	-12.1024849	-12.1329849	-12.053401	0.0271366886	0.403833914	0	100	0	0	3
428	375	0	3.83987654	-12.0456188	-12.1011336	-12.1329849	-12.0456188	0.0271366886	0.403833914	0	100	0	0	3
429	376	0	3.84884822	-12.0308249	-12.0994595	-12.1329849	-12.0308249	0.0271366886	0.403833914	0	100	0	0	3
430	377	0	3.85781989	-12.0169909	-12.0975631	-12.1329849	-12.0169909	0.0271366886	0.403833914	0	100	0	0	3
431	378	0	3.86679157	-12.0220082	-12.0957967	-12.1329849	-12.0169909	0.0271366886	0.403833914	0	100	0	0	3
432	379	0	3.87576324	-12.0321122	-12.094361	-12.1329849	-12.0169909	0.0271366886	0.403833914	0	100	0	0	3
433	380	0	3.88473491	-12.0515949	-12.0933354	-12.1329849	-12.0169909	0.0271366886	0.403833914	0	100	0	0	3
434	381	0	3.89370659	-12.0593974	-12.0926184	-12.1329849	-12.0169909	0.0271366886	0.403833914	0	100	0	0	3
435	382	0	3.90267826	-12.0643719	-12.0920661	-12.1329849	-12.0169909	0.0271366886	0.403833914	0	100	0	0	3
436	383	0	3.91164994	-12.0535922	-12.091325	-12.1329849	-12.0169909	0.0271366886	0.403833914	0	100	0	0	3
437	384	0	3.92062161	-12.0412348	-12.0903348	-12.1329849	-12.0169909	0.0271366886	0.403833914	0	100	0	0	3
438	385	0	3.92959328	-12.0299778	-12.0889963	-12.1329849	-12.0169909	0.0271366886	0.403833914	0	100	0	0	3
439	386	0	3.93856496	-12.0201131	-12.0873404	-12.1329849	-12.0169909	0.0271366886	0.403833914	0	100	0	0	3
440	387	0	3.94753663	-12.0133932	-12.0854574	-12.1329849	-12.0133932	0.0270979349	0.403833914	0	100	0	0	3
441	387	0	3.95650831	-12.0178431	-12.0836687	-12.1329849	-12.0133932	0.0269954171	0.403833914	0	100	0	0	3
442	388	0	3.96547998	-12.0247744	-12.0821296	-12.1329849	-12.0133932	0.0266929584	0.403833914	0	100	0	0	3
443	389	0	3.97445166	-12.0287717	-12.0807304	-12.1329849	-12.0133932	0.028092191	0.403833914	0	100	0	0	3
444	390	0	3.98342333	-12.0245779	-12.07948	-12.1329849	-12.0133932	0.0293425198	0.403833914	0	100	0	0	3
445	391	0	3.992395	-12.0216595	-12.0781843	-12.1329849	-12.0133932	0.0306382196	0.403833914	0	100	0	0	3
446	392	0	4.00136668	-12.0173592	-12.0767144	-12.1329849	-12.0133932	0.0321081886	0.403833914	0	100	0	0	3
