Iteration	CPUTime	PhysTime	Travels	Value	AvValue	MinValue	MaxValue	Delta	Criteria	PrevAvRefValue	Progress	CriteriaType	CriteriaVarType	CriteriaPercentage
1	6	0	0.00897167416	0.054034112	0.054034112	0.054034112	0.054034112	0	0	0	0	0	0	3
2	7	0	0.0179433483	0.0114087783	0.0327214451	0.0114087783	0.054034112	0.0213126668	0	0	0	0	0	3
3	8	0	0.0269150225	0.00607129315	0.0238380611	0.00607129315	0.054034112	0.0301960508	0	0	0	0	0	3
4	9	0	0.0358866967	0.00409254596	0.0189016824	0.00409254596	0.054034112	0.0351324296	0	0	0	0	0	3
5	10	0	0.0448583708	0.00416513875	0.0159543736	0.00409254596	0.054034112	0.0380797383	0	0	0	0	0	3
6	11	0	0.053830045	0.00385836083	0.0139383715	0.00385836083	0.054034112	0.0400957405	0	0	0	0	0	3
7	12	0	0.0628017192	0.00318099271	0.0124016031	0.00318099271	0.054034112	0.0416325089	0	0	0	0	0	3
8	13	0	0.0717733933	0.00358924357	0.0113000582	0.00318099271	0.054034112	0.0427340538	0	0	0	0	0	3
9	14	0	0.0807450675	0.00334869254	0.0104165731	0.00318099271	0.054034112	0.0436175389	0	0	0	0	0	3
10	15	0	0.0897167416	0.00414715934	0.00978963171	0.00318099271	0.054034112	0.0442444802	0	0	0	0	0	3
11	16	0	0.0986884158	0.00387971119	0.00925236621	0.00318099271	0.054034112	0.0447817457	0	0	0	0	0	3
12	17	0	0.10766009	0.00401951571	0.00881629534	0.00318099271	0.054034112	0.0452178166	0	0	0	0	0	3
13	18	0	0.116631764	0.00359402958	0.00841458259	0.00318099271	0.054034112	0.0456195294	0	0	0	0	0	3
14	19	0	0.125603438	0.00374766112	0.00808123105	0.00318099271	0.054034112	0.0459528809	0	0	0	0	0	3
15	20	0	0.134575112	0.00376935793	0.00779377284	0.00318099271	0.054034112	0.0462403391	0	0	0	0	0	3
16	21	0	0.143546787	0.00373396366	0.00754003477	0.00318099271	0.054034112	0.0464940772	0	0	0	0	0	3
17	21	0	0.152518461	0.00361394148	0.00730908811	0.00318099271	0.054034112	0.0467250239	0	0	0	0	0	3
18	22	0	0.161490135	0.00360364275	0.00710323003	0.00318099271	0.054034112	0.0469308819	0	0	0	0	0	3
19	23	0	0.170461809	0.00348138702	0.00691260671	0.00318099271	0.054034112	0.0471215052	0	0	0	0	0	3
20	24	0	0.179433483	0.00350268694	0.00674211073	0.00318099271	0.054034112	0.0472920012	0	0	0	0	0	3
21	24	0	0.188405157	0.00344488378	0.00658509992	0.00318099271	0.054034112	0.047449012	0	0	0	0	0	3
22	25	0	0.197376832	0.00362187248	0.00645040776	0.00318099271	0.054034112	0.0475837042	0	0	0	0	0	3
23	26	0	0.206348506	0.00365803521	0.00632900026	0.00318099271	0.054034112	0.0477051117	0	0	0	0	0	3
24	27	0	0.21532018	0.00374304531	0.00622125214	0.00318099271	0.054034112	0.0478128598	0	0	0	0	0	3
25	27	0	0.224291854	0.00371715752	0.00612108835	0.00318099271	0.054034112	0.0479130236	0	0	0	0	0	3
26	28	0	0.233263528	0.00375588375	0.00603011894	0.00318099271	0.054034112	0.048003993	0	0	0	0	0	3
27	29	0	0.242235202	0.00370484176	0.00594399757	0.00318099271	0.054034112	0.0480901144	0	0	0	0	0	3
28	30	0	0.251206877	0.00375741274	0.00586590525	0.00318099271	0.054034112	0.0481682067	0	0	0	0	0	3
29	31	0	0.260178551	0.00370085317	0.00579124828	0.00318099271	0.054034112	0.0482428637	0	0	0	0	0	3
30	31	0	0.269150225	0.00375185491	0.0057232685	0.00318099271	0.054034112	0.0483108435	0	0	0	0	0	3
31	32	0	0.278121899	0.00372278655	0.00565873683	0.00318099271	0.054034112	0.0483753751	0	0	0	0	0	3
32	33	0	0.287093573	0.00379824121	0.00560059634	0.00318099271	0.054034112	0.0484335156	0	0	0	0	0	3
33	34	0	0.296065247	0.00365330353	0.00554158747	0.00318099271	0.054034112	0.0484925245	0	0	0	0	0	3
34	35	0	0.305036922	0.00375490774	0.00548903806	0.00318099271	0.054034112	0.0485450739	0	0	0	0	0	3
35	36	0	0.314008596	0.00359092854	0.00543480636	0.00318099271	0.054034112	0.0485993056	0	0	0	0	0	3
36	36	0	0.32298027	0.00363004596	0.00538467413	0.00318099271	0.054034112	0.0486494378	0	0	0	0	0	3
37	37	0	0.331951944	0.00347948224	0.00533318246	0.00318099271	0.054034112	0.0487009295	0	0	0	0	0	3
38	38	0	0.340923618	0.0034741012	0.00528425927	0.00318099271	0.054034112	0.0487498527	0	0	0	0	0	3
39	39	0	0.349895292	0.00332392727	0.00523399434	0.00318099271	0.054034112	0.0488001176	0	0	0	0	0	3
40	40	0	0.358866967	0.00338686735	0.00518781617	0.00318099271	0.054034112	0.0488462958	0	0	0	0	0	3
41	41	0	0.367838641	0.00323135572	0.00514009762	0.00318099271	0.054034112	0.0488940143	0	0	0	0	0	3
42	42	0	0.376810315	0.00330748031	0.00509646388	0.00318099271	0.054034112	0.0489376481	0	0	0	0	0	3
43	42	0	0.385781989	0.00312916132	0.00505071265	0.00312916132	0.054034112	0.0489833993	0	0	0	0	0	3
44	43	0	0.394753663	0.00323694827	0.00500949074	0.00312916132	0.054034112	0.0490246212	0	0	0	0	0	3
45	44	0	0.403725337	0.00311399476	0.0049673686	0.00311399476	0.054034112	0.0490667434	0	0	0	0	0	3
46	45	0	0.412697012	0.00314511476	0.00492775439	0.00311399476	0.054034112	0.0491063576	0	0	0	0	0	3
47	46	0	0.421668686	0.00301858284	0.00488713372	0.00301858284	0.054034112	0.0491469782	0	0	0	0	0	3
48	47	0	0.43064036	0.00313179678	0.0048505642	0.00301858284	0.054034112	0.0491835478	0	0	0	0	0	3
49	47	0	0.439612034	0.00296923402	0.0048121697	0.00296923402	0.054034112	0.0492219423	0	0	0	0	0	3
50	48	0	0.448583708	0.00300276639	0.00477598164	0.00296923402	0.054034112	0.0492581303	0	0	0	0	0	3
51	49	0	0.457555382	0.00295016685	0.00474018135	0.00295016685	0.054034112	0.0492939306	0	0	0	0	0	3
52	50	0	0.466527057	0.00294654768	0.00470568839	0.00294654768	0.054034112	0.0493284236	0	0	0	0	0	3
53	51	0	0.475498731	0.00284767973	0.00467063163	0.00284767973	0.054034112	0.0493634803	0	0	0	0	0	3
54	51	0	0.484470405	0.00292585239	0.0046383209	0.00284767973	0.054034112	0.0493957911	0	0	0	0	0	3
55	52	0	0.493442079	0.00279666297	0.00460483621	0.00279666297	0.054034112	0.0494292758	0	0	0	0	0	3
56	53	0	0.502413753	0.00289744316	0.00457434705	0.00279666297	0.054034112	0.0494597649	0	0	0	0	0	3
57	54	0	0.511385427	0.00275205895	0.0036585961	0.00275205895	0.0114087783	0.00865671937	0	0	0	0	0	3
58	55	0	0.520357102	0.00281039893	0.00350505361	0.00275205895	0.00607129315	0.00331923419	0	0	0	0	0	3
59	55	0	0.529328776	0.00271489319	0.0034451179	0.00271489319	0.00416513875	0.00145024556	0	0	0	0	0	3
60	56	0	0.53830045	0.00273934349	0.00342095357	0.00271489319	0.00416513875	0.00145024556	0	0	0	0	0	3
61	57	0	0.547272124	0.00271982903	0.00339514447	0.00271489319	0.00414715934	0.00143226614	0	0	0	0	0	3
62	58	0	0.556243798	0.00264066929	0.00337339997	0.00264066929	0.00414715934	0.00150649005	0	0	0	0	0	3
63	59	0	0.565215472	0.00268900404	0.00336461446	0.00264066929	0.00414715934	0.00150649005	0	0	0	0	0	3
64	59	0	0.574187147	0.00259112583	0.00334679093	0.00259112583	0.00414715934	0.00155603351	0	0	0	0	0	3
65	60	0	0.583158821	0.00276271501	0.00333632705	0.00259112583	0.00414715934	0.00155603351	0	0	0	0	0	3
66	61	0	0.592130495	0.00252243151	0.00330731405	0.00252243151	0.00401951571	0.00149708421	0	0	0	0	0	3
67	62	0	0.601102169	0.00273981685	0.00328695879	0.00252243151	0.00401951571	0.00149708421	0	0	0	0	0	3
68	63	0	0.610073843	0.00251679159	0.00326012444	0.00251679159	0.00379824121	0.00128144962	0	0	0	0	0	3
69	63	0	0.619045517	0.00278102215	0.00324560645	0.00251679159	0.00379824121	0.00128144962	0	0	0	0	0	3
70	64	0	0.628017192	0.00252128346	0.00322370684	0.00251679159	0.00379824121	0.00128144962	0	0	0	0	0	3
71	65	0	0.636988866	0.00274416513	0.00320539983	0.00251679159	0.00379824121	0.00128144962	0	0	0	0	0	3
72	66	0	0.64596054	0.00252879829	0.00318387902	0.00251679159	0.00379824121	0.00128144962	0	0	0	0	0	3
73	67	0	0.654932214	0.00279724698	0.00316929519	0.00251679159	0.00379824121	0.00128144962	0	0	0	0	0	3
74	67	0	0.663903888	0.00252311488	0.00315000005	0.00251679159	0.00379824121	0.00128144962	0	0	0	0	0	3
75	68	0	0.672875562	0.00276691862	0.00313724168	0.00251679159	0.00379824121	0.00128144962	0	0	0	0	0	3
76	69	0	0.681847237	0.00253168433	0.00311990235	0.00251679159	0.00379824121	0.00128144962	0	0	0	0	0	3
77	70	0	0.690818911	0.00282184503	0.00310877666	0.00251679159	0.00379824121	0.00128144962	0	0	0	0	0	3
78	70	0	0.699790585	0.0025524458	0.00308967976	0.00251679159	0.00379824121	0.00128144962	0	0	0	0	0	3
79	71	0	0.708762259	0.00284435738	0.00307514979	0.00251679159	0.00379824121	0.00128144962	0	0	0	0	0	3
80	72	0	0.717733933	0.00268187347	0.0030562003	0.00251679159	0.00379824121	0.00128144962	0	0	0	0	0	3
81	73	0	0.726705607	0.0029012161	0.00304162991	0.00251679159	0.00379824121	0.00128144962	0	0	0	0	0	3
82	74	0	0.735677282	0.00269790795	0.00302273749	0.00251679159	0.00379824121	0.00128144962	0	0	0	0	0	3
83	74	0	0.744648956	0.00286687001	0.00300777371	0.00251679159	0.00379824121	0.00128144962	0	0	0	0	0	3
84	75	0	0.75362063	0.00269484258	0.00298879924	0.00251679159	0.00379824121	0.00128144962	0	0	0	0	0	3
85	76	0	0.762592304	0.00289599417	0.00297442676	0.00251679159	0.00379824121	0.00128144962	0	0	0	0	0	3
86	77	0	0.771563978	0.00266173774	0.00295496038	0.00251679159	0.00379824121	0.00128144962	0	0	0	0	0	3
87	78	0	0.780535652	0.00289049871	0.0029400981	0.00251679159	0.00379824121	0.00128144962	0	0	0	0	0	3
88	78	0	0.789507327	0.00263221198	0.00291927615	0.00251679159	0.00375490774	0.00123811615	0	0	0	0	0	3
89	79	0	0.798479001	0.00284741891	0.00290488535	0.00251679159	0.00375490774	0.00123811615	0	0	0	0	0	3
90	80	0	0.807450675	0.00268796729	0.00288583284	0.00251679159	0.00363004596	0.00111325437	0	0	0	0	0	3
91	81	0	0.816422349	0.00277327426	0.00287123187	0.00251679159	0.00363004596	0.00111325437	0	0	0	0	0	3
92	82	0	0.825394023	0.00269175283	0.00285447664	0.00251679159	0.00347948224	0.00096269065	0	0	0	0	0	3
93	82	0	0.834365697	0.00277087559	0.00284182295	0.00251679159	0.0034741012	0.000957309609	0	0	0	0	0	3
94	83	0	0.843337372	0.00267710606	0.00282759089	0.00251679159	0.00338686735	0.000870075764	0	0	0	0	0	3
95	84	0	0.852309046	0.00276868968	0.00281767594	0.00251679159	0.00338686735	0.000870075764	0	0	0	0	0	3
96	85	0	0.86128072	0.00267789905	0.00280501579	0.00251679159	0.00330748031	0.000790688723	0	0	0	0	0	3
97	86	0	0.870252394	0.00276184016	0.00279663158	0.00251679159	0.00330748031	0.000790688723	0	0	0	0	0	3
98	86	0	0.879224068	0.00268383122	0.00278549499	0.00251679159	0.00323694827	0.000720156675	0	0	0	0	0	3
99	87	0	0.888195742	0.00275500105	0.00277881356	0.00251679159	0.00323694827	0.000720156675	0	0	0	0	0	3
100	88	0	0.897167416	0.00268326856	0.00276892642	0.00251679159	0.00314511476	0.000628323165	0	0	0	0	0	3
101	92	0	0.906139091	0.00274854532	0.00276240054	0.00251679159	0.00314511476	0.000628323165	0	0	0	0	0	3
102	93	0	0.915110765	0.00268038632	0.00275410181	0.00251679159	0.00313179678	0.000615005192	0	0	0	0	0	3
103	94	0	0.924082439	0.00274232475	0.00274916863	0.00251679159	0.00313179678	0.000615005192	0	0	0	0	0	3
104	95	0	0.933054113	0.00268537572	0.00274119683	0.00251679159	0.00300276639	0.0004859748	0	0	0	0	0	3
105	96	0	0.942025787	0.0027300695	0.00273692603	0.00251679159	0.00300276639	0.0004859748	0	0	0	0	0	3
106	96	0	0.950997461	0.00269314509	0.00273139708	0.00251679159	0.00295016685	0.000433375259	0	0	0	0	0	3
107	97	0	0.959969136	0.00277646662	0.00272829529	0.00251679159	0.00294654768	0.000429756089	0	0	0	0	0	3
108	98	0	0.96894081	0.00267833572	0.00272350579	0.00251679159	0.00292585239	0.0004090608	0	0	0	0	0	3
109	99	0	0.977912484	0.0027806718	0.00272230922	0.00251679159	0.00292585239	0.0004090608	0	0	0	0	0	3
110	100	0	0.986884158	0.00271897401	0.00271861497	0.00251679159	0.0029012161	0.000384424509	0	0	0	0	0	3
111	100	0	0.995855832	0.00279241924	0.00271853919	0.00251679159	0.0029012161	0.000384424509	0	0	0	0	0	3
112	101	0	1.00482751	0.00272567853	0.00271547196	0.00251679159	0.0029012161	0.000384424509	0.000106635047	0	27.7	0	0	3
113	102	0	1.01379918	0.00280187068	0.00271636146	0.00251679159	0.0029012161	0.000384424509	0.000106635047	0	27.7	0	0	3
114	103	0	1.02277085	0.00270618867	0.00271450056	0.00251679159	0.0029012161	0.000384424509	0.000106635047	0	27.7	0	0	3
115	103	0	1.03174253	0.00279195699	0.0027158767	0.00251679159	0.0029012161	0.000384424509	0.000106635047	0	27.7	0	0	3
116	104	0	1.0407142	0.00271842612	0.00271550317	0.00251679159	0.0029012161	0.000384424509	0.000106635047	0	27.7	0	0	3
117	105	0	1.04968588	0.00275170415	0.00271607237	0.00251679159	0.0029012161	0.000384424509	0.000106635047	0	27.7	0	0	3
118	106	0	1.05865755	0.0027060747	0.00271724032	0.00251679159	0.0029012161	0.000384424509	0.000106635047	0	27.7	0	0	3
119	107	0	1.06762923	0.00278290135	0.00271891706	0.00251679159	0.0029012161	0.000384424509	0.000106635047	0	27.7	0	0	3
120	107	0	1.0766009	0.00268166964	0.00272053392	0.00251679159	0.0029012161	0.000384424509	0.000106635047	0	27.7	0	0	3
121	108	0	1.08557257	0.00277301529	0.00272071785	0.00251679159	0.0029012161	0.000384424509	0.000106635047	0	27.7	0	0	3
122	109	0	1.09454425	0.00268811823	0.00272367654	0.00251679159	0.0029012161	0.000384424509	0.000106635047	0	27.7	0	0	3
123	110	0	1.10351592	0.00278457699	0.00272447583	0.00251679159	0.0029012161	0.000384424509	0.000106635047	0	27.7	0	0	3
124	111	0	1.1124876	0.00268420104	0.00272746528	0.00252128346	0.0029012161	0.000379932642	0.000106635047	0	28	0	0	3
125	111	0	1.12145927	0.00277927161	0.00272743402	0.00252128346	0.0029012161	0.000379932642	0.000106635047	0	28	0	0	3
126	112	0	1.13043094	0.00268415593	0.00273034246	0.00252311488	0.0029012161	0.000378101221	0.000106635047	0	28.2	0	0	3
127	113	0	1.13940262	0.00277430041	0.00273088059	0.00252311488	0.0029012161	0.000378101221	0.000106635047	0	28.2	0	0	3
128	114	0	1.14837429	0.00267005352	0.00273340301	0.00252311488	0.0029012161	0.000378101221	0.000106635047	0	28.2	0	0	3
129	115	0	1.15734597	0.00279397536	0.00273334458	0.00252311488	0.0029012161	0.000378101221	0.000106635047	0	28.2	0	0	3
130	115	0	1.16631764	0.00270076573	0.00273651692	0.00253168433	0.0029012161	0.000369531772	0.000106635047	0	28.8	0	0	3
131	116	0	1.17528932	0.00276820846	0.00273653995	0.00253168433	0.0029012161	0.000369531772	0.000106635047	0	28.8	0	0	3
132	117	0	1.18426099	0.00272189528	0.00273993658	0.0025524458	0.0029012161	0.000348770301	0.000106635047	0	30.5	0	0	3
133	118	0	1.19323266	0.00281910041	0.00273988757	0.0025524458	0.0029012161	0.000348770301	0.000106635047	0	30.5	0	0	3
134	119	0	1.20220434	0.00269485181	0.00274243053	0.00263221198	0.0029012161	0.000269004118	0.000106635047	0	39.6	0	0	3
135	119	0	1.21117601	0.00283586866	0.00274227895	0.00263221198	0.0029012161	0.000269004118	0.000106635047	0	39.6	0	0	3
136	120	0	1.22014769	0.00274885679	0.00274347508	0.00263221198	0.0029012161	0.000269004118	0.000106635047	0	39.6	0	0	3
137	121	0	1.22911936	0.00284502862	0.00274247173	0.00263221198	0.00289599417	0.000263782182	0.000106635047	0	40.4	0	0	3
138	122	0	1.23809103	0.00276276987	0.00274362998	0.00263221198	0.00289599417	0.000263782182	0.000106635047	0	40.4	0	0	3
139	122	0	1.24706271	0.00286247274	0.00274355146	0.00263221198	0.00289599417	0.000263782182	0.000106635047	0	40.4	0	0	3
140	123	0	1.25603438	0.00278659109	0.00274518982	0.00263221198	0.00289599417	0.000259926201	0.000106635047	0	41	0	0	3
141	124	0	1.26500606	0.00288440601	0.00274498289	0.00263221198	0.00289049871	0.000240459823	0.000106635047	0	44.3	0	0	3
142	125	0	1.27397773	0.00279811349	0.00274741817	0.00263221198	0.00289049871	0.00022559754	0.000106635047	0	47.2	0	0	3
143	126	0	1.28294941	0.0028928651	0.00274746043	0.00263221198	0.0028928651	0.00020477559	0.000106635047	0	52	0	0	3
144	126	0	1.29192108	0.00281186101	0.00275066845	0.00267005352	0.0028928651	0.000190384793	0.000106635047	0	56	0	0	3
145	127	0	1.30089275	0.00289258927	0.00275147506	0.00267005352	0.0028928651	0.000171332285	0.000106635047	0	62.2	0	0	3
146	128	0	1.30986443	0.00280878121	0.00275363245	0.00267005352	0.0028928651	0.000156731316	0.000106635047	0	68	0	0	3
147	129	0	1.3188361	0.00289050739	0.0027557259	0.00267005352	0.0028928651	0.000139976081	0.000106635047	0	76.1	0	0	3
148	130	0	1.32780778	0.00283995738	0.00275837241	0.00267005352	0.0028928651	0.000127322391	0.000106635047	0	83.7	0	0	3
149	130	0	1.33677945	0.00285560763	0.00275988548	0.00267005352	0.0028928651	0.000113090335	0.000106635047	0	94.2	0	0	3
150	131	0	1.34575112	0.00283542132	0.00276271254	0.00267005352	0.0028928651	0.000103175378	0.000106635047	0	100	0	0	3
151	132	0	1.3547228	0.00284682348	0.00276410779	0.00267005352	0.0028928651	9.05152299e-05	0.000106635047	0	100	0	0	3
152	133	0	1.36369447	0.00277117673	0.00276577346	0.00267005352	0.0028928651	8.21310235e-05	0.000106635047	0	100	0	0	3
153	134	0	1.37266615	0.00286485855	0.00276761307	0.00267005352	0.0028928651	7.09944326e-05	0.000106635047	0	100	0	0	3
154	134	0	1.38163782	0.00275481659	0.00276888067	0.00267005352	0.0028928651	6.43129993e-05	0.000106635047	0	100	0	0	3
155	135	0	1.3906095	0.00283783433	0.00277035984	0.00267005352	0.0028928651	5.58592779e-05	0.000106635047	0	100	0	0	3
156	136	0	1.39958117	0.00277487745	0.00277199571	0.00267005352	0.0028928651	5.74951508e-05	0.000106635047	0	100	0	0	3
157	137	0	1.40855284	0.0028591749	0.00277397124	0.00267005352	0.0028928651	5.9470679e-05	0.000106635047	0	100	0	0	3
158	138	0	1.41752452	0.00272690104	0.00277480186	0.00267005352	0.0028928651	6.03012991e-05	0.000106635047	0	100	0	0	3
159	138	0	1.42649619	0.00280710079	0.00277595857	0.00267005352	0.0028928651	6.14580142e-05	0.000106635047	0	100	0	0	3
160	139	0	1.43546787	0.00273064826	0.00277676701	0.00267005352	0.0028928651	6.22664525e-05	0.000106635047	0	100	0	0	3
161	140	0	1.44443954	0.00281296487	0.00277824728	0.00267005352	0.0028928651	6.37467269e-05	0.000106635047	0	100	0	0	3
162	141	0	1.45341121	0.00268806514	0.00277815657	0.00267005352	0.0028928651	6.37467269e-05	0.000106635047	0	100	0	0	3
163	141	0	1.46238289	0.00280317403	0.00277863349	0.00267005352	0.0028928651	6.41329315e-05	0.000106635047	0	100	0	0	3
164	142	0	1.47135456	0.00270166239	0.00277905004	0.00267005352	0.0028928651	6.45494791e-05	0.000106635047	0	100	0	0	3
165	143	0	1.48032624	0.00280976076	0.00277956948	0.00267005352	0.0028928651	6.50689249e-05	0.000106635047	0	100	0	0	3
166	144	0	1.48929791	0.0027187623	0.0027795657	0.00267005352	0.0028928651	6.50689249e-05	0.000106635047	0	100	0	0	3
167	145	0	1.49826959	0.00278619392	0.00277945454	0.00267005352	0.0028928651	6.50689249e-05	0.000106635047	0	100	0	0	3
168	145	0	1.50724126	0.0026928947	0.00277886911	0.00267005352	0.0028928651	6.50689249e-05	0.000106635047	0	100	0	0	3
169	146	0	1.51621293	0.00277651758	0.00277841638	0.00267005352	0.0028928651	6.50689249e-05	0.000106635047	0	100	0	0	3
170	147	0	1.52518461	0.00269216054	0.00277816587	0.00267005352	0.0028928651	6.40663101e-05	0.000106635047	0	100	0	0	3
171	148	0	1.53415628	0.00279432358	0.00277820813	0.00267005352	0.0028928651	6.40663101e-05	0.000106635047	0	100	0	0	3
172	149	0	1.54312796	0.00272381353	0.00277830434	0.00267005352	0.0028928651	6.34971115e-05	0.000106635047	0	100	0	0	3
173	149	0	1.55209963	0.00280658833	0.00277928441	0.00267005352	0.0028928651	6.23291578e-05	0.000106635047	0	100	0	0	3
174	150	0	1.5610713	0.00273351262	0.00277977438	0.00267005352	0.0028928651	6.08573132e-05	0.000106635047	0	100	0	0	3
175	151	0	1.57004298	0.00281807759	0.00278040252	0.00267005352	0.0028928651	5.98686066e-05	0.000106635047	0	100	0	0	3
176	152	0	1.57901465	0.00272393213	0.00278115721	0.00267005352	0.0028928651	6.04393603e-05	0.000106635047	0	100	0	0	3
177	153	0	1.58798633	0.00280794399	0.00278178094	0.00267005352	0.0028928651	5.81043957e-05	0.000106635047	0	100	0	0	3
178	154	0	1.596958	0.00279446511	0.00278367999	0.00267005352	0.0028928651	5.92041589e-05	0.000106635047	0	100	0	0	3
179	154	0	1.60592968	0.00274254466	0.00278292941	0.00267005352	0.0028928651	5.62459641e-05	0.000106635047	0	100	0	0	3
180	155	0	1.61490135	0.00289021282	0.00278660819	0.00267005352	0.0028928651	5.91741686e-05	0.000106635047	0	100	0	0	3
181	156	0	1.62387302	0.00275494732	0.00278617383	0.00267005352	0.0028928651	5.62657316e-05	0.000106635047	0	100	0	0	3
182	157	0	1.6328447	0.00290667557	0.0027901474	0.00267005352	0.00290667557	5.9266804e-05	0.000106635047	0	100	0	0	3
183	158	0	1.64181637	0.0027637383	0.00278995879	0.00267005352	0.00290667557	5.6802811e-05	0.000106635047	0	100	0	0	3
184	158	0	1.65078805	0.0028876957	0.00279384525	0.00268806514	0.00290667557	6.05006694e-05	0.000106635047	0	100	0	0	3
185	159	0	1.65975972	0.00274692881	0.00279300514	0.00268806514	0.00290667557	5.73283328e-05	0.000106635047	0	100	0	0	3
186	160	0	1.66873139	0.00287594403	0.00279613332	0.00268806514	0.00290667557	5.95933671e-05	0.000106635047	0	100	0	0	3
187	161	0	1.67770307	0.00273453007	0.00279553192	0.00268806514	0.00290667557	5.62457539e-05	0.000106635047	0	100	0	0	3
188	162	0	1.68667474	0.00287259373	0.00279822296	0.00268806514	0.00290667557	5.83353979e-05	0.000106635047	0	100	0	0	3
189	162	0	1.69564642	0.00275837347	0.00279713856	0.00268806514	0.00290667557	5.59440177e-05	0.000106635047	0	100	0	0	3
190	163	0	1.70461809	0.00287513239	0.00280035785	0.00268806514	0.00290667557	5.80789042e-05	0.000106635047	0	100	0	0	3
191	164	0	1.71358977	0.00275473952	0.00279890912	0.00268806514	0.00290667557	5.78861213e-05	0.000106635047	0	100	0	0	3
192	165	0	1.72256144	0.00287873727	0.00280122841	0.00268806514	0.00290667557	5.87566808e-05	0.000106635047	0	100	0	0	3
193	166	0	1.73153311	0.00274265059	0.00279940023	0.00268806514	0.00290667557	5.7676955e-05	0.000106635047	0	100	0	0	3
194	166	0	1.74050479	0.00285069201	0.00280097027	0.00268806514	0.00290667557	5.7676955e-05	0.000106635047	0	100	0	0	3
195	167	0	1.74947646	0.00272452571	0.00279850693	0.00268806514	0.00290667557	5.62455202e-05	0.000106635047	0	100	0	0	3
196	168	0	1.75844814	0.00281813443	0.0027990702	0.00268806514	0.00290667557	5.62455202e-05	0.000106635047	0	100	0	0	3
197	169	0	1.76741981	0.00270296439	0.00279583018	0.00268806514	0.00290667557	5.3810239e-05	0.000106635047	0	100	0	0	3
198	170	0	1.77639148	0.00280303126	0.00279591799	0.00268806514	0.00290667557	5.3767982e-05	0.000106635047	0	100	0	0	3
199	170	0	1.78536316	0.00269129622	0.00279231855	0.00268806514	0.00290667557	5.05599637e-05	0.000106635047	0	100	0	0	3
200	171	0	1.79433483	0.00279820153	0.00279207463	0.00268806514	0.00290667557	4.97533501e-05	0.000106635047	0	100	0	0	3
201	175	0	1.80330651	0.00271213988	0.00278885232	0.00268806514	0.00290667557	4.75959587e-05	0.000106635047	0	100	0	0	3
202	176	0	1.81227818	0.00268774108	0.00278669089	0.00268774108	0.00290667557	4.550251e-05	0.000106635047	0	100	0	0	3
203	177	0	1.82124986	0.00278549122	0.0027848156	0.00268774108	0.00290667557	4.28560002e-05	0.000106635047	0	100	0	0	3
204	178	0	1.83022153	0.00266979831	0.00278177704	0.00266979831	0.00290667557	4.13429281e-05	0.000106635047	0	100	0	0	3
205	178	0	1.8391932	0.00279129021	0.00278062852	0.00266979831	0.00290667557	3.851587e-05	0.000106635047	0	100	0	0	3
206	179	0	1.84816488	0.00268824262	0.00277800033	0.00266979831	0.00290667557	3.71206236e-05	0.000106635047	0	100	0	0	3
207	180	0	1.85713655	0.00279138061	0.00277701028	0.00266979831	0.00290667557	3.54549508e-05	0.000106635047	0	100	0	0	3
208	181	0	1.86610823	0.00269005499	0.00277556167	0.00266979831	0.00290667557	3.36153368e-05	0.000106635047	0	100	0	0	3
209	182	0	1.8750799	0.00277751609	0.00277400199	0.00266979831	0.00290667557	3.2347741e-05	0.000106635047	0	100	0	0	3
210	182	0	1.88405157	0.00267706734	0.00277261361	0.00266979831	0.00290667557	3.08685753e-05	0.000106635047	0	100	0	0	3
211	183	0	1.89302325	0.00276546233	0.00277132125	0.00266979831	0.00290667557	2.99071601e-05	0.000106635047	0	100	0	0	3
212	184	0	1.90199492	0.0026767713	0.00276956936	0.00266979831	0.00290667557	3.16590556e-05	0.000106635047	0	100	0	0	3
213	185	0	1.9109666	0.0027706543	0.00276798863	0.00266979831	0.00290667557	3.32397807e-05	0.000106635047	0	100	0	0	3
214	186	0	1.91993827	0.00269199399	0.00276736529	0.00266979831	0.00290667557	3.38631209e-05	0.000106635047	0	100	0	0	3
215	186	0	1.92890995	0.00277403969	0.00276677491	0.00266979831	0.00290667557	3.44534977e-05	0.000106635047	0	100	0	0	3
216	187	0	1.93788162	0.00269669565	0.00276616862	0.00266979831	0.00290667557	3.50597943e-05	0.000106635047	0	100	0	0	3
217	188	0	1.94685329	0.00278242704	0.0027656233	0.00266979831	0.00290667557	3.56051127e-05	0.000106635047	0	100	0	0	3
218	189	0	1.95582497	0.00268492069	0.00276556715	0.00266979831	0.00290667557	3.56612635e-05	0.000106635047	0	100	0	0	3
219	190	0	1.96479664	0.00277035747	0.00276498114	0.00266979831	0.00290667557	3.62472735e-05	0.000106635047	0	100	0	0	3
220	190	0	1.97376832	0.00268763677	0.00276473068	0.00266979831	0.00290667557	3.64977309e-05	0.000106635047	0	100	0	0	3
221	191	0	1.98273999	0.00278155279	0.00276422697	0.00266979831	0.00290667557	3.70014447e-05	0.000106635047	0	100	0	0	3
222	192	0	1.99171166	0.00271084318	0.00276408555	0.00266979831	0.00290667557	3.71428575e-05	0.000106635047	0	100	0	0	3
223	193	0	2.00068334	0.00279112623	0.00276417363	0.00266979831	0.00290667557	3.71428575e-05	0.000106635047	0	100	0	0	3
224	193	0	2.00965501	0.00272166862	0.00276468745	0.00266979831	0.00290667557	3.71428575e-05	0.000106635047	0	100	0	0	3
225	194	0	2.01862669	0.00280499565	0.00276519599	0.00266979831	0.00290667557	3.71428575e-05	0.000106635047	0	100	0	0	3
226	195	0	2.02759836	0.00271237658	0.00276555699	0.00266979831	0.00290667557	3.71428575e-05	0.000106635047	0	100	0	0	3
227	196	0	2.03657004	0.00279294025	0.00276553229	0.00266979831	0.00290667557	3.71428575e-05	0.000106635047	0	100	0	0	3
228	197	0	2.04554171	0.0027213959	0.00276548911	0.00266979831	0.00290667557	3.71428575e-05	0.000106635047	0	100	0	0	3
229	197	0	2.05451338	0.00280126829	0.00276539411	0.00266979831	0.00290667557	3.71428575e-05	0.000106635047	0	100	0	0	3
230	198	0	2.06348506	0.00274364279	0.00276557501	0.00266979831	0.00290667557	3.71428575e-05	0.000106635047	0	100	0	0	3
231	199	0	2.07245673	0.00281391877	0.00276550074	0.00266979831	0.00290667557	3.71428575e-05	0.000106635047	0	100	0	0	3
232	200	0	2.08142841	0.00275975416	0.00276614042	0.00266979831	0.00290667557	3.71428575e-05	0.000106635047	0	100	0	0	3
233	201	0	2.09040008	0.00286949407	0.00276723953	0.00266979831	0.00290667557	3.71428575e-05	0.000106635047	0	100	0	0	3
234	201	0	2.09937175	0.00275993511	0.00276662292	0.00266979831	0.00290667557	3.71428575e-05	0.000106635047	0	100	0	0	3
235	202	0	2.10834343	0.00291001867	0.00276961353	0.00266979831	0.00291001867	3.71428575e-05	0.000106635047	0	100	0	0	3
236	203	0	2.1173151	0.00278511278	0.00276773675	0.00266979831	0.00291001867	3.71428575e-05	0.000106635047	0	100	0	0	3
237	204	0	2.12628678	0.00289736853	0.00277027998	0.00266979831	0.00291001867	3.71428575e-05	0.000106635047	0	100	0	0	3
238	205	0	2.13525845	0.00286132237	0.0027694701	0.00266979831	0.00291001867	3.71428575e-05	0.000106635047	0	100	0	0	3
239	206	0	2.14423013	0.00289929906	0.00277189083	0.00266979831	0.00291001867	3.71428575e-05	0.000106635047	0	100	0	0	3
240	206	0	2.1532018	0.00287133373	0.00277159865	0.00266979831	0.00291001867	3.71428575e-05	0.000106635047	0	100	0	0	3
241	207	0	2.16217347	0.00296087316	0.00277541909	0.00266979831	0.00296087316	3.71428575e-05	0.000106635047	0	100	0	0	3
242	208	0	2.17114515	0.00283112176	0.00277461869	0.00266979831	0.00296087316	3.71428575e-05	0.000106635047	0	100	0	0	3
243	209	0	2.18011682	0.00298386426	0.00277907109	0.00266979831	0.00298386426	3.71428575e-05	0.000106635047	0	100	0	0	3
244	210	0	2.1890885	0.00285035615	0.00277867399	0.00266979831	0.00298386426	3.71428575e-05	0.000106635047	0	100	0	0	3
245	210	0	2.19806017	0.00294247849	0.00278196158	0.00266979831	0.00298386426	3.71428575e-05	0.000106635047	0	100	0	0	3
246	211	0	2.20703184	0.00289591504	0.0027823327	0.00266979831	0.00298386426	3.71428575e-05	0.000106635047	0	100	0	0	3
247	212	0	2.21600352	0.00292977066	0.00278545825	0.00266979831	0.00298386426	3.71428575e-05	0.000106635047	0	100	0	0	3
248	213	0	2.22497519	0.00292339146	0.00278625565	0.00266979831	0.00298386426	3.68847167e-05	0.000106635047	0	100	0	0	3
249	214	0	2.23394687	0.00294166907	0.00278980955	0.00266979831	0.00298386426	3.68847167e-05	0.000106635047	0	100	0	0	3
250	214	0	2.24291854	0.00286563112	0.00279007632	0.00266979831	0.00298386426	3.49846507e-05	0.000106635047	0	100	0	0	3
251	215	0	2.25189022	0.0029678713	0.00279442178	0.00266979831	0.00298386426	3.49846507e-05	0.000106635047	0	100	0	0	3
252	216	0	2.26086189	0.00284549781	0.00279491041	0.00266979831	0.00298386426	3.18324392e-05	0.000106635047	0	100	0	0	3
253	217	0	2.26983356	0.0029124686	0.00279865155	0.00266979831	0.00298386426	3.45660006e-05	0.000106635047	0	100	0	0	3
254	218	0	2.27880524	0.00281552707	0.00279887469	0.00266979831	0.00298386426	3.47891401e-05	0.000106635047	0	100	0	0	3
255	218	0	2.28777691	0.00291298302	0.00280283339	0.00266979831	0.00298386426	3.87478331e-05	0.000106635047	0	100	0	0	3
256	219	0	2.29674859	0.00281559323	0.00280314395	0.00266979831	0.00298386426	3.9058399e-05	0.000106635047	0	100	0	0	3
257	220	0	2.30572026	0.00291644818	0.00280679231	0.00266979831	0.00298386426	4.27067616e-05	0.000106635047	0	100	0	0	3
258	221	0	2.31469193	0.00282522739	0.00280924743	0.00266979831	0.00298386426	4.51618741e-05	0.000106635047	0	100	0	0	3
259	222	0	2.32366361	0.00290117538	0.00281131322	0.00266979831	0.00298386426	4.72276627e-05	0.000106635047	0	100	0	0	3
260	222	0	2.33263528	0.00280412739	0.00281371195	0.0026767713	0.00298386426	4.96263962e-05	0.000106635047	0	100	0	0	3
261	223	0	2.34160696	0.00286885594	0.00281509705	0.0026767713	0.00298386426	5.10114985e-05	0.000106635047	0	100	0	0	3
262	224	0	2.35057863	0.00278489179	0.00281682293	0.0026767713	0.00298386426	5.27373766e-05	0.000106635047	0	100	0	0	3
263	225	0	2.35955031	0.00286316161	0.00281810473	0.0026767713	0.00298386426	5.40191801e-05	0.000106635047	0	100	0	0	3
264	226	0	2.36852198	0.00280041179	0.00282007539	0.0026767713	0.00298386426	5.5989837e-05	0.000106635047	0	100	0	0	3
265	226	0	2.37749365	0.00286854583	0.00282170092	0.0026767713	0.00298386426	5.7615368e-05	0.000106635047	0	100	0	0	3
266	227	0	2.38646533	0.00278810592	0.00282368375	0.0026767713	0.00298386426	5.95981997e-05	0.000106635047	0	100	0	0	3
267	228	0	2.395437	0.00286006418	0.00282537307	0.0026767713	0.00298386426	6.12875185e-05	0.000106635047	0	100	0	0	3
268	229	0	2.40440868	0.00279339318	0.00282745561	0.00268492069	0.00298386426	6.3370052e-05	0.000106635047	0	100	0	0	3
269	230	0	2.41338035	0.00284498232	0.00282878289	0.00268492069	0.00298386426	6.46973382e-05	0.000106635047	0	100	0	0	3
270	230	0	2.42235202	0.00276889515	0.00283015613	0.00268492069	0.00298386426	6.60705733e-05	0.000106635047	0	100	0	0	3
271	231	0	2.4313237	0.00283836322	0.00283130476	0.00268492069	0.00298386426	6.72192076e-05	0.000106635047	0	100	0	0	3
272	232	0	2.44029537	0.00283540862	0.00283378178	0.00268492069	0.00298386426	6.96962248e-05	0.000106635047	0	100	0	0	3
273	233	0	2.44926705	0.00276272242	0.00283342991	0.00268492069	0.00298386426	6.96962248e-05	0.000106635047	0	100	0	0	3
274	234	0	2.45823872	0.00290579218	0.00283737404	0.00268763677	0.00298386426	7.32884902e-05	0.000106635047	0	100	0	0	3
275	234	0	2.4672104	0.00280045493	0.0028379115	0.00268763677	0.00298386426	7.38259449e-05	0.000106635047	0	100	0	0	3
276	235	0	2.47618207	0.00282738181	0.00284040695	0.00271084318	0.00298386426	7.6321392e-05	0.000106635047	0	100	0	0	3
277	236	0	2.48515374	0.00288291488	0.00284221698	0.00271084318	0.00298386426	7.81314293e-05	0.000106635047	0	100	0	0	3
278	237	0	2.49412542	0.00284794253	0.00284466519	0.00271237658	0.00298386426	8.04915549e-05	0.000106635047	0	100	0	0	3
279	238	0	2.50309709	0.00281673223	0.00284512244	0.00271237658	0.00298386426	8.0434985e-05	0.000106635047	0	100	0	0	3
280	238	0	2.51206877	0.00295547927	0.00284929763	0.00271237658	0.00298386426	8.41016382e-05	0.000106635047	0	100	0	0	3
281	239	0	2.52104044	0.0028850572	0.0028507273	0.00271237658	0.00298386426	8.53331832e-05	0.000106635047	0	100	0	0	3
282	240	0	2.53001211	0.00296103855	0.00285516769	0.0027213959	0.00298386426	8.97735756e-05	0.000106635047	0	100	0	0	3
283	241	0	2.53898379	0.00292071339	0.00285744935	0.0027213959	0.00298386426	9.20552387e-05	0.000106635047	0	100	0	0	3
284	242	0	2.54795546	0.00305406539	0.00286338988	0.00274364279	0.00305406539	9.79957654e-05	0.000106635047	0	100	0	0	3
285	242	0	2.55692714	0.00292437251	0.00286558817	0.00274364279	0.00305406539	0.000100087424	0.000106635047	0	100	0	0	3
286	243	0	2.56589881	0.00305123064	0.00287108081	0.00275975416	0.00305406539	0.000105580064	0.000106635047	0	100	0	0	3
287	244	0	2.57487049	0.00293964766	0.00287332597	0.00275975416	0.00305406539	0.000107185544	0.000106635047	0	99.4	0	0	3
288	245	0	2.58384216	0.0030575721	0.00287864414	0.00275993511	0.0030575721	0.00011202122	0.000106635047	0	95.1	0	0	3
289	246	0	2.59281383	0.00293660003	0.00287984247	0.00275993511	0.0030575721	0.00011321954	0.000106635047	0	94.1	0	0	3
290	246	0	2.60178551	0.00305777555	0.00288516104	0.00276272242	0.00305777555	0.000117424299	0.000106635047	0	90.8	0	0	3
291	247	0	2.61075718	0.00292529808	0.00288543389	0.00276272242	0.00305777555	0.000117697146	0.000106635047	0	90.6	0	0	3
292	248	0	2.61972886	0.00305819789	0.00289031041	0.00276272242	0.00305819789	0.000120840308	0.000106635047	0	88.2	0	0	3
293	249	0	2.62870053	0.0029527871	0.00289130003	0.00276272242	0.00305819789	0.000121829925	0.000106635047	0	87.5	0	0	3
294	250	0	2.6376722	0.00304639867	0.00289460496	0.00276272242	0.00305819789	0.00012300631	0.000106635047	0	86.6	0	0	3
295	250	0	2.64664388	0.00295018958	0.00289551372	0.00276272242	0.00305819789	0.000123915069	0.000106635047	0	86	0	0	3
296	251	0	2.65561555	0.00303334294	0.00289840674	0.00276272242	0.00305819789	0.000123788053	0.000106635047	0	86.1	0	0	3
297	252	0	2.66458723	0.00293118691	0.00289787663	0.00276272242	0.00305819789	0.000123788053	0.000106635047	0	86.1	0	0	3
298	253	0	2.6735589	0.00302483235	0.00290133575	0.00276272242	0.00305819789	0.000122661762	0.000106635047	0	86.9	0	0	3
299	254	0	2.68253058	0.00290784333	0.00289997823	0.00276272242	0.00305819789	0.000122661762	0.000106635047	0	86.9	0	0	3
300	254	0	2.69150225	0.00301369539	0.002902895	0.00276272242	0.00305819789	0.000120933428	0.000106635047	0	88.1	0	0	3
301	259	0	2.70047392	0.00290634029	0.00290224968	0.00276272242	0.00305819789	0.00012056231	0.000106635047	0	88.4	0	0	3
302	260	0	2.7094456	0.00298324761	0.00290380919	0.00276272242	0.00305819789	0.000118350939	0.000106635047	0	90.1	0	0	3
303	261	0	2.71841727	0.00294317953	0.00290404863	0.00276272242	0.00305819789	0.000117792986	0.000106635047	0	90.5	0	0	3
304	261	0	2.72738895	0.00291497215	0.00290389829	0.00276272242	0.00305819789	0.000114239085	0.000106635047	0	93.3	0	0	3
305	262	0	2.73636062	0.00299577738	0.00290486451	0.00276272242	0.00305819789	0.00011478819	0.000106635047	0	92.8	0	0	3
306	263	0	2.74533229	0.00285484887	0.00290467197	0.00276272242	0.00305819789	0.000110442733	0.000106635047	0	96.5	0	0	3
307	264	0	2.75430397	0.00296949251	0.00290470092	0.00276272242	0.00305819789	0.000109954101	0.000106635047	0	96.9	0	0	3
308	265	0	2.76327564	0.00287753539	0.00290527302	0.00276272242	0.00305819789	0.000106621464	0.000106635047	0	100	0	0	3
309	265	0	2.77224732	0.00294553129	0.00290586342	0.00276272242	0.00305819789	0.00010698873	0.000106635047	0	99.6	0	0	3
310	266	0	2.78121899	0.00286805586	0.00290680144	0.00276272242	0.00305819789	0.000103968051	0.000106635047	0	100	0	0	3
311	267	0	2.79019067	0.00293204745	0.00290714187	0.00276272242	0.00305819789	0.000103997921	0.000106635047	0	100	0	0	3
312	268	0	2.79916234	0.00286059995	0.00290794557	0.00276272242	0.00305819789	0.00010115325	0.000106635047	0	100	0	0	3
313	269	0	2.80813401	0.00292758238	0.00290814439	0.00276272242	0.00305819789	9.88969628e-05	0.000106635047	0	100	0	0	3
314	269	0	2.81710569	0.00283932744	0.00290839618	0.00276272242	0.00305819789	9.70829609e-05	0.000106635047	0	100	0	0	3
315	270	0	2.82607736	0.00290976156	0.0029085495	0.00276272242	0.00305819789	9.4837552e-05	0.000106635047	0	100	0	0	3
316	271	0	2.83504904	0.00288767559	0.00291004143	0.00276272242	0.00305819789	9.49443819e-05	0.000106635047	0	100	0	0	3
317	272	0	2.84402071	0.00283390473	0.00290941731	0.00276272242	0.00305819789	9.32185039e-05	0.000106635047	0	100	0	0	3
318	272	0	2.85299238	0.00296256878	0.00291259011	0.00276272242	0.00305819789	9.44853751e-05	0.000106635047	0	100	0	0	3
319	273	0	2.86196406	0.00282669314	0.00291193889	0.00276272242	0.00305819789	9.25147181e-05	0.000106635047	0	100	0	0	3
320	274	0	2.87093573	0.00294994079	0.00291460905	0.00276272242	0.00305819789	9.29081255e-05	0.000106635047	0	100	0	0	3
321	275	0	2.87990741	0.0028082002	0.00291353145	0.00276272242	0.00305819789	9.09252938e-05	0.000106635047	0	100	0	0	3
322	276	0	2.88887908	0.00292478523	0.00291597215	0.00276272242	0.00305819789	9.05990765e-05	0.000106635047	0	100	0	0	3
323	276	0	2.89785076	0.00280362373	0.00291496428	0.00276272242	0.00305819789	8.8516543e-05	0.000106635047	0	100	0	0	3
324	277	0	2.90682243	0.00292624194	0.00291733658	0.00276272242	0.00305819789	8.85536909e-05	0.000106635047	0	100	0	0	3
325	278	0	2.9157941	0.00280732839	0.00291666419	0.00276272242	0.00305819789	8.71804558e-05	0.000106635047	0	100	0	0	3
326	279	0	2.92476578	0.00292681725	0.00291948423	0.00276272242	0.00305819789	8.81794673e-05	0.000106635047	0	100	0	0	3
327	280	0	2.93373745	0.00281065303	0.0029189894	0.00276272242	0.00305819789	8.60543183e-05	0.000106635047	0	100	0	0	3
328	281	0	2.94270913	0.0029132695	0.00292037978	0.00276272242	0.00305819789	8.69498664e-05	0.000106635047	0	100	0	0	3
329	281	0	2.9516808	0.00283660381	0.00292169909	0.00280045493	0.00305819789	8.43250434e-05	0.000106635047	0	100	0	0	3
330	282	0	2.96065247	0.00281270961	0.0029200369	0.00280045493	0.00305819789	8.37875887e-05	0.000106635047	0	100	0	0	3
331	283	0	2.96962415	0.00289219741	0.00292167516	0.00280362373	0.00305819789	8.12921416e-05	0.000106635047	0	100	0	0	3
332	284	0	2.97859582	0.00277324662	0.00292070846	0.00277324662	0.00305819789	7.94821043e-05	0.000106635047	0	100	0	0	3
333	285	0	2.9875675	0.00288556308	0.00292075575	0.00277324662	0.00305819789	7.70339017e-05	0.000106635047	0	100	0	0	3
334	286	0	2.99653917	0.00279620198	0.00291983181	0.00277324662	0.00305819789	7.65766516e-05	0.000106635047	0	100	0	0	3
335	286	0	3.00551085	0.00288527144	0.00292105572	0.00277324662	0.00305819789	7.24014614e-05	0.000106635047	0	100	0	0	3
336	287	0	3.01448252	0.00278573059	0.0029180245	0.00277324662	0.00305819789	7.09717907e-05	0.000106635047	0	100	0	0	3
337	288	0	3.02345419	0.00286124036	0.00291759919	0.00277324662	0.00305819789	6.65313983e-05	0.000106635047	0	100	0	0	3
338	289	0	3.03242587	0.0027646415	0.0029140921	0.0027646415	0.00305819789	6.42497352e-05	0.000106635047	0	100	0	0	3
339	290	0	3.04139754	0.00283634424	0.00291258551	0.0027646415	0.00305819789	5.83092085e-05	0.000106635047	0	100	0	0	3
340	290	0	3.05036922	0.00274098515	0.00290699479	0.00274098515	0.00305819789	5.61109187e-05	0.000106635047	0	100	0	0	3
341	291	0	3.05934089	0.00282492366	0.00290521892	0.00274098515	0.00305819789	5.06182785e-05	0.000106635047	0	100	0	0	3
342	292	0	3.06831256	0.00274365867	0.00289972657	0.00274098515	0.00305819789	4.83731198e-05	0.000106635047	0	100	0	0	3
343	293	0	3.07728424	0.00282475895	0.00289767498	0.00274098515	0.00305819789	4.30549422e-05	0.000106635047	0	100	0	0	3
344	294	0	3.08625591	0.00274069244	0.00289201642	0.00274069244	0.00305819789	4.18566216e-05	0.000106635047	0	100	0	0	3
345	294	0	3.09522759	0.00280663375	0.00288969559	0.00274069244	0.00305819789	3.65380423e-05	0.000106635047	0	100	0	0	3
346	295	0	3.10419926	0.00270792209	0.00288344821	0.00270792209	0.00305819789	3.82508815e-05	0.000106635047	0	100	0	0	3
347	296	0	3.11317094	0.00278242185	0.00288089684	0.00270792209	0.00305819789	4.08022426e-05	0.000106635047	0	100	0	0	3
348	297	0	3.12214261	0.00275561342	0.00287549355	0.00270792209	0.00304639867	4.62055367e-05	0.000106635047	0	100	0	0	3
349	298	0	3.13111428	0.00271464805	0.00287124107	0.00270792209	0.00304639867	5.04580197e-05	0.000106635047	0	100	0	0	3
350	298	0	3.14008596	0.00285840628	0.00286788406	0.00270792209	0.00303334294	5.38150267e-05	0.000106635047	0	100	0	0	3
351	299	0	3.14905763	0.0027227838	0.00286382324	0.00270792209	0.00303334294	5.78758442e-05	0.000106635047	0	100	0	0	3
352	300	0	3.15802931	0.00286404681	0.0028608001	0.00270792209	0.00302483235	6.08989893e-05	0.000106635047	0	100	0	0	3
353	301	0	3.16700098	0.00273157871	0.00285723567	0.00270792209	0.00302483235	6.44634214e-05	0.000106635047	0	100	0	0	3
354	302	0	3.17597265	0.00286334629	0.00285435199	0.00270792209	0.00301369539	6.73471009e-05	0.000106635047	0	100	0	0	3
355	303	0	3.18494433	0.00273098666	0.00285119383	0.00270792209	0.00301369539	7.05052558e-05	0.000106635047	0	100	0	0	3
356	304	0	3.193916	0.0028478613	0.00284823251	0.00270792209	0.00299577738	7.34665787e-05	0.000106635047	0	100	0	0	3
357	304	0	3.20288768	0.0027179932	0.00284486917	0.00270792209	0.00299577738	7.68299196e-05	0.000106635047	0	100	0	0	3
358	305	0	3.21185935	0.00284471573	0.00284239538	0.00270792209	0.00299577738	7.9303703e-05	0.000106635047	0	100	0	0	3
359	307	0	3.22083103	0.0027176938	0.00283836885	0.00270792209	0.00299577738	8.33302339e-05	0.000106635047	0	100	0	0	3
360	308	0	3.2298027	0.00283946618	0.00283702053	0.00270792209	0.00299577738	8.46785547e-05	0.000106635047	0	100	0	0	3
361	309	0	3.23877437	0.00272099129	0.00283211364	0.00270792209	0.00296949251	8.95854491e-05	0.000106635047	0	100	0	0	3
362	310	0	3.24774605	0.00284657142	0.00283196583	0.00270792209	0.00296949251	8.97332608e-05	0.000106635047	0	100	0	0	3
363	311	0	3.25671772	0.00272585835	0.00282761522	0.00270792209	0.00296256878	9.40838707e-05	0.000106635047	0	100	0	0	3
364	312	0	3.2656894	0.0028430437	0.00282699929	0.00270792209	0.00296256878	9.46997938e-05	0.000106635047	0	100	0	0	3
365	313	0	3.27466107	0.00272645549	0.00282308723	0.00270792209	0.00296256878	9.86118617e-05	0.000106635047	0	100	0	0	3
366	314	0	3.28363274	0.00285648311	0.00282288057	0.00270792209	0.00296256878	9.88185179e-05	0.000106635047	0	100	0	0	3
367	315	0	3.29260442	0.00271469773	0.00281899932	0.00270792209	0.00296256878	0.000102699763	0.000106635047	0	100	0	0	3
368	316	0	3.30157609	0.00285755945	0.00281894503	0.00270792209	0.00296256878	0.000102754058	0.000106635047	0	100	0	0	3
369	317	0	3.31054777	0.00274894674	0.00281575511	0.00270792209	0.00296256878	0.00010594398	0.000106635047	0	100	0	0	3
370	318	0	3.31951944	0.00286518355	0.00281621682	0.00270792209	0.00296256878	0.00010594398	0.000106635047	0	100	0	0	3
371	318	0	3.32849112	0.00276498711	0.00281363157	0.00270792209	0.00296256878	0.000108067522	0.000106635047	0	98.6	0	0	3
372	319	0	3.33746279	0.00286901664	0.00281329837	0.00270792209	0.00296256878	0.000108400717	0.000106635047	0	98.3	0	0	3
373	320	0	3.34643446	0.00275904561	0.0028119616	0.00270792209	0.00296256878	0.000109737487	0.000106635047	0	97.1	0	0	3
374	321	0	3.35540614	0.002877028	0.00281043409	0.00270792209	0.00294994079	0.000111265001	0.000106635047	0	95.8	0	0	3
375	322	0	3.36437781	0.00275362704	0.00280912933	0.00270792209	0.00294994079	0.000112569753	0.000106635047	0	94.7	0	0	3
376	323	0	3.37334949	0.00286360954	0.0028075877	0.00270792209	0.00292681725	0.000114111383	0.000106635047	0	93.4	0	0	3
377	324	0	3.38232116	0.00272821263	0.00280615935	0.00270792209	0.00292681725	0.000115539732	0.000106635047	0	92.2	0	0	3
378	325	0	3.39129283	0.00284377104	0.00280471267	0.00270792209	0.00292681725	0.000116986414	0.000106635047	0	91.1	0	0	3
379	325	0	3.40026451	0.00270958353	0.00280303338	0.00270792209	0.00292681725	0.000118665703	0.000106635047	0	89.8	0	0	3
380	327	0	3.40923618	0.00281892267	0.00280111697	0.00270792209	0.00292681725	0.000120582119	0.000106635047	0	88.4	0	0	3
381	328	0	3.41820786	0.00269211269	0.00279905955	0.00269211269	0.00292681725	0.000122639542	0.000106635047	0	86.9	0	0	3
382	329	0	3.42717953	0.00282216971	0.00279719084	0.00269211269	0.0029132695	0.000124508248	0.000106635047	0	85.6	0	0	3
383	329	0	3.43615121	0.00268792326	0.00279499924	0.00268792326	0.0029132695	0.000126699851	0.000106635047	0	84.1	0	0	3
384	330	0	3.44512288	0.00281834299	0.00279330412	0.00268792326	0.00289219741	0.000128394967	0.000106635047	0	83	0	0	3
385	331	0	3.45409455	0.0026980199	0.00279082941	0.00268792326	0.00289219741	0.00013084575	0.000106635047	0	81.4	0	0	3
386	332	0	3.46306623	0.00279898944	0.0027905844	0.00268792326	0.00289219741	0.000131090753	0.000106635047	0	81.3	0	0	3
387	333	0	3.4720379	0.00267779701	0.00278675583	0.00267779701	0.00288556308	0.000134299897	0.000106635047	0	79.4	0	0	3
388	334	0	3.48100958	0.00280195936	0.00278726855	0.00267779701	0.00288556308	0.000134299897	0.000106635047	0	79.4	0	0	3
389	335	0	3.48998125	0.00267206976	0.00278345617	0.00267206976	0.00288527144	0.00013759955	0.000106635047	0	77.4	0	0	3
390	336	0	3.49895292	0.00280952032	0.002783694	0.00267206976	0.00288527144	0.00013759955	0.000106635047	0	77.4	0	0	3
391	337	0	3.5079246	0.00269901123	0.00278036792	0.00267206976	0.002877028	0.000137656571	0.000106635047	0	77.4	0	0	3
392	338	0	3.51689627	0.00279971608	0.00278061767	0.00267206976	0.002877028	0.00013723127	0.000106635047	0	77.7	0	0	3
393	339	0	3.52586795	0.00268965596	0.00277755366	0.00267206976	0.002877028	0.000136538446	0.000106635047	0	78	0	0	3
394	339	0	3.53483962	0.0027943215	0.00277808366	0.00267206976	0.002877028	0.000135031854	0.000106635047	0	78.9	0	0	3
395	340	0	3.5438113	0.00267294827	0.00277516587	0.00267206976	0.002877028	0.00013182892	0.000106635047	0	80.8	0	0	3
396	341	0	3.55278297	0.0027873601	0.002775994	0.00267206976	0.002877028	0.000130053048	0.000106635047	0	81.9	0	0	3
397	342	0	3.56175464	0.00269666704	0.0027737037	0.00267206976	0.002877028	0.000126022864	0.000106635047	0	84.6	0	0	3
398	343	0	3.57072632	0.00279921291	0.00277469574	0.00267206976	0.002877028	0.00012397128	0.000106635047	0	86	0	0	3
399	344	0	3.57969799	0.00271635482	0.00277275995	0.00267206976	0.002877028	0.000119256462	0.000106635047	0	89.4	0	0	3
400	345	0	3.58866967	0.00283869226	0.00277450995	0.00267206976	0.002877028	0.000116935636	0.000106635047	0	91.1	0	0	3
401	350	0	3.59764134	0.00271697486	0.0027729089	0.00267206976	0.002877028	0.000110688252	0.000106635047	0	96.3	0	0	3
402	351	0	3.60661301	0.00281847377	0.00277488304	0.00267206976	0.002877028	0.000108136891	0.000106635047	0	98.6	0	0	3
403	352	0	3.61558469	0.00271479553	0.00277367542	0.00267206976	0.002877028	0.000102733597	0.000106635047	0	100	0	0	3
404	353	0	3.62455636	0.00280512907	0.00277455963	0.00267206976	0.002877028	9.84811142e-05	0.000106635047	0	100	0	0	3
405	354	0	3.63352804	0.00271725543	0.00277460619	0.00267206976	0.002877028	9.51241072e-05	0.000106635047	0	100	0	0	3
406	355	0	3.64249971	0.00283794196	0.00277424076	0.00267206976	0.002877028	9.10632897e-05	0.000106635047	0	100	0	0	3
407	356	0	3.65147139	0.00273652927	0.00277448621	0.00267206976	0.002877028	8.80401445e-05	0.000106635047	0	100	0	0	3
408	357	0	3.66044306	0.002849404	0.00277422473	0.00267206976	0.002877028	8.44757124e-05	0.000106635047	0	100	0	0	3
409	357	0	3.66941473	0.00274125885	0.00277439759	0.00267206976	0.002877028	8.1592033e-05	0.000106635047	0	100	0	0	3
410	358	0	3.67838641	0.00281595564	0.00277355133	0.00267206976	0.002877028	7.84338781e-05	0.000106635047	0	100	0	0	3
411	360	0	3.68735808	0.00270351865	0.00277306083	0.00267206976	0.002877028	7.54725552e-05	0.000106635047	0	100	0	0	3
412	360	0	3.69632976	0.00280599762	0.00277231326	0.00267206976	0.002877028	7.2555903e-05	0.000106635047	0	100	0	0	3
413	361	0	3.70530143	0.00270837392	0.00277214149	0.00267206976	0.002877028	7.02538925e-05	0.000106635047	0	100	0	0	3
414	362	0	3.7142731	0.00282054064	0.00277170979	0.00267206976	0.002877028	6.66590598e-05	0.000106635047	0	100	0	0	3
415	363	0	3.72324478	0.00272326331	0.00277180925	0.00267206976	0.002877028	6.53107389e-05	0.000106635047	0	100	0	0	3
416	364	0	3.73221645	0.00283326433	0.0027716985	0.00267206976	0.002877028	6.04151363e-05	0.000106635047	0	100	0	0	3
417	365	0	3.74118813	0.00270990089	0.00277150046	0.00267206976	0.002877028	6.04653677e-05	0.000106635047	0	100	0	0	3
418	366	0	3.7501598	0.00281050904	0.00277085649	0.00267206976	0.002877028	5.67587288e-05	0.000106635047	0	100	0	0	3
419	367	0	3.75913148	0.0026946754	0.00277029965	0.00267206976	0.002877028	5.66996442e-05	0.000106635047	0	100	0	0	3
420	368	0	3.76810315	0.00277934677	0.0027691622	0.00267206976	0.002877028	5.39250214e-05	0.000106635047	0	100	0	0	3
421	369	0	3.77707482	0.00267383103	0.00276822248	0.00267206976	0.002877028	5.46580875e-05	0.000106635047	0	100	0	0	3
422	370	0	3.7860465	0.00279509536	0.00276712627	0.00267206976	0.002877028	5.18730523e-05	0.000106635047	0	100	0	0	3
423	371	0	3.79501817	0.00268953949	0.00276667702	0.00267206976	0.002877028	5.22680118e-05	0.000106635047	0	100	0	0	3
424	372	0	3.80398985	0.00281561151	0.00276592795	0.00267206976	0.002877028	5.02888762e-05	0.000106635047	0	100	0	0	3
425	372	0	3.81296152	0.00271408666	0.00276530545	0.00267206976	0.002877028	5.09113776e-05	0.000106635047	0	100	0	0	3
426	373	0	3.82193319	0.00280275247	0.00276419061	0.00267206976	0.002877028	4.94409602e-05	0.000106635047	0	100	0	0	3
427	374	0	3.83090487	0.00268345196	0.00276273462	0.00267206976	0.002877028	5.05637493e-05	0.000106635047	0	100	0	0	3
428	375	0	3.83987654	0.00277692214	0.00276109008	0.00267206976	0.002877028	5.0871524e-05	0.000106635047	0	100	0	0	3
429	376	0	3.84884822	0.00264454668	0.00275904545	0.00264454668	0.002877028	5.13886338e-05	0.000106635047	0	100	0	0	3
430	377	0	3.85781989	0.00275763392	0.00275691341	0.00264454668	0.00286360954	5.22159191e-05	0.000106635047	0	100	0	0	3
431	378	0	3.86679157	0.00264995027	0.00275506204	0.00264454668	0.00286360954	5.25256603e-05	0.000106635047	0	100	0	0	3
432	379	0	3.87576324	0.00275444893	0.00275311275	0.00264454668	0.002849404	5.30466075e-05	0.000106635047	0	100	0	0	3
433	380	0	3.88473491	0.00266431789	0.00275197177	0.00264454668	0.002849404	5.27409031e-05	0.000106635047	0	100	0	0	3
434	381	0	3.89370659	0.00278513598	0.00275092472	0.00264454668	0.002849404	5.21086687e-05	0.000106635047	0	100	0	0	3
435	382	0	3.90267826	0.00266378429	0.00275010687	0.00264454668	0.002849404	5.10100968e-05	0.000106635047	0	100	0	0	3
436	383	0	3.91164994	0.00277470717	0.00274931731	0.00264454668	0.002849404	4.97422362e-05	0.000106635047	0	100	0	0	3
437	384	0	3.92062161	0.00265219738	0.00274860454	0.00264454668	0.002849404	4.85863035e-05	0.000106635047	0	100	0	0	3
438	385	0	3.92959328	0.00273570729	0.00274706056	0.00264454668	0.002849404	4.79386723e-05	0.000106635047	0	100	0	0	3
439	386	0	3.93856496	0.00262818802	0.00274599386	0.00262818802	0.002849404	4.73102569e-05	0.000106635047	0	100	0	0	3
440	387	0	3.94753663	0.00274302099	0.00274464883	0.00262818802	0.002849404	4.61805798e-05	0.000106635047	0	100	0	0	3
441	387	0	3.95650831	0.00262406439	0.00274332819	0.00262406439	0.002849404	4.72562108e-05	0.000106635047	0	100	0	0	3
442	388	0	3.96547998	0.00274136539	0.00274229919	0.00262406439	0.002849404	4.49693609e-05	0.000106635047	0	100	0	0	3
443	389	0	3.97445166	0.00263904401	0.00274160717	0.00262406439	0.002849404	4.56613789e-05	0.000106635047	0	100	0	0	3
444	390	0	3.98342333	0.00272696186	0.00274026793	0.00262406439	0.002849404	4.34260669e-05	0.000106635047	0	100	0	0	3
445	391	0	3.992395	0.00261915721	0.00273932307	0.00261915721	0.002849404	4.43709338e-05	0.000106635047	0	100	0	0	3
446	392	0	4.00136668	0.00272913288	0.00273788758	0.00261915721	0.002849404	4.27300897e-05	0.000106635047	0	100	0	0	3
