Iteration	CPUTime	PhysTime	Travels	Value	AvValue	MinValue	MaxValue	Delta	Criteria	PrevAvRefValue	Progress	CriteriaType	CriteriaVarType	CriteriaPercentage
1	7	0	0.00897203701	293.20006	293.20006	293.20006	293.20006	0	0	0	0	0	0	3
2	9	0	0.017944074	293.200074	293.200067	293.20006	293.200074	7.00217453e-06	0	0	0	0	0	3
3	10	0	0.026916111	293.200097	293.200077	293.20006	293.200097	1.69535518e-05	0	0	0	0	0	3
4	11	0	0.035888148	293.200104	293.200084	293.20006	293.200104	2.37310508e-05	0	0	0	0	0	3
5	13	0	0.044860185	293.200113	293.20009	293.20006	293.200113	2.94764297e-05	0	0	0	0	0	3
6	14	0	0.053832222	293.200124	293.200095	293.20006	293.200124	3.5228303e-05	0	0	0	0	0	3
7	15	0	0.062804259	293.200143	293.200102	293.20006	293.200143	4.19709579e-05	0	0	0	0	0	3
8	16	0	0.0717762961	293.200157	293.200109	293.20006	293.200157	4.88314161e-05	0	0	0	0	0	3
9	18	0	0.0807483331	293.200175	293.200116	293.20006	293.200175	5.61812603e-05	0	0	0	0	0	3
10	19	0	0.0897203701	293.200189	293.200124	293.20006	293.200189	6.34316482e-05	0	0	0	0	0	3
11	21	0	0.0986924071	293.200214	293.200132	293.20006	293.200214	7.16640427e-05	0	0	0	0	0	3
12	22	0	0.107664444	293.200235	293.200141	293.20006	293.200235	8.02624239e-05	0	0	0	0	0	3
13	23	0	0.116636481	293.200259	293.20015	293.20006	293.200259	8.9345867e-05	0	0	0	0	0	3
14	24	0	0.125608518	293.200279	293.200159	293.20006	293.200279	9.86219462e-05	0	0	0	0	0	3
15	26	0	0.134580555	293.200302	293.200168	293.20006	293.200302	0.000108171355	0	0	0	0	0	3
16	27	0	0.143552592	293.200333	293.200179	293.20006	293.200333	0.000118484119	0	0	0	0	0	3
17	28	0	0.152524629	293.200366	293.20019	293.20006	293.200366	0.000129480788	0	0	0	0	0	3
18	29	0	0.161496666	293.200396	293.200201	293.20006	293.200396	0.000140957966	0	0	0	0	0	3
19	30	0	0.170468703	293.200427	293.200213	293.20006	293.200427	0.000152851052	0	0	0	0	0	3
20	31	0	0.17944074	293.200457	293.200225	293.20006	293.200457	0.000165046611	0	0	0	0	0	3
21	33	0	0.188412777	293.200501	293.200238	293.20006	293.200501	0.000178175119	0	0	0	0	0	3
22	34	0	0.197384814	293.200543	293.200252	293.20006	293.200543	0.000192039188	0	0	0	0	0	3
23	35	0	0.206356851	293.200584	293.200267	293.20006	293.200584	0.000206468617	0	0	0	0	0	3
24	36	0	0.215328888	293.200623	293.200282	293.20006	293.200623	0.000221326361	0	0	0	0	0	3
25	38	0	0.224300925	293.20066	293.200297	293.20006	293.20066	0.000236480539	0	0	0	0	0	3
26	39	0	0.233272962	293.200711	293.200313	293.20006	293.200711	0.000252418427	0	0	0	0	0	3
27	40	0	0.242244999	293.200756	293.200329	293.20006	293.200756	0.000268842806	0	0	0	0	0	3
28	41	0	0.251217036	293.200796	293.200346	293.20006	293.200796	0.000285516235	0	0	0	0	0	3
29	43	0	0.260189073	293.20083	293.200362	293.20006	293.20083	0.000302214629	0	0	0	0	0	3
30	44	0	0.26916111	293.200858	293.200379	293.20006	293.200858	0.00031874872	0	0	0	0	0	3
31	45	0	0.278133147	293.200889	293.200395	293.20006	293.200889	0.000335205422	0	0	0	0	0	3
32	47	0	0.287105184	293.200911	293.200412	293.20006	293.200911	0.000351320485	0	0	0	0	0	3
33	48	0	0.296077221	293.200924	293.200427	293.20006	293.200924	0.000366862279	0	0	0	0	0	3
34	49	0	0.305049258	293.200932	293.200442	293.20006	293.200932	0.000381707287	0	0	0	0	0	3
35	51	0	0.314021295	293.200936	293.200456	293.20006	293.200936	0.000395820461	0	0	0	0	0	3
36	52	0	0.322993332	293.200941	293.20047	293.20006	293.200941	0.000409287399	0	0	0	0	0	3
37	53	0	0.331965369	293.200949	293.200482	293.20006	293.200949	0.00042223782	0	0	0	0	0	3
38	55	0	0.340937406	293.200959	293.200495	293.20006	293.200959	0.000434771969	0	0	0	0	0	3
39	56	0	0.349909443	293.200972	293.200507	293.20006	293.200972	0.000447013478	0	0	0	0	0	3
40	57	0	0.35888148	293.20099	293.200519	293.20006	293.20099	0.000459071438	0	0	0	0	0	3
41	59	0	0.367853517	293.201017	293.200531	293.20006	293.201017	0.000471217545	0	0	0	0	0	3
42	60	0	0.376825554	293.201046	293.200544	293.20006	293.201046	0.000483472743	0	0	0	0	0	3
43	61	0	0.385797591	293.201073	293.200556	293.20006	293.201073	0.000495776823	0	0	0	0	0	3
44	63	0	0.394769628	293.201094	293.200568	293.20006	293.201094	0.000508003751	0	0	0	0	0	3
45	64	0	0.403741665	293.201111	293.20058	293.20006	293.201111	0.000520061935	0	0	0	0	0	3
46	65	0	0.412713702	293.201125	293.200592	293.20006	293.201125	0.000531892288	0	0	0	0	0	3
47	67	0	0.421685739	293.201137	293.200604	293.20006	293.201137	0.000543484057	0	0	0	0	0	3
48	68	0	0.430657776	293.201148	293.200615	293.20006	293.201148	0.000554818332	0	0	0	0	0	3
49	69	0	0.439629813	293.201157	293.200626	293.20006	293.201157	0.000565871708	0	0	0	0	0	3
50	71	0	0.44860185	293.201163	293.200637	293.20006	293.201163	0.000576608532	0	0	0	0	0	3
51	72	0	0.457573887	293.201169	293.200647	293.20006	293.201169	0.000587036468	0	0	0	0	0	3
52	73	0	0.466545924	293.201173	293.200657	293.20006	293.201173	0.000597145701	0	0	0	0	0	3
53	75	0	0.475517961	293.201178	293.200667	293.20006	293.201178	0.000606969322	0	0	0	0	0	3
54	76	0	0.484489998	293.201183	293.200677	293.20006	293.201183	0.00061652799	0	0	0	0	0	3
55	77	0	0.493462035	293.20119	293.200686	293.20006	293.20119	0.000625863117	0	0	0	0	0	3
56	78	0	0.502434072	293.201197	293.200695	293.20006	293.201197	0.000634980714	0	0	0	0	0	3
57	80	0	0.511406109	293.201202	293.200716	293.200074	293.201202	0.000648371307	0	0	0	0	0	3
58	81	0	0.520378146	293.201206	293.200736	293.200097	293.201206	0.000658624154	0	0	0	0	0	3
59	82	0	0.529350183	293.201207	293.200756	293.200104	293.201207	0.000671659296	0	0	0	0	0	3
60	83	0	0.53832222	293.201205	293.200775	293.200113	293.201207	0.000685567349	0	0	0	0	0	3
61	85	0	0.547294257	293.201203	293.200795	293.200124	293.201207	0.000699279269	0	0	0	0	0	3
62	86	0	0.556266294	293.201201	293.200814	293.200143	293.201207	0.000711763979	0	0	0	0	0	3
63	87	0	0.565238331	293.201201	293.200833	293.200157	293.201207	0.000723794312	0	0	0	0	0	3
64	88	0	0.574210368	293.201201	293.200852	293.200175	293.201207	0.000735089461	0	0	0	0	0	3
65	90	0	0.583182405	293.201202	293.20087	293.200189	293.201207	0.000746172744	0	0	0	0	0	3
66	91	0	0.592154442	293.201202	293.200888	293.200214	293.201207	0.000756022088	0	0	0	0	0	3
67	92	0	0.601126479	293.2012	293.200906	293.200235	293.201207	0.000765031925	0	0	0	0	0	3
68	94	0	0.610098516	293.201198	293.200923	293.200259	293.201207	0.000773139163	0	0	0	0	0	3
69	95	0	0.619070553	293.201195	293.200939	293.200279	293.201207	0.000780591659	0	0	0	0	0	3
70	96	0	0.62804259	293.201194	293.200956	293.200302	293.201207	0.000787365146	0	0	0	0	0	3
71	97	0	0.637014627	293.201195	293.200972	293.200333	293.201207	0.000792995416	0	0	0	0	0	3
72	98	0	0.645986664	293.201197	293.200987	293.200366	293.201207	0.00079741604	0	0	0	0	0	3
73	100	0	0.654958701	293.201199	293.201002	293.200396	293.201207	0.000800813959	0	0	0	0	0	3
74	101	0	0.663930738	293.201199	293.201016	293.200427	293.201207	0.00077943762	0	0	0	0	0	3
75	102	0	0.672902775	293.201198	293.20103	293.200457	293.201207	0.000749602003	0	0	0	0	0	3
76	103	0	0.681874812	293.201196	293.201043	293.200501	293.201207	0.000705618934	0	0	0	0	0	3
77	105	0	0.69084685	293.201195	293.201056	293.200543	293.201207	0.000663179576	0	0	0	0	0	3
78	106	0	0.699818887	293.201194	293.201067	293.200584	293.201207	0.000622448167	0	0	0	0	0	3
79	107	0	0.708790924	293.201195	293.201078	293.200623	293.201207	0.000583309751	0	0	0	0	0	3
80	109	0	0.717762961	293.201195	293.201088	293.20066	293.201207	0.000546183411	0	0	0	0	0	3
81	110	0	0.726734998	293.201196	293.201098	293.200711	293.201207	0.000495498604	0	0	0	0	0	3
82	111	0	0.735707035	293.201195	293.201107	293.200756	293.201207	0.000450487555	0	0	0	0	0	3
83	113	0	0.744679072	293.201194	293.201114	293.200796	293.201207	0.000410665395	0	0	0	0	0	3
84	114	0	0.753651109	293.201193	293.201122	293.20083	293.201207	0.000376594565	0	0	0	0	0	3
85	115	0	0.762623146	293.201192	293.201128	293.200858	293.201207	0.000348126867	0	0	0	0	0	3
86	116	0	0.771595183	293.201193	293.201134	293.200889	293.201207	0.000317457737	0	0	0	0	0	3
87	118	0	0.78056722	293.201194	293.201139	293.200911	293.201207	0.000295476785	0	0	0	0	0	3
88	119	0	0.789539257	293.201195	293.201144	293.200924	293.201207	0.000282164525	0	0	0	0	0	3
89	120	0	0.798511294	293.201197	293.201149	293.200932	293.201207	0.000274771663	0	0	0	0	0	3
90	121	0	0.807483331	293.201197	293.201154	293.200936	293.201207	0.00027069587	0	0	0	0	0	3
91	123	0	0.816455368	293.201197	293.201159	293.200941	293.201207	0.000265733964	0	0	0	0	0	3
92	124	0	0.825427405	293.201195	293.201163	293.200949	293.201207	0.000257911254	0	0	0	0	0	3
93	125	0	0.834399442	293.201192	293.201168	293.200959	293.201207	0.000247828724	0	0	0	0	0	3
94	126	0	0.843371479	293.201191	293.201172	293.200972	293.201207	0.000234173405	0	0	0	0	0	3
95	128	0	0.852343516	293.201193	293.201176	293.20099	293.201207	0.000217032342	0	0	0	0	0	3
96	129	0	0.861315553	293.201194	293.201179	293.201017	293.201207	0.000189302414	0	0	0	0	0	3
97	130	0	0.87028759	293.201195	293.201183	293.201046	293.201207	0.000160428347	0	0	0	0	0	3
98	131	0	0.879259627	293.201194	293.201185	293.201073	293.201207	0.000133816053	0	0	0	0	0	3
99	133	0	0.888231664	293.201193	293.201187	293.201094	293.201207	0.000112602578	0	0	0	0	0	3
100	134	0	0.897203701	293.201189	293.201189	293.201111	293.201207	9.57421676e-05	0	0	0	0	0	3
101	139	0	0.906175738	293.201187	293.20119	293.201125	293.201207	8.21060645e-05	0	0	0	0	0	3
102	140	0	0.915147775	293.201186	293.201191	293.201137	293.201207	6.96587808e-05	0	0	0	0	0	3
103	141	0	0.924119812	293.201187	293.201192	293.201148	293.201207	5.88349449e-05	0	0	0	0	0	3
104	142	0	0.933091849	293.201188	293.201193	293.201157	293.201207	4.99304654e-05	0	0	0	0	0	3
105	143	0	0.942063886	293.201189	293.201194	293.201163	293.201207	4.36513454e-05	0	0	0	0	0	3
106	145	0	0.951035923	293.201188	293.201194	293.201169	293.201207	3.793096e-05	0	0	0	0	0	3
107	146	0	0.96000796	293.201185	293.201194	293.201173	293.201207	3.36475971e-05	0	0	0	0	0	3
108	147	0	0.968979997	293.201181	293.201195	293.201178	293.201207	2.85666354e-05	0	0	0	0	0	3
109	149	0	0.977952034	293.201178	293.201195	293.201178	293.201207	2.8910129e-05	0	0	0	0	0	3
110	150	0	0.986924071	293.201176	293.201194	293.201176	293.201207	3.01497796e-05	0	0	0	0	0	3
111	151	0	0.995896108	293.201178	293.201194	293.201176	293.201207	3.01497796e-05	0	0	0	0	0	3
112	152	0	1.00486814	293.20118	293.201194	293.201176	293.201207	3.01497796e-05	3.32852374e-05	0	0	0	0	3
113	154	0	1.01384018	293.201183	293.201194	293.201176	293.201207	3.01497796e-05	3.32852374e-05	0	0	0	0	3
114	155	0	1.02281222	293.201183	293.201193	293.201176	293.201207	3.01497796e-05	3.32852374e-05	0	0	0	0	3
115	156	0	1.03178426	293.201184	293.201193	293.201176	293.201205	2.84412885e-05	3.32852374e-05	0	0	0	0	3
116	157	0	1.04075629	293.201181	293.201192	293.201176	293.201203	2.62159364e-05	3.32852374e-05	0	0	0	0	3
117	158	0	1.04972833	293.20118	293.201192	293.201176	293.201202	2.54511534e-05	3.32852374e-05	0	0	0	0	3
118	160	0	1.05870037	293.201178	293.201191	293.201176	293.201202	2.54511534e-05	3.32852374e-05	0	0	0	0	3
119	161	0	1.0676724	293.201178	293.201191	293.201176	293.201202	2.54511534e-05	3.32852374e-05	0	0	0	0	3
120	162	0	1.07664444	293.201179	293.201191	293.201176	293.201202	2.54511534e-05	3.32852374e-05	0	0	0	0	3
121	163	0	1.08561648	293.201181	293.20119	293.201176	293.201202	2.50480625e-05	3.32852374e-05	0	0	0	0	3
122	164	0	1.09458851	293.201182	293.20119	293.201176	293.2012	2.38337682e-05	3.32852374e-05	0	0	0	0	3
123	165	0	1.10356055	293.201183	293.20119	293.201176	293.201199	2.29512913e-05	3.32852374e-05	0	0	0	0	3
124	167	0	1.11253259	293.201184	293.201189	293.201176	293.201199	2.29512913e-05	3.32852374e-05	0	0	0	0	3
125	168	0	1.12150463	293.201185	293.201189	293.201176	293.201199	2.29512913e-05	3.32852374e-05	0	0	0	0	3
126	169	0	1.13047666	293.201185	293.201189	293.201176	293.201199	2.29512913e-05	3.32852374e-05	0	0	0	0	3
127	170	0	1.1394487	293.201186	293.201189	293.201176	293.201199	2.29512913e-05	3.32852374e-05	0	0	0	0	3
128	171	0	1.14842074	293.201187	293.201189	293.201176	293.201199	2.29512913e-05	3.32852374e-05	0	0	0	0	3
129	173	0	1.15739277	293.201188	293.201189	293.201176	293.201199	2.29512913e-05	3.32852374e-05	0	0	0	0	3
130	174	0	1.16636481	293.201188	293.201188	293.201176	293.201198	2.127505e-05	3.32852374e-05	0	0	0	0	3
131	175	0	1.17533685	293.201188	293.201188	293.201176	293.201197	2.05871635e-05	3.32852374e-05	0	0	0	0	3
132	176	0	1.18430888	293.201185	293.201188	293.201176	293.201197	2.05871635e-05	3.32852374e-05	0	0	0	0	3
133	178	0	1.19328092	293.201183	293.201188	293.201176	293.201197	2.05871635e-05	3.32852374e-05	0	0	0	0	3
134	179	0	1.20225296	293.20118	293.201187	293.201176	293.201197	2.05871635e-05	3.32852374e-05	0	0	0	0	3
135	180	0	1.211225	293.201179	293.201187	293.201176	293.201197	2.05871635e-05	3.32852374e-05	0	0	0	0	3
136	181	0	1.22019703	293.201179	293.201187	293.201176	293.201197	2.05871635e-05	3.32852374e-05	0	0	0	0	3
137	182	0	1.22916907	293.20118	293.201187	293.201176	293.201197	2.05871635e-05	3.32852374e-05	0	0	0	0	3
138	184	0	1.23814111	293.20118	293.201186	293.201176	293.201197	2.05871635e-05	3.32852374e-05	0	0	0	0	3
139	185	0	1.24711314	293.201182	293.201186	293.201176	293.201197	2.05871635e-05	3.32852374e-05	0	0	0	0	3
140	186	0	1.25608518	293.201182	293.201186	293.201176	293.201197	2.05871635e-05	3.32852374e-05	0	0	0	0	3
141	187	0	1.26505722	293.201181	293.201186	293.201176	293.201197	2.05871635e-05	3.32852374e-05	0	0	0	0	3
142	188	0	1.27402925	293.20118	293.201186	293.201176	293.201197	2.05871635e-05	3.32852374e-05	0	0	0	0	3
143	190	0	1.28300129	293.20118	293.201185	293.201176	293.201197	2.05871635e-05	3.32852374e-05	0	0	0	0	3
144	191	0	1.29197333	293.201179	293.201185	293.201176	293.201197	2.05871635e-05	3.32852374e-05	0	0	0	0	3
145	192	0	1.30094537	293.20118	293.201185	293.201176	293.201197	2.05871635e-05	3.32852374e-05	0	0	0	0	3
146	193	0	1.3099174	293.20118	293.201184	293.201176	293.201197	2.02072879e-05	3.32852374e-05	0	0	0	0	3
147	194	0	1.31888944	293.201181	293.201184	293.201176	293.201195	1.89244866e-05	3.32852374e-05	0	0	0	0	3
148	195	0	1.32786148	293.20118	293.201184	293.201176	293.201195	1.89244866e-05	3.32852374e-05	0	0	0	0	3
149	197	0	1.33683351	293.201181	293.201184	293.201176	293.201195	1.89244866e-05	3.32852374e-05	0	0	0	0	3
150	198	0	1.34580555	293.20118	293.201183	293.201176	293.201195	1.883864e-05	3.32852374e-05	0	0	0	0	3
151	199	0	1.35477759	293.20118	293.201183	293.201176	293.201195	1.51857941e-05	3.32852374e-05	0	0	0	0	3
152	200	0	1.36374962	293.201181	293.201183	293.201176	293.201195	1.20058455e-05	3.32852374e-05	0	0	0	0	3
153	201	0	1.37272166	293.201182	293.201183	293.201176	293.201194	1.17741012e-05	3.32852374e-05	0	0	0	0	3
154	203	0	1.3816937	293.201182	293.201183	293.201176	293.201193	1.19926693e-05	3.32852374e-05	0	0	0	0	3
155	204	0	1.39066574	293.201181	293.201182	293.201176	293.201189	1.21904603e-05	3.32852374e-05	0	0	0	0	3
156	205	0	1.39963777	293.201179	293.201182	293.201176	293.201189	1.23721202e-05	3.32852374e-05	0	0	0	0	3
157	206	0	1.40860981	293.201176	293.201182	293.201176	293.201189	1.25654365e-05	3.32852374e-05	0	0	0	0	3
158	207	0	1.41758185	293.201173	293.201182	293.201173	293.201189	1.27993402e-05	3.32852374e-05	0	0	0	0	3
159	209	0	1.42655388	293.201172	293.201181	293.201172	293.201189	1.30740451e-05	3.32852374e-05	0	0	0	0	3
160	210	0	1.43552592	293.201172	293.201181	293.201172	293.201189	1.33601462e-05	3.32852374e-05	0	0	0	0	3
161	211	0	1.44449796	293.201174	293.201181	293.201172	293.201188	1.36184485e-05	3.32852374e-05	0	0	0	0	3
162	212	0	1.45347	293.201176	293.201181	293.201172	293.201188	1.38241399e-05	3.32852374e-05	0	0	0	0	3
163	213	0	1.46244203	293.201178	293.201181	293.201172	293.201188	1.39381088e-05	3.32852374e-05	0	0	0	0	3
164	215	0	1.47141407	293.201178	293.201181	293.201172	293.201188	1.39719958e-05	3.32852374e-05	0	0	0	0	3
165	216	0	1.48038611	293.201178	293.201181	293.201172	293.201188	1.38483719e-05	3.32852374e-05	0	0	0	0	3
166	217	0	1.48935814	293.201177	293.201181	293.201172	293.201188	1.36243019e-05	3.32852374e-05	0	0	0	0	3
167	218	0	1.49833018	293.201176	293.201181	293.201172	293.201188	1.33453898e-05	3.32852374e-05	0	0	0	0	3
168	219	0	1.50730222	293.201176	293.20118	293.201172	293.201188	1.3078502e-05	3.32852374e-05	0	0	0	0	3
169	221	0	1.51627425	293.201177	293.20118	293.201172	293.201188	1.27832434e-05	3.32852374e-05	0	0	0	0	3
170	222	0	1.52524629	293.201179	293.20118	293.201172	293.201188	1.24577936e-05	3.32852374e-05	0	0	0	0	3
171	223	0	1.53421833	293.201181	293.20118	293.201172	293.201188	1.2087462e-05	3.32852374e-05	0	0	0	0	3
172	224	0	1.54319037	293.201182	293.20118	293.201172	293.201188	1.16798475e-05	3.32852374e-05	0	0	0	0	3
173	226	0	1.5521624	293.201182	293.20118	293.201172	293.201188	1.12730859e-05	3.32852374e-05	0	0	0	0	3
174	227	0	1.56113444	293.201181	293.20118	293.201172	293.201188	1.08743666e-05	3.32852374e-05	0	0	0	0	3
175	228	0	1.57010648	293.201181	293.20118	293.201172	293.201188	1.04712275e-05	3.32852374e-05	0	0	0	0	3
176	229	0	1.57907851	293.20118	293.20118	293.201172	293.201188	1.00957124e-05	3.32852374e-05	0	0	0	0	3
177	230	0	1.58805055	293.20118	293.20118	293.201172	293.201188	9.74550977e-06	3.32852374e-05	0	0	0	0	3
178	232	0	1.59702259	293.20118	293.20118	293.201172	293.201188	9.44272585e-06	3.32852374e-05	0	0	0	0	3
179	233	0	1.60599462	293.20118	293.20118	293.201172	293.201188	9.19326436e-06	3.32852374e-05	0	0	0	0	3
180	234	0	1.61496666	293.201179	293.20118	293.201172	293.201188	9.0242205e-06	3.32852374e-05	0	0	0	0	3
181	235	0	1.6239387	293.201177	293.20118	293.201172	293.201188	9.00470792e-06	3.32852374e-05	0	0	0	0	3
182	236	0	1.63291074	293.201176	293.20118	293.201172	293.201188	9.0142176e-06	3.32852374e-05	0	0	0	0	3
183	237	0	1.64188277	293.201175	293.20118	293.201172	293.201188	9.03155137e-06	3.32852374e-05	0	0	0	0	3
184	239	0	1.65085481	293.201175	293.201179	293.201172	293.201188	9.05473235e-06	3.32852374e-05	0	0	0	0	3
185	240	0	1.65982685	293.201176	293.201179	293.201172	293.201188	9.07846277e-06	3.32852374e-05	0	0	0	0	3
186	241	0	1.66879888	293.201176	293.201179	293.201172	293.201188	9.11128876e-06	3.32852374e-05	0	0	0	0	3
187	242	0	1.67777092	293.201177	293.201179	293.201172	293.201185	9.10407334e-06	3.32852374e-05	0	0	0	0	3
188	243	0	1.68674296	293.201178	293.201179	293.201172	293.201183	9.01050845e-06	3.32852374e-05	0	0	0	0	3
189	245	0	1.69571499	293.201178	293.201179	293.201172	293.201182	8.83041525e-06	3.32852374e-05	0	0	0	0	3
190	246	0	1.70468703	293.201179	293.201179	293.201172	293.201182	8.56348743e-06	3.32852374e-05	0	0	0	0	3
191	247	0	1.71365907	293.201179	293.201179	293.201172	293.201182	8.28458627e-06	3.32852374e-05	0	0	0	0	3
192	248	0	1.72263111	293.201179	293.201179	293.201172	293.201182	8.00463721e-06	3.32852374e-05	0	0	0	0	3
193	249	0	1.73160314	293.201181	293.201179	293.201172	293.201182	7.74550438e-06	3.32852374e-05	0	0	0	0	3
194	251	0	1.74057518	293.201183	293.201179	293.201172	293.201183	7.51913564e-06	3.32852374e-05	0	0	0	0	3
195	252	0	1.74954722	293.201185	293.201179	293.201172	293.201185	7.32242779e-06	3.32852374e-05	0	0	0	0	3
196	253	0	1.75851925	293.201188	293.201179	293.201172	293.201188	7.12271031e-06	3.32852374e-05	0	0	0	0	3
197	254	0	1.76749129	293.20119	293.201179	293.201172	293.20119	6.89840192e-06	3.32852374e-05	0	0	0	0	3
198	255	0	1.77646333	293.201191	293.201179	293.201172	293.201191	6.646862e-06	3.32852374e-05	0	0	0	0	3
199	257	0	1.78543536	293.201191	293.201179	293.201172	293.201191	6.37265344e-06	3.32852374e-05	0	0	0	0	3
200	258	0	1.7944074	293.201192	293.20118	293.201172	293.201192	6.07113412e-06	3.32852374e-05	0	0	0	0	3
201	262	0	1.80337944	293.201193	293.20118	293.201172	293.201193	5.76995916e-06	3.32852374e-05	0	0	0	0	3
202	263	0	1.81235148	293.201193	293.20118	293.201172	293.201193	5.48810618e-06	3.32852374e-05	0	0	0	0	3
203	265	0	1.82132351	293.201195	293.20118	293.201172	293.201195	5.23508953e-06	3.32852374e-05	0	0	0	0	3
204	266	0	1.83029555	293.201195	293.201181	293.201172	293.201195	5.02422893e-06	3.32852374e-05	0	0	0	0	3
205	267	0	1.83926759	293.201195	293.201181	293.201172	293.201195	4.81527331e-06	3.32852374e-05	0	0	0	0	3
206	269	0	1.84823962	293.201194	293.201181	293.201172	293.201195	4.58701061e-06	3.32852374e-05	0	0	0	0	3
207	270	0	1.85721166	293.201191	293.201181	293.201172	293.201195	4.34650184e-06	3.32852374e-05	0	0	0	0	3
208	271	0	1.8661837	293.201189	293.201182	293.201172	293.201195	4.10943454e-06	3.32852374e-05	0	0	0	0	3
209	272	0	1.87515573	293.201188	293.201182	293.201172	293.201195	3.89086637e-06	3.32852374e-05	0	0	0	0	3
210	273	0	1.88412777	293.201189	293.201182	293.201172	293.201195	3.69307543e-06	3.32852374e-05	0	0	0	0	3
211	275	0	1.89309981	293.201191	293.201182	293.201172	293.201195	3.51141546e-06	3.32852374e-05	0	0	0	0	3
212	276	0	1.90207185	293.201193	293.201182	293.201172	293.201195	3.52055207e-06	3.32852374e-05	0	0	0	0	3
213	277	0	1.91104388	293.201193	293.201182	293.201172	293.201195	3.81890533e-06	3.32852374e-05	0	0	0	0	3
214	278	0	1.92001592	293.20119	293.201183	293.201172	293.201195	4.13150912e-06	3.32852374e-05	0	0	0	0	3
215	279	0	1.92898796	293.201187	293.201183	293.201172	293.201195	4.39681037e-06	3.32852374e-05	0	0	0	0	3
216	281	0	1.93795999	293.201183	293.201183	293.201174	293.201195	4.58630012e-06	3.32852374e-05	0	0	0	0	3
217	282	0	1.94693203	293.201181	293.201183	293.201175	293.201195	4.7031686e-06	3.32852374e-05	0	0	0	0	3
218	283	0	1.95590407	293.201182	293.201183	293.201175	293.201195	4.81070731e-06	3.32852374e-05	0	0	0	0	3
219	284	0	1.9648761	293.201187	293.201184	293.201175	293.201195	4.9578386e-06	3.32852374e-05	0	0	0	0	3
220	286	0	1.97384814	293.20119	293.201184	293.201175	293.201195	5.16581025e-06	3.32852374e-05	0	0	0	0	3
221	287	0	1.98282018	293.201193	293.201184	293.201175	293.201195	5.42644619e-06	3.32852374e-05	0	0	0	0	3
222	288	0	1.99179222	293.201192	293.201184	293.201175	293.201195	5.70851279e-06	3.32852374e-05	0	0	0	0	3
223	289	0	2.00076425	293.20119	293.201185	293.201175	293.201195	5.96917482e-06	3.32852374e-05	0	0	0	0	3
224	290	0	2.00973629	293.201188	293.201185	293.201175	293.201195	6.18466959e-06	3.32852374e-05	0	0	0	0	3
225	292	0	2.01870833	293.201187	293.201185	293.201175	293.201195	6.36433282e-06	3.32852374e-05	0	0	0	0	3
226	293	0	2.02768036	293.201189	293.201185	293.201175	293.201195	6.5496842e-06	3.32852374e-05	0	0	0	0	3
227	294	0	2.0366524	293.201192	293.201185	293.201175	293.201195	6.75882592e-06	3.32852374e-05	0	0	0	0	3
228	295	0	2.04562444	293.201195	293.201186	293.201175	293.201195	6.99922168e-06	3.32852374e-05	0	0	0	0	3
229	296	0	2.05459647	293.201197	293.201186	293.201175	293.201197	7.26900072e-06	3.32852374e-05	0	0	0	0	3
230	298	0	2.06356851	293.201197	293.201186	293.201175	293.201197	7.54371877e-06	3.32852374e-05	0	0	0	0	3
231	299	0	2.07254055	293.201195	293.201186	293.201175	293.201197	7.80237036e-06	3.32852374e-05	0	0	0	0	3
232	300	0	2.08151259	293.201192	293.201187	293.201175	293.201197	8.01615857e-06	3.32852374e-05	0	0	0	0	3
233	301	0	2.09048462	293.201191	293.201187	293.201175	293.201197	8.19922991e-06	3.32852374e-05	0	0	0	0	3
234	303	0	2.09945666	293.201191	293.201187	293.201175	293.201197	8.39116063e-06	3.32852374e-05	0	0	0	0	3
235	304	0	2.1084287	293.201193	293.201187	293.201175	293.201197	8.61921455e-06	3.32852374e-05	0	0	0	0	3
236	305	0	2.11740073	293.201194	293.201188	293.201175	293.201197	8.88611146e-06	3.32852374e-05	0	0	0	0	3
237	306	0	2.12637277	293.201194	293.201188	293.201175	293.201197	9.18262606e-06	3.32852374e-05	0	0	0	0	3
238	307	0	2.13534481	293.201192	293.201188	293.201175	293.201197	9.46857421e-06	3.32852374e-05	0	0	0	0	3
239	308	0	2.14431684	293.20119	293.201188	293.201175	293.201197	9.72898835e-06	3.32852374e-05	0	0	0	0	3
240	310	0	2.15328888	293.201187	293.201189	293.201176	293.201197	9.95236053e-06	3.32852374e-05	0	0	0	0	3
241	311	0	2.16226092	293.201187	293.201189	293.201176	293.201197	1.01626829e-05	3.32852374e-05	0	0	0	0	3
242	313	0	2.17123296	293.201188	293.201189	293.201177	293.201197	1.03735176e-05	3.32852374e-05	0	0	0	0	3
243	314	0	2.18020499	293.20119	293.201189	293.201178	293.201197	1.05928126e-05	3.32852374e-05	0	0	0	0	3
244	316	0	2.18917703	293.20119	293.201189	293.201178	293.201197	1.0806114e-05	3.32852374e-05	0	0	0	0	3
245	318	0	2.19814907	293.201189	293.20119	293.201179	293.201197	1.09955922e-05	3.32852374e-05	0	0	0	0	3
246	319	0	2.2071211	293.201186	293.20119	293.201179	293.201197	1.11327165e-05	3.32852374e-05	0	0	0	0	3
247	321	0	2.21609314	293.201183	293.20119	293.201179	293.201197	1.12075406e-05	3.32852374e-05	0	0	0	0	3
248	323	0	2.22506518	293.201179	293.20119	293.201179	293.201197	1.11980867e-05	3.32852374e-05	0	0	0	0	3
249	324	0	2.23403721	293.201178	293.20119	293.201178	293.201197	1.11547521e-05	3.32852374e-05	0	0	0	0	3
250	325	0	2.24300925	293.201177	293.20119	293.201177	293.201197	1.10865535e-05	3.32852374e-05	0	0	0	0	3
251	327	0	2.25198129	293.201178	293.20119	293.201177	293.201197	1.09772085e-05	3.32852374e-05	0	0	0	0	3
252	329	0	2.26095333	293.201178	293.201189	293.201177	293.201197	1.08212949e-05	3.32852374e-05	0	0	0	0	3
253	330	0	2.26992536	293.201179	293.201189	293.201177	293.201197	1.06290793e-05	3.32852374e-05	0	0	0	0	3
254	331	0	2.2788974	293.201178	293.201189	293.201177	293.201197	1.04184975e-05	3.32852374e-05	0	0	0	0	3
255	332	0	2.28786944	293.201177	293.201189	293.201177	293.201197	1.01983175e-05	3.32852374e-05	0	0	0	0	3
256	334	0	2.29684147	293.201175	293.201188	293.201175	293.201197	9.97139307e-06	3.32852374e-05	0	0	0	0	3
257	335	0	2.30581351	293.201175	293.201188	293.201175	293.201197	9.73535731e-06	3.32852374e-05	0	0	0	0	3
258	336	0	2.31478555	293.201176	293.201188	293.201175	293.201197	9.4893166e-06	3.32852374e-05	0	0	0	0	3
259	338	0	2.32375758	293.201178	293.201187	293.201175	293.201197	9.22241776e-06	3.32852374e-05	0	0	0	0	3
260	339	0	2.33272962	293.201179	293.201187	293.201175	293.201197	8.95632246e-06	3.32852374e-05	0	0	0	0	3
261	340	0	2.34170166	293.201181	293.201187	293.201175	293.201197	8.70224187e-06	3.32852374e-05	0	0	0	0	3
262	342	0	2.3506737	293.201181	293.201187	293.201175	293.201197	8.50059087e-06	3.32852374e-05	0	0	0	0	3
263	343	0	2.35964573	293.201181	293.201186	293.201175	293.201197	8.35412249e-06	3.32852374e-05	0	0	0	0	3
264	344	0	2.36861777	293.20118	293.201186	293.201175	293.201197	8.24633304e-06	3.32852374e-05	0	0	0	0	3
265	345	0	2.37758981	293.201179	293.201186	293.201175	293.201197	8.1167359e-06	3.32852374e-05	0	0	0	0	3
266	347	0	2.38656184	293.201179	293.201186	293.201175	293.201197	7.93835915e-06	3.32852374e-05	0	0	0	0	3
267	348	0	2.39553388	293.201179	293.201186	293.201175	293.201197	7.69548848e-06	3.32852374e-05	0	0	0	0	3
268	349	0	2.40450592	293.201179	293.201186	293.201175	293.201197	7.39713522e-06	3.32852374e-05	0	0	0	0	3
269	351	0	2.41347795	293.201178	293.201185	293.201175	293.201197	7.08453143e-06	3.32852374e-05	0	0	0	0	3
270	352	0	2.42244999	293.201176	293.201185	293.201175	293.201197	6.81923018e-06	3.32852374e-05	0	0	0	0	3
271	353	0	2.43142203	293.201174	293.201185	293.201174	293.201197	6.62974043e-06	3.32852374e-05	0	0	0	0	3
272	354	0	2.44039407	293.201171	293.201185	293.201171	293.201197	6.51287195e-06	3.32852374e-05	0	0	0	0	3
273	356	0	2.4493661	293.20117	293.201184	293.20117	293.201197	6.40533324e-06	3.32852374e-05	0	0	0	0	3
274	357	0	2.45833814	293.201169	293.201184	293.201169	293.201197	6.25820195e-06	3.32852374e-05	0	0	0	0	3
275	358	0	2.46731018	293.201171	293.201184	293.201169	293.201197	6.0502303e-06	3.32852374e-05	0	0	0	0	3
276	360	0	2.47628221	293.201172	293.201184	293.201169	293.201197	6.30380828e-06	3.32852374e-05	0	0	0	0	3
277	361	0	2.48525425	293.201175	293.201183	293.201169	293.201197	6.62194486e-06	3.32852374e-05	0	0	0	0	3
278	362	0	2.49422629	293.201177	293.201183	293.201169	293.201197	6.90607072e-06	3.32852374e-05	0	0	0	0	3
279	363	0	2.50319832	293.201178	293.201183	293.201169	293.201197	7.1355862e-06	3.32852374e-05	0	0	0	0	3
280	365	0	2.51217036	293.201177	293.201183	293.201169	293.201197	7.31966111e-06	3.32852374e-05	0	0	0	0	3
281	366	0	2.5211424	293.201177	293.201182	293.201169	293.201197	7.50721574e-06	3.32852374e-05	0	0	0	0	3
282	367	0	2.53011444	293.201176	293.201182	293.201169	293.201197	7.74339844e-06	3.32852374e-05	0	0	0	0	3
283	369	0	2.53908647	293.201176	293.201182	293.201169	293.201197	8.0385027e-06	3.32852374e-05	0	0	0	0	3
284	370	0	2.54805851	293.201176	293.201181	293.201169	293.201197	8.3782279e-06	3.32852374e-05	0	0	0	0	3
285	371	0	2.55703055	293.201176	293.201181	293.201169	293.201197	8.76027485e-06	3.32852374e-05	0	0	0	0	3
286	373	0	2.56600258	293.201175	293.201181	293.201169	293.201195	9.14472639e-06	3.32852374e-05	0	0	0	0	3
287	374	0	2.57497462	293.201174	293.20118	293.201169	293.201194	9.52757063e-06	3.32852374e-05	0	0	0	0	3
288	375	0	2.58394666	293.201172	293.20118	293.201169	293.201194	9.89016769e-06	3.32852374e-05	0	0	0	0	3
289	377	0	2.59291869	293.201169	293.20118	293.201169	293.201194	1.02775379e-05	3.32852374e-05	0	0	0	0	3
290	378	0	2.60189073	293.201166	293.201179	293.201166	293.201194	1.07191746e-05	3.32852374e-05	0	0	0	0	3
291	379	0	2.61086277	293.201163	293.201179	293.201163	293.201194	1.12443427e-05	3.32852374e-05	0	0	0	0	3
292	381	0	2.61983481	293.201161	293.201178	293.201161	293.201194	1.18331213e-05	3.32852374e-05	0	0	0	0	3
293	382	0	2.62880684	293.201159	293.201177	293.201159	293.201192	1.24619702e-05	3.32852374e-05	0	0	0	0	3
294	383	0	2.63777888	293.201157	293.201177	293.201157	293.20119	1.30768876e-05	3.32852374e-05	0	0	0	0	3
295	385	0	2.64675092	293.201157	293.201176	293.201157	293.20119	1.36692624e-05	3.32852374e-05	0	0	0	0	3
296	386	0	2.65572295	293.201156	293.201176	293.201156	293.20119	1.42220466e-05	3.32852374e-05	0	0	0	0	3
297	387	0	2.66469499	293.201157	293.201175	293.201156	293.20119	1.47559675e-05	3.32852374e-05	0	0	0	0	3
298	389	0	2.67366703	293.201159	293.201175	293.201156	293.20119	1.52792796e-05	3.32852374e-05	0	0	0	0	3
299	390	0	2.68263906	293.201162	293.201174	293.201156	293.20119	1.57775825e-05	3.32852374e-05	0	0	0	0	3
300	391	0	2.6916111	293.201164	293.201174	293.201156	293.201189	1.6243626e-05	3.32852374e-05	0	0	0	0	3
301	396	0	2.70058314	293.201166	293.201173	293.201156	293.201186	1.66473882e-05	3.32852374e-05	0	0	0	0	3
302	398	0	2.70955518	293.201168	293.201173	293.201156	293.201183	1.69683125e-05	3.32852374e-05	0	0	0	0	3
303	399	0	2.71852721	293.20117	293.201173	293.201156	293.201181	1.71963924e-05	3.32852374e-05	0	0	0	0	3
304	400	0	2.72749925	293.201171	293.201173	293.201156	293.201181	1.72834684e-05	3.32852374e-05	0	0	0	0	3
305	401	0	2.73647129	293.201172	293.201172	293.201156	293.201181	1.72752461e-05	3.32852374e-05	0	0	0	0	3
306	403	0	2.74544332	293.201173	293.201172	293.201156	293.201181	1.72154833e-05	3.32852374e-05	0	0	0	0	3
307	404	0	2.75441536	293.201174	293.201172	293.201156	293.201181	1.71209513e-05	3.32852374e-05	0	0	0	0	3
308	405	0	2.7633874	293.201173	293.201172	293.201156	293.201181	1.70103278e-05	3.32852374e-05	0	0	0	0	3
309	407	0	2.77235944	293.201172	293.201172	293.201156	293.201181	1.68963667e-05	3.32852374e-05	0	0	0	0	3
310	408	0	2.78133147	293.20117	293.201172	293.201156	293.201181	1.67652806e-05	3.32852374e-05	0	0	0	0	3
311	409	0	2.79030351	293.201168	293.201172	293.201156	293.201181	1.66087424e-05	3.32852374e-05	0	0	0	0	3
312	411	0	2.79927555	293.201168	293.201172	293.201156	293.201181	1.64143932e-05	3.32852374e-05	0	0	0	0	3
313	412	0	2.80824758	293.201168	293.201172	293.201156	293.201181	1.62167419e-05	3.32852374e-05	0	0	0	0	3
314	413	0	2.81721962	293.20117	293.201171	293.201156	293.201181	1.60267548e-05	3.32852374e-05	0	0	0	0	3
315	415	0	2.82619166	293.201173	293.201171	293.201156	293.201181	1.5828992e-05	3.32852374e-05	0	0	0	0	3
316	416	0	2.83516369	293.201176	293.201171	293.201156	293.201181	1.56294151e-05	3.32852374e-05	0	0	0	0	3
317	417	0	2.84413573	293.201179	293.201171	293.201156	293.201181	1.54345753e-05	3.32852374e-05	0	0	0	0	3
318	419	0	2.85310777	293.20118	293.201171	293.201156	293.201181	1.52635701e-05	3.32852374e-05	0	0	0	0	3
319	420	0	2.86207981	293.201181	293.201171	293.201156	293.201181	1.51020361e-05	3.32852374e-05	0	0	0	0	3
320	421	0	2.87105184	293.201179	293.201171	293.201156	293.201181	1.49491677e-05	3.32852374e-05	0	0	0	0	3
321	423	0	2.88002388	293.201178	293.201171	293.201156	293.201181	1.47866919e-05	3.32852374e-05	0	0	0	0	3
322	424	0	2.88899592	293.201176	293.201171	293.201156	293.201181	1.46185574e-05	3.32852374e-05	0	0	0	0	3
323	425	0	2.89796795	293.201176	293.201171	293.201156	293.201181	1.44413722e-05	3.32852374e-05	0	0	0	0	3
324	427	0	2.90693999	293.201175	293.201171	293.201156	293.201181	1.4261056e-05	3.32852374e-05	0	0	0	0	3
325	428	0	2.91591203	293.201175	293.201171	293.201156	293.201181	1.40664607e-05	3.32852374e-05	0	0	0	0	3
326	429	0	2.92488406	293.201174	293.201171	293.201156	293.201181	1.386542e-05	3.32852374e-05	0	0	0	0	3
327	431	0	2.9338561	293.201176	293.201171	293.201156	293.201181	1.36559431e-05	3.32852374e-05	0	0	0	0	3
328	432	0	2.94282814	293.201178	293.201171	293.201156	293.201181	1.34618124e-05	3.32852374e-05	0	0	0	0	3
329	433	0	2.95180018	293.201182	293.201171	293.201156	293.201182	1.32362581e-05	3.32852374e-05	0	0	0	0	3
330	435	0	2.96077221	293.201186	293.201172	293.201156	293.201186	1.29535549e-05	3.32852374e-05	0	0	0	0	3
331	436	0	2.96974425	293.20119	293.201172	293.201156	293.20119	1.2638048e-05	3.32852374e-05	0	0	0	0	3
332	437	0	2.97871629	293.201192	293.201172	293.201156	293.201192	1.23199114e-05	3.32852374e-05	0	0	0	0	3
333	439	0	2.98768832	293.201193	293.201173	293.201156	293.201193	1.20357855e-05	3.32852374e-05	0	0	0	0	3
334	440	0	2.99666036	293.201192	293.201173	293.201156	293.201193	1.180627e-05	3.32852374e-05	0	0	0	0	3
335	441	0	3.0056324	293.201192	293.201173	293.201156	293.201193	1.16221951e-05	3.32852374e-05	0	0	0	0	3
336	443	0	3.01460443	293.20119	293.201173	293.201156	293.201193	1.14346405e-05	3.32852374e-05	0	0	0	0	3
337	444	0	3.02357647	293.20119	293.201174	293.201156	293.201193	1.11984578e-05	3.32852374e-05	0	0	0	0	3
338	445	0	3.03254851	293.20119	293.201174	293.201156	293.201193	1.09033535e-05	3.32852374e-05	0	0	0	0	3
339	447	0	3.04152055	293.20119	293.201174	293.201156	293.201193	1.05636283e-05	3.32852374e-05	0	0	0	0	3
340	448	0	3.05049258	293.201191	293.201174	293.201156	293.201193	1.01815814e-05	3.32852374e-05	0	0	0	0	3
341	449	0	3.05946462	293.201191	293.201175	293.201156	293.201193	9.79712985e-06	3.32852374e-05	0	0	0	0	3
342	451	0	3.06843666	293.201191	293.201175	293.201156	293.201193	9.41428561e-06	3.32852374e-05	0	0	0	0	3
343	452	0	3.07740869	293.201191	293.201175	293.201156	293.201193	9.05168855e-06	3.32852374e-05	0	0	0	0	3
344	453	0	3.08638073	293.201191	293.201176	293.201156	293.201193	8.66431833e-06	3.32852374e-05	0	0	0	0	3
345	455	0	3.09535277	293.201191	293.201176	293.201156	293.201193	8.22268163e-06	3.32852374e-05	0	0	0	0	3
346	456	0	3.1043248	293.20119	293.201176	293.201156	293.201193	7.69751358e-06	3.32852374e-05	0	0	0	0	3
347	457	0	3.11329684	293.201191	293.201177	293.201156	293.201193	7.10873496e-06	3.32852374e-05	0	0	0	0	3
348	459	0	3.12226888	293.20119	293.201177	293.201156	293.201193	6.4918172e-06	3.32852374e-05	0	0	0	0	3
349	460	0	3.13124092	293.201189	293.201178	293.201156	293.201193	7.03583981e-06	3.32852374e-05	0	0	0	0	3
350	461	0	3.14021295	293.201188	293.201178	293.201156	293.201193	7.58333323e-06	3.32852374e-05	0	0	0	0	3
351	463	0	3.14918499	293.201187	293.201179	293.201156	293.201193	8.13395314e-06	3.32852374e-05	0	0	0	0	3
352	464	0	3.15815703	293.201187	293.20118	293.201157	293.201193	8.67281693e-06	3.32852374e-05	0	0	0	0	3
353	465	0	3.16712906	293.201187	293.20118	293.201159	293.201193	9.19543464e-06	3.32852374e-05	0	0	0	0	3
354	467	0	3.1761011	293.201186	293.201181	293.201162	293.201193	9.67746564e-06	3.32852374e-05	0	0	0	0	3
355	468	0	3.18507314	293.201185	293.201181	293.201164	293.201193	1.00954373e-05	3.32852374e-05	0	0	0	0	3
356	469	0	3.19404517	293.201184	293.201181	293.201166	293.201193	1.04534962e-05	3.32852374e-05	0	0	0	0	3
357	470	0	3.20301721	293.201184	293.201182	293.201168	293.201193	1.07593152e-05	3.32852374e-05	0	0	0	0	3
358	472	0	3.21198925	293.201183	293.201182	293.201168	293.201193	1.1027061e-05	3.32852374e-05	0	0	0	0	3
359	473	0	3.22096129	293.201184	293.201182	293.201168	293.201193	1.12755463e-05	3.32852374e-05	0	0	0	0	3
360	475	0	3.22993332	293.201185	293.201182	293.201168	293.201193	1.15233778e-05	3.32852374e-05	0	0	0	0	3
361	476	0	3.23890536	293.201187	293.201183	293.201168	293.201193	1.17805193e-05	3.32852374e-05	0	0	0	0	3
362	477	0	3.2478774	293.201188	293.201183	293.201168	293.201193	1.20401511e-05	3.32852374e-05	0	0	0	0	3
363	479	0	3.25684943	293.201188	293.201183	293.201168	293.201193	1.22961177e-05	3.32852374e-05	0	0	0	0	3
364	480	0	3.26582147	293.201187	293.201183	293.201168	293.201193	1.2546983e-05	3.32852374e-05	0	0	0	0	3
365	481	0	3.27479351	293.201185	293.201184	293.201168	293.201193	1.27847913e-05	3.32852374e-05	0	0	0	0	3
366	482	0	3.28376554	293.201181	293.201184	293.201168	293.201193	1.29864085e-05	3.32852374e-05	0	0	0	0	3
367	484	0	3.29273758	293.201178	293.201184	293.201168	293.201193	1.31528828e-05	3.32852374e-05	0	0	0	0	3
368	485	0	3.30170962	293.201175	293.201184	293.201168	293.201193	1.32826538e-05	3.32852374e-05	0	0	0	0	3
369	487	0	3.31068166	293.201175	293.201184	293.20117	293.201193	1.34070519e-05	3.32852374e-05	0	0	0	0	3
370	488	0	3.31965369	293.201177	293.201184	293.201173	293.201193	1.35366848e-05	3.32852374e-05	0	0	0	0	3
371	489	0	3.32862573	293.20118	293.201185	293.201174	293.201193	1.36621829e-05	3.32852374e-05	0	0	0	0	3
372	491	0	3.33759777	293.201181	293.201185	293.201174	293.201193	1.37511402e-05	3.32852374e-05	0	0	0	0	3
373	492	0	3.3465698	293.201182	293.201185	293.201174	293.201193	1.38007845e-05	3.32852374e-05	0	0	0	0	3
374	493	0	3.35554184	293.20118	293.201185	293.201174	293.201193	1.38083631e-05	3.32852374e-05	0	0	0	0	3
375	495	0	3.36451388	293.201179	293.201185	293.201174	293.201193	1.38083631e-05	3.32852374e-05	0	0	0	0	3
376	496	0	3.37348591	293.201178	293.201185	293.201174	293.201193	1.38083631e-05	3.32852374e-05	0	0	0	0	3
377	497	0	3.38245795	293.201178	293.201185	293.201174	293.201193	1.38083631e-05	3.32852374e-05	0	0	0	0	3
378	498	0	3.39142999	293.201177	293.201185	293.201174	293.201193	1.38083631e-05	3.32852374e-05	0	0	0	0	3
379	500	0	3.40040203	293.201178	293.201185	293.201174	293.201193	1.38165608e-05	3.32852374e-05	0	0	0	0	3
380	501	0	3.40937406	293.201179	293.201185	293.201174	293.201193	1.38985253e-05	3.32852374e-05	0	0	0	0	3
381	502	0	3.4183461	293.20118	293.201185	293.201174	293.201193	1.39976226e-05	3.32852374e-05	0	0	0	0	3
382	504	0	3.42731814	293.201181	293.201185	293.201175	293.201193	1.40781965e-05	3.32852374e-05	0	0	0	0	3
383	505	0	3.43629017	293.201182	293.201185	293.201175	293.201193	1.40726192e-05	3.32852374e-05	0	0	0	0	3
384	506	0	3.44526221	293.201182	293.201185	293.201175	293.201193	1.39525707e-05	3.32852374e-05	0	0	0	0	3
385	508	0	3.45423425	293.201184	293.201185	293.201175	293.201193	1.37030967e-05	3.32852374e-05	0	0	0	0	3
386	509	0	3.46320628	293.201185	293.201185	293.201175	293.201193	1.33569171e-05	3.32852374e-05	0	0	0	0	3
387	510	0	3.47217832	293.201187	293.201185	293.201175	293.201193	1.30026884e-05	3.32852374e-05	0	0	0	0	3
388	512	0	3.48115036	293.201189	293.201185	293.201175	293.201193	1.26717081e-05	3.32852374e-05	0	0	0	0	3
389	513	0	3.4901224	293.201191	293.201185	293.201175	293.201192	1.23910788e-05	3.32852374e-05	0	0	0	0	3
390	514	0	3.49909443	293.201191	293.201185	293.201175	293.201192	1.21432824e-05	3.32852374e-05	0	0	0	0	3
391	516	0	3.50806647	293.20119	293.201185	293.201175	293.201191	1.19123083e-05	3.32852374e-05	0	0	0	0	3
392	517	0	3.51703851	293.201189	293.201185	293.201175	293.201191	1.16700382e-05	3.32852374e-05	0	0	0	0	3
393	518	0	3.52601054	293.201187	293.201185	293.201175	293.201191	1.14188071e-05	3.32852374e-05	0	0	0	0	3
394	520	0	3.53498258	293.201185	293.201185	293.201175	293.201191	1.11584801e-05	3.32852374e-05	0	0	0	0	3
395	521	0	3.54395462	293.201184	293.201185	293.201175	293.201191	1.09014439e-05	3.32852374e-05	0	0	0	0	3
396	522	0	3.55292665	293.201182	293.201185	293.201175	293.201191	1.06355223e-05	3.32852374e-05	0	0	0	0	3
397	524	0	3.56189869	293.201182	293.201184	293.201175	293.201191	1.03580813e-05	3.32852374e-05	0	0	0	0	3
398	525	0	3.57087073	293.201181	293.201184	293.201175	293.201191	1.00494635e-05	3.32852374e-05	0	0	0	0	3
399	526	0	3.57984277	293.20118	293.201184	293.201175	293.201191	9.70249278e-06	3.32852374e-05	0	0	0	0	3
400	528	0	3.5888148	293.201178	293.201184	293.201175	293.201191	9.31159337e-06	3.32852374e-05	0	0	0	0	3
401	532	0	3.59778684	293.201178	293.201184	293.201175	293.201191	8.87398909e-06	3.32852374e-05	0	0	0	0	3
402	534	0	3.60675888	293.201177	293.201183	293.201175	293.201191	8.38682888e-06	3.32852374e-05	0	0	0	0	3
403	535	0	3.61573091	293.201178	293.201183	293.201175	293.201191	7.86398914e-06	3.32852374e-05	0	0	0	0	3
404	536	0	3.62470295	293.201179	293.201183	293.201175	293.201191	7.31996653e-06	3.32852374e-05	0	0	0	0	3
405	538	0	3.63367499	293.201181	293.201183	293.201175	293.201191	6.77247311e-06	3.32852374e-05	0	0	0	0	3
406	539	0	3.64264702	293.201181	293.201183	293.201175	293.201191	6.2218532e-06	3.32852374e-05	0	0	0	0	3
407	540	0	3.65161906	293.201182	293.201183	293.201175	293.201191	5.68298941e-06	3.32852374e-05	0	0	0	0	3
408	541	0	3.6605911	293.20118	293.201182	293.201175	293.201191	5.1603717e-06	3.32852374e-05	0	0	0	0	3
409	543	0	3.66956314	293.20118	293.201182	293.201175	293.201191	4.6783407e-06	3.32852374e-05	0	0	0	0	3
410	544	0	3.67853517	293.201179	293.201182	293.201175	293.201191	4.26036905e-06	3.32852374e-05	0	0	0	0	3
411	545	0	3.68750721	293.201181	293.201182	293.201175	293.201191	3.90231014e-06	3.32852374e-05	0	0	0	0	3
412	546	0	3.69647925	293.201182	293.201182	293.201175	293.201191	3.59649113e-06	3.32852374e-05	0	0	0	0	3
413	548	0	3.70545128	293.201184	293.201182	293.201175	293.201191	3.32874532e-06	3.32852374e-05	0	0	0	0	3
414	549	0	3.71442332	293.201184	293.201182	293.201175	293.201191	3.14838451e-06	3.32852374e-05	0	0	0	0	3
415	550	0	3.72339536	293.201185	293.201182	293.201175	293.201191	3.14838451e-06	3.32852374e-05	0	0	0	0	3
416	552	0	3.73236739	293.201185	293.201182	293.201175	293.201191	3.14838451e-06	3.32852374e-05	0	0	0	0	3
417	553	0	3.74133943	293.201185	293.201182	293.201175	293.201191	3.15138823e-06	3.32852374e-05	0	0	0	0	3
418	554	0	3.75031147	293.201183	293.201182	293.201175	293.201191	3.22998972e-06	3.32852374e-05	0	0	0	0	3
419	555	0	3.75928351	293.201182	293.201182	293.201175	293.201191	3.33145266e-06	3.32852374e-05	0	0	0	0	3
420	557	0	3.76825554	293.201182	293.201182	293.201175	293.201191	3.41926238e-06	3.32852374e-05	0	0	0	0	3
421	558	0	3.77722758	293.201183	293.201182	293.201175	293.201191	3.4577937e-06	3.32852374e-05	0	0	0	0	3
422	559	0	3.78619962	293.201184	293.201182	293.201175	293.201191	3.4577937e-06	3.32852374e-05	0	0	0	0	3
423	560	0	3.79517165	293.201185	293.201182	293.201175	293.201191	3.4577937e-06	3.32852374e-05	0	0	0	0	3
424	562	0	3.80414369	293.201183	293.201182	293.201175	293.201191	3.4577937e-06	3.32852374e-05	0	0	0	0	3
425	563	0	3.81311573	293.201183	293.201182	293.201177	293.201191	3.4577937e-06	3.32852374e-05	0	0	0	0	3
426	564	0	3.82208776	293.201181	293.201182	293.201177	293.201191	3.4577937e-06	3.32852374e-05	0	0	0	0	3
427	566	0	3.8310598	293.201181	293.201182	293.201177	293.201191	3.4577937e-06	3.32852374e-05	0	0	0	0	3
428	567	0	3.84003184	293.201182	293.201182	293.201177	293.201191	3.4577937e-06	3.32852374e-05	0	0	0	0	3
429	568	0	3.84900388	293.201185	293.201182	293.201177	293.201191	3.4577937e-06	3.32852374e-05	0	0	0	0	3
430	570	0	3.85797591	293.201187	293.201183	293.201177	293.201191	3.4577937e-06	3.32852374e-05	0	0	0	0	3
431	571	0	3.86694795	293.201189	293.201183	293.201177	293.201191	3.4577937e-06	3.32852374e-05	0	0	0	0	3
432	572	0	3.87591999	293.201189	293.201183	293.201177	293.201191	3.4577937e-06	3.32852374e-05	0	0	0	0	3
433	574	0	3.88489202	293.201188	293.201183	293.201177	293.201191	3.4577937e-06	3.32852374e-05	0	0	0	0	3
434	575	0	3.89386406	293.201186	293.201183	293.201177	293.201191	3.4577937e-06	3.32852374e-05	0	0	0	0	3
435	576	0	3.9028361	293.201185	293.201183	293.201177	293.201191	3.4577937e-06	3.32852374e-05	0	0	0	0	3
436	578	0	3.91180813	293.201184	293.201183	293.201177	293.201191	3.4577937e-06	3.32852374e-05	0	0	0	0	3
437	579	0	3.92078017	293.201184	293.201184	293.201177	293.201191	3.4577937e-06	3.32852374e-05	0	0	0	0	3
438	580	0	3.92975221	293.201185	293.201184	293.201177	293.201191	3.4577937e-06	3.32852374e-05	0	0	0	0	3
439	582	0	3.93872425	293.201186	293.201184	293.201177	293.201191	3.4577937e-06	3.32852374e-05	0	0	0	0	3
440	583	0	3.94769628	293.201186	293.201184	293.201177	293.201191	3.4577937e-06	3.32852374e-05	0	0	0	0	3
441	584	0	3.95666832	293.201186	293.201184	293.201177	293.201191	3.45096367e-06	3.32852374e-05	0	0	0	0	3
442	586	0	3.96564036	293.201185	293.201184	293.201177	293.201191	3.40026531e-06	3.32852374e-05	0	0	0	0	3
443	587	0	3.97461239	293.201185	293.201184	293.201177	293.201191	3.33960918e-06	3.32852374e-05	0	0	0	0	3
444	588	0	3.98358443	293.201184	293.201184	293.201177	293.201191	3.29239737e-06	3.32852374e-05	0	0	0	0	3
445	589	0	3.99255647	293.201186	293.201184	293.201177	293.201191	3.26608063e-06	3.32852374e-05	0	0	0	0	3
446	591	0	4.0015285	293.201187	293.201183	293.201177	293.20119	3.24290517e-06	3.32852374e-05	0	0	0	0	3
