Iteration	CPUTime	PhysTime	Travels	Value	AvValue	MinValue	MaxValue	Delta	Criteria	PrevAvRefValue	Progress	CriteriaType	CriteriaVarType	CriteriaPercentage
1	7	0	0.00897203701	0	0	0	0	0	0	0	0	0	0	3
2	9	0	0.017944074	0	0	0	0	0	0	0	0	0	0	3
3	10	0	0.026916111	0	0	0	0	0	0	0	0	0	0	3
4	11	0	0.035888148	0	0	0	0	0	0	0	0	0	0	3
5	13	0	0.044860185	0	0	0	0	0	0	0	0	0	0	3
6	14	0	0.053832222	0	0	0	0	0	0	0	0	0	0	3
7	15	0	0.062804259	0	0	0	0	0	0	0	0	0	0	3
8	16	0	0.0717762961	0	0	0	0	0	0	0	0	0	0	3
9	18	0	0.0807483331	0	0	0	0	0	0	0	0	0	0	3
10	19	0	0.0897203701	0	0	0	0	0	0	0	0	0	0	3
11	21	0	0.0986924071	0	0	0	0	0	0	0	0	0	0	3
12	22	0	0.107664444	0	0	0	0	0	0	0	0	0	0	3
13	23	0	0.116636481	0	0	0	0	0	0	0	0	0	0	3
14	24	0	0.125608518	0	0	0	0	0	0	0	0	0	0	3
15	26	0	0.134580555	0	0	0	0	0	0	0	0	0	0	3
16	27	0	0.143552592	0	0	0	0	0	0	0	0	0	0	3
17	28	0	0.152524629	0	0	0	0	0	0	0	0	0	0	3
18	29	0	0.161496666	0	0	0	0	0	0	0	0	0	0	3
19	30	0	0.170468703	0	0	0	0	0	0	0	0	0	0	3
20	31	0	0.17944074	0	0	0	0	0	0	0	0	0	0	3
21	33	0	0.188412777	0	0	0	0	0	0	0	0	0	0	3
22	34	0	0.197384814	0	0	0	0	0	0	0	0	0	0	3
23	35	0	0.206356851	0	0	0	0	0	0	0	0	0	0	3
24	36	0	0.215328888	0	0	0	0	0	0	0	0	0	0	3
25	38	0	0.224300925	0	0	0	0	0	0	0	0	0	0	3
26	39	0	0.233272962	0	0	0	0	0	0	0	0	0	0	3
27	40	0	0.242244999	0	0	0	0	0	0	0	0	0	0	3
28	41	0	0.251217036	0	0	0	0	0	0	0	0	0	0	3
29	43	0	0.260189073	0	0	0	0	0	0	0	0	0	0	3
30	44	0	0.26916111	0	0	0	0	0	0	0	0	0	0	3
31	45	0	0.278133147	0	0	0	0	0	0	0	0	0	0	3
32	47	0	0.287105184	0	0	0	0	0	0	0	0	0	0	3
33	48	0	0.296077221	0	0	0	0	0	0	0	0	0	0	3
34	49	0	0.305049258	0	0	0	0	0	0	0	0	0	0	3
35	51	0	0.314021295	0	0	0	0	0	0	0	0	0	0	3
36	52	0	0.322993332	0	0	0	0	0	0	0	0	0	0	3
37	53	0	0.331965369	0	0	0	0	0	0	0	0	0	0	3
38	55	0	0.340937406	0	0	0	0	0	0	0	0	0	0	3
39	56	0	0.349909443	0	0	0	0	0	0	0	0	0	0	3
40	57	0	0.35888148	0	0	0	0	0	0	0	0	0	0	3
41	59	0	0.367853517	0	0	0	0	0	0	0	0	0	0	3
42	60	0	0.376825554	0	0	0	0	0	0	0	0	0	0	3
43	61	0	0.385797591	0	0	0	0	0	0	0	0	0	0	3
44	63	0	0.394769628	0	0	0	0	0	0	0	0	0	0	3
45	64	0	0.403741665	0	0	0	0	0	0	0	0	0	0	3
46	65	0	0.412713702	0	0	0	0	0	0	0	0	0	0	3
47	67	0	0.421685739	0	0	0	0	0	0	0	0	0	0	3
48	68	0	0.430657776	0	0	0	0	0	0	0	0	0	0	3
49	69	0	0.439629813	0	0	0	0	0	0	0	0	0	0	3
50	71	0	0.44860185	0	0	0	0	0	0	0	0	0	0	3
51	72	0	0.457573887	0	0	0	0	0	0	0	0	0	0	3
52	73	0	0.466545924	0	0	0	0	0	0	0	0	0	0	3
53	75	0	0.475517961	0	0	0	0	0	0	0	0	0	0	3
54	76	0	0.484489998	0	0	0	0	0	0	0	0	0	0	3
55	77	0	0.493462035	0	0	0	0	0	0	0	0	0	0	3
56	78	0	0.502434072	0	0	0	0	0	0	0	0	0	0	3
57	80	0	0.511406109	0	0	0	0	0	0	0	0	0	0	3
58	81	0	0.520378146	0	0	0	0	0	0	0	0	0	0	3
59	82	0	0.529350183	0	0	0	0	0	0	0	0	0	0	3
60	83	0	0.53832222	0	0	0	0	0	0	0	0	0	0	3
61	85	0	0.547294257	0	0	0	0	0	0	0	0	0	0	3
62	86	0	0.556266294	0	0	0	0	0	0	0	0	0	0	3
63	87	0	0.565238331	0	0	0	0	0	0	0	0	0	0	3
64	88	0	0.574210368	0	0	0	0	0	0	0	0	0	0	3
65	90	0	0.583182405	0	0	0	0	0	0	0	0	0	0	3
66	91	0	0.592154442	0	0	0	0	0	0	0	0	0	0	3
67	92	0	0.601126479	0	0	0	0	0	0	0	0	0	0	3
68	94	0	0.610098516	0	0	0	0	0	0	0	0	0	0	3
69	95	0	0.619070553	0	0	0	0	0	0	0	0	0	0	3
70	96	0	0.62804259	0	0	0	0	0	0	0	0	0	0	3
71	97	0	0.637014627	0	0	0	0	0	0	0	0	0	0	3
72	98	0	0.645986664	0	0	0	0	0	0	0	0	0	0	3
73	100	0	0.654958701	0	0	0	0	0	0	0	0	0	0	3
74	101	0	0.663930738	0	0	0	0	0	0	0	0	0	0	3
75	102	0	0.672902775	0	0	0	0	0	0	0	0	0	0	3
76	103	0	0.681874812	0	0	0	0	0	0	0	0	0	0	3
77	105	0	0.69084685	0	0	0	0	0	0	0	0	0	0	3
78	106	0	0.699818887	0	0	0	0	0	0	0	0	0	0	3
79	107	0	0.708790924	0	0	0	0	0	0	0	0	0	0	3
80	109	0	0.717762961	0	0	0	0	0	0	0	0	0	0	3
81	110	0	0.726734998	0	0	0	0	0	0	0	0	0	0	3
82	111	0	0.735707035	0	0	0	0	0	0	0	0	0	0	3
83	113	0	0.744679072	0	0	0	0	0	0	0	0	0	0	3
84	114	0	0.753651109	0	0	0	0	0	0	0	0	0	0	3
85	115	0	0.762623146	0	0	0	0	0	0	0	0	0	0	3
86	116	0	0.771595183	0	0	0	0	0	0	0	0	0	0	3
87	118	0	0.78056722	0	0	0	0	0	0	0	0	0	0	3
88	119	0	0.789539257	0	0	0	0	0	0	0	0	0	0	3
89	120	0	0.798511294	0	0	0	0	0	0	0	0	0	0	3
90	121	0	0.807483331	0	0	0	0	0	0	0	0	0	0	3
91	123	0	0.816455368	0	0	0	0	0	0	0	0	0	0	3
92	124	0	0.825427405	0	0	0	0	0	0	0	0	0	0	3
93	125	0	0.834399442	0	0	0	0	0	0	0	0	0	0	3
94	126	0	0.843371479	0	0	0	0	0	0	0	0	0	0	3
95	128	0	0.852343516	0	0	0	0	0	0	0	0	0	0	3
96	129	0	0.861315553	0	0	0	0	0	0	0	0	0	0	3
97	130	0	0.87028759	0	0	0	0	0	0	0	0	0	0	3
98	131	0	0.879259627	0	0	0	0	0	0	0	0	0	0	3
99	133	0	0.888231664	0	0	0	0	0	0	0	0	0	0	3
100	134	0	0.897203701	0	0	0	0	0	0	0	0	0	0	3
101	139	0	0.906175738	0	0	0	0	0	0	0	0	0	0	3
102	140	0	0.915147775	0	0	0	0	0	0	0	0	0	0	3
103	141	0	0.924119812	0	0	0	0	0	0	0	0	0	0	3
104	142	0	0.933091849	0	0	0	0	0	0	0	0	0	0	3
105	143	0	0.942063886	0	0	0	0	0	0	0	0	0	0	3
106	145	0	0.951035923	0	0	0	0	0	0	0	0	0	0	3
107	146	0	0.96000796	0	0	0	0	0	0	0	0	0	0	3
108	147	0	0.968979997	0	0	0	0	0	0	0	0	0	0	3
109	149	0	0.977952034	0	0	0	0	0	0	0	0	0	0	3
110	150	0	0.986924071	0	0	0	0	0	0	0	0	0	0	3
111	151	0	0.995896108	0	0	0	0	0	0	0	0	0	0	3
112	152	0	1.00486814	0	0	0	0	0	5e-06	0	0	0	0	3
113	154	0	1.01384018	0	0	0	0	0	5e-06	0	0	0	0	3
114	155	0	1.02281222	0	0	0	0	0	5e-06	0	0	0	0	3
115	156	0	1.03178426	0	0	0	0	0	5e-06	0	0	0	0	3
116	157	0	1.04075629	0	0	0	0	0	5e-06	0	0	0	0	3
117	158	0	1.04972833	0	0	0	0	0	5e-06	0	0	0	0	3
118	160	0	1.05870037	0	0	0	0	0	5e-06	0	0	0	0	3
119	161	0	1.0676724	0	0	0	0	0	5e-06	0	0	0	0	3
120	162	0	1.07664444	0	0	0	0	0	5e-06	0	0	0	0	3
121	163	0	1.08561648	0	0	0	0	0	5e-06	0	0	0	0	3
122	164	0	1.09458851	0	0	0	0	0	5e-06	0	0	0	0	3
123	165	0	1.10356055	0	0	0	0	0	5e-06	0	0	0	0	3
124	167	0	1.11253259	0	0	0	0	0	5e-06	0	0	0	0	3
125	168	0	1.12150463	0	0	0	0	0	5e-06	0	0	0	0	3
126	169	0	1.13047666	0	0	0	0	0	5e-06	0	0	0	0	3
127	170	0	1.1394487	0	0	0	0	0	5e-06	0	0	0	0	3
128	171	0	1.14842074	0	0	0	0	0	5e-06	0	0	0	0	3
129	173	0	1.15739277	0	0	0	0	0	5e-06	0	0	0	0	3
130	174	0	1.16636481	0	0	0	0	0	5e-06	0	0	0	0	3
131	175	0	1.17533685	0	0	0	0	0	5e-06	0	0	0	0	3
132	176	0	1.18430888	0	0	0	0	0	5e-06	0	0	0	0	3
133	178	0	1.19328092	0	0	0	0	0	5e-06	0	0	0	0	3
134	179	0	1.20225296	0	0	0	0	0	5e-06	0	0	0	0	3
135	180	0	1.211225	0	0	0	0	0	5e-06	0	0	0	0	3
136	181	0	1.22019703	0	0	0	0	0	5e-06	0	0	0	0	3
137	182	0	1.22916907	0	0	0	0	0	5e-06	0	0	0	0	3
138	184	0	1.23814111	0	0	0	0	0	5e-06	0	0	0	0	3
139	185	0	1.24711314	0	0	0	0	0	5e-06	0	0	0	0	3
140	186	0	1.25608518	0	0	0	0	0	5e-06	0	0	0	0	3
141	187	0	1.26505722	0	0	0	0	0	5e-06	0	0	0	0	3
142	188	0	1.27402925	0	0	0	0	0	5e-06	0	0	0	0	3
143	190	0	1.28300129	0	0	0	0	0	5e-06	0	0	0	0	3
144	191	0	1.29197333	0	0	0	0	0	5e-06	0	0	0	0	3
145	192	0	1.30094537	0	0	0	0	0	5e-06	0	0	0	0	3
146	193	0	1.3099174	0	0	0	0	0	5e-06	0	0	0	0	3
147	194	0	1.31888944	0	0	0	0	0	5e-06	0	0	0	0	3
148	195	0	1.32786148	0	0	0	0	0	5e-06	0	0	0	0	3
149	197	0	1.33683351	0	0	0	0	0	5e-06	0	0	0	0	3
150	198	0	1.34580555	0	0	0	0	0	5e-06	0	0	0	0	3
151	199	0	1.35477759	0	0	0	0	0	5e-06	0	0	0	0	3
152	200	0	1.36374962	0	0	0	0	0	5e-06	0	0	0	0	3
153	201	0	1.37272166	0	0	0	0	0	5e-06	0	0	0	0	3
154	203	0	1.3816937	0	0	0	0	0	5e-06	0	0	0	0	3
155	204	0	1.39066574	0	0	0	0	0	5e-06	0	0	0	0	3
156	205	0	1.39963777	0	0	0	0	0	5e-06	0	0	0	0	3
157	206	0	1.40860981	0	0	0	0	0	5e-06	0	0	0	0	3
158	207	0	1.41758185	0	0	0	0	0	5e-06	0	0	0	0	3
159	209	0	1.42655388	0	0	0	0	0	5e-06	0	0	0	0	3
160	210	0	1.43552592	0	0	0	0	0	5e-06	0	0	0	0	3
161	211	0	1.44449796	0	0	0	0	0	5e-06	0	0	0	0	3
162	212	0	1.45347	0	0	0	0	0	5e-06	0	0	0	0	3
163	213	0	1.46244203	0	0	0	0	0	5e-06	0	0	0	0	3
164	215	0	1.47141407	0	0	0	0	0	5e-06	0	0	0	0	3
165	216	0	1.48038611	0	0	0	0	0	5e-06	0	0	0	0	3
166	217	0	1.48935814	0	0	0	0	0	5e-06	0	0	0	0	3
167	218	0	1.49833018	0	0	0	0	0	5e-06	0	0	0	0	3
168	219	0	1.50730222	0	0	0	0	0	5e-06	0	0	0	0	3
169	221	0	1.51627425	0	0	0	0	0	5e-06	0	0	0	0	3
170	222	0	1.52524629	0	0	0	0	0	5e-06	0	0	0	0	3
171	223	0	1.53421833	0	0	0	0	0	5e-06	0	0	0	0	3
172	224	0	1.54319037	0	0	0	0	0	5e-06	0	0	0	0	3
173	226	0	1.5521624	0	0	0	0	0	5e-06	0	0	0	0	3
174	227	0	1.56113444	0	0	0	0	0	5e-06	0	0	0	0	3
175	228	0	1.57010648	0	0	0	0	0	5e-06	0	0	0	0	3
176	229	0	1.57907851	0	0	0	0	0	5e-06	0	0	0	0	3
177	230	0	1.58805055	0	0	0	0	0	5e-06	0	0	0	0	3
178	232	0	1.59702259	0	0	0	0	0	5e-06	0	0	0	0	3
179	233	0	1.60599462	0	0	0	0	0	5e-06	0	0	0	0	3
180	234	0	1.61496666	0	0	0	0	0	5e-06	0	0	0	0	3
181	235	0	1.6239387	0	0	0	0	0	5e-06	0	0	0	0	3
182	236	0	1.63291074	0	0	0	0	0	5e-06	0	0	0	0	3
183	237	0	1.64188277	0	0	0	0	0	5e-06	0	0	0	0	3
184	239	0	1.65085481	0	0	0	0	0	5e-06	0	0	0	0	3
185	240	0	1.65982685	0	0	0	0	0	5e-06	0	0	0	0	3
186	241	0	1.66879888	0	0	0	0	0	5e-06	0	0	0	0	3
187	242	0	1.67777092	0	0	0	0	0	5e-06	0	0	0	0	3
188	243	0	1.68674296	0	0	0	0	0	5e-06	0	0	0	0	3
189	245	0	1.69571499	0	0	0	0	0	5e-06	0	0	0	0	3
190	246	0	1.70468703	0	0	0	0	0	5e-06	0	0	0	0	3
191	247	0	1.71365907	0	0	0	0	0	5e-06	0	0	0	0	3
192	248	0	1.72263111	0	0	0	0	0	5e-06	0	0	0	0	3
193	249	0	1.73160314	0	0	0	0	0	5e-06	0	0	0	0	3
194	251	0	1.74057518	0	0	0	0	0	5e-06	0	0	0	0	3
195	252	0	1.74954722	0	0	0	0	0	5e-06	0	0	0	0	3
196	253	0	1.75851925	0	0	0	0	0	5e-06	0	0	0	0	3
197	254	0	1.76749129	0	0	0	0	0	5e-06	0	0	0	0	3
198	255	0	1.77646333	0	0	0	0	0	5e-06	0	0	0	0	3
199	257	0	1.78543536	0	0	0	0	0	5e-06	0	0	0	0	3
200	258	0	1.7944074	0	0	0	0	0	5e-06	0	0	0	0	3
201	262	0	1.80337944	0	0	0	0	0	5e-06	0	0	0	0	3
202	263	0	1.81235148	0	0	0	0	0	5e-06	0	0	0	0	3
203	265	0	1.82132351	0	0	0	0	0	5e-06	0	0	0	0	3
204	266	0	1.83029555	0	0	0	0	0	5e-06	0	0	0	0	3
205	267	0	1.83926759	0	0	0	0	0	5e-06	0	0	0	0	3
206	269	0	1.84823962	0	0	0	0	0	5e-06	0	0	0	0	3
207	270	0	1.85721166	0	0	0	0	0	5e-06	0	0	0	0	3
208	271	0	1.8661837	0	0	0	0	0	5e-06	0	0	0	0	3
209	272	0	1.87515573	0	0	0	0	0	5e-06	0	0	0	0	3
210	273	0	1.88412777	0	0	0	0	0	5e-06	0	0	0	0	3
211	275	0	1.89309981	0	0	0	0	0	5e-06	0	0	0	0	3
212	276	0	1.90207185	0	0	0	0	0	5e-06	0	0	0	0	3
213	277	0	1.91104388	0	0	0	0	0	5e-06	0	0	0	0	3
214	278	0	1.92001592	0	0	0	0	0	5e-06	0	0	0	0	3
215	279	0	1.92898796	0	0	0	0	0	5e-06	0	0	0	0	3
216	281	0	1.93795999	0	0	0	0	0	5e-06	0	0	0	0	3
217	282	0	1.94693203	0	0	0	0	0	5e-06	0	0	0	0	3
218	283	0	1.95590407	0	0	0	0	0	5e-06	0	0	0	0	3
219	284	0	1.9648761	0	0	0	0	0	5e-06	0	0	0	0	3
220	286	0	1.97384814	0	0	0	0	0	5e-06	0	0	0	0	3
221	287	0	1.98282018	0	0	0	0	0	5e-06	0	0	0	0	3
222	288	0	1.99179222	0	0	0	0	0	5e-06	0	0	0	0	3
223	289	0	2.00076425	0	0	0	0	0	5e-06	0	0	0	0	3
224	290	0	2.00973629	0	0	0	0	0	5e-06	0	0	0	0	3
225	292	0	2.01870833	0	0	0	0	0	5e-06	0	0	0	0	3
226	293	0	2.02768036	0	0	0	0	0	5e-06	0	0	0	0	3
227	294	0	2.0366524	0	0	0	0	0	5e-06	0	0	0	0	3
228	295	0	2.04562444	0	0	0	0	0	5e-06	0	0	0	0	3
229	296	0	2.05459647	0	0	0	0	0	5e-06	0	0	0	0	3
230	298	0	2.06356851	0	0	0	0	0	5e-06	0	0	0	0	3
231	299	0	2.07254055	0	0	0	0	0	5e-06	0	0	0	0	3
232	300	0	2.08151259	0	0	0	0	0	5e-06	0	0	0	0	3
233	301	0	2.09048462	0	0	0	0	0	5e-06	0	0	0	0	3
234	303	0	2.09945666	0	0	0	0	0	5e-06	0	0	0	0	3
235	304	0	2.1084287	0	0	0	0	0	5e-06	0	0	0	0	3
236	305	0	2.11740073	0	0	0	0	0	5e-06	0	0	0	0	3
237	306	0	2.12637277	0	0	0	0	0	5e-06	0	0	0	0	3
238	307	0	2.13534481	0	0	0	0	0	5e-06	0	0	0	0	3
239	308	0	2.14431684	0	0	0	0	0	5e-06	0	0	0	0	3
240	310	0	2.15328888	0	0	0	0	0	5e-06	0	0	0	0	3
241	311	0	2.16226092	0	0	0	0	0	5e-06	0	0	0	0	3
242	313	0	2.17123296	0	0	0	0	0	5e-06	0	0	0	0	3
243	314	0	2.18020499	0	0	0	0	0	5e-06	0	0	0	0	3
244	316	0	2.18917703	0	0	0	0	0	5e-06	0	0	0	0	3
245	318	0	2.19814907	0	0	0	0	0	5e-06	0	0	0	0	3
246	319	0	2.2071211	0	0	0	0	0	5e-06	0	0	0	0	3
247	321	0	2.21609314	0	0	0	0	0	5e-06	0	0	0	0	3
248	323	0	2.22506518	0	0	0	0	0	5e-06	0	0	0	0	3
249	324	0	2.23403721	0	0	0	0	0	5e-06	0	0	0	0	3
250	325	0	2.24300925	0	0	0	0	0	5e-06	0	0	0	0	3
251	327	0	2.25198129	0	0	0	0	0	5e-06	0	0	0	0	3
252	329	0	2.26095333	0	0	0	0	0	5e-06	0	0	0	0	3
253	330	0	2.26992536	0	0	0	0	0	5e-06	0	0	0	0	3
254	331	0	2.2788974	0	0	0	0	0	5e-06	0	0	0	0	3
255	332	0	2.28786944	0	0	0	0	0	5e-06	0	0	0	0	3
256	334	0	2.29684147	0	0	0	0	0	5e-06	0	0	0	0	3
257	335	0	2.30581351	0	0	0	0	0	5e-06	0	0	0	0	3
258	336	0	2.31478555	0	0	0	0	0	5e-06	0	0	0	0	3
259	338	0	2.32375758	0	0	0	0	0	5e-06	0	0	0	0	3
260	339	0	2.33272962	0	0	0	0	0	5e-06	0	0	0	0	3
261	340	0	2.34170166	0	0	0	0	0	5e-06	0	0	0	0	3
262	342	0	2.3506737	0	0	0	0	0	5e-06	0	0	0	0	3
263	343	0	2.35964573	0	0	0	0	0	5e-06	0	0	0	0	3
264	344	0	2.36861777	0	0	0	0	0	5e-06	0	0	0	0	3
265	345	0	2.37758981	0	0	0	0	0	5e-06	0	0	0	0	3
266	347	0	2.38656184	0	0	0	0	0	5e-06	0	0	0	0	3
267	348	0	2.39553388	0	0	0	0	0	5e-06	0	0	0	0	3
268	349	0	2.40450592	0	0	0	0	0	5e-06	0	0	0	0	3
269	351	0	2.41347795	0	0	0	0	0	5e-06	0	0	0	0	3
270	352	0	2.42244999	0	0	0	0	0	5e-06	0	0	0	0	3
271	353	0	2.43142203	0	0	0	0	0	5e-06	0	0	0	0	3
272	354	0	2.44039407	0	0	0	0	0	5e-06	0	0	0	0	3
273	356	0	2.4493661	0	0	0	0	0	5e-06	0	0	0	0	3
274	357	0	2.45833814	0	0	0	0	0	5e-06	0	0	0	0	3
275	358	0	2.46731018	0	0	0	0	0	5e-06	0	0	0	0	3
276	360	0	2.47628221	0	0	0	0	0	5e-06	0	0	0	0	3
277	361	0	2.48525425	0	0	0	0	0	5e-06	0	0	0	0	3
278	362	0	2.49422629	0	0	0	0	0	5e-06	0	0	0	0	3
279	363	0	2.50319832	0	0	0	0	0	5e-06	0	0	0	0	3
280	365	0	2.51217036	0	0	0	0	0	5e-06	0	0	0	0	3
281	366	0	2.5211424	0	0	0	0	0	5e-06	0	0	0	0	3
282	367	0	2.53011444	0	0	0	0	0	5e-06	0	0	0	0	3
283	369	0	2.53908647	0	0	0	0	0	5e-06	0	0	0	0	3
284	370	0	2.54805851	0	0	0	0	0	5e-06	0	0	0	0	3
285	371	0	2.55703055	0	0	0	0	0	5e-06	0	0	0	0	3
286	373	0	2.56600258	0	0	0	0	0	5e-06	0	0	0	0	3
287	374	0	2.57497462	0	0	0	0	0	5e-06	0	0	0	0	3
288	375	0	2.58394666	0	0	0	0	0	5e-06	0	0	0	0	3
289	377	0	2.59291869	0	0	0	0	0	5e-06	0	0	0	0	3
290	378	0	2.60189073	0	0	0	0	0	5e-06	0	0	0	0	3
291	379	0	2.61086277	0	0	0	0	0	5e-06	0	0	0	0	3
292	381	0	2.61983481	0	0	0	0	0	5e-06	0	0	0	0	3
293	382	0	2.62880684	0	0	0	0	0	5e-06	0	0	0	0	3
294	383	0	2.63777888	0	0	0	0	0	5e-06	0	0	0	0	3
295	385	0	2.64675092	0	0	0	0	0	5e-06	0	0	0	0	3
296	386	0	2.65572295	0	0	0	0	0	5e-06	0	0	0	0	3
297	387	0	2.66469499	0	0	0	0	0	5e-06	0	0	0	0	3
298	389	0	2.67366703	0	0	0	0	0	5e-06	0	0	0	0	3
299	390	0	2.68263906	0	0	0	0	0	5e-06	0	0	0	0	3
300	391	0	2.6916111	0	0	0	0	0	5e-06	0	0	0	0	3
301	396	0	2.70058314	0	0	0	0	0	5e-06	0	0	0	0	3
302	398	0	2.70955518	0	0	0	0	0	5e-06	0	0	0	0	3
303	399	0	2.71852721	0	0	0	0	0	5e-06	0	0	0	0	3
304	400	0	2.72749925	0	0	0	0	0	5e-06	0	0	0	0	3
305	401	0	2.73647129	0	0	0	0	0	5e-06	0	0	0	0	3
306	403	0	2.74544332	0	0	0	0	0	5e-06	0	0	0	0	3
307	404	0	2.75441536	0	0	0	0	0	5e-06	0	0	0	0	3
308	405	0	2.7633874	0	0	0	0	0	5e-06	0	0	0	0	3
309	407	0	2.77235944	0	0	0	0	0	5e-06	0	0	0	0	3
310	408	0	2.78133147	0	0	0	0	0	5e-06	0	0	0	0	3
311	409	0	2.79030351	0	0	0	0	0	5e-06	0	0	0	0	3
312	411	0	2.79927555	0	0	0	0	0	5e-06	0	0	0	0	3
313	412	0	2.80824758	0	0	0	0	0	5e-06	0	0	0	0	3
314	413	0	2.81721962	0	0	0	0	0	5e-06	0	0	0	0	3
315	415	0	2.82619166	0	0	0	0	0	5e-06	0	0	0	0	3
316	416	0	2.83516369	0	0	0	0	0	5e-06	0	0	0	0	3
317	417	0	2.84413573	0	0	0	0	0	5e-06	0	0	0	0	3
318	419	0	2.85310777	0	0	0	0	0	5e-06	0	0	0	0	3
319	420	0	2.86207981	0	0	0	0	0	5e-06	0	0	0	0	3
320	421	0	2.87105184	0	0	0	0	0	5e-06	0	0	0	0	3
321	423	0	2.88002388	0	0	0	0	0	5e-06	0	0	0	0	3
322	424	0	2.88899592	0	0	0	0	0	5e-06	0	0	0	0	3
323	425	0	2.89796795	0	0	0	0	0	5e-06	0	0	0	0	3
324	427	0	2.90693999	0	0	0	0	0	5e-06	0	0	0	0	3
325	428	0	2.91591203	0	0	0	0	0	5e-06	0	0	0	0	3
326	429	0	2.92488406	0	0	0	0	0	5e-06	0	0	0	0	3
327	431	0	2.9338561	0	0	0	0	0	5e-06	0	0	0	0	3
328	432	0	2.94282814	0	0	0	0	0	5e-06	0	0	0	0	3
329	433	0	2.95180018	0	0	0	0	0	5e-06	0	0	0	0	3
330	435	0	2.96077221	0	0	0	0	0	5e-06	0	0	0	0	3
331	436	0	2.96974425	0	0	0	0	0	5e-06	0	0	0	0	3
332	437	0	2.97871629	0	0	0	0	0	5e-06	0	0	0	0	3
333	439	0	2.98768832	0	0	0	0	0	5e-06	0	0	0	0	3
334	440	0	2.99666036	0	0	0	0	0	5e-06	0	0	0	0	3
335	441	0	3.0056324	0	0	0	0	0	5e-06	0	0	0	0	3
336	443	0	3.01460443	0	0	0	0	0	5e-06	0	0	0	0	3
337	444	0	3.02357647	0	0	0	0	0	5e-06	0	0	0	0	3
338	445	0	3.03254851	0	0	0	0	0	5e-06	0	0	0	0	3
339	447	0	3.04152055	0	0	0	0	0	5e-06	0	0	0	0	3
340	448	0	3.05049258	0	0	0	0	0	5e-06	0	0	0	0	3
341	449	0	3.05946462	0	0	0	0	0	5e-06	0	0	0	0	3
342	451	0	3.06843666	0	0	0	0	0	5e-06	0	0	0	0	3
343	452	0	3.07740869	0	0	0	0	0	5e-06	0	0	0	0	3
344	453	0	3.08638073	0	0	0	0	0	5e-06	0	0	0	0	3
345	455	0	3.09535277	0	0	0	0	0	5e-06	0	0	0	0	3
346	456	0	3.1043248	0	0	0	0	0	5e-06	0	0	0	0	3
347	457	0	3.11329684	0	0	0	0	0	5e-06	0	0	0	0	3
348	459	0	3.12226888	0	0	0	0	0	5e-06	0	0	0	0	3
349	460	0	3.13124092	0	0	0	0	0	5e-06	0	0	0	0	3
350	461	0	3.14021295	0	0	0	0	0	5e-06	0	0	0	0	3
351	463	0	3.14918499	0	0	0	0	0	5e-06	0	0	0	0	3
352	464	0	3.15815703	0	0	0	0	0	5e-06	0	0	0	0	3
353	465	0	3.16712906	0	0	0	0	0	5e-06	0	0	0	0	3
354	467	0	3.1761011	0	0	0	0	0	5e-06	0	0	0	0	3
355	468	0	3.18507314	0	0	0	0	0	5e-06	0	0	0	0	3
356	469	0	3.19404517	0	0	0	0	0	5e-06	0	0	0	0	3
357	470	0	3.20301721	0	0	0	0	0	5e-06	0	0	0	0	3
358	472	0	3.21198925	0	0	0	0	0	5e-06	0	0	0	0	3
359	473	0	3.22096129	0	0	0	0	0	5e-06	0	0	0	0	3
360	475	0	3.22993332	0	0	0	0	0	5e-06	0	0	0	0	3
361	476	0	3.23890536	0	0	0	0	0	5e-06	0	0	0	0	3
362	477	0	3.2478774	0	0	0	0	0	5e-06	0	0	0	0	3
363	479	0	3.25684943	0	0	0	0	0	5e-06	0	0	0	0	3
364	480	0	3.26582147	0	0	0	0	0	5e-06	0	0	0	0	3
365	481	0	3.27479351	0	0	0	0	0	5e-06	0	0	0	0	3
366	482	0	3.28376554	0	0	0	0	0	5e-06	0	0	0	0	3
367	484	0	3.29273758	0	0	0	0	0	5e-06	0	0	0	0	3
368	485	0	3.30170962	0	0	0	0	0	5e-06	0	0	0	0	3
369	487	0	3.31068166	0	0	0	0	0	5e-06	0	0	0	0	3
370	488	0	3.31965369	0	0	0	0	0	5e-06	0	0	0	0	3
371	489	0	3.32862573	0	0	0	0	0	5e-06	0	0	0	0	3
372	491	0	3.33759777	0	0	0	0	0	5e-06	0	0	0	0	3
373	492	0	3.3465698	0	0	0	0	0	5e-06	0	0	0	0	3
374	493	0	3.35554184	0	0	0	0	0	5e-06	0	0	0	0	3
375	495	0	3.36451388	0	0	0	0	0	5e-06	0	0	0	0	3
376	496	0	3.37348591	0	0	0	0	0	5e-06	0	0	0	0	3
377	497	0	3.38245795	0	0	0	0	0	5e-06	0	0	0	0	3
378	498	0	3.39142999	0	0	0	0	0	5e-06	0	0	0	0	3
379	500	0	3.40040203	0	0	0	0	0	5e-06	0	0	0	0	3
380	501	0	3.40937406	0	0	0	0	0	5e-06	0	0	0	0	3
381	502	0	3.4183461	0	0	0	0	0	5e-06	0	0	0	0	3
382	504	0	3.42731814	0	0	0	0	0	5e-06	0	0	0	0	3
383	505	0	3.43629017	0	0	0	0	0	5e-06	0	0	0	0	3
384	506	0	3.44526221	0	0	0	0	0	5e-06	0	0	0	0	3
385	508	0	3.45423425	0	0	0	0	0	5e-06	0	0	0	0	3
386	509	0	3.46320628	0	0	0	0	0	5e-06	0	0	0	0	3
387	510	0	3.47217832	0	0	0	0	0	5e-06	0	0	0	0	3
388	512	0	3.48115036	0	0	0	0	0	5e-06	0	0	0	0	3
389	513	0	3.4901224	0	0	0	0	0	5e-06	0	0	0	0	3
390	514	0	3.49909443	0	0	0	0	0	5e-06	0	0	0	0	3
391	516	0	3.50806647	0	0	0	0	0	5e-06	0	0	0	0	3
392	517	0	3.51703851	0	0	0	0	0	5e-06	0	0	0	0	3
393	518	0	3.52601054	0	0	0	0	0	5e-06	0	0	0	0	3
394	520	0	3.53498258	0	0	0	0	0	5e-06	0	0	0	0	3
395	521	0	3.54395462	0	0	0	0	0	5e-06	0	0	0	0	3
396	522	0	3.55292665	0	0	0	0	0	5e-06	0	0	0	0	3
397	524	0	3.56189869	0	0	0	0	0	5e-06	0	0	0	0	3
398	525	0	3.57087073	0	0	0	0	0	5e-06	0	0	0	0	3
399	526	0	3.57984277	0	0	0	0	0	5e-06	0	0	0	0	3
400	528	0	3.5888148	0	0	0	0	0	5e-06	0	0	0	0	3
401	532	0	3.59778684	0	0	0	0	0	5e-06	0	0	0	0	3
402	534	0	3.60675888	0	0	0	0	0	5e-06	0	0	0	0	3
403	535	0	3.61573091	0	0	0	0	0	5e-06	0	0	0	0	3
404	536	0	3.62470295	0	0	0	0	0	5e-06	0	0	0	0	3
405	538	0	3.63367499	0	0	0	0	0	5e-06	0	0	0	0	3
406	539	0	3.64264702	0	0	0	0	0	5e-06	0	0	0	0	3
407	540	0	3.65161906	0	0	0	0	0	5e-06	0	0	0	0	3
408	541	0	3.6605911	0	0	0	0	0	5e-06	0	0	0	0	3
409	543	0	3.66956314	0	0	0	0	0	5e-06	0	0	0	0	3
410	544	0	3.67853517	0	0	0	0	0	5e-06	0	0	0	0	3
411	545	0	3.68750721	0	0	0	0	0	5e-06	0	0	0	0	3
412	546	0	3.69647925	0	0	0	0	0	5e-06	0	0	0	0	3
413	548	0	3.70545128	0	0	0	0	0	5e-06	0	0	0	0	3
414	549	0	3.71442332	0	0	0	0	0	5e-06	0	0	0	0	3
415	550	0	3.72339536	0	0	0	0	0	5e-06	0	0	0	0	3
416	552	0	3.73236739	0	0	0	0	0	5e-06	0	0	0	0	3
417	553	0	3.74133943	0	0	0	0	0	5e-06	0	0	0	0	3
418	554	0	3.75031147	0	0	0	0	0	5e-06	0	0	0	0	3
419	555	0	3.75928351	0	0	0	0	0	5e-06	0	0	0	0	3
420	557	0	3.76825554	0	0	0	0	0	5e-06	0	0	0	0	3
421	558	0	3.77722758	0	0	0	0	0	5e-06	0	0	0	0	3
422	559	0	3.78619962	0	0	0	0	0	5e-06	0	0	0	0	3
423	560	0	3.79517165	0	0	0	0	0	5e-06	0	0	0	0	3
424	562	0	3.80414369	0	0	0	0	0	5e-06	0	0	0	0	3
425	563	0	3.81311573	0	0	0	0	0	5e-06	0	0	0	0	3
426	564	0	3.82208776	0	0	0	0	0	5e-06	0	0	0	0	3
427	566	0	3.8310598	0	0	0	0	0	5e-06	0	0	0	0	3
428	567	0	3.84003184	0	0	0	0	0	5e-06	0	0	0	0	3
429	568	0	3.84900388	0	0	0	0	0	5e-06	0	0	0	0	3
430	570	0	3.85797591	0	0	0	0	0	5e-06	0	0	0	0	3
431	571	0	3.86694795	0	0	0	0	0	5e-06	0	0	0	0	3
432	572	0	3.87591999	0	0	0	0	0	5e-06	0	0	0	0	3
433	574	0	3.88489202	0	0	0	0	0	5e-06	0	0	0	0	3
434	575	0	3.89386406	0	0	0	0	0	5e-06	0	0	0	0	3
435	576	0	3.9028361	0	0	0	0	0	5e-06	0	0	0	0	3
436	578	0	3.91180813	0	0	0	0	0	5e-06	0	0	0	0	3
437	579	0	3.92078017	0	0	0	0	0	5e-06	0	0	0	0	3
438	580	0	3.92975221	0	0	0	0	0	5e-06	0	0	0	0	3
439	582	0	3.93872425	0	0	0	0	0	5e-06	0	0	0	0	3
440	583	0	3.94769628	0	0	0	0	0	5e-06	0	0	0	0	3
441	584	0	3.95666832	0	0	0	0	0	5e-06	0	0	0	0	3
442	586	0	3.96564036	0	0	0	0	0	5e-06	0	0	0	0	3
443	587	0	3.97461239	0	0	0	0	0	5e-06	0	0	0	0	3
444	588	0	3.98358443	0	0	0	0	0	5e-06	0	0	0	0	3
445	589	0	3.99255647	0	0	0	0	0	5e-06	0	0	0	0	3
446	591	0	4.0015285	0	0	0	0	0	5e-06	0	0	0	0	3
