Iteration	CPUTime	PhysTime	Travels	Value	AvValue	MinValue	MaxValue	Delta	Criteria	PrevAvRefValue	Progress	CriteriaType	CriteriaVarType	CriteriaPercentage
1	7	0	0.00897203701	-0.0519156468	-0.0519156468	-0.0519156468	-0.0519156468	0	0	0	0	0	0	3
2	9	0	0.017944074	-0.0127678466	-0.0323417467	-0.0519156468	-0.0127678466	0.0195739001	0	0	0	0	0	3
3	10	0	0.026916111	-0.00733296683	-0.0240054867	-0.0519156468	-0.00733296683	0.02791016	0	0	0	0	0	3
4	11	0	0.035888148	-0.00492665498	-0.0192357788	-0.0519156468	-0.00492665498	0.032679868	0	0	0	0	0	3
5	13	0	0.044860185	-0.0050224678	-0.0163931166	-0.0519156468	-0.00492665498	0.0355225302	0	0	0	0	0	3
6	14	0	0.053832222	-0.00469149391	-0.0144428461	-0.0519156468	-0.00469149391	0.0374728006	0	0	0	0	0	3
7	15	0	0.062804259	-0.00441541649	-0.0130103562	-0.0519156468	-0.00441541649	0.0389052906	0	0	0	0	0	3
8	16	0	0.0717762961	-0.00468908942	-0.0119701979	-0.0519156468	-0.00441541649	0.0399454489	0	0	0	0	0	3
9	18	0	0.0807483331	-0.00459244757	-0.0111504478	-0.0519156468	-0.00441541649	0.040765199	0	0	0	0	0	3
10	19	0	0.0897203701	-0.00542469853	-0.0105778729	-0.0519156468	-0.00441541649	0.0413377739	0	0	0	0	0	3
11	21	0	0.0986924071	-0.00510106629	-0.0100799814	-0.0519156468	-0.00441541649	0.0418356654	0	0	0	0	0	3
12	22	0	0.107664444	-0.00523325603	-0.0096760876	-0.0519156468	-0.00441541649	0.0422395592	0	0	0	0	0	3
13	23	0	0.116636481	-0.00471097339	-0.00929415574	-0.0519156468	-0.00441541649	0.042621491	0	0	0	0	0	3
14	24	0	0.125608518	-0.00488004685	-0.00897886225	-0.0519156468	-0.00441541649	0.0429367845	0	0	0	0	0	3
15	26	0	0.134580555	-0.00474424736	-0.00869655459	-0.0519156468	-0.00441541649	0.0432190922	0	0	0	0	0	3
16	27	0	0.143552592	-0.00482067264	-0.00845431197	-0.0519156468	-0.00441541649	0.0434613348	0	0	0	0	0	3
17	28	0	0.152524629	-0.00461490663	-0.00822846459	-0.0519156468	-0.00441541649	0.0436871822	0	0	0	0	0	3
18	29	0	0.161496666	-0.00468528084	-0.00803162105	-0.0519156468	-0.00441541649	0.0438840257	0	0	0	0	0	3
19	30	0	0.170468703	-0.00466349468	-0.00785435124	-0.0519156468	-0.00441541649	0.0440612955	0	0	0	0	0	3
20	31	0	0.17944074	-0.00481419951	-0.00770234366	-0.0519156468	-0.00441541649	0.0442133031	0	0	0	0	0	3
21	33	0	0.188412777	-0.00472025713	-0.00756033954	-0.0519156468	-0.00441541649	0.0443553072	0	0	0	0	0	3
22	34	0	0.197384814	-0.00476643609	-0.00743334392	-0.0519156468	-0.00441541649	0.0444823028	0	0	0	0	0	3
23	35	0	0.206356851	-0.00488912024	-0.0073227255	-0.0519156468	-0.00441541649	0.0445929213	0	0	0	0	0	3
24	36	0	0.215328888	-0.0048756875	-0.00722076559	-0.0519156468	-0.00441541649	0.0446948812	0	0	0	0	0	3
25	38	0	0.224300925	-0.00497769515	-0.00713104277	-0.0519156468	-0.00441541649	0.044784604	0	0	0	0	0	3
26	39	0	0.233272962	-0.00494095757	-0.00704680872	-0.0519156468	-0.00441541649	0.0448688381	0	0	0	0	0	3
27	40	0	0.242244999	-0.00499617707	-0.0069708594	-0.0519156468	-0.00441541649	0.0449447874	0	0	0	0	0	3
28	41	0	0.251217036	-0.0049534165	-0.00689880787	-0.0519156468	-0.00441541649	0.0450168389	0	0	0	0	0	3
29	43	0	0.260189073	-0.00498458523	-0.00683280019	-0.0519156468	-0.00441541649	0.0450828466	0	0	0	0	0	3
30	44	0	0.26916111	-0.00495441081	-0.00677018721	-0.0519156468	-0.00441541649	0.0451454596	0	0	0	0	0	3
31	45	0	0.278133147	-0.00493418457	-0.00671096132	-0.0519156468	-0.00441541649	0.0452046855	0	0	0	0	0	3
32	47	0	0.287105184	-0.00499270074	-0.00665726568	-0.0519156468	-0.00441541649	0.0452583811	0	0	0	0	0	3
33	48	0	0.296077221	-0.00488390514	-0.00660352748	-0.0519156468	-0.00441541649	0.0453121193	0	0	0	0	0	3
34	49	0	0.305049258	-0.00499703498	-0.0065562777	-0.0519156468	-0.00441541649	0.0453593691	0	0	0	0	0	3
35	51	0	0.314021295	-0.0048404819	-0.00650725496	-0.0519156468	-0.00441541649	0.0454083918	0	0	0	0	0	3
36	52	0	0.322993332	-0.00495313974	-0.0064640851	-0.0519156468	-0.00441541649	0.0454515617	0	0	0	0	0	3
37	53	0	0.331965369	-0.00476499399	-0.00641816372	-0.0519156468	-0.00441541649	0.0454974831	0	0	0	0	0	3
38	55	0	0.340937406	-0.00485642158	-0.00637706524	-0.0519156468	-0.00441541649	0.0455385815	0	0	0	0	0	3
39	56	0	0.349909443	-0.00466123475	-0.00633306958	-0.0519156468	-0.00441541649	0.0455825772	0	0	0	0	0	3
40	57	0	0.35888148	-0.00481944686	-0.00629522902	-0.0519156468	-0.00441541649	0.0456204178	0	0	0	0	0	3
41	59	0	0.367853517	-0.00461477245	-0.00625424227	-0.0519156468	-0.00441541649	0.0456614045	0	0	0	0	0	3
42	60	0	0.376825554	-0.00476289829	-0.00621873408	-0.0519156468	-0.00441541649	0.0456969127	0	0	0	0	0	3
43	61	0	0.385797591	-0.00454760117	-0.00617987053	-0.0519156468	-0.00441541649	0.0457357762	0	0	0	0	0	3
44	63	0	0.394769628	-0.00467597026	-0.00614569097	-0.0519156468	-0.00441541649	0.0457699558	0	0	0	0	0	3
45	64	0	0.403741665	-0.00450792173	-0.0061092961	-0.0519156468	-0.00441541649	0.0458063507	0	0	0	0	0	3
46	65	0	0.412713702	-0.00463781652	-0.00607730741	-0.0519156468	-0.00441541649	0.0458383394	0	0	0	0	0	3
47	67	0	0.421685739	-0.00442059784	-0.00604205828	-0.0519156468	-0.00441541649	0.0458735885	0	0	0	0	0	3
48	68	0	0.430657776	-0.00458001364	-0.00601159901	-0.0519156468	-0.00441541649	0.0459040478	0	0	0	0	0	3
49	69	0	0.439629813	-0.0043627936	-0.00597794992	-0.0519156468	-0.0043627936	0.0459376969	0	0	0	0	0	3
50	71	0	0.44860185	-0.0045032503	-0.00594845593	-0.0519156468	-0.0043627936	0.0459671908	0	0	0	0	0	3
51	72	0	0.457573887	-0.00434467649	-0.00591700927	-0.0519156468	-0.00434467649	0.0459986375	0	0	0	0	0	3
52	73	0	0.466545924	-0.00444023355	-0.00588860974	-0.0519156468	-0.00434467649	0.046027037	0	0	0	0	0	3
53	75	0	0.475517961	-0.00424586307	-0.00585761452	-0.0519156468	-0.00424586307	0.0460580323	0	0	0	0	0	3
54	76	0	0.484489998	-0.00439803355	-0.00583058524	-0.0519156468	-0.00424586307	0.0460850615	0	0	0	0	0	3
55	77	0	0.493462035	-0.00421600561	-0.00580122925	-0.0519156468	-0.00421600561	0.0461144175	0	0	0	0	0	3
56	78	0	0.502434072	-0.0043817562	-0.00577588152	-0.0519156468	-0.00421600561	0.0461397653	0	0	0	0	0	3
57	80	0	0.511406109	-0.00419378846	-0.00492370548	-0.0127678466	-0.00419378846	0.00857405813	0	0	0	0	0	3
58	81	0	0.520378146	-0.00431967209	-0.00477284522	-0.00733296683	-0.00419378846	0.00313917837	0	0	0	0	0	3
59	82	0	0.529350183	-0.00416100105	-0.00471620297	-0.00542469853	-0.00416100105	0.00126369748	0	0	0	0	0	3
60	83	0	0.53832222	-0.00426428542	-0.00470437494	-0.00542469853	-0.00416100105	0.00126369748	0	0	0	0	0	3
61	85	0	0.547294257	-0.00414044801	-0.00468862459	-0.00542469853	-0.00414044801	0.00128425052	0	0	0	0	0	3
62	86	0	0.556266294	-0.00423347196	-0.00468044563	-0.00542469853	-0.00414044801	0.00128425052	0	0	0	0	0	3
63	87	0	0.565238331	-0.00411180387	-0.00467502397	-0.00542469853	-0.00411180387	0.00131289466	0	0	0	0	0	3
64	88	0	0.574210368	-0.0041864264	-0.00466604785	-0.00542469853	-0.00411180387	0.00131289466	0	0	0	0	0	3
65	90	0	0.583182405	-0.004121615	-0.00465764012	-0.00542469853	-0.00411180387	0.00131289466	0	0	0	0	0	3
66	91	0	0.592154442	-0.00413373808	-0.00463458726	-0.00523325603	-0.00411180387	0.00112145216	0	0	0	0	0	3
67	92	0	0.601126479	-0.00409640305	-0.00461664684	-0.00523325603	-0.00409640305	0.00113685298	0	0	0	0	0	3
68	94	0	0.610098516	-0.00409138129	-0.00459625622	-0.00499703498	-0.00409138129	0.000905653693	0	0	0	0	0	3
69	95	0	0.619070553	-0.00408255162	-0.0045850344	-0.00499703498	-0.00408255162	0.000914483359	0	0	0	0	0	3
70	96	0	0.62804259	-0.00408613061	-0.00457085733	-0.00499703498	-0.00408255162	0.000914483359	0	0	0	0	0	3
71	97	0	0.637014627	-0.00405827559	-0.00455860783	-0.00499703498	-0.00405827559	0.000938759396	0	0	0	0	0	3
72	98	0	0.645986664	-0.00406977277	-0.00454519891	-0.00499703498	-0.00405827559	0.000938759396	0	0	0	0	0	3
73	100	0	0.654958701	-0.00409703594	-0.00453595122	-0.00499703498	-0.00405827559	0.000938759396	0	0	0	0	0	3
74	101	0	0.663930738	-0.00403908217	-0.00452441195	-0.00499703498	-0.00403908217	0.000957952809	0	0	0	0	0	3
75	102	0	0.672902775	-0.00412740591	-0.00451483894	-0.00499703498	-0.00403908217	0.000957952809	0	0	0	0	0	3
76	103	0	0.681874812	-0.00401514665	-0.00450057014	-0.00499703498	-0.00401514665	0.000981888336	0	0	0	0	0	3
77	105	0	0.69084685	-0.00416518797	-0.00449065819	-0.00499703498	-0.00401514665	0.000981888336	0	0	0	0	0	3
78	106	0	0.699818887	-0.00403194005	-0.00447754219	-0.00499703498	-0.00401514665	0.000981888336	0	0	0	0	0	3
79	107	0	0.708790924	-0.00419501975	-0.00446514754	-0.00499703498	-0.00401514665	0.000981888336	0	0	0	0	0	3
80	109	0	0.717762961	-0.00406526175	-0.00445067565	-0.00499703498	-0.00401514665	0.000981888336	0	0	0	0	0	3
81	110	0	0.726734998	-0.00421815141	-0.00443711237	-0.00499703498	-0.00401514665	0.000981888336	0	0	0	0	0	3
82	111	0	0.735707035	-0.0040644427	-0.00442146032	-0.00499703498	-0.00401514665	0.000981888336	0	0	0	0	0	3
83	113	0	0.744679072	-0.00421117892	-0.00440744249	-0.00499703498	-0.00401514665	0.000981888336	0	0	0	0	0	3
84	114	0	0.753651109	-0.00406728887	-0.00439161878	-0.00499703498	-0.00401514665	0.000981888336	0	0	0	0	0	3
85	115	0	0.762623146	-0.0042214291	-0.004377991	-0.00499703498	-0.00401514665	0.000981888336	0	0	0	0	0	3
86	116	0	0.771595183	-0.00407345273	-0.0043622596	-0.00499703498	-0.00401514665	0.000981888336	0	0	0	0	0	3
87	118	0	0.78056722	-0.00422008364	-0.0043495078	-0.00499703498	-0.00401514665	0.000981888336	0	0	0	0	0	3
88	119	0	0.789539257	-0.00408730043	-0.00433333994	-0.00499703498	-0.00401514665	0.000981888336	0	0	0	0	0	3
89	120	0	0.798511294	-0.00423143555	-0.00432168869	-0.00499703498	-0.00401514665	0.000981888336	0	0	0	0	0	3
90	121	0	0.807483331	-0.00407870078	-0.00430528987	-0.00495313974	-0.00401514665	0.000937993093	0	0	0	0	0	3
91	123	0	0.816455368	-0.00422013274	-0.00429421221	-0.00495313974	-0.00401514665	0.000937993093	0	0	0	0	0	3
92	124	0	0.825427405	-0.0040806857	-0.00427863267	-0.00485642158	-0.00401514665	0.000841274932	0	0	0	0	0	3
93	125	0	0.834399442	-0.00422001639	-0.00426890093	-0.00485642158	-0.00401514665	0.000841274932	0	0	0	0	0	3
94	126	0	0.843371479	-0.00410225643	-0.00425543369	-0.00481944686	-0.00401514665	0.000804300217	0	0	0	0	0	3
95	128	0	0.852343516	-0.00421968284	-0.00424754884	-0.00481944686	-0.00401514665	0.000804300217	0	0	0	0	0	3
96	129	0	0.861315553	-0.00413145058	-0.00423526319	-0.00476289829	-0.00401514665	0.000747751643	0	0	0	0	0	3
97	130	0	0.87028759	-0.00422178991	-0.00422824564	-0.00476289829	-0.00401514665	0.000747751643	0	0	0	0	0	3
98	131	0	0.879259627	-0.00412199927	-0.00421680102	-0.00467597026	-0.00401514665	0.000660823608	0	0	0	0	0	3
99	133	0	0.888231664	-0.0041927436	-0.00421046428	-0.00467597026	-0.00401514665	0.000660823608	0	0	0	0	0	3
100	134	0	0.897203701	-0.00411133272	-0.00420038146	-0.00463781652	-0.00401514665	0.00062266987	0	0	0	0	0	3
101	139	0	0.906175738	-0.00417707462	-0.00419447348	-0.00463781652	-0.00401514665	0.00062266987	0	0	0	0	0	3
102	140	0	0.915147775	-0.00411622025	-0.00418515926	-0.00458001364	-0.00401514665	0.000564866991	0	0	0	0	0	3
103	141	0	0.924119812	-0.00415240318	-0.00418037007	-0.00458001364	-0.00401514665	0.000564866991	0	0	0	0	0	3
104	142	0	0.933091849	-0.00411353685	-0.00417204013	-0.0045032503	-0.00401514665	0.000488103652	0	0	0	0	0	3
105	143	0	0.942063886	-0.00415729296	-0.00416837047	-0.0045032503	-0.00401514665	0.000488103652	0	0	0	0	0	3
106	145	0	0.951035923	-0.00407392164	-0.00416070389	-0.00444023355	-0.00401514665	0.000425086907	0	0	0	0	0	3
107	146	0	0.96000796	-0.00411428869	-0.00415658982	-0.00444023355	-0.00401514665	0.000425086907	0	0	0	0	0	3
108	147	0	0.968979997	-0.00406593133	-0.00414990585	-0.00439803355	-0.00401514665	0.000382886903	0	0	0	0	0	3
109	149	0	0.977952034	-0.00410408306	-0.00414737407	-0.00439803355	-0.00401514665	0.000382886903	0	0	0	0	0	3
110	150	0	0.986924071	-0.00407405882	-0.0041415888	-0.0043817562	-0.00401514665	0.000366609555	0	0	0	0	0	3
111	151	0	0.995896108	-0.00413537013	-0.00414014888	-0.0043817562	-0.00401514665	0.000366609555	0	0	0	0	0	3
112	152	0	1.00486814	-0.00408280435	-0.00413481046	-0.00431967209	-0.00401514665	0.000304525441	9.95346056e-05	0	32.6	0	0	3
113	154	0	1.01384018	-0.00412361754	-0.00413355741	-0.00431967209	-0.00401514665	0.000304525441	9.95346056e-05	0	32.6	0	0	3
114	155	0	1.02281222	-0.00406699037	-0.00412904523	-0.00426428542	-0.00401514665	0.00024913877	9.95346056e-05	0	39.9	0	0	3
115	156	0	1.03178426	-0.00409491053	-0.00412786504	-0.00426428542	-0.00401514665	0.00024913877	9.95346056e-05	0	39.9	0	0	3
116	157	0	1.04075629	-0.00404527344	-0.00412395412	-0.00423347196	-0.00401514665	0.000218325315	9.95346056e-05	0	45.5	0	0	3
117	158	0	1.04972833	-0.00408879989	-0.00412303183	-0.00423347196	-0.00401514665	0.000218325315	9.95346056e-05	0	45.5	0	0	3
118	160	0	1.05870037	-0.00404080951	-0.00411959143	-0.00423143555	-0.00401514665	0.000216288907	9.95346056e-05	0	46	0	0	3
119	161	0	1.0676724	-0.00407876426	-0.00411900143	-0.00423143555	-0.00401514665	0.000216288907	9.95346056e-05	0	46	0	0	3
120	162	0	1.07664444	-0.00405905379	-0.00411672692	-0.00423143555	-0.00401514665	0.000216288907	9.95346056e-05	0	46	0	0	3
121	163	0	1.08561648	-0.00412453236	-0.00411677902	-0.00423143555	-0.00401514665	0.000216288907	9.95346056e-05	0	46	0	0	3
122	164	0	1.09458851	-0.00405440215	-0.00411536231	-0.00423143555	-0.00401514665	0.000216288907	9.95346056e-05	0	46	0	0	3
123	165	0	1.10356055	-0.00411989633	-0.00411578183	-0.00423143555	-0.00401514665	0.000216288907	9.95346056e-05	0	46	0	0	3
124	167	0	1.11253259	-0.0040699005	-0.00411539824	-0.00423143555	-0.00401514665	0.000216288907	9.95346056e-05	0	46	0	0	3
125	168	0	1.12150463	-0.00409207683	-0.00411556834	-0.00423143555	-0.00401514665	0.000216288907	9.95346056e-05	0	46	0	0	3
126	169	0	1.13047666	-0.00406649613	-0.00411521772	-0.00423143555	-0.00401514665	0.000216288907	9.95346056e-05	0	46	0	0	3
127	170	0	1.1394487	-0.00411588234	-0.00411624641	-0.00423143555	-0.00401514665	0.000216288907	9.95346056e-05	0	46	0	0	3
128	171	0	1.14842074	-0.00406809563	-0.00411621646	-0.00423143555	-0.00401514665	0.000216288907	9.95346056e-05	0	46	0	0	3
129	173	0	1.15739277	-0.00415181821	-0.00411719472	-0.00423143555	-0.00401514665	0.000216288907	9.95346056e-05	0	46	0	0	3
130	174	0	1.16636481	-0.00408366684	-0.00411799087	-0.00423143555	-0.00401514665	0.000216288907	9.95346056e-05	0	46	0	0	3
131	175	0	1.17533685	-0.00412814378	-0.00411800405	-0.00423143555	-0.00401514665	0.000216288907	9.95346056e-05	0	46	0	0	3
132	176	0	1.18430888	-0.00407389887	-0.0041190532	-0.00423143555	-0.00403194005	0.000199495505	9.95346056e-05	0	49.8	0	0	3
133	178	0	1.19328092	-0.00414265268	-0.00411865078	-0.00423143555	-0.00403194005	0.000199495505	9.95346056e-05	0	49.8	0	0	3
134	179	0	1.20225296	-0.00406961793	-0.0041193236	-0.00423143555	-0.00404080951	0.000190626044	9.95346056e-05	0	52.2	0	0	3
135	180	0	1.211225	-0.00413970753	-0.00411833588	-0.00423143555	-0.00404080951	0.000190626044	9.95346056e-05	0	52.2	0	0	3
136	181	0	1.22019703	-0.00408593637	-0.00411870507	-0.00423143555	-0.00404080951	0.000190626044	9.95346056e-05	0	52.2	0	0	3
137	182	0	1.22916907	-0.00415506395	-0.00411757851	-0.00423143555	-0.00404080951	0.000190626044	9.95346056e-05	0	52.2	0	0	3
138	184	0	1.23814111	-0.0040855808	-0.00411795598	-0.00423143555	-0.00404080951	0.000190626044	9.95346056e-05	0	52.2	0	0	3
139	185	0	1.24711314	-0.00414827346	-0.00411683266	-0.00423143555	-0.00404080951	0.000190626044	9.95346056e-05	0	52.2	0	0	3
140	186	0	1.25608518	-0.00408744933	-0.00411719267	-0.00423143555	-0.00404080951	0.000190626044	9.95346056e-05	0	52.2	0	0	3
141	187	0	1.26505722	-0.00414446677	-0.00411581834	-0.00423143555	-0.00404080951	0.000190626044	9.95346056e-05	0	52.2	0	0	3
142	188	0	1.27402925	-0.00407857412	-0.0041159098	-0.00423143555	-0.00404080951	0.000190626044	9.95346056e-05	0	52.2	0	0	3
143	190	0	1.28300129	-0.00413810321	-0.00411444586	-0.00423143555	-0.00404080951	0.000190626044	9.95346056e-05	0	52.2	0	0	3
144	191	0	1.29197333	-0.00408890798	-0.00411447457	-0.00423143555	-0.00404080951	0.000190626044	9.95346056e-05	0	52.2	0	0	3
145	192	0	1.30094537	-0.00414362056	-0.00411290644	-0.00422178991	-0.00404080951	0.000180980396	9.95346056e-05	0	54.9	0	0	3
146	193	0	1.3099174	-0.00408020259	-0.00411293326	-0.00422178991	-0.00404080951	0.000180980396	9.95346056e-05	0	54.9	0	0	3
147	194	0	1.31888944	-0.00413057196	-0.00411133396	-0.00422178991	-0.00404080951	0.000167298708	9.95346056e-05	0	59.4	0	0	3
148	195	0	1.32786148	-0.0040706141	-0.00411115411	-0.00422178991	-0.00404080951	0.000157746815	9.95346056e-05	0	63	0	0	3
149	197	0	1.33683351	-0.00411742962	-0.00410932221	-0.00422178991	-0.00404080951	0.000146111487	9.95346056e-05	0	68.1	0	0	3
150	198	0	1.34580555	-0.00405582845	-0.00410849313	-0.00422178991	-0.00404080951	0.000139055702	9.95346056e-05	0	71.5	0	0	3
151	199	0	1.35477759	-0.00411407807	-0.00410660733	-0.00422178991	-0.00404080951	0.000128655854	9.95346056e-05	0	77.3	0	0	3
152	200	0	1.36374962	-0.00406538178	-0.00410542753	-0.00422178991	-0.00404080951	0.000122818108	9.95346056e-05	0	81	0	0	3
153	201	0	1.37272166	-0.00411978844	-0.00410360608	-0.0041927436	-0.00404080951	0.000113194938	9.95346056e-05	0	87.9	0	0	3
154	203	0	1.3816937	-0.0040566151	-0.00410243851	-0.0041927436	-0.00404080951	0.00010802577	9.95346056e-05	0	92.1	0	0	3
155	204	0	1.39066574	-0.00410547305	-0.0041008801	-0.00417707462	-0.00404080951	9.95013595e-05	9.95346056e-05	0	100	0	0	3
156	205	0	1.39963777	-0.00404724892	-0.00409973575	-0.00417707462	-0.00404080951	9.47377288e-05	9.95346056e-05	0	100	0	0	3
157	206	0	1.40860981	-0.00408111532	-0.00409802219	-0.00415729296	-0.00404080951	8.71370687e-05	9.95346056e-05	0	100	0	0	3
158	207	0	1.41758185	-0.0040284958	-0.00409645568	-0.00415729296	-0.0040284958	8.39143862e-05	9.95346056e-05	0	100	0	0	3
159	209	0	1.42655388	-0.00407920283	-0.00409514853	-0.00415729296	-0.0040284958	7.68915926e-05	9.95346056e-05	0	100	0	0	3
160	210	0	1.43552592	-0.00402134392	-0.00409350223	-0.00415729296	-0.00402134392	7.48682406e-05	9.95346056e-05	0	100	0	0	3
161	211	0	1.44449796	-0.004078141	-0.0040920888	-0.00415506395	-0.00402134392	6.86150852e-05	9.95346056e-05	0	100	0	0	3
162	212	0	1.45347	-0.00403424333	-0.00409138026	-0.00415506395	-0.00402134392	6.52095587e-05	9.95346056e-05	0	100	0	0	3
163	213	0	1.46244203	-0.00408127164	-0.00409079067	-0.00415506395	-0.00402134392	5.91151806e-05	9.95346056e-05	0	100	0	0	3
164	215	0	1.47141407	-0.00403397435	-0.00409022001	-0.00415506395	-0.00402134392	5.7154055e-05	9.95346056e-05	0	100	0	0	3
165	216	0	1.48038611	-0.00409029965	-0.00408997388	-0.00415506395	-0.00402134392	5.16149242e-05	9.95346056e-05	0	100	0	0	3
166	217	0	1.48935814	-0.00403744586	-0.00408932008	-0.00415506395	-0.00402134392	5.08288077e-05	9.95346056e-05	0	100	0	0	3
167	218	0	1.49833018	-0.00410298252	-0.00408874173	-0.00415506395	-0.00402134392	4.60687319e-05	9.95346056e-05	0	100	0	0	3
168	219	0	1.50730222	-0.00405748784	-0.00408828965	-0.00415506395	-0.00402134392	4.52677602e-05	9.95346056e-05	0	100	0	0	3
169	221	0	1.51627425	-0.00410542767	-0.00408796483	-0.00415506395	-0.00402134392	4.10804057e-05	9.95346056e-05	0	100	0	0	3
170	222	0	1.52524629	-0.0040580147	-0.00408780455	-0.00415506395	-0.00402134392	4.00604976e-05	9.95346056e-05	0	100	0	0	3
171	223	0	1.53421833	-0.00411240489	-0.00408811695	-0.00415506395	-0.00402134392	3.61495695e-05	9.95346056e-05	0	100	0	0	3
172	224	0	1.54319037	-0.00405405014	-0.00408827367	-0.00415506395	-0.00402134392	3.52272818e-05	9.95346056e-05	0	100	0	0	3
173	226	0	1.5521624	-0.00411006043	-0.00408865332	-0.00415506395	-0.00402134392	3.17868808e-05	9.95346056e-05	0	100	0	0	3
174	227	0	1.56113444	-0.00405591037	-0.00408892298	-0.00415506395	-0.00402134392	3.15190535e-05	9.95346056e-05	0	100	0	0	3
175	228	0	1.57010648	-0.00409637902	-0.00408923753	-0.00415506395	-0.00402134392	3.15190535e-05	9.95346056e-05	0	100	0	0	3
176	229	0	1.57907851	-0.00404277985	-0.00408894693	-0.00415506395	-0.00402134392	3.15190535e-05	9.95346056e-05	0	100	0	0	3
177	230	0	1.58805055	-0.00409067196	-0.00408834228	-0.00415506395	-0.00402134392	3.15190535e-05	9.95346056e-05	0	100	0	0	3
178	232	0	1.59702259	-0.00402516173	-0.00408782013	-0.00415506395	-0.00402134392	3.15190535e-05	9.95346056e-05	0	100	0	0	3
179	233	0	1.60599462	-0.00407962229	-0.00408710095	-0.00415506395	-0.00402134392	3.22226532e-05	9.95346056e-05	0	100	0	0	3
180	234	0	1.61496666	-0.00402167183	-0.00408623972	-0.00415506395	-0.00402134392	3.30838795e-05	9.95346056e-05	0	100	0	0	3
181	235	0	1.6239387	-0.0040627342	-0.00408571575	-0.00415506395	-0.00402134392	3.3607855e-05	9.95346056e-05	0	100	0	0	3
182	236	0	1.63291074	-0.00401060516	-0.00408471769	-0.00415506395	-0.00401060516	3.46059079e-05	9.95346056e-05	0	100	0	0	3
183	237	0	1.64188277	-0.00406912343	-0.00408388271	-0.00415506395	-0.00401060516	3.54408885e-05	9.95346056e-05	0	100	0	0	3
184	239	0	1.65085481	-0.00400248327	-0.00408271106	-0.00415506395	-0.00400248327	3.66125377e-05	9.95346056e-05	0	100	0	0	3
185	240	0	1.65982685	-0.00406389698	-0.00408114104	-0.00415506395	-0.00400248327	3.81825598e-05	9.95346056e-05	0	100	0	0	3
186	241	0	1.66879888	-0.00400523871	-0.00407974054	-0.00415506395	-0.00400248327	3.95830621e-05	9.95346056e-05	0	100	0	0	3
187	242	0	1.67777092	-0.00403342651	-0.00407804916	-0.00415506395	-0.00400248327	4.12744417e-05	9.95346056e-05	0	100	0	0	3
188	243	0	1.68674296	-0.00399839467	-0.00407670087	-0.00415506395	-0.00399839467	4.26227311e-05	9.95346056e-05	0	100	0	0	3
189	245	0	1.69571499	-0.00406498774	-0.00407531399	-0.00415506395	-0.00399839467	4.40096051e-05	9.95346056e-05	0	100	0	0	3
190	246	0	1.70468703	-0.00399035309	-0.00407389855	-0.00415506395	-0.00399035309	4.48065202e-05	9.95346056e-05	0	100	0	0	3
191	247	0	1.71365907	-0.00403654539	-0.00407205637	-0.00415506395	-0.00399035309	4.66487013e-05	9.95346056e-05	0	100	0	0	3
192	248	0	1.72263111	-0.00400415012	-0.0040705959	-0.00415506395	-0.00399035309	4.73600744e-05	9.95346056e-05	0	100	0	0	3
193	249	0	1.73160314	-0.00407305409	-0.00406913144	-0.00414827346	-0.00399035309	4.88245362e-05	9.95346056e-05	0	100	0	0	3
194	251	0	1.74057518	-0.00401179631	-0.00406781386	-0.00414827346	-0.00399035309	4.93788127e-05	9.95346056e-05	0	100	0	0	3
195	252	0	1.74954722	-0.00406373148	-0.00406630418	-0.00414446677	-0.00399035309	5.08884909e-05	9.95346056e-05	0	100	0	0	3
196	253	0	1.75851925	-0.00402061633	-0.00406511074	-0.00414446677	-0.00399035309	5.07990632e-05	9.95346056e-05	0	100	0	0	3
197	254	0	1.76749129	-0.00410179267	-0.0040643487	-0.00414362056	-0.00399035309	5.15611007e-05	9.95346056e-05	0	100	0	0	3
198	255	0	1.77646333	-0.00403360604	-0.0040635457	-0.00414362056	-0.00399035309	5.0928872e-05	9.95346056e-05	0	100	0	0	3
199	257	0	1.78543536	-0.00408339351	-0.00406256874	-0.00414362056	-0.00399035309	5.19058309e-05	9.95346056e-05	0	100	0	0	3
200	258	0	1.7944074	-0.00407146786	-0.00406225731	-0.00414362056	-0.00399035309	5.06759548e-05	9.95346056e-05	0	100	0	0	3
201	262	0	1.80337944	-0.00411633891	-0.00406177013	-0.00413057196	-0.00399035309	5.11631271e-05	9.95346056e-05	0	100	0	0	3
202	263	0	1.81235148	-0.00404756146	-0.00406118726	-0.00413057196	-0.00399035309	5.01467048e-05	9.95346056e-05	0	100	0	0	3
203	265	0	1.82132351	-0.00413975243	-0.00406135119	-0.00413975243	-0.00399035309	4.99668549e-05	9.95346056e-05	0	100	0	0	3
204	266	0	1.83029555	-0.00402275276	-0.00406049653	-0.00413975243	-0.00399035309	4.88256782e-05	9.95346056e-05	0	100	0	0	3
205	267	0	1.83926759	-0.00414708881	-0.00406102616	-0.00414708881	-0.00399035309	4.79966071e-05	9.95346056e-05	0	100	0	0	3
206	269	0	1.84823962	-0.00401695317	-0.00406033195	-0.00414708881	-0.00399035309	4.62753806e-05	9.95346056e-05	0	100	0	0	3
207	270	0	1.85721166	-0.00409763763	-0.00406003837	-0.00414708881	-0.00399035309	4.53891601e-05	9.95346056e-05	0	100	0	0	3
208	271	0	1.8661837	-0.00404800626	-0.0040597281	-0.00414708881	-0.00399035309	4.38779827e-05	9.95346056e-05	0	100	0	0	3
209	272	0	1.87515573	-0.00406107368	-0.00405867962	-0.00414708881	-0.00399035309	4.3758886e-05	9.95346056e-05	0	100	0	0	3
210	273	0	1.88412777	-0.00407316818	-0.00405897521	-0.00414708881	-0.00399035309	4.22004832e-05	9.95346056e-05	0	100	0	0	3
211	275	0	1.89309981	-0.00408661114	-0.00405863839	-0.00414708881	-0.00399035309	4.10973588e-05	9.95346056e-05	0	100	0	0	3
212	276	0	1.90207185	-0.0040187234	-0.00405812901	-0.00414708881	-0.00399035309	3.98931841e-05	9.95346056e-05	0	100	0	0	3
213	277	0	1.91104388	-0.0041064577	-0.00405858155	-0.00414708881	-0.00399035309	3.83266761e-05	9.95346056e-05	0	100	0	0	3
214	278	0	1.92001592	-0.00401393676	-0.00405832157	-0.00414708881	-0.00399035309	3.7019527e-05	9.95346056e-05	0	100	0	0	3
215	279	0	1.92898796	-0.00408619864	-0.00405844649	-0.00414708881	-0.00399035309	3.53732247e-05	9.95346056e-05	0	100	0	0	3
216	281	0	1.93795999	-0.00401331198	-0.00405830306	-0.00414708881	-0.00399035309	3.3959797e-05	9.95346056e-05	0	100	0	0	3
217	282	0	1.94693203	-0.00409581339	-0.00405861864	-0.00414708881	-0.00399035309	3.32512557e-05	9.95346056e-05	0	100	0	0	3
218	283	0	1.95590407	-0.00402873791	-0.00405852033	-0.00414708881	-0.00399035309	3.26616654e-05	9.95346056e-05	0	100	0	0	3
219	284	0	1.9648761	-0.00411057544	-0.00405904361	-0.00414708881	-0.00399035309	3.20910052e-05	9.95346056e-05	0	100	0	0	3
220	286	0	1.97384814	-0.00404573821	-0.00405925368	-0.00414708881	-0.00399035309	3.18448729e-05	9.95346056e-05	0	100	0	0	3
221	287	0	1.98282018	-0.00409265543	-0.00405929575	-0.00414708881	-0.00399035309	3.119107e-05	9.95346056e-05	0	100	0	0	3
222	288	0	1.99179222	-0.00402758668	-0.00405911969	-0.00414708881	-0.00399035309	3.11085265e-05	9.95346056e-05	0	100	0	0	3
223	289	0	2.00076425	-0.00407656389	-0.00405864793	-0.00414708881	-0.00399035309	3.11085265e-05	9.95346056e-05	0	100	0	0	3
224	290	0	2.00973629	-0.00401747907	-0.00405793349	-0.00414708881	-0.00399035309	3.13040438e-05	9.95346056e-05	0	100	0	0	3
225	292	0	2.01870833	-0.00408376479	-0.00405754665	-0.00414708881	-0.00399035309	3.16908811e-05	9.95346056e-05	0	100	0	0	3
226	293	0	2.02768036	-0.00404893874	-0.00405738458	-0.00414708881	-0.00399035309	3.18529518e-05	9.95346056e-05	0	100	0	0	3
227	294	0	2.0366524	-0.00410978607	-0.00405733782	-0.00414708881	-0.00399035309	3.18997162e-05	9.95346056e-05	0	100	0	0	3
228	295	0	2.04562444	-0.00405196848	-0.00405730064	-0.00414708881	-0.00399035309	3.19368888e-05	9.95346056e-05	0	100	0	0	3
229	296	0	2.05459647	-0.00409581424	-0.00405704625	-0.00414708881	-0.00399035309	3.21912851e-05	9.95346056e-05	0	100	0	0	3
230	298	0	2.06356851	-0.00404781133	-0.00405690162	-0.00414708881	-0.00399035309	3.23359108e-05	9.95346056e-05	0	100	0	0	3
231	299	0	2.07254055	-0.00409337339	-0.00405684795	-0.00414708881	-0.00399035309	3.20989769e-05	9.95346056e-05	0	100	0	0	3
232	300	0	2.08151259	-0.00405144742	-0.00405700273	-0.00414708881	-0.00399035309	3.14943269e-05	9.95346056e-05	0	100	0	0	3
233	301	0	2.09048462	-0.00412036738	-0.004057533	-0.00414708881	-0.00399035309	3.09721764e-05	9.95346056e-05	0	100	0	0	3
234	303	0	2.09945666	-0.00409007193	-0.00405869211	-0.00414708881	-0.00399035309	3.02529972e-05	9.95346056e-05	0	100	0	0	3
235	304	0	2.1084287	-0.00414633263	-0.00405988337	-0.00414708881	-0.00399035309	2.93917709e-05	9.95346056e-05	0	100	0	0	3
236	305	0	2.11740073	-0.00410357816	-0.00406134598	-0.00414708881	-0.00399035309	2.88677954e-05	9.95346056e-05	0	100	0	0	3
237	306	0	2.12637277	-0.00413989315	-0.00406272382	-0.00414708881	-0.00399035309	2.78697425e-05	9.95346056e-05	0	100	0	0	3
238	307	0	2.13534481	-0.00407354687	-0.00406384778	-0.00414708881	-0.00399035309	2.70347619e-05	9.95346056e-05	0	100	0	0	3
239	308	0	2.14431684	-0.00411441837	-0.00406465662	-0.00414708881	-0.00399035309	2.58631127e-05	9.95346056e-05	0	100	0	0	3
240	310	0	2.15328888	-0.00406996059	-0.00406586157	-0.00414708881	-0.00399035309	2.42930907e-05	9.95346056e-05	0	100	0	0	3
241	311	0	2.16226092	-0.00411618381	-0.00406679526	-0.00414708881	-0.00399035309	2.28925883e-05	9.95346056e-05	0	100	0	0	3
242	313	0	2.17123296	-0.00408130025	-0.00406815351	-0.00414708881	-0.00399035309	2.12012087e-05	9.95346056e-05	0	100	0	0	3
243	314	0	2.18020499	-0.00414272495	-0.00407010526	-0.00414708881	-0.00399035309	1.98529193e-05	9.95346056e-05	0	100	0	0	3
244	316	0	2.18917703	-0.00407685043	-0.00407150626	-0.00414708881	-0.00399035309	1.84660453e-05	9.95346056e-05	0	100	0	0	3
245	318	0	2.19814907	-0.00412570019	-0.00407259041	-0.00414708881	-0.00399035309	1.70506017e-05	9.95346056e-05	0	100	0	0	3
246	319	0	2.2071211	-0.00406844179	-0.00407398485	-0.00414708881	-0.00400415012	1.71369016e-05	9.95346056e-05	0	100	0	0	3
247	321	0	2.21609314	-0.00410550456	-0.00407521627	-0.00414708881	-0.00400415012	1.83683155e-05	9.95346056e-05	0	100	0	0	3
248	323	0	2.22506518	-0.00406524701	-0.00407630728	-0.00414708881	-0.00401179631	1.94593313e-05	9.95346056e-05	0	100	0	0	3
249	324	0	2.23403721	-0.00413049027	-0.00407733293	-0.00414708881	-0.00401179631	2.04849773e-05	9.95346056e-05	0	100	0	0	3
250	325	0	2.24300925	-0.00407668215	-0.0040784916	-0.00414708881	-0.00401331198	2.16436529e-05	9.95346056e-05	0	100	0	0	3
251	327	0	2.25198129	-0.00414218644	-0.00407989258	-0.00414708881	-0.00401331198	2.30446344e-05	9.95346056e-05	0	100	0	0	3
252	329	0	2.26095333	-0.00409254515	-0.00408117703	-0.00414708881	-0.00401331198	2.43290776e-05	9.95346056e-05	0	100	0	0	3
253	330	0	2.26992536	-0.00413873763	-0.00408183676	-0.00414708881	-0.00401331198	2.49888091e-05	9.95346056e-05	0	100	0	0	3
254	331	0	2.2788974	-0.00408765642	-0.00408280194	-0.00414708881	-0.00401331198	2.59539944e-05	9.95346056e-05	0	100	0	0	3
255	332	0	2.28786944	-0.00414855208	-0.00408396549	-0.00414855208	-0.00401331198	2.71175402e-05	9.95346056e-05	0	100	0	0	3
256	334	0	2.29684147	-0.00408848292	-0.00408426933	-0.00414855208	-0.00401331198	2.74213806e-05	9.95346056e-05	0	100	0	0	3
257	335	0	2.30581351	-0.00415761661	-0.00408500643	-0.00415761661	-0.00401331198	2.81584824e-05	9.95346056e-05	0	100	0	0	3
258	336	0	2.31478555	-0.00411656308	-0.0040862386	-0.00415761661	-0.00401331198	2.93906542e-05	9.95346056e-05	0	100	0	0	3
259	338	0	2.32375758	-0.00417402431	-0.0040868506	-0.00417402431	-0.00401331198	3.00026522e-05	9.95346056e-05	0	100	0	0	3
260	339	0	2.33272962	-0.00413128635	-0.0040887887	-0.00417402431	-0.00401331198	3.19407519e-05	9.95346056e-05	0	100	0	0	3
261	340	0	2.34170166	-0.00418733657	-0.00408950741	-0.00418733657	-0.00401331198	3.26594619e-05	9.95346056e-05	0	100	0	0	3
262	342	0	2.3506737	-0.00411084214	-0.004091184	-0.00418733657	-0.00401331198	3.43360506e-05	9.95346056e-05	0	100	0	0	3
263	343	0	2.35964573	-0.00415599311	-0.00409222606	-0.00418733657	-0.00401331198	3.53781128e-05	9.95346056e-05	0	100	0	0	3
264	344	0	2.36861777	-0.00409338557	-0.00409303641	-0.00418733657	-0.00401331198	3.61884578e-05	9.95346056e-05	0	100	0	0	3
265	345	0	2.37758981	-0.0041317404	-0.00409429831	-0.00418733657	-0.00401331198	3.74503635e-05	9.95346056e-05	0	100	0	0	3
266	347	0	2.38656184	-0.0040930129	-0.00409465268	-0.00418733657	-0.00401331198	3.78047335e-05	9.95346056e-05	0	100	0	0	3
267	348	0	2.39553388	-0.00415380584	-0.00409585259	-0.00418733657	-0.00401331198	3.90046388e-05	9.95346056e-05	0	100	0	0	3
268	349	0	2.40450592	-0.00409430382	-0.00409720224	-0.00418733657	-0.00401331198	4.03542891e-05	9.95346056e-05	0	100	0	0	3
269	351	0	2.41347795	-0.00414653575	-0.00409791792	-0.00418733657	-0.00401331198	4.10699685e-05	9.95346056e-05	0	100	0	0	3
270	352	0	2.42244999	-0.00408704607	-0.00409922344	-0.00418733657	-0.00401331198	4.23754919e-05	9.95346056e-05	0	100	0	0	3
271	353	0	2.43142203	-0.00412034549	-0.00409983321	-0.00418733657	-0.00401331198	4.2985257e-05	9.95346056e-05	0	100	0	0	3
272	354	0	2.44039407	-0.0040721695	-0.00410088423	-0.00418733657	-0.00401747907	4.40362841e-05	9.95346056e-05	0	100	0	0	3
273	356	0	2.4493661	-0.00412670739	-0.00410143591	-0.00418733657	-0.00401747907	4.45879629e-05	9.95346056e-05	0	100	0	0	3
274	357	0	2.45833814	-0.00407390782	-0.00410224252	-0.00418733657	-0.00401747907	4.53945684e-05	9.95346056e-05	0	100	0	0	3
275	358	0	2.46731018	-0.00413678587	-0.00410271056	-0.00418733657	-0.00401747907	4.58626117e-05	9.95346056e-05	0	100	0	0	3
276	360	0	2.47628221	-0.00409660004	-0.00410361881	-0.00418733657	-0.00401747907	4.67708588e-05	9.95346056e-05	0	100	0	0	3
277	361	0	2.48525425	-0.00414059263	-0.00410447483	-0.00418733657	-0.00401747907	4.76268802e-05	9.95346056e-05	0	100	0	0	3
278	362	0	2.49422629	-0.00409499579	-0.00410567856	-0.00418733657	-0.00401747907	4.88306142e-05	9.95346056e-05	0	100	0	0	3
279	363	0	2.50319832	-0.00414271811	-0.00410685989	-0.00418733657	-0.00401747907	5.00119397e-05	9.95346056e-05	0	100	0	0	3
280	365	0	2.51217036	-0.00407885816	-0.00410795594	-0.00418733657	-0.00404781133	5.11079947e-05	9.95346056e-05	0	100	0	0	3
281	366	0	2.5211424	-0.00412593056	-0.0041087089	-0.00418733657	-0.00404781133	5.18609549e-05	9.95346056e-05	0	100	0	0	3
282	367	0	2.53011444	-0.00407787694	-0.00410922566	-0.00418733657	-0.00404781133	5.23777084e-05	9.95346056e-05	0	100	0	0	3
283	369	0	2.53908647	-0.00411265833	-0.00410927695	-0.00418733657	-0.00404781133	5.24289987e-05	9.95346056e-05	0	100	0	0	3
284	370	0	2.54805851	-0.00406976641	-0.00410959477	-0.00418733657	-0.00404781133	5.2746819e-05	9.95346056e-05	0	100	0	0	3
285	371	0	2.55703055	-0.00411504815	-0.00410993823	-0.00418733657	-0.00404781133	5.30902817e-05	9.95346056e-05	0	100	0	0	3
286	373	0	2.56600258	-0.00404667762	-0.00410991799	-0.00418733657	-0.00404667762	5.30902817e-05	9.95346056e-05	0	100	0	0	3
287	374	0	2.57497462	-0.00408798882	-0.00410982183	-0.00418733657	-0.00404667762	5.29355036e-05	9.95346056e-05	0	100	0	0	3
288	375	0	2.58394666	-0.00402239871	-0.00410930311	-0.00418733657	-0.00402239871	5.24052281e-05	9.95346056e-05	0	100	0	0	3
289	377	0	2.59291869	-0.00406934875	-0.00410839206	-0.00418733657	-0.00402239871	5.12461174e-05	9.95346056e-05	0	100	0	0	3
290	378	0	2.60189073	-0.00400896145	-0.00410694366	-0.00418733657	-0.00400896145	5.00548614e-05	9.95346056e-05	0	100	0	0	3
291	379	0	2.61086277	-0.00406023904	-0.00410540627	-0.00418733657	-0.00400896145	4.85922483e-05	9.95346056e-05	0	100	0	0	3
292	381	0	2.61983481	-0.00400279682	-0.00410360661	-0.00418733657	-0.00400279682	4.72144099e-05	9.95346056e-05	0	100	0	0	3
293	382	0	2.62880684	-0.00404872523	-0.00410197861	-0.00418733657	-0.00400279682	4.6090451e-05	9.95346056e-05	0	100	0	0	3
294	383	0	2.63777888	-0.00404026347	-0.00410138426	-0.00418733657	-0.00400279682	4.52816128e-05	9.95346056e-05	0	100	0	0	3
295	385	0	2.64675092	-0.00399928487	-0.00409932831	-0.00418733657	-0.00399928487	4.40766607e-05	9.95346056e-05	0	100	0	0	3
296	386	0	2.65572295	-0.00409268079	-0.00409973402	-0.00418733657	-0.00399928487	4.31429673e-05	9.95346056e-05	0	100	0	0	3
297	387	0	2.66469499	-0.00404220317	-0.00409841294	-0.00418733657	-0.00399928487	4.17847256e-05	9.95346056e-05	0	100	0	0	3
298	389	0	2.67366703	-0.00404845703	-0.00409782645	-0.00418733657	-0.00399928487	3.98329679e-05	9.95346056e-05	0	100	0	0	3
299	390	0	2.68263906	-0.00410767004	-0.00409720047	-0.00418733657	-0.00399928487	3.84319721e-05	9.95346056e-05	0	100	0	0	3
300	391	0	2.6916111	-0.00405617009	-0.00409683118	-0.00418733657	-0.00399928487	3.73478211e-05	9.95346056e-05	0	100	0	0	3
301	396	0	2.70058314	-0.00412371949	-0.00409679581	-0.00418733657	-0.00399928487	3.59533801e-05	9.95346056e-05	0	100	0	0	3
302	398	0	2.70955518	-0.00406144932	-0.00409667095	-0.00418733657	-0.00399928487	3.47219662e-05	9.95346056e-05	0	100	0	0	3
303	399	0	2.71852721	-0.0041334873	-0.00409717064	-0.00418733657	-0.00399928487	3.36309503e-05	9.95346056e-05	0	100	0	0	3
304	400	0	2.72749925	-0.00408812832	-0.00409757923	-0.00418733657	-0.00399928487	3.26053043e-05	9.95346056e-05	0	100	0	0	3
305	401	0	2.73647129	-0.00415364167	-0.00409799265	-0.00418733657	-0.00399928487	3.14466288e-05	9.95346056e-05	0	100	0	0	3
306	403	0	2.74544332	-0.00410536408	-0.00409850483	-0.00418733657	-0.00399928487	3.00456473e-05	9.95346056e-05	0	100	0	0	3
307	404	0	2.75441536	-0.00417581764	-0.00409910539	-0.00418733657	-0.00399928487	2.8761204e-05	9.95346056e-05	0	100	0	0	3
308	405	0	2.7633874	-0.00410265664	-0.00409928595	-0.00418733657	-0.00399928487	2.81014726e-05	9.95346056e-05	0	100	0	0	3
309	407	0	2.77235944	-0.00416788279	-0.0040998064	-0.00418733657	-0.00399928487	2.71362873e-05	9.95346056e-05	0	100	0	0	3
310	408	0	2.78133147	-0.00410942217	-0.00410019507	-0.00418733657	-0.00399928487	2.59727415e-05	9.95346056e-05	0	100	0	0	3
311	409	0	2.79030351	-0.00417136362	-0.00410060242	-0.00418733657	-0.00399928487	2.56689011e-05	9.95346056e-05	0	100	0	0	3
312	411	0	2.79927555	-0.00410684261	-0.00410093027	-0.00418733657	-0.00399928487	2.49317992e-05	9.95346056e-05	0	100	0	0	3
313	412	0	2.80824758	-0.00414309263	-0.00410067092	-0.00418733657	-0.00399928487	2.36996274e-05	9.95346056e-05	0	100	0	0	3
314	413	0	2.81721962	-0.0041036876	-0.004100441	-0.00418733657	-0.00399928487	2.30876295e-05	9.95346056e-05	0	100	0	0	3
315	415	0	2.82619166	-0.00416946283	-0.00410035954	-0.00418733657	-0.00399928487	2.11495298e-05	9.95346056e-05	0	100	0	0	3
316	416	0	2.83516369	-0.00407272882	-0.00409931387	-0.00418733657	-0.00399928487	2.04308198e-05	9.95346056e-05	0	100	0	0	3
317	417	0	2.84413573	-0.00416183226	-0.00409885844	-0.00417581764	-0.00399928487	1.87542311e-05	9.95346056e-05	0	100	0	0	3
318	419	0	2.85310777	-0.0041103744	-0.00409885009	-0.00417581764	-0.00399928487	1.77121688e-05	9.95346056e-05	0	100	0	0	3
319	420	0	2.86207981	-0.00416226863	-0.00409896215	-0.00417581764	-0.00399928487	1.69018239e-05	9.95346056e-05	0	100	0	0	3
320	421	0	2.87105184	-0.00410274211	-0.00409912923	-0.00417581764	-0.00399928487	1.56399182e-05	9.95346056e-05	0	100	0	0	3
321	423	0	2.88002388	-0.00415315045	-0.00409951155	-0.00417581764	-0.00399928487	1.52855481e-05	9.95346056e-05	0	100	0	0	3
322	424	0	2.88899592	-0.00409586022	-0.0040995624	-0.00417581764	-0.00399928487	1.40856428e-05	9.95346056e-05	0	100	0	0	3
323	425	0	2.89796795	-0.00414787406	-0.00409945647	-0.00417581764	-0.00399928487	1.32672839e-05	9.95346056e-05	0	100	0	0	3
324	427	0	2.90693999	-0.00408204155	-0.0040992375	-0.00417581764	-0.00399928487	1.32672839e-05	9.95346056e-05	0	100	0	0	3
325	428	0	2.91591203	-0.00413122593	-0.00409896411	-0.00417581764	-0.00399928487	1.32672839e-05	9.95346056e-05	0	100	0	0	3
326	429	0	2.92488406	-0.00407513004	-0.00409875133	-0.00417581764	-0.00399928487	1.32672839e-05	9.95346056e-05	0	100	0	0	3
327	431	0	2.9338561	-0.00412015361	-0.0040987479	-0.00417581764	-0.00399928487	1.32672839e-05	9.95346056e-05	0	100	0	0	3
328	432	0	2.94282814	-0.00406335808	-0.00409859055	-0.00417581764	-0.00399928487	1.32672839e-05	9.95346056e-05	0	100	0	0	3
329	433	0	2.95180018	-0.00411315024	-0.00409834846	-0.00417581764	-0.00399928487	1.32672839e-05	9.95346056e-05	0	100	0	0	3
330	435	0	2.96077221	-0.00406850996	-0.00409825207	-0.00417581764	-0.00399928487	1.32672839e-05	9.95346056e-05	0	100	0	0	3
331	436	0	2.96974425	-0.00411403745	-0.00409784585	-0.00417581764	-0.00399928487	1.32672839e-05	9.95346056e-05	0	100	0	0	3
332	437	0	2.97871629	-0.00405503608	-0.00409710364	-0.00417581764	-0.00399928487	1.32672839e-05	9.95346056e-05	0	100	0	0	3
333	439	0	2.98768832	-0.00409894598	-0.00409635995	-0.00417581764	-0.00399928487	1.35782857e-05	9.95346056e-05	0	100	0	0	3
334	440	0	2.99666036	-0.00405664766	-0.00409567516	-0.00417581764	-0.00399928487	1.42630737e-05	9.95346056e-05	0	100	0	0	3
335	441	0	3.0056324	-0.00410815802	-0.00409505801	-0.00417581764	-0.00399928487	1.48802181e-05	9.95346056e-05	0	100	0	0	3
336	443	0	3.01460443	-0.00406141246	-0.00409474648	-0.00417581764	-0.00399928487	1.51917484e-05	9.95346056e-05	0	100	0	0	3
337	444	0	3.02357647	-0.00412008142	-0.00409464203	-0.00417581764	-0.00399928487	1.52961973e-05	9.95346056e-05	0	100	0	0	3
338	445	0	3.03254851	-0.00408286638	-0.00409473113	-0.00417581764	-0.00399928487	1.52961973e-05	9.95346056e-05	0	100	0	0	3
339	447	0	3.04152055	-0.00414270849	-0.00409526774	-0.00417581764	-0.00399928487	1.52961973e-05	9.95346056e-05	0	100	0	0	3
340	448	0	3.05049258	-0.00408921237	-0.00409561499	-0.00417581764	-0.00399928487	1.52961973e-05	9.95346056e-05	0	100	0	0	3
341	449	0	3.05946462	-0.00414368752	-0.00409612641	-0.00417581764	-0.00399928487	1.52759525e-05	9.95346056e-05	0	100	0	0	3
342	451	0	3.06843666	-0.00409663706	-0.00409701854	-0.00417581764	-0.00399928487	1.51797995e-05	9.95346056e-05	0	100	0	0	3
343	452	0	3.07740869	-0.00415210754	-0.00409816352	-0.00417581764	-0.00399928487	1.46610723e-05	9.95346056e-05	0	100	0	0	3
344	453	0	3.08638073	-0.00408871836	-0.0040993478	-0.00417581764	-0.00399928487	1.37500253e-05	9.95346056e-05	0	100	0	0	3
345	455	0	3.09535277	-0.00414173093	-0.00410064034	-0.00417581764	-0.00399928487	1.2301624e-05	9.95346056e-05	0	100	0	0	3
346	456	0	3.1043248	-0.00408432344	-0.00410198609	-0.00417581764	-0.00399928487	1.07642385e-05	9.95346056e-05	0	100	0	0	3
347	457	0	3.11329684	-0.00413131115	-0.00410325523	-0.00417581764	-0.00399928487	8.96457186e-06	9.95346056e-05	0	100	0	0	3
348	459	0	3.12226888	-0.00406481377	-0.00410436268	-0.00417581764	-0.00399928487	9.72064238e-06	9.95346056e-05	0	100	0	0	3
349	460	0	3.13124092	-0.00411650603	-0.00410557305	-0.00417581764	-0.00399928487	1.09310138e-05	9.95346056e-05	0	100	0	0	3
350	461	0	3.14021295	-0.00406391146	-0.00410599533	-0.00417581764	-0.00399928487	1.13532993e-05	9.95346056e-05	0	100	0	0	3
351	463	0	3.14918499	-0.00411948875	-0.00410814183	-0.00417581764	-0.00404220317	1.34997971e-05	9.95346056e-05	0	100	0	0	3
352	464	0	3.15815703	-0.00406229944	-0.00410759931	-0.00417581764	-0.00404220317	1.34997971e-05	9.95346056e-05	0	100	0	0	3
353	465	0	3.16712906	-0.00411746369	-0.00410894324	-0.00417581764	-0.00404845703	1.43012109e-05	9.95346056e-05	0	100	0	0	3
354	467	0	3.1761011	-0.00406411283	-0.00410922281	-0.00417581764	-0.00405503608	1.45807787e-05	9.95346056e-05	0	100	0	0	3
355	468	0	3.18507314	-0.0041114934	-0.00410929109	-0.00417581764	-0.00405503608	1.46490529e-05	9.95346056e-05	0	100	0	0	3
356	469	0	3.19404517	-0.00404773563	-0.00410914047	-0.00417581764	-0.00404773563	1.46490529e-05	9.95346056e-05	0	100	0	0	3
357	470	0	3.20301721	-0.00409428033	-0.00410861477	-0.00417581764	-0.00404773563	1.46490529e-05	9.95346056e-05	0	100	0	0	3
358	472	0	3.21198925	-0.00405279614	-0.00410846025	-0.00417581764	-0.00404773563	1.46490529e-05	9.95346056e-05	0	100	0	0	3
359	473	0	3.22096129	-0.00410717084	-0.00410799031	-0.00417581764	-0.00404773563	1.46490529e-05	9.95346056e-05	0	100	0	0	3
360	475	0	3.22993332	-0.00406245923	-0.00410753194	-0.00417581764	-0.00404773563	1.46490529e-05	9.95346056e-05	0	100	0	0	3
361	476	0	3.23890536	-0.00411897872	-0.00410691296	-0.00417581764	-0.00404773563	1.46490529e-05	9.95346056e-05	0	100	0	0	3
362	477	0	3.2478774	-0.00407878143	-0.00410643827	-0.00417581764	-0.00404773563	1.46490529e-05	9.95346056e-05	0	100	0	0	3
363	479	0	3.25684943	-0.00412741188	-0.00410557388	-0.00417136362	-0.00404773563	1.46490529e-05	9.95346056e-05	0	100	0	0	3
364	480	0	3.26582147	-0.00406989767	-0.0041049889	-0.00417136362	-0.00404773563	1.46490529e-05	9.95346056e-05	0	100	0	0	3
365	481	0	3.27479351	-0.0041112518	-0.00410397763	-0.00417136362	-0.00404773563	1.46490529e-05	9.95346056e-05	0	100	0	0	3
366	482	0	3.28376554	-0.00405975727	-0.00410309076	-0.00417136362	-0.00404773563	1.46490529e-05	9.95346056e-05	0	100	0	0	3
367	484	0	3.29273758	-0.00410259783	-0.00410186279	-0.00416946283	-0.00404773563	1.46490529e-05	9.95346056e-05	0	100	0	0	3
368	485	0	3.30170962	-0.00404746689	-0.00410080251	-0.00416946283	-0.00404746689	1.46490529e-05	9.95346056e-05	0	100	0	0	3
369	487	0	3.31068166	-0.00410045921	-0.0041000412	-0.00416946283	-0.00404746689	1.46490529e-05	9.95346056e-05	0	100	0	0	3
370	488	0	3.31965369	-0.00405932802	-0.00409924907	-0.00416946283	-0.00404746689	1.46490529e-05	9.95346056e-05	0	100	0	0	3
371	489	0	3.32862573	-0.00410994288	-0.00409818621	-0.00416226863	-0.00404746689	1.46490529e-05	9.95346056e-05	0	100	0	0	3
372	491	0	3.33759777	-0.0040531875	-0.00409783726	-0.00416226863	-0.00404746689	1.46490529e-05	9.95346056e-05	0	100	0	0	3
373	492	0	3.3465698	-0.00409777836	-0.00409669344	-0.00416226863	-0.00404746689	1.46490529e-05	9.95346056e-05	0	100	0	0	3
374	493	0	3.35554184	-0.00404627212	-0.00409554876	-0.00416226863	-0.00404627212	1.46490529e-05	9.95346056e-05	0	100	0	0	3
375	495	0	3.36451388	-0.00408278802	-0.00409412946	-0.00415315045	-0.00404627212	1.51616278e-05	9.95346056e-05	0	100	0	0	3
376	496	0	3.37348591	-0.00403365121	-0.00409289569	-0.00415315045	-0.00403365121	1.63953938e-05	9.95346056e-05	0	100	0	0	3
377	497	0	3.38245795	-0.00408880583	-0.00409174668	-0.00415210754	-0.00403365121	1.75444049e-05	9.95346056e-05	0	100	0	0	3
378	498	0	3.39142999	-0.00403359229	-0.00409063475	-0.00415210754	-0.00403359229	1.86563323e-05	9.95346056e-05	0	100	0	0	3
379	500	0	3.40040203	-0.00409379707	-0.00408966909	-0.00415210754	-0.00403359229	1.96219929e-05	9.95346056e-05	0	100	0	0	3
380	501	0	3.40937406	-0.00404254934	-0.00408896388	-0.00415210754	-0.00403359229	2.03272109e-05	9.95346056e-05	0	100	0	0	3
381	502	0	3.4183461	-0.00409730493	-0.00408835814	-0.00415210754	-0.00403359229	2.09329431e-05	9.95346056e-05	0	100	0	0	3
382	504	0	3.42731814	-0.00404133527	-0.00408775467	-0.00415210754	-0.00403359229	2.1536421e-05	9.95346056e-05	0	100	0	0	3
383	505	0	3.43629017	-0.00410272748	-0.00408744349	-0.00415210754	-0.00403359229	2.18476019e-05	9.95346056e-05	0	100	0	0	3
384	506	0	3.44526221	-0.00406317293	-0.00408744018	-0.00415210754	-0.00403359229	2.18509081e-05	9.95346056e-05	0	100	0	0	3
385	508	0	3.45423425	-0.00412424586	-0.00408763831	-0.00415210754	-0.00403359229	2.18509081e-05	9.95346056e-05	0	100	0	0	3
386	509	0	3.46320628	-0.00407487424	-0.00408775196	-0.00415210754	-0.00403359229	2.18509081e-05	9.95346056e-05	0	100	0	0	3
387	510	0	3.47217832	-0.00413450339	-0.00408811743	-0.00415210754	-0.00403359229	2.18509081e-05	9.95346056e-05	0	100	0	0	3
388	512	0	3.48115036	-0.00409079065	-0.0040887559	-0.00415210754	-0.00403359229	2.18509081e-05	9.95346056e-05	0	100	0	0	3
389	513	0	3.4901224	-0.00413653441	-0.00408942712	-0.00415210754	-0.00403359229	2.18509081e-05	9.95346056e-05	0	100	0	0	3
390	514	0	3.49909443	-0.00409576621	-0.00409012567	-0.00415210754	-0.00403359229	2.18509081e-05	9.95346056e-05	0	100	0	0	3
391	516	0	3.50806647	-0.00415418107	-0.00409094751	-0.00415418107	-0.00403359229	2.18509081e-05	9.95346056e-05	0	100	0	0	3
392	517	0	3.51703851	-0.00409235531	-0.00409150006	-0.00415418107	-0.00403359229	2.18509081e-05	9.95346056e-05	0	100	0	0	3
393	518	0	3.52601054	-0.00412021525	-0.00409150245	-0.00415418107	-0.00403359229	2.18509081e-05	9.95346056e-05	0	100	0	0	3
394	520	0	3.53498258	-0.0040854242	-0.00409154812	-0.00415418107	-0.00403359229	2.18509081e-05	9.95346056e-05	0	100	0	0	3
395	521	0	3.54395462	-0.00414128947	-0.00409152278	-0.00415418107	-0.00403359229	2.18509081e-05	9.95346056e-05	0	100	0	0	3
396	522	0	3.55292665	-0.00407400478	-0.00409125122	-0.00415418107	-0.00403359229	2.18509081e-05	9.95346056e-05	0	100	0	0	3
397	524	0	3.56189869	-0.004102482	-0.00409051541	-0.00415418107	-0.00403359229	2.18509081e-05	9.95346056e-05	0	100	0	0	3
398	525	0	3.57087073	-0.00405620108	-0.00408979334	-0.00415418107	-0.00403359229	2.18509081e-05	9.95346056e-05	0	100	0	0	3
399	526	0	3.57984277	-0.00411387051	-0.00408911053	-0.00415418107	-0.00403359229	2.18509081e-05	9.95346056e-05	0	100	0	0	3
400	528	0	3.5888148	-0.00404719429	-0.00408836903	-0.00415418107	-0.00403359229	2.18509081e-05	9.95346056e-05	0	100	0	0	3
401	532	0	3.59778684	-0.00411401207	-0.00408787405	-0.00415418107	-0.00403359229	2.18509081e-05	9.95346056e-05	0	100	0	0	3
402	534	0	3.60675888	-0.00405547544	-0.00408735891	-0.00415418107	-0.00403359229	2.19321787e-05	9.95346056e-05	0	100	0	0	3
403	535	0	3.61573091	-0.00411886222	-0.00408713661	-0.00415418107	-0.00403359229	2.21544811e-05	9.95346056e-05	0	100	0	0	3
404	536	0	3.62470295	-0.00406562453	-0.00408715108	-0.00415418107	-0.00403359229	2.21544811e-05	9.95346056e-05	0	100	0	0	3
405	538	0	3.63367499	-0.00410816997	-0.00408700223	-0.00415418107	-0.00403359229	2.22888614e-05	9.95346056e-05	0	100	0	0	3
406	539	0	3.64264702	-0.00405173072	-0.00408678471	-0.00415418107	-0.00403359229	2.25063746e-05	9.95346056e-05	0	100	0	0	3
407	540	0	3.65161906	-0.00409809173	-0.00408640262	-0.00415418107	-0.00403359229	2.28884643e-05	9.95346056e-05	0	100	0	0	3
408	541	0	3.6605911	-0.00403010587	-0.00408582774	-0.00415418107	-0.00403010587	2.34633494e-05	9.95346056e-05	0	100	0	0	3
409	543	0	3.66956314	-0.00408347499	-0.0040852208	-0.00415418107	-0.00403010587	2.40702906e-05	9.95346056e-05	0	100	0	0	3
410	544	0	3.67853517	-0.00403154934	-0.00408463931	-0.00415418107	-0.00403010587	2.46517815e-05	9.95346056e-05	0	100	0	0	3
411	545	0	3.68750721	-0.00405617497	-0.00408365148	-0.00415418107	-0.00403010587	2.54889953e-05	9.95346056e-05	0	100	0	0	3
412	546	0	3.69647925	-0.00403088383	-0.00408335055	-0.00415418107	-0.00403010587	2.5264221e-05	9.95346056e-05	0	100	0	0	3
413	548	0	3.70545128	-0.00409615486	-0.00408338403	-0.00415418107	-0.00403010587	2.51097e-05	9.95346056e-05	0	100	0	0	3
414	549	0	3.71442332	-0.00401987747	-0.00408279619	-0.00415418107	-0.00401987747	2.5194123e-05	9.95346056e-05	0	100	0	0	3
415	550	0	3.72339536	-0.0040466508	-0.00408171548	-0.00415418107	-0.00401987747	2.58164614e-05	9.95346056e-05	0	100	0	0	3
416	552	0	3.73236739	-0.00401278807	-0.00408082849	-0.00415418107	-0.00401278807	2.6084465e-05	9.95346056e-05	0	100	0	0	3
417	553	0	3.74133943	-0.00407849778	-0.00408010562	-0.00415418107	-0.00401278807	2.63326487e-05	9.95346056e-05	0	100	0	0	3
418	554	0	3.75031147	-0.00399502805	-0.00407861002	-0.00415418107	-0.00399502805	2.69638561e-05	9.95346056e-05	0	100	0	0	3
419	555	0	3.75928351	-0.00404397807	-0.00407712013	-0.00415418107	-0.00399502805	2.78687637e-05	9.95346056e-05	0	100	0	0	3
420	557	0	3.76825554	-0.00400777409	-0.00407601078	-0.00415418107	-0.00399502805	2.79668456e-05	9.95346056e-05	0	100	0	0	3
421	558	0	3.77722758	-0.00407446226	-0.00407535383	-0.00415418107	-0.00399502805	2.77369283e-05	9.95346056e-05	0	100	0	0	3
422	559	0	3.78619962	-0.00399386968	-0.00407417726	-0.00415418107	-0.00399386968	2.76855317e-05	9.95346056e-05	0	100	0	0	3
423	560	0	3.79517165	-0.00403511186	-0.00407297216	-0.00415418107	-0.00399386968	2.78303576e-05	9.95346056e-05	0	100	0	0	3
424	562	0	3.80414369	-0.00399498932	-0.00407203506	-0.00415418107	-0.00399386968	2.80061461e-05	9.95346056e-05	0	100	0	0	3
425	563	0	3.81311573	-0.00405752804	-0.00407126843	-0.00415418107	-0.00399386968	2.79806388e-05	9.95346056e-05	0	100	0	0	3
426	564	0	3.82208776	-0.00397599265	-0.0040697803	-0.00415418107	-0.00397599265	2.84059141e-05	9.95346056e-05	0	100	0	0	3
427	566	0	3.8310598	-0.0040272106	-0.00406830293	-0.00415418107	-0.00397599265	2.9534324e-05	9.95346056e-05	0	100	0	0	3
428	567	0	3.84003184	-0.0039997358	-0.00406734844	-0.00415418107	-0.00397599265	2.9344999e-05	9.95346056e-05	0	100	0	0	3
429	568	0	3.84900388	-0.00406069808	-0.00406668629	-0.00415418107	-0.00397599265	2.88624633e-05	9.95346056e-05	0	100	0	0	3
430	570	0	3.85797591	-0.00400030107	-0.00406586538	-0.00415418107	-0.00397599265	2.82640784e-05	9.95346056e-05	0	100	0	0	3
431	571	0	3.86694795	-0.00405258641	-0.00406532607	-0.00415418107	-0.00397599265	2.75696269e-05	9.95346056e-05	0	100	0	0	3
432	572	0	3.87591999	-0.00399486743	-0.0040646335	-0.00415418107	-0.00397599265	2.71131835e-05	9.95346056e-05	0	100	0	0	3
433	574	0	3.88489202	-0.00405618715	-0.00406405102	-0.00415418107	-0.00397599265	2.74971016e-05	9.95346056e-05	0	100	0	0	3
434	575	0	3.89386406	-0.00397693046	-0.0040630392	-0.00415418107	-0.00397599265	2.850892e-05	9.95346056e-05	0	100	0	0	3
435	576	0	3.9028361	-0.00402547885	-0.00406181924	-0.00415418107	-0.00397599265	2.97288882e-05	9.95346056e-05	0	100	0	0	3
436	578	0	3.91180813	-0.00397727811	-0.00406065368	-0.00415418107	-0.00397599265	3.08944459e-05	9.95346056e-05	0	100	0	0	3
437	579	0	3.92078017	-0.00406837029	-0.00406013699	-0.00415418107	-0.00397599265	3.14111359e-05	9.95346056e-05	0	100	0	0	3
438	580	0	3.92975221	-0.0039941713	-0.00405929477	-0.00415418107	-0.00397599265	3.22533496e-05	9.95346056e-05	0	100	0	0	3
439	582	0	3.93872425	-0.00406477135	-0.00405861699	-0.00415418107	-0.00397599265	3.29311376e-05	9.95346056e-05	0	100	0	0	3
440	583	0	3.94769628	-0.00400279326	-0.00405753878	-0.00415418107	-0.00397599265	3.40093459e-05	9.95346056e-05	0	100	0	0	3
441	584	0	3.95666832	-0.00406492444	-0.00405647947	-0.00415418107	-0.00397599265	3.5068657e-05	9.95346056e-05	0	100	0	0	3
442	586	0	3.96564036	-0.00399140625	-0.00405498897	-0.00415418107	-0.00397599265	3.65591567e-05	9.95346056e-05	0	100	0	0	3
443	587	0	3.97461239	-0.00406231873	-0.00405369996	-0.00415418107	-0.00397599265	3.78481686e-05	9.95346056e-05	0	100	0	0	3
444	588	0	3.98358443	-0.00400422137	-0.00405215408	-0.00415418107	-0.00397599265	3.93940486e-05	9.95346056e-05	0	100	0	0	3
445	589	0	3.99255647	-0.00403704491	-0.00405037748	-0.00415418107	-0.00397599265	4.11706468e-05	9.95346056e-05	0	100	0	0	3
446	591	0	4.0015285	-0.00400962216	-0.00404883919	-0.00415418107	-0.00397599265	4.27089334e-05	9.95346056e-05	0	100	0	0	3
