Iteration	CPUTime	PhysTime	Travels
1	8	0	0.00897179511
2	10	0	0.0179435902
3	11	0	0.0269153853
4	13	0	0.0358871804
5	14	0	0.0448589755
6	15	0	0.0538307706
7	17	0	0.0628025657
8	18	0	0.0717743608
9	20	0	0.080746156
10	21	0	0.0897179511
11	22	0	0.0986897462
12	24	0	0.107661541
13	25	0	0.116633336
14	27	0	0.125605131
15	28	0	0.134576927
16	29	0	0.143548722
17	31	0	0.152520517
18	32	0	0.161492312
19	33	0	0.170464107
20	35	0	0.179435902
21	36	0	0.188407697
22	37	0	0.197379492
23	39	0	0.206351287
24	40	0	0.215323083
25	41	0	0.224294878
26	43	0	0.233266673
27	44	0	0.242238468
28	46	0	0.251210263
29	47	0	0.260182058
30	48	0	0.269153853
31	50	0	0.278125648
32	52	0	0.287097443
33	53	0	0.296069238
34	54	0	0.305041034
35	56	0	0.314012829
36	57	0	0.322984624
37	59	0	0.331956419
38	60	0	0.340928214
39	62	0	0.349900009
40	64	0	0.358871804
41	65	0	0.367843599
42	67	0	0.376815394
43	68	0	0.38578719
44	70	0	0.394758985
45	71	0	0.40373078
46	73	0	0.412702575
47	74	0	0.42167437
48	76	0	0.430646165
49	77	0	0.43961796
50	79	0	0.448589755
51	80	0	0.45756155
52	82	0	0.466533345
53	83	0	0.475505141
54	85	0	0.484476936
55	86	0	0.493448731
56	88	0	0.502420526
57	89	0	0.511392321
58	91	0	0.520364116
59	92	0	0.529335911
60	94	0	0.538307706
61	95	0	0.547279501
62	97	0	0.556251297
63	98	0	0.565223092
64	100	0	0.574194887
65	101	0	0.583166682
66	103	0	0.592138477
67	105	0	0.601110272
68	106	0	0.610082067
69	108	0	0.619053862
70	109	0	0.628025657
71	110	0	0.636997452
72	112	0	0.645969248
73	114	0	0.654941043
74	115	0	0.663912838
75	117	0	0.672884633
76	118	0	0.681856428
77	120	0	0.690828223
78	121	0	0.699800018
79	123	0	0.708771813
80	124	0	0.717743608
81	126	0	0.726715404
82	127	0	0.735687199
83	129	0	0.744658994
84	130	0	0.753630789
85	132	0	0.762602584
86	133	0	0.771574379
87	135	0	0.780546174
88	136	0	0.789517969
89	138	0	0.798489764
90	139	0	0.80746156
91	141	0	0.816433355
92	142	0	0.82540515
93	144	0	0.834376945
94	145	0	0.84334874
95	146	0	0.852320535
96	148	0	0.86129233
97	149	0	0.870264125
98	151	0	0.87923592
99	152	0	0.888207715
100	154	0	0.897179511
101	158	0	0.906151306
102	160	0	0.915123101
103	161	0	0.924094896
104	163	0	0.933066691
105	164	0	0.942038486
106	165	0	0.951010281
107	167	0	0.959982076
108	168	0	0.968953871
109	169	0	0.977925667
110	171	0	0.986897462
111	172	0	0.995869257
112	174	0	1.00484105
113	175	0	1.01381285
114	177	0	1.02278464
115	178	0	1.03175644
116	180	0	1.04072823
117	181	0	1.04970003
118	183	0	1.05867182
119	184	0	1.06764362
120	186	0	1.07661541
121	188	0	1.08558721
122	191	0	1.094559
123	193	0	1.1035308
124	196	0	1.11250259
125	198	0	1.12147439
126	201	0	1.13044618
127	203	0	1.13941798
128	206	0	1.14838977
129	208	0	1.15736157
130	211	0	1.16633336
131	213	0	1.17530516
132	215	0	1.18427695
133	218	0	1.19324875
134	220	0	1.20222054
135	222	0	1.21119234
136	223	0	1.22016413
137	224	0	1.22913593
138	226	0	1.23810772
139	227	0	1.24707952
140	229	0	1.25605131
141	230	0	1.26502311
142	231	0	1.2739949
143	233	0	1.2829667
144	234	0	1.2919385
145	235	0	1.30091029
146	237	0	1.30988209
147	238	0	1.31885388
148	239	0	1.32782568
149	241	0	1.33679747
150	242	0	1.34576927
151	243	0	1.35474106
152	245	0	1.36371286
153	246	0	1.37268465
154	247	0	1.38165645
155	249	0	1.39062824
156	250	0	1.39960004
157	251	0	1.40857183
158	253	0	1.41754363
159	254	0	1.42651542
160	255	0	1.43548722
161	257	0	1.44445901
162	258	0	1.45343081
163	259	0	1.4624026
164	261	0	1.4713744
165	262	0	1.48034619
166	264	0	1.48931799
167	265	0	1.49828978
168	266	0	1.50726158
169	268	0	1.51623337
170	269	0	1.52520517
171	271	0	1.53417696
172	272	0	1.54314876
173	273	0	1.55212055
174	275	0	1.56109235
175	276	0	1.57006414
176	278	0	1.57903594
177	279	0	1.58800773
178	280	0	1.59697953
179	282	0	1.60595132
180	283	0	1.61492312
181	284	0	1.62389491
182	286	0	1.63286671
183	287	0	1.6418385
184	288	0	1.6508103
185	290	0	1.65978209
186	291	0	1.66875389
187	293	0	1.67772568
188	294	0	1.68669748
189	295	0	1.69566927
190	297	0	1.70464107
191	298	0	1.71361287
192	299	0	1.72258466
193	301	0	1.73155646
194	302	0	1.74052825
195	303	0	1.74950005
196	304	0	1.75847184
197	306	0	1.76744364
198	307	0	1.77641543
199	309	0	1.78538723
200	310	0	1.79435902
201	315	0	1.80333082
202	316	0	1.81230261
203	318	0	1.82127441
204	319	0	1.8302462
205	320	0	1.839218
206	322	0	1.84818979
207	323	0	1.85716159
208	325	0	1.86613338
209	326	0	1.87510518
210	327	0	1.88407697
211	329	0	1.89304877
212	330	0	1.90202056
213	332	0	1.91099236
214	333	0	1.91996415
215	335	0	1.92893595
216	336	0	1.93790774
217	337	0	1.94687954
218	339	0	1.95585133
219	340	0	1.96482313
220	342	0	1.97379492
221	343	0	1.98276672
222	344	0	1.99173851
223	346	0	2.00071031
224	347	0	2.0096821
225	348	0	2.0186539
226	350	0	2.02762569
227	351	0	2.03659749
228	353	0	2.04556928
229	354	0	2.05454108
230	355	0	2.06351287
231	357	0	2.07248467
232	358	0	2.08145646
233	360	0	2.09042826
234	361	0	2.09940005
235	362	0	2.10837185
236	364	0	2.11734364
237	365	0	2.12631544
238	366	0	2.13528724
239	368	0	2.14425903
240	369	0	2.15323083
241	371	0	2.16220262
242	372	0	2.17117442
243	373	0	2.18014621
244	375	0	2.18911801
245	376	0	2.1980898
246	378	0	2.2070616
247	379	0	2.21603339
248	381	0	2.22500519
249	382	0	2.23397698
250	383	0	2.24294878
251	385	0	2.25192057
252	386	0	2.26089237
253	387	0	2.26986416
254	389	0	2.27883596
255	390	0	2.28780775
256	392	0	2.29677955
257	393	0	2.30575134
258	394	0	2.31472314
259	396	0	2.32369493
260	397	0	2.33266673
261	398	0	2.34163852
262	400	0	2.35061032
263	401	0	2.35958211
264	402	0	2.36855391
265	404	0	2.3775257
266	405	0	2.3864975
267	407	0	2.39546929
268	408	0	2.40444109
269	409	0	2.41341288
270	410	0	2.42238468
271	412	0	2.43135647
272	413	0	2.44032827
273	415	0	2.44930006
274	416	0	2.45827186
275	417	0	2.46724365
276	419	0	2.47621545
277	420	0	2.48518724
278	421	0	2.49415904
279	423	0	2.50313083
280	424	0	2.51210263
281	426	0	2.52107442
282	427	0	2.53004622
283	428	0	2.53901801
284	430	0	2.54798981
285	431	0	2.55696161
286	432	0	2.5659334
287	434	0	2.5749052
288	435	0	2.58387699
289	436	0	2.59284879
290	438	0	2.60182058
291	439	0	2.61079238
292	440	0	2.61976417
293	442	0	2.62873597
294	443	0	2.63770776
295	444	0	2.64667956
296	446	0	2.65565135
297	447	0	2.66462315
298	448	0	2.67359494
299	450	0	2.68256674
300	451	0	2.69153853
301	456	0	2.70051033
302	457	0	2.70948212
303	459	0	2.71845392
304	460	0	2.72742571
305	461	0	2.73639751
306	463	0	2.7453693
307	464	0	2.7543411
308	466	0	2.76331289
309	467	0	2.77228469
310	468	0	2.78125648
311	470	0	2.79022828
312	471	0	2.79920007
313	472	0	2.80817187
314	474	0	2.81714366
315	475	0	2.82611546
316	477	0	2.83508725
317	478	0	2.84405905
318	479	0	2.85303084
319	481	0	2.86200264
320	482	0	2.87097443
321	483	0	2.87994623
322	485	0	2.88891802
323	486	0	2.89788982
324	487	0	2.90686161
325	489	0	2.91583341
326	490	0	2.9248052
327	491	0	2.933777
328	493	0	2.94274879
329	494	0	2.95172059
330	495	0	2.96069238
331	497	0	2.96966418
332	498	0	2.97863598
333	499	0	2.98760777
334	501	0	2.99657957
335	502	0	3.00555136
336	503	0	3.01452316
337	505	0	3.02349495
338	506	0	3.03246675
339	508	0	3.04143854
340	509	0	3.05041034
341	510	0	3.05938213
342	512	0	3.06835393
343	513	0	3.07732572
344	514	0	3.08629752
345	516	0	3.09526931
346	517	0	3.10424111
