Iteration	CPUTime	PhysTime	Travels	Value	AvValue	MinValue	MaxValue	Delta	Criteria	PrevAvRefValue	Progress	CriteriaType	CriteriaVarType	CriteriaPercentage
1	7	0	0.00897203701	140.794241	140.794241	140.794241	140.794241	0	0	0	0	0	0	3
2	8	0	0.017944074	45.1224938	92.9583676	45.1224938	140.794241	47.8358737	0	0	0	0	0	3
3	9	0	0.026916111	22.7756654	69.5641335	22.7756654	140.794241	71.2301078	0	0	0	0	0	3
4	10	0	0.035888148	14.1359848	55.7070963	14.1359848	140.794241	85.087145	0	0	0	0	0	3
5	11	0	0.044860185	17.0416409	47.9740053	14.1359848	140.794241	92.8202361	0	0	0	0	0	3
6	12	0	0.053832222	12.9413509	42.1352295	12.9413509	140.794241	98.6590118	0	0	0	0	0	3
7	14	0	0.062804259	15.5432422	38.3363742	12.9413509	140.794241	102.457867	0	0	0	0	0	3
8	15	0	0.0717762961	12.2100129	35.070579	12.2100129	140.794241	105.723662	0	0	0	0	0	3
9	16	0	0.0807483331	14.4815762	32.7829121	12.2100129	140.794241	108.011329	0	0	0	0	0	3
10	17	0	0.0897203701	11.5011158	30.6547324	11.5011158	140.794241	110.139509	0	0	0	0	0	3
11	18	0	0.0986924071	13.3834872	29.0846192	11.5011158	140.794241	111.709622	0	0	0	0	0	3
12	19	0	0.107664444	11.6819034	27.6343929	11.5011158	140.794241	113.159848	0	0	0	0	0	3
13	21	0	0.116636481	13.1581305	26.5208343	11.5011158	140.794241	114.273407	0	0	0	0	0	3
14	22	0	0.125608518	11.7374885	25.464881	11.5011158	140.794241	115.32936	0	0	0	0	0	3
15	23	0	0.134580555	12.795494	24.6202552	11.5011158	140.794241	116.173986	0	0	0	0	0	3
16	24	0	0.143552592	11.95159	23.8284636	11.5011158	140.794241	116.965778	0	0	0	0	0	3
17	25	0	0.152524629	12.2679863	23.1484355	11.5011158	140.794241	117.645806	0	0	0	0	0	3
18	26	0	0.161496666	11.8282443	22.519536	11.5011158	140.794241	118.274705	0	0	0	0	0	3
19	28	0	0.170468703	11.8793764	21.9595276	11.5011158	140.794241	118.834714	0	0	0	0	0	3
20	29	0	0.17944074	11.6131951	21.442211	11.5011158	140.794241	119.35203	0	0	0	0	0	3
21	30	0	0.188412777	11.5596794	20.9716143	11.5011158	140.794241	119.822627	0	0	0	0	0	3
22	31	0	0.197384814	11.4145585	20.5372026	11.4145585	140.794241	120.257039	0	0	0	0	0	3
23	32	0	0.206356851	11.2974289	20.1354733	11.2974289	140.794241	120.658768	0	0	0	0	0	3
24	33	0	0.215328888	11.193838	19.7629052	11.193838	140.794241	121.031336	0	0	0	0	0	3
25	35	0	0.224300925	11.1026881	19.4164965	11.1026881	140.794241	121.377745	0	0	0	0	0	3
26	36	0	0.233272962	11.0374881	19.094227	11.0374881	140.794241	121.700014	0	0	0	0	0	3
27	37	0	0.242244999	10.9726666	18.7934284	10.9726666	140.794241	122.000813	0	0	0	0	0	3
28	39	0	0.251217036	10.9261069	18.5124527	10.9261069	140.794241	122.281789	0	0	0	0	0	3
29	40	0	0.260189073	10.8639108	18.2487098	10.8639108	140.794241	122.545531	0	0	0	0	0	3
30	41	0	0.26916111	10.812224	18.000827	10.812224	140.794241	122.793414	0	0	0	0	0	3
31	42	0	0.278133147	10.767722	17.767501	10.767722	140.794241	123.02674	0	0	0	0	0	3
32	44	0	0.287105184	10.721181	17.5473035	10.721181	140.794241	123.246938	0	0	0	0	0	3
33	45	0	0.296077221	10.6817421	17.3392562	10.6817421	140.794241	123.454985	0	0	0	0	0	3
34	46	0	0.305049258	10.6478009	17.1424487	10.6478009	140.794241	123.651793	0	0	0	0	0	3
35	48	0	0.314021295	10.6108295	16.955831	10.6108295	140.794241	123.83841	0	0	0	0	0	3
36	49	0	0.322993332	10.5760522	16.7786149	10.5760522	140.794241	124.015626	0	0	0	0	0	3
37	50	0	0.331965369	10.5326562	16.6098052	10.5326562	140.794241	124.184436	0	0	0	0	0	3
38	52	0	0.340937406	10.4936589	16.448854	10.4936589	140.794241	124.345387	0	0	0	0	0	3
39	53	0	0.349909443	10.4605936	16.2953089	10.4605936	140.794241	124.498932	0	0	0	0	0	3
40	54	0	0.35888148	10.4366299	16.1488419	10.4366299	140.794241	124.645399	0	0	0	0	0	3
41	56	0	0.367853517	10.41536	16.0090009	10.41536	140.794241	124.78524	0	0	0	0	0	3
42	57	0	0.376825554	10.3918355	15.8752588	10.3918355	140.794241	124.918982	0	0	0	0	0	3
43	58	0	0.385797591	10.3691044	15.7472087	10.3691044	140.794241	125.047033	0	0	0	0	0	3
44	60	0	0.394769628	10.3487401	15.6245163	10.3487401	140.794241	125.169725	0	0	0	0	0	3
45	61	0	0.403741665	10.3283493	15.5068237	10.3283493	140.794241	125.287418	0	0	0	0	0	3
46	62	0	0.412713702	10.3073001	15.3937905	10.3073001	140.794241	125.400451	0	0	0	0	0	3
47	64	0	0.421685739	10.2915576	15.2852324	10.2915576	140.794241	125.509009	0	0	0	0	0	3
48	65	0	0.430657776	10.273347	15.1808181	10.273347	140.794241	125.613423	0	0	0	0	0	3
49	66	0	0.439629813	10.2522242	15.0802346	10.2522242	140.794241	125.714007	0	0	0	0	0	3
50	68	0	0.44860185	10.2323443	14.9832768	10.2323443	140.794241	125.810965	0	0	0	0	0	3
51	69	0	0.457573887	10.2120131	14.8897226	10.2120131	140.794241	125.904519	0	0	0	0	0	3
52	70	0	0.466545924	10.1962038	14.7994626	10.1962038	140.794241	125.994779	0	0	0	0	0	3
53	72	0	0.475517961	10.1880168	14.7124542	10.1880168	140.794241	126.081787	0	0	0	0	0	3
54	73	0	0.484489998	10.173388	14.6283974	10.173388	140.794241	126.165844	0	0	0	0	0	3
55	74	0	0.493462035	10.1619309	14.5471889	10.1619309	140.794241	126.247052	0	0	0	0	0	3
56	76	0	0.502434072	10.1516755	14.4686976	10.1516755	140.794241	126.325544	0	0	0	0	0	3
57	77	0	0.511406109	10.1443383	12.1356636	10.1443383	45.1224938	34.9781555	0	0	0	0	0	3
58	78	0	0.520378146	10.1314615	11.5108238	10.1314615	22.7756654	12.644204	0	0	0	0	0	3
59	80	0	0.529350183	10.1223226	11.2848712	10.1223226	17.0416409	6.91931831	0	0	0	0	0	3
60	81	0	0.53832222	10.1098749	11.2129764	10.1098749	17.0416409	6.93176594	0	0	0	0	0	3
61	82	0	0.547294257	10.1001355	11.0890209	10.1001355	15.5432422	5.44310677	0	0	0	0	0	3
62	84	0	0.556266294	10.089202	11.0380897	10.089202	15.5432422	5.45404023	0	0	0	0	0	3
63	85	0	0.565238331	10.0829409	10.9405843	10.0829409	14.4815762	4.39863531	0	0	0	0	0	3
64	86	0	0.574210368	10.0815403	10.9025759	10.0815403	14.4815762	4.40003598	0	0	0	0	0	3
65	88	0	0.583182405	10.0810877	10.8239957	10.0810877	13.3834872	3.30239949	0	0	0	0	0	3
66	89	0	0.592154442	10.0840112	10.7986903	10.0810877	13.3834872	3.30239949	0	0	0	0	0	3
67	91	0	0.601126479	10.0826138	10.7397461	10.0810877	13.1581305	3.07704276	0	0	0	0	0	3
68	92	0	0.610098516	10.0746879	10.7110459	10.0746879	13.1581305	3.08344252	0	0	0	0	0	3
69	94	0	0.619070553	10.0604343	10.6557299	10.0604343	12.795494	2.73505968	0	0	0	0	0	3
70	95	0	0.62804259	10.0413456	10.6254416	10.0413456	12.795494	2.75414839	0	0	0	0	0	3
71	97	0	0.637014627	10.0263537	10.5759927	10.0263537	12.2679863	2.24163268	0	0	0	0	0	3
72	98	0	0.645986664	10.0164489	10.5414366	10.0164489	12.2679863	2.25153743	0	0	0	0	0	3
73	99	0	0.654958701	10.0189956	10.501276	10.0164489	11.8793764	1.86292747	0	0	0	0	0	3
74	101	0	0.663930738	10.0241224	10.4690595	10.0164489	11.8793764	1.86292747	0	0	0	0	0	3
75	102	0	0.672902775	10.0202851	10.4358615	10.0164489	11.6131951	1.59674615	0	0	0	0	0	3
76	104	0	0.681874812	10.016851	10.4073553	10.0164489	11.5596794	1.54323044	0	0	0	0	0	3
77	105	0	0.69084685	10.0100282	10.379683	10.0100282	11.4145585	1.40453037	0	0	0	0	0	3
78	107	0	0.699818887	9.99562062	10.3543448	9.99562062	11.2974289	1.30180826	0	0	0	0	0	3
79	108	0	0.708790924	9.99656265	10.3311151	9.99562062	11.193838	1.19821736	0	0	0	0	0	3
80	110	0	0.717762961	9.98843474	10.30959	9.98843474	11.1026881	1.11425341	0	0	0	0	0	3
81	111	0	0.726734998	9.9914433	10.2897464	9.98843474	11.0374881	1.04905336	0	0	0	0	0	3
82	113	0	0.735707035	9.9922799	10.2710819	9.98843474	10.9726666	0.984231877	0	0	0	0	0	3
83	114	0	0.744679072	9.99900679	10.2536951	9.98843474	10.9261069	0.937672195	0	0	0	0	0	3
84	116	0	0.753651109	9.99977302	10.2371535	9.98843474	10.8639108	0.875476093	0	0	0	0	0	3
85	117	0	0.762623146	9.9928868	10.2215995	9.98843474	10.812224	0.823789276	0	0	0	0	0	3
86	119	0	0.771595183	9.98500156	10.2068276	9.98500156	10.767722	0.782720453	0	0	0	0	0	3
87	121	0	0.78056722	9.97812695	10.1927277	9.97812695	10.721181	0.743054061	0	0	0	0	0	3
88	123	0	0.789539257	9.97229294	10.1793547	9.97229294	10.6817421	0.709449112	0	0	0	0	0	3
89	125	0	0.798511294	9.97593201	10.166751	9.97229294	10.6478009	0.675507935	0	0	0	0	0	3
90	127	0	0.807483331	9.97773228	10.1547855	9.97229294	10.6108295	0.638536528	0	0	0	0	0	3
91	128	0	0.816455368	9.98484898	10.1436072	9.97229294	10.5760522	0.60375924	0	0	0	0	0	3
92	130	0	0.825427405	9.98372659	10.13303	9.97229294	10.5326562	0.560363231	0	0	0	0	0	3
93	132	0	0.834399442	9.98119011	10.1231824	9.97229294	10.4936589	0.521365922	0	0	0	0	0	3
94	133	0	0.843371479	9.97129684	10.1138545	9.97129684	10.4605936	0.489296797	0	0	0	0	0	3
95	135	0	0.852343516	9.96324587	10.1049733	9.96324587	10.4366299	0.473384058	0	0	0	0	0	3
96	136	0	0.861315553	9.95692886	10.0964072	9.95692886	10.41536	0.458431185	0	0	0	0	0	3
97	138	0	0.87028759	9.96332698	10.0883352	9.95692886	10.3918355	0.434906612	0	0	0	0	0	3
98	139	0	0.879259627	9.96581973	10.0807278	9.95692886	10.3691044	0.412175521	0	0	0	0	0	3
99	141	0	0.888231664	9.96714037	10.0735498	9.95692886	10.3487401	0.391811228	0	0	0	0	0	3
100	142	0	0.897203701	9.95855934	10.0665823	9.95692886	10.3283493	0.371420476	0	0	0	0	0	3
101	147	0	0.906175738	9.95387744	10.0598953	9.95387744	10.3073001	0.353422685	0	0	0	0	0	3
102	149	0	0.915147775	9.94575746	10.0534392	9.94575746	10.2915576	0.345800109	0	0	0	0	0	3
103	150	0	0.924119812	9.93748828	10.0471165	9.93748828	10.273347	0.335858731	0	0	0	0	0	3
104	152	0	0.933091849	9.92981898	10.0409821	9.92981898	10.2522242	0.322405242	0	0	0	0	0	3
105	153	0	0.942063886	9.92813209	10.0351947	9.92813209	10.2323443	0.304212186	0	0	0	0	0	3
106	155	0	0.951035923	9.92095683	10.0296342	9.92095683	10.2120131	0.291056272	0	0	0	0	0	3
107	156	0	0.96000796	9.92370168	10.0244858	9.92095683	10.1962038	0.275246955	0	0	0	0	0	3
108	158	0	0.968979997	9.92163918	10.0195829	9.92095683	10.1880168	0.26705998	0	0	0	0	0	3
109	159	0	0.977952034	9.92003338	10.0147975	9.92003338	10.173388	0.253354669	0	0	0	0	0	3
110	161	0	0.986924071	9.92478903	10.0103582	9.92003338	10.1619309	0.241897536	0	0	0	0	0	3
111	162	0	0.995896108	9.92222491	10.0060777	9.92003338	10.1516755	0.231642172	0	0	0	0	0	3
112	164	0	1.00486814	9.92508979	10.0020316	9.92003338	10.1443383	0.224304955	0.385668962	0	100	0	0	3
113	165	0	1.01384018	9.927309	9.99815604	9.92003338	10.1314615	0.211428093	0.385668962	0	100	0	0	3
114	166	0	1.02281222	9.93143271	9.9945841	9.92003338	10.1223226	0.202289177	0.385668962	0	100	0	0	3
115	168	0	1.03178426	9.93333216	9.99120927	9.92003338	10.1098749	0.189841546	0.385668962	0	100	0	0	3
116	169	0	1.04075629	9.92826378	9.98796621	9.92003338	10.1001355	0.180102091	0.385668962	0	100	0	0	3
117	171	0	1.04972833	9.92670937	9.98486932	9.92003338	10.089202	0.169168634	0.385668962	0	100	0	0	3
118	172	0	1.05870037	9.92291278	9.98189987	9.92003338	10.0840112	0.163977873	0.385668962	0	100	0	0	3
119	174	0	1.0676724	9.92363555	9.97905513	9.92003338	10.0840112	0.163977873	0.385668962	0	100	0	0	3
120	175	0	1.07664444	9.92427226	9.97624677	9.92003338	10.0840112	0.163977873	0.385668962	0	100	0	0	3
121	177	0	1.08561648	9.93174792	9.97357999	9.92003338	10.0840112	0.163977873	0.385668962	0	100	0	0	3
122	178	0	1.09458851	9.93126684	9.97085241	9.92003338	10.0826138	0.162580376	0.385668962	0	100	0	0	3
123	179	0	1.10356055	9.93637856	9.96824107	9.92003338	10.0746879	0.15465457	0.385668962	0	100	0	0	3
124	181	0	1.11253259	9.93493156	9.96574542	9.92003338	10.0604343	0.140400942	0.385668962	0	100	0	0	3
125	182	0	1.12150463	9.93882474	9.96357382	9.92003338	10.0413456	0.121312229	0.385668962	0	100	0	0	3
126	184	0	1.13047666	9.93664693	9.9617042	9.92003338	10.0263537	0.106320286	0.385668962	0	100	0	0	3
127	185	0	1.1394487	9.93915987	9.96014717	9.92003338	10.0241224	0.104089011	0.385668962	0	100	0	0	3
128	187	0	1.14842074	9.94301844	9.95883591	9.92003338	10.0241224	0.104089011	0.385668962	0	100	0	0	3
129	188	0	1.15739277	9.94646899	9.95754079	9.92003338	10.0241224	0.104089011	0.385668962	0	100	0	0	3
130	190	0	1.16636481	9.93976422	9.9560344	9.92003338	10.0202851	0.100251747	0.385668962	0	100	0	0	3
131	191	0	1.17533685	9.93794613	9.95456406	9.92003338	10.016851	0.0968175996	0.385668962	0	100	0	0	3
132	193	0	1.18430888	9.93635189	9.95312657	9.92003338	10.0100282	0.0899947833	0.385668962	0	100	0	0	3
133	194	0	1.19328092	9.9356248	9.95179794	9.92003338	9.99977302	0.0797396415	0.385668962	0	100	0	0	3
134	196	0	1.20225296	9.9466154	9.95092285	9.92003338	9.99977302	0.0797396415	0.385668962	0	100	0	0	3
135	197	0	1.211225	9.95039381	9.95009841	9.92003338	9.99977302	0.0797396415	0.385668962	0	100	0	0	3
136	199	0	1.22019703	9.95172908	9.94944295	9.92003338	9.99977302	0.0797396415	0.385668962	0	100	0	0	3
137	200	0	1.22916907	9.95484661	9.94878943	9.92003338	9.99977302	0.0797396415	0.385668962	0	100	0	0	3
138	202	0	1.23814111	9.94881822	9.94801333	9.92003338	9.99977302	0.0797396415	0.385668962	0	100	0	0	3
139	203	0	1.24711314	9.95161781	9.9471671	9.92003338	9.99977302	0.0797396415	0.385668962	0	100	0	0	3
140	205	0	1.25608518	9.94869832	9.94625505	9.92003338	9.9928868	0.0728534277	0.385668962	0	100	0	0	3
141	206	0	1.26505722	9.96104451	9.94568644	9.92003338	9.98500156	0.0649681844	0.385668962	0	100	0	0	3
142	207	0	1.27402925	9.96694731	9.94536404	9.92003338	9.98484898	0.0648156035	0.385668962	0	100	0	0	3
143	209	0	1.28300129	9.97704602	9.94534474	9.92003338	9.98484898	0.0648156035	0.385668962	0	100	0	0	3
144	210	0	1.29197333	9.98036111	9.94548882	9.92003338	9.98484898	0.0648156035	0.385668962	0	100	0	0	3
145	212	0	1.30094537	9.99006498	9.94574119	9.92003338	9.99006498	0.0700316018	0.385668962	0	100	0	0	3
146	213	0	1.3099174	9.99609728	9.94606914	9.92003338	9.99609728	0.0760639056	0.385668962	0	100	0	0	3
147	215	0	1.31888944	10.0008798	9.9463554	9.92003338	10.0008798	0.0808464532	0.385668962	0	100	0	0	3
148	216	0	1.32786148	10.0001771	9.94664916	9.92003338	10.0008798	0.0808464532	0.385668962	0	100	0	0	3
149	218	0	1.33683351	9.99154997	9.94683416	9.92003338	10.0008798	0.0808464532	0.385668962	0	100	0	0	3
150	219	0	1.34580555	9.98736272	9.94712105	9.92003338	10.0008798	0.0808464532	0.385668962	0	100	0	0	3
151	221	0	1.35477759	9.98242996	9.94746362	9.92003338	10.0008798	0.0808464532	0.385668962	0	100	0	0	3
152	222	0	1.36374962	9.98651418	9.94799193	9.92003338	10.0008798	0.0808464532	0.385668962	0	100	0	0	3
153	224	0	1.37272166	9.99216894	9.94850697	9.92003338	10.0008798	0.0808464532	0.385668962	0	100	0	0	3
154	225	0	1.3816937	10.0001321	9.94911969	9.92003338	10.0008798	0.0808464532	0.385668962	0	100	0	0	3
155	227	0	1.39066574	10.0033125	9.94976562	9.92003338	10.0033125	0.0832790933	0.385668962	0	100	0	0	3
156	228	0	1.39963777	10.0098873	9.95068219	9.92003338	10.0098873	0.0898539062	0.385668962	0	100	0	0	3
157	230	0	1.40860981	10.0044193	9.95158472	9.92003338	10.0098873	0.0898539062	0.385668962	0	100	0	0	3
158	231	0	1.41758185	10.00213	9.95259137	9.92003338	10.0098873	0.0898539062	0.385668962	0	100	0	0	3
159	233	0	1.42655388	9.99513815	9.95362084	9.92003338	10.0098873	0.0898539062	0.385668962	0	100	0	0	3
160	234	0	1.43552592	9.99337522	9.95475577	9.92003338	10.0098873	0.0898499954	0.385668962	0	100	0	0	3
161	236	0	1.44449796	9.99520414	9.95595348	9.92003338	10.0098873	0.0842895053	0.385668962	0	100	0	0	3
162	237	0	1.45347	9.99380414	9.95725433	9.92003338	10.0098873	0.0791410871	0.385668962	0	100	0	0	3
163	239	0	1.46244203	9.9897441	9.95843366	9.92003338	10.0098873	0.0742381478	0.385668962	0	100	0	0	3
164	240	0	1.47141407	9.98723634	9.95960504	9.92003338	10.0098873	0.0694527294	0.385668962	0	100	0	0	3
165	242	0	1.48038611	9.98202437	9.96071202	9.92222491	10.0098873	0.0650134612	0.385668962	0	100	0	0	3
166	243	0	1.48935814	9.9802933	9.96170317	9.92222491	10.0098873	0.0607329969	0.385668962	0	100	0	0	3
167	244	0	1.49833018	9.97613418	9.96266583	9.92291278	10.0098873	0.0566868227	0.385668962	0	100	0	0	3
168	246	0	1.50730222	9.97751932	9.96360207	9.92291278	10.0098873	0.0528112989	0.385668962	0	100	0	0	3
169	247	0	1.51627425	9.97548905	9.96446243	9.92291278	10.0098873	0.0492393567	0.385668962	0	100	0	0	3
170	249	0	1.52524629	9.97419469	9.96522604	9.92291278	10.0098873	0.0458645284	0.385668962	0	100	0	0	3
171	250	0	1.53421833	9.96809545	9.96584681	9.92291278	10.0098873	0.0426214722	0.385668962	0	100	0	0	3
172	252	0	1.54319037	9.97082542	9.96660684	9.92291278	10.0098873	0.0395245776	0.385668962	0	100	0	0	3
173	253	0	1.5521624	9.96679626	9.96732268	9.92291278	10.0098873	0.0365551271	0.385668962	0	100	0	0	3
174	255	0	1.56113444	9.96822055	9.96813174	9.92363555	10.0098873	0.0337103883	0.385668962	0	100	0	0	3
175	256	0	1.57010648	9.96687682	9.96890391	9.92427226	10.0098873	0.0309020312	0.385668962	0	100	0	0	3
176	258	0	1.57907851	9.97074273	9.96973374	9.93126684	10.0098873	0.0282352492	0.385668962	0	100	0	0	3
177	259	0	1.58805055	9.97251483	9.97046172	9.93126684	10.0098873	0.0255076705	0.385668962	0	100	0	0	3
178	261	0	1.59702259	9.97513189	9.97124502	9.93493156	10.0098873	0.0259002835	0.385668962	0	100	0	0	3
179	262	0	1.60599462	9.97510542	9.97193658	9.93493156	10.0098873	0.0265918346	0.385668962	0	100	0	0	3
180	264	0	1.61496666	9.97344399	9.9726243	9.9356248	10.0098873	0.0272795565	0.385668962	0	100	0	0	3
181	265	0	1.6239387	9.96841613	9.97315272	9.9356248	10.0098873	0.0278079743	0.385668962	0	100	0	0	3
182	267	0	1.63291074	9.96439017	9.97364813	9.9356248	10.0098873	0.0283033894	0.385668962	0	100	0	0	3
183	268	0	1.64188277	9.96215739	9.9740588	9.9356248	10.0098873	0.0287140594	0.385668962	0	100	0	0	3
184	270	0	1.65085481	9.96744683	9.97449502	9.9356248	10.0098873	0.0291502807	0.385668962	0	100	0	0	3
185	271	0	1.65982685	9.97469875	9.97499913	9.9356248	10.0098873	0.0296543837	0.385668962	0	100	0	0	3
186	273	0	1.66879888	9.98533955	9.97581297	9.9356248	10.0098873	0.0304682288	0.385668962	0	100	0	0	3
187	274	0	1.67777092	9.99080228	9.97675683	9.9356248	10.0098873	0.0314120886	0.385668962	0	100	0	0	3
188	275	0	1.68674296	9.99519072	9.97780752	9.9356248	10.0098873	0.0324627821	0.385668962	0	100	0	0	3
189	277	0	1.69571499	9.99954049	9.97894887	9.9466154	10.0098873	0.0336041336	0.385668962	0	100	0	0	3
190	278	0	1.70468703	10.0067695	9.98002306	9.94869832	10.0098873	0.034678314	0.385668962	0	100	0	0	3
191	280	0	1.71365907	10.015826	9.98119149	9.94869832	10.015826	0.0358467452	0.385668962	0	100	0	0	3
192	281	0	1.72263111	10.0203089	9.98241613	9.94869832	10.0203089	0.0370713851	0.385668962	0	100	0	0	3
193	283	0	1.73160314	10.0232698	9.98363797	9.94869832	10.0232698	0.0382932281	0.385668962	0	100	0	0	3
194	284	0	1.74057518	10.0228856	9.9849606	9.94869832	10.0232698	0.0396158594	0.385668962	0	100	0	0	3
195	286	0	1.74954722	10.0196153	9.98617484	9.94869832	10.0232698	0.0408300999	0.385668962	0	100	0	0	3
196	287	0	1.75851925	10.0231981	9.98750519	9.96104451	10.0232698	0.0421604527	0.385668962	0	100	0	0	3
197	289	0	1.76749129	10.0264977	9.988674	9.96215739	10.0264977	0.0433292595	0.385668962	0	100	0	0	3
198	290	0	1.77646333	10.0365015	9.98991604	9.96215739	10.0365015	0.0445712988	0.385668962	0	100	0	0	3
199	291	0	1.78543536	10.0430973	9.99109553	9.96215739	10.0430973	0.0456067107	0.385668962	0	100	0	0	3
200	293	0	1.7944074	10.0493874	9.99232814	9.96215739	10.0493874	0.0465869479	0.385668962	0	100	0	0	3
201	298	0	1.80337944	10.0511002	9.99341805	9.96215739	10.0511002	0.0473489165	0.385668962	0	100	0	0	3
202	300	0	1.81235148	10.0473001	9.99433239	9.96215739	10.0511002	0.0479769872	0.385668962	0	100	0	0	3
203	301	0	1.82132351	10.0376337	9.99498871	9.96215739	10.0511002	0.0483395468	0.385668962	0	100	0	0	3
204	303	0	1.83029555	10.0267515	9.99546325	9.96215739	10.0511002	0.0486290934	0.385668962	0	100	0	0	3
205	304	0	1.83926759	10.0167195	9.99591271	9.96215739	10.0511002	0.0487916586	0.385668962	0	100	0	0	3
206	305	0	1.84823962	10.011496	9.99634366	9.96215739	10.0511002	0.0488800363	0.385668962	0	100	0	0	3
207	307	0	1.85721166	10.00943	9.9968258	9.96215739	10.0511002	0.0488338705	0.385668962	0	100	0	0	3
208	309	0	1.8661837	10.0156163	9.99734548	9.96215739	10.0511002	0.0488385168	0.385668962	0	100	0	0	3
209	310	0	1.87515573	10.0200996	9.99784424	9.96215739	10.0511002	0.0487245575	0.385668962	0	100	0	0	3
210	312	0	1.88412777	10.0263343	9.99831214	9.96215739	10.0511002	0.0485465243	0.385668962	0	100	0	0	3
211	313	0	1.89309981	10.0197863	9.99860632	9.96215739	10.0511002	0.0479241296	0.385668962	0	100	0	0	3
212	315	0	1.90207185	10.0106493	9.99861992	9.96215739	10.0511002	0.0470352031	0.385668962	0	100	0	0	3
213	316	0	1.91104388	9.99936319	9.99852964	9.96215739	10.0511002	0.0460285498	0.385668962	0	100	0	0	3
214	318	0	1.92001592	9.98524047	9.99822804	9.96215739	10.0511002	0.0449990878	0.385668962	0	100	0	0	3
215	319	0	1.92898796	9.97104278	9.99779776	9.96215739	10.0511002	0.043864155	0.385668962	0	100	0	0	3
216	321	0	1.93795999	9.96660517	9.99731973	9.96215739	10.0511002	0.0426664399	0.385668962	0	100	0	0	3
217	322	0	1.94693203	9.96824269	9.99683827	9.96215739	10.0511002	0.041365595	0.385668962	0	100	0	0	3
218	323	0	1.95590407	9.97942338	9.99658147	9.96215739	10.0511002	0.0401862661	0.385668962	0	100	0	0	3
219	325	0	1.9648761	9.98854044	9.99655998	9.96215739	10.0511002	0.0390148882	0.385668962	0	100	0	0	3
220	326	0	1.97384814	10.0008091	9.99680235	9.96215739	10.0511002	0.0379079061	0.385668962	0	100	0	0	3
221	328	0	1.98282018	10.0024264	9.99716667	9.96215739	10.0511002	0.0369167584	0.385668962	0	100	0	0	3
222	329	0	1.99179222	10.0005289	9.99752802	9.96215739	10.0511002	0.035954093	0.385668962	0	100	0	0	3
223	331	0	2.00076425	9.99243892	9.99781918	9.96215739	10.0511002	0.0350178514	0.385668962	0	100	0	0	3
224	332	0	2.00973629	9.98365397	9.99792873	9.96215739	10.0511002	0.0341574934	0.385668962	0	100	0	0	3
225	334	0	2.01870833	9.97302026	9.99788464	9.96215739	10.0511002	0.0333938866	0.385668962	0	100	0	0	3
226	335	0	2.02768036	9.96824406	9.99777838	9.96215739	10.0511002	0.0327731136	0.385668962	0	100	0	0	3
227	336	0	2.0366524	9.96561193	9.99773403	9.96215739	10.0511002	0.0320130844	0.385668962	0	100	0	0	3
228	338	0	2.04562444	9.97026281	9.99772398	9.96215739	10.0511002	0.0312972471	0.385668962	0	100	0	0	3
229	339	0	2.05459647	9.97709615	9.99790791	9.96215739	10.0511002	0.0304881799	0.385668962	0	100	0	0	3
230	341	0	2.06356851	9.99287921	9.99834824	9.96215739	10.0511002	0.0297160144	0.385668962	0	100	0	0	3
231	342	0	2.07254055	10.0005902	9.99895027	9.96215739	10.0511002	0.0292165286	0.385668962	0	100	0	0	3
232	344	0	2.08151259	10.0066089	9.99959074	9.96215739	10.0511002	0.0291290148	0.385668962	0	100	0	0	3
233	345	0	2.09048462	10.0087994	10.0002387	9.96215739	10.0511002	0.0289936483	0.385668962	0	100	0	0	3
234	346	0	2.09945666	10.0103663	10.0008679	9.96215739	10.0511002	0.028931283	0.385668962	0	100	0	0	3
235	348	0	2.1084287	10.0112998	10.0015142	9.96215739	10.0511002	0.02888989	0.385668962	0	100	0	0	3
236	349	0	2.11740073	10.0111086	10.0021868	9.96215739	10.0511002	0.0290340547	0.385668962	0	100	0	0	3
237	351	0	2.12637277	10.010798	10.0029436	9.96215739	10.0511002	0.0292954595	0.385668962	0	100	0	0	3
238	352	0	2.13534481	10.005046	10.0036696	9.96215739	10.0511002	0.0296107858	0.385668962	0	100	0	0	3
239	353	0	2.14431684	10.0011839	10.0043665	9.96561193	10.0511002	0.0298714661	0.385668962	0	100	0	0	3
240	355	0	2.15328888	9.99871868	10.0049249	9.96561193	10.0511002	0.029925789	0.385668962	0	100	0	0	3
241	356	0	2.16226092	9.99699957	10.0053231	9.96561193	10.0511002	0.0295101727	0.385668962	0	100	0	0	3
242	358	0	2.17123296	9.99313272	10.0054623	9.96561193	10.0511002	0.0287054766	0.385668962	0	100	0	0	3
243	359	0	2.18020499	9.99050248	10.005457	9.96561193	10.0511002	0.0276547832	0.385668962	0	100	0	0	3
244	360	0	2.18917703	9.98659372	10.0053034	9.96561193	10.0511002	0.0265134317	0.385668962	0	100	0	0	3
245	362	0	2.19814907	9.98488084	10.0050417	9.96561193	10.0511002	0.0254392513	0.385668962	0	100	0	0	3
246	363	0	2.2071211	9.98901166	10.0047246	9.96561193	10.0511002	0.0242708201	0.385668962	0	100	0	0	3
247	365	0	2.21609314	9.98943496	10.0042533	9.96561193	10.0511002	0.0230461802	0.385668962	0	100	0	0	3
248	366	0	2.22506518	9.99816683	10.0038579	9.96561193	10.0511002	0.0218243372	0.385668962	0	100	0	0	3
249	367	0	2.23403721	10.0026003	10.0034888	9.96561193	10.0511002	0.0205017059	0.385668962	0	100	0	0	3
250	369	0	2.24300925	10.0067815	10.0032012	9.96561193	10.0511002	0.0192874654	0.385668962	0	100	0	0	3
251	370	0	2.25198129	10.0040348	10.002923	9.96561193	10.0511002	0.0179571126	0.385668962	0	100	0	0	3
252	372	0	2.26095333	9.99538701	10.0024264	9.96561193	10.0511002	0.0167883058	0.385668962	0	100	0	0	3
253	373	0	2.26992536	9.98305075	10.0016505	9.96561193	10.0511002	0.0155462665	0.385668962	0	100	0	0	3
254	374	0	2.2788974	9.98245887	10.0006855	9.96561193	10.0511002	0.0143667801	0.385668962	0	100	0	0	3
255	376	0	2.28786944	9.98656311	9.99967595	9.96561193	10.0511002	0.0131341685	0.385668962	0	100	0	0	3
256	377	0	2.29684147	9.99013521	9.99861787	9.96561193	10.0511002	0.0120442534	0.385668962	0	100	0	0	3
257	379	0	2.30581351	9.99197657	9.99756209	9.96561193	10.0473001	0.0111299176	0.385668962	0	100	0	0	3
258	380	0	2.31478555	9.98928167	9.99652605	9.96561193	10.0376337	0.0104735994	0.385668962	0	100	0	0	3
259	382	0	2.32375758	9.98621772	9.99560791	9.96561193	10.0267515	0.00999905535	0.385668962	0	100	0	0	3
260	383	0	2.33272962	9.98804516	9.99491672	9.96561193	10.0263343	0.0105455851	0.385668962	0	100	0	0	3
261	384	0	2.34170166	9.99254617	9.99448505	9.96561193	10.0263343	0.0109772516	0.385668962	0	100	0	0	3
262	386	0	2.3506737	10.0008225	9.99429446	9.96561193	10.0263343	0.0111678484	0.385668962	0	100	0	0	3
263	387	0	2.35964573	10.0111417	9.99432502	9.96561193	10.0263343	0.0111678484	0.385668962	0	100	0	0	3
264	388	0	2.36861777	10.0143551	9.9943025	9.96561193	10.0263343	0.0111678484	0.385668962	0	100	0	0	3
265	390	0	2.37758981	10.0137947	9.99418992	9.96561193	10.0263343	0.0112723911	0.385668962	0	100	0	0	3
266	391	0	2.38656184	10.0035468	9.993783	9.96561193	10.0197863	0.0116793102	0.385668962	0	100	0	0	3
267	392	0	2.39553388	9.99045197	9.99325917	9.96561193	10.0143551	0.0122031378	0.385668962	0	100	0	0	3
268	394	0	2.40450592	9.98237757	9.99275432	9.96561193	10.0143551	0.0127079901	0.385668962	0	100	0	0	3
269	395	0	2.41347795	9.9811637	9.99242933	9.96561193	10.0143551	0.013032981	0.385668962	0	100	0	0	3
270	396	0	2.42244999	9.98772182	9.99247364	9.96561193	10.0143551	0.013032981	0.385668962	0	100	0	0	3
271	398	0	2.43142203	9.99614634	9.99292191	9.96561193	10.0143551	0.013032981	0.385668962	0	100	0	0	3
272	399	0	2.44039407	10.0029706	9.9935713	9.96561193	10.0143551	0.013032981	0.385668962	0	100	0	0	3
273	400	0	2.4493661	10.0054596	9.99423588	9.96561193	10.0143551	0.013032981	0.385668962	0	100	0	0	3
274	401	0	2.45833814	10.0022198	9.99464296	9.96561193	10.0143551	0.013032981	0.385668962	0	100	0	0	3
275	403	0	2.46731018	9.98916038	9.99465403	9.96561193	10.0143551	0.013032981	0.385668962	0	100	0	0	3
276	404	0	2.47628221	9.97431633	9.99418095	9.96561193	10.0143551	0.013032981	0.385668962	0	100	0	0	3
277	405	0	2.48525425	9.96346639	9.99348523	9.96346639	10.0143551	0.013032981	0.385668962	0	100	0	0	3
278	407	0	2.49422629	9.96093096	9.99277812	9.96093096	10.0143551	0.013032981	0.385668962	0	100	0	0	3
279	408	0	2.50319832	9.96546199	9.99229639	9.96093096	10.0143551	0.0131659125	0.385668962	0	100	0	0	3
280	409	0	2.51217036	9.96796044	9.99201615	9.96093096	10.0143551	0.013446154	0.385668962	0	100	0	0	3
281	411	0	2.5211424	9.97251602	9.99200715	9.96093096	10.0143551	0.0134551582	0.385668962	0	100	0	0	3
282	412	0	2.53011444	9.97184661	9.99207148	9.96093096	10.0143551	0.0134551582	0.385668962	0	100	0	0	3
283	413	0	2.53908647	9.96874319	9.9921274	9.96093096	10.0143551	0.0134551582	0.385668962	0	100	0	0	3
284	415	0	2.54805851	9.95931644	9.99193192	9.95931644	10.0143551	0.0135303825	0.385668962	0	100	0	0	3
285	416	0	2.55703055	9.94818934	9.99141573	9.94818934	10.0143551	0.0140465754	0.385668962	0	100	0	0	3
286	417	0	2.56600258	9.94347043	9.99053343	9.94347043	10.0143551	0.0149288749	0.385668962	0	100	0	0	3
287	419	0	2.57497462	9.9491605	9.98961504	9.94347043	10.0143551	0.015847263	0.385668962	0	100	0	0	3
288	420	0	2.58394666	9.95679102	9.98872544	9.94347043	10.0143551	0.0167368674	0.385668962	0	100	0	0	3
289	421	0	2.59291869	9.96088662	9.98786985	9.94347043	10.0143551	0.0175924521	0.385668962	0	100	0	0	3
290	423	0	2.60189073	9.96158546	9.98699877	9.94347043	10.0143551	0.0184635384	0.385668962	0	100	0	0	3
291	424	0	2.61086277	9.95594407	9.98601027	9.94347043	10.0143551	0.0194520344	0.385668962	0	100	0	0	3
292	426	0	2.61983481	9.95328194	9.98497765	9.94347043	10.0143551	0.0204846535	0.385668962	0	100	0	0	3
293	427	0	2.62880684	9.94502757	9.98380318	9.94347043	10.0143551	0.0216591262	0.385668962	0	100	0	0	3
294	428	0	2.63777888	9.94398987	9.98271289	9.94347043	10.0143551	0.0227494135	0.385668962	0	100	0	0	3
295	430	0	2.64675092	9.94278429	9.98167004	9.94278429	10.0143551	0.0237922634	0.385668962	0	100	0	0	3
296	431	0	2.65572295	9.94206863	9.98065844	9.94206863	10.0143551	0.0248038715	0.385668962	0	100	0	0	3
297	433	0	2.66469499	9.939528	9.97963216	9.939528	10.0143551	0.0258301494	0.385668962	0	100	0	0	3
298	434	0	2.67366703	9.93924762	9.97866992	9.93924762	10.0143551	0.0267870297	0.385668962	0	100	0	0	3
299	435	0	2.68263906	9.93222163	9.97762919	9.93222163	10.0143551	0.0276742411	0.385668962	0	100	0	0	3
300	437	0	2.6916111	9.92683018	9.97656199	9.92683018	10.0143551	0.0284796676	0.385668962	0	100	0	0	3
301	442	0	2.70058314	9.92640995	9.97551787	9.92640995	10.0143551	0.0292066861	0.385668962	0	100	0	0	3
302	444	0	2.70955518	9.92753516	9.97442007	9.92640995	10.0143551	0.0298332129	0.385668962	0	100	0	0	3
303	446	0	2.71852721	9.92605568	9.9732883	9.92605568	10.0143551	0.0305695914	0.385668962	0	100	0	0	3
304	447	0	2.72749925	9.93118616	9.97209221	9.92605568	10.0143551	0.0313965764	0.385668962	0	100	0	0	3
305	449	0	2.73647129	9.9306296	9.97080702	9.92605568	10.0143551	0.0323941944	0.385668962	0	100	0	0	3
306	451	0	2.74544332	9.93546312	9.96953348	9.92605568	10.0143551	0.0333895142	0.385668962	0	100	0	0	3
307	452	0	2.75441536	9.93499105	9.96830056	9.92605568	10.0143551	0.0341258127	0.385668962	0	100	0	0	3
308	454	0	2.7633874	9.939388	9.96730057	9.92605568	10.0143551	0.0343499568	0.385668962	0	100	0	0	3
309	455	0	2.77235944	9.94524061	9.96662539	9.92605568	10.0143551	0.0340600908	0.385668962	0	100	0	0	3
310	457	0	2.78133147	9.95010122	9.96604758	9.92605568	10.0143551	0.0336283677	0.385668962	0	100	0	0	3
311	458	0	2.79030351	9.95547521	9.96549244	9.92605568	10.0143551	0.0331254347	0.385668962	0	100	0	0	3
312	459	0	2.79927555	9.96015911	9.96495715	9.92605568	10.0143551	0.0326049426	0.385668962	0	100	0	0	3
313	461	0	2.80824758	9.97159921	9.96459327	9.92605568	10.0143551	0.0319327809	0.385668962	0	100	0	0	3
314	462	0	2.81721962	9.97813406	9.9643942	9.92605568	10.0143551	0.0312137038	0.385668962	0	100	0	0	3
315	464	0	2.82619166	9.98560647	9.96438329	9.92605568	10.0143551	0.0305334335	0.385668962	0	100	0	0	3
316	465	0	2.83516369	9.98976473	9.96441399	9.92605568	10.0143551	0.0302707444	0.385668962	0	100	0	0	3
317	467	0	2.84413573	9.98863199	9.9643441	9.92605568	10.0143551	0.0303099339	0.385668962	0	100	0	0	3
318	468	0	2.85310777	9.98719738	9.96410079	9.92605568	10.0143551	0.0305532403	0.385668962	0	100	0	0	3
319	469	0	2.86207981	9.98590239	9.96365009	9.92605568	10.0143551	0.0310039423	0.385668962	0	100	0	0	3
320	471	0	2.87105184	9.98784909	9.96317677	9.92605568	10.0137947	0.0314772643	0.385668962	0	100	0	0	3
321	472	0	2.88002388	9.988182	9.9627194	9.92605568	10.0054596	0.0319346335	0.385668962	0	100	0	0	3
322	474	0	2.88899592	9.98929248	9.96246486	9.92605568	10.0054596	0.0321891758	0.385668962	0	100	0	0	3
323	475	0	2.89796795	9.98966772	9.96245085	9.92605568	10.0054596	0.0322031802	0.385668962	0	100	0	0	3
324	476	0	2.90693999	9.99427027	9.96266322	9.92605568	10.0054596	0.0322031802	0.385668962	0	100	0	0	3
325	478	0	2.91591203	9.99914175	9.96298426	9.92605568	10.0054596	0.0322031802	0.385668962	0	100	0	0	3
326	479	0	2.92488406	10.0023819	9.96324605	9.92605568	10.0054596	0.0322031802	0.385668962	0	100	0	0	3
327	481	0	2.9338561	10.0029205	9.96336701	9.92605568	10.0054596	0.0322031802	0.385668962	0	100	0	0	3
328	482	0	2.94282814	10.0049817	9.96340293	9.92605568	10.0054596	0.0322031802	0.385668962	0	100	0	0	3
329	484	0	2.95180018	10.0037395	9.96337221	9.92605568	10.0049817	0.0322031802	0.385668962	0	100	0	0	3
330	485	0	2.96077221	10.0057493	9.96343524	9.92605568	10.0057493	0.0322031802	0.385668962	0	100	0	0	3
331	487	0	2.96974425	10.0038712	9.96369793	9.92605568	10.0057493	0.0317300943	0.385668962	0	100	0	0	3
332	488	0	2.97871629	10.0123875	9.96437777	9.92605568	10.0123875	0.0310343789	0.385668962	0	100	0	0	3
333	490	0	2.98768832	10.0122347	9.96524863	9.92605568	10.0123875	0.0303272728	0.385668962	0	100	0	0	3
334	491	0	2.99666036	10.0135633	9.9661885	9.92605568	10.0135633	0.0298455419	0.385668962	0	100	0	0	3
335	492	0	3.0056324	10.0106493	9.96699541	9.92605568	10.0135633	0.0296765429	0.385668962	0	100	0	0	3
336	494	0	3.01460443	10.0082389	9.96771467	9.92605568	10.0135633	0.0296765429	0.385668962	0	100	0	0	3
337	495	0	3.02357647	10.0078081	9.96834489	9.92605568	10.0135633	0.0296765429	0.385668962	0	100	0	0	3
338	497	0	3.03254851	10.0056473	9.96894847	9.92605568	10.0135633	0.0296765429	0.385668962	0	100	0	0	3
339	498	0	3.04152055	10.0039168	9.96957657	9.92605568	10.0135633	0.029481072	0.385668962	0	100	0	0	3
340	500	0	3.05049258	10.0088768	9.97046158	9.92605568	10.0135633	0.0289648791	0.385668962	0	100	0	0	3
341	501	0	3.05946462	10.0106627	9.97157717	9.92605568	10.0135633	0.0280825795	0.385668962	0	100	0	0	3
342	503	0	3.06843666	10.0106546	9.97277689	9.92605568	10.0135633	0.0271641915	0.385668962	0	100	0	0	3
343	504	0	3.07740869	10.0058021	9.97378835	9.92605568	10.0135633	0.026274587	0.385668962	0	100	0	0	3
344	506	0	3.08638073	9.99892303	9.97454071	9.92605568	10.0135633	0.0254190024	0.385668962	0	100	0	0	3
345	507	0	3.09535277	9.99818355	9.97520672	9.92605568	10.0135633	0.024547916	0.385668962	0	100	0	0	3
346	509	0	3.1043248	9.99493763	9.9758023	9.92605568	10.0135633	0.0235594201	0.385668962	0	100	0	0	3
347	510	0	3.11329684	9.99876881	9.97656702	9.92605568	10.0135633	0.022526801	0.385668962	0	100	0	0	3
348	512	0	3.12226888	10.0047851	9.97748672	9.92605568	10.0135633	0.0213523282	0.385668962	0	100	0	0	3
349	513	0	3.13124092	10.0105783	9.97865727	9.92605568	10.0135633	0.020262041	0.385668962	0	100	0	0	3
350	515	0	3.14021295	10.010922	9.97985249	9.92605568	10.0135633	0.019219191	0.385668962	0	100	0	0	3
351	516	0	3.14918499	9.99636096	9.98080922	9.92605568	10.0135633	0.0183583635	0.385668962	0	100	0	0	3
352	518	0	3.15815703	9.98234296	9.9815284	9.92605568	10.0135633	0.0190775478	0.385668962	0	100	0	0	3
353	519	0	3.16712906	9.96935359	9.982061	9.92605568	10.0135633	0.0196101476	0.385668962	0	100	0	0	3
354	521	0	3.1761011	9.96523161	9.982525	9.92605568	10.0135633	0.0200741474	0.385668962	0	100	0	0	3
355	522	0	3.18507314	9.96619908	9.98313174	9.92605568	10.0135633	0.0206808876	0.385668962	0	100	0	0	3
356	524	0	3.19404517	9.96422771	9.98379955	9.92605568	10.0135633	0.0213487006	0.385668962	0	100	0	0	3
357	525	0	3.20301721	9.96792985	9.98454098	9.92605568	10.0135633	0.0220901273	0.385668962	0	100	0	0	3
358	527	0	3.21198925	9.96901523	9.98528169	9.92605568	10.0135633	0.0228308427	0.385668962	0	100	0	0	3
359	528	0	3.22096129	9.96966613	9.98606045	9.9306296	10.0135633	0.0236096007	0.385668962	0	100	0	0	3
360	530	0	3.22993332	9.9662817	9.98668716	9.9306296	10.0135633	0.0242363068	0.385668962	0	100	0	0	3
361	531	0	3.23890536	9.95861016	9.98718681	9.93499105	10.0135633	0.0247359597	0.385668962	0	100	0	0	3
362	533	0	3.2478774	9.94992218	9.98744501	9.93499105	10.0135633	0.0249941571	0.385668962	0	100	0	0	3
363	534	0	3.25684943	9.94273039	9.98758321	9.939388	10.0135633	0.0251323597	0.385668962	0	100	0	0	3
364	536	0	3.26582147	9.94335528	9.98765406	9.94273039	10.0135633	0.0252032041	0.385668962	0	100	0	0	3
365	537	0	3.27479351	9.94323249	9.9876182	9.94273039	10.0135633	0.0252032041	0.385668962	0	100	0	0	3
366	539	0	3.28376554	9.94160292	9.98746644	9.94160292	10.0135633	0.0252032041	0.385668962	0	100	0	0	3
367	540	0	3.29273758	9.94258983	9.98723635	9.94160292	10.0135633	0.0252032041	0.385668962	0	100	0	0	3
368	542	0	3.30170962	9.94212122	9.98691424	9.94160292	10.0135633	0.0252032041	0.385668962	0	100	0	0	3
369	543	0	3.31068166	9.94303232	9.98640412	9.94160292	10.0135633	0.0252032041	0.385668962	0	100	0	0	3
370	545	0	3.31965369	9.94217746	9.98576204	9.94160292	10.0135633	0.0252032041	0.385668962	0	100	0	0	3
371	546	0	3.32862573	9.94208036	9.98498478	9.94160292	10.0135633	0.0252032041	0.385668962	0	100	0	0	3
372	548	0	3.33759777	9.94514504	9.984188	9.94160292	10.0135633	0.0252032041	0.385668962	0	100	0	0	3
373	549	0	3.3465698	9.94739824	9.98345169	9.94160292	10.0135633	0.0252032041	0.385668962	0	100	0	0	3
374	551	0	3.35554184	9.95173741	9.98281847	9.94160292	10.0135633	0.0252032041	0.385668962	0	100	0	0	3
375	552	0	3.36451388	9.95906121	9.98233917	9.94160292	10.0135633	0.0252032041	0.385668962	0	100	0	0	3
376	554	0	3.37348591	9.9656499	9.98194275	9.94160292	10.0135633	0.0252032041	0.385668962	0	100	0	0	3
377	555	0	3.38245795	9.9683899	9.98158932	9.94160292	10.0135633	0.0252032041	0.385668962	0	100	0	0	3
378	557	0	3.39142999	9.97597303	9.98135147	9.94160292	10.0135633	0.0252032041	0.385668962	0	100	0	0	3
379	558	0	3.40040203	9.97935161	9.98116726	9.94160292	10.0135633	0.0249908344	0.385668962	0	100	0	0	3
380	560	0	3.40937406	9.98195251	9.9809473	9.94160292	10.0135633	0.0246697979	0.385668962	0	100	0	0	3
381	561	0	3.4183461	9.97992625	9.98060416	9.94160292	10.0135633	0.0244080111	0.385668962	0	100	0	0	3
382	563	0	3.42731814	9.98284409	9.98025527	9.94160292	10.0135633	0.0242870444	0.385668962	0	100	0	0	3
383	564	0	3.43629017	9.98507927	9.97993668	9.94160292	10.0135633	0.0242818456	0.385668962	0	100	0	0	3
384	566	0	3.44526221	9.98953152	9.97966078	9.94160292	10.0135633	0.0242818456	0.385668962	0	100	0	0	3
385	567	0	3.45423425	9.99288245	9.97946691	9.94160292	10.0135633	0.0242188189	0.385668962	0	100	0	0	3
386	569	0	3.46320628	9.99913596	9.97934881	9.94160292	10.0135633	0.0239561262	0.385668962	0	100	0	0	3
387	570	0	3.47217832	10.0011303	9.97929987	9.94160292	10.0135633	0.0232762841	0.385668962	0	100	0	0	3
388	572	0	3.48115036	9.99728839	9.97903024	9.94160292	10.0135633	0.0224054223	0.385668962	0	100	0	0	3
389	573	0	3.4901224	9.9923424	9.97867502	9.94160292	10.0135633	0.0214655586	0.385668962	0	100	0	0	3
390	575	0	3.49909443	9.99395059	9.97832479	9.94160292	10.010922	0.0206586417	0.385668962	0	100	0	0	3
391	576	0	3.50806647	9.99580697	9.97805975	9.94160292	10.010922	0.0199393841	0.385668962	0	100	0	0	3
392	578	0	3.51703851	9.99908862	9.97789636	9.94160292	10.010922	0.0193091681	0.385668962	0	100	0	0	3
393	579	0	3.52601054	9.99735917	9.97770977	9.94160292	10.010922	0.0187055845	0.385668962	0	100	0	0	3
394	581	0	3.53498258	9.99942168	9.9775986	9.94160292	10.010922	0.0180774844	0.385668962	0	100	0	0	3
395	582	0	3.54395462	9.99309743	9.97740539	9.94160292	10.010922	0.0171924783	0.385668962	0	100	0	0	3
396	584	0	3.55292665	9.99496868	9.97715703	9.94160292	10.010922	0.0160768819	0.385668962	0	100	0	0	3
397	585	0	3.56189869	9.99511357	9.97687937	9.94160292	10.010922	0.014877164	0.385668962	0	100	0	0	3
398	587	0	3.57087073	10.0022773	9.97672977	9.94160292	10.010922	0.0138657074	0.385668962	0	100	0	0	3
399	588	0	3.57984277	10.0001704	9.97662921	9.94160292	10.010922	0.0131133502	0.385668962	0	100	0	0	3
400	589	0	3.5888148	10.0005353	9.976658	9.94160292	10.010922	0.0124473335	0.385668962	0	100	0	0	3
401	595	0	3.59778684	9.99464861	9.97659487	9.94160292	10.010922	0.011851759	0.385668962	0	100	0	0	3
402	596	0	3.60675888	9.98643596	9.97644306	9.94160292	10.010922	0.011210999	0.385668962	0	100	0	0	3
403	598	0	3.61573091	9.98045157	9.97611596	9.94160292	10.010922	0.0115380925	0.385668962	0	100	0	0	3
404	599	0	3.62470295	9.9811819	9.97569448	9.94160292	10.010922	0.0119595779	0.385668962	0	100	0	0	3
405	601	0	3.63367499	9.97836757	9.97511929	9.94160292	10.010922	0.0125347692	0.385668962	0	100	0	0	3
406	602	0	3.64264702	9.98288056	9.97461855	9.94160292	10.0022773	0.0130355101	0.385668962	0	100	0	0	3
407	604	0	3.65161906	9.98265392	9.97437378	9.94160292	10.0022773	0.0132802786	0.385668962	0	100	0	0	3
408	605	0	3.6605911	9.98657812	9.97444941	9.94160292	10.0022773	0.0132802786	0.385668962	0	100	0	0	3
409	607	0	3.66956314	9.98525716	9.9747334	9.94160292	10.0022773	0.0132802786	0.385668962	0	100	0	0	3
410	608	0	3.67853517	9.9832982	9.97505602	9.94160292	10.0022773	0.0132802786	0.385668962	0	100	0	0	3
411	610	0	3.68750721	9.97770392	9.97526146	9.94160292	10.0022773	0.0132802786	0.385668962	0	100	0	0	3
412	611	0	3.69647925	9.96837515	9.97533552	9.94160292	10.0022773	0.0132802786	0.385668962	0	100	0	0	3
413	613	0	3.70545128	9.96006053	9.975195	9.94160292	10.0022773	0.0132802786	0.385668962	0	100	0	0	3
414	614	0	3.71442332	9.95435222	9.97493316	9.94160292	10.0022773	0.0132802786	0.385668962	0	100	0	0	3
415	616	0	3.72339536	9.94578528	9.97450671	9.94160292	10.0022773	0.0132802786	0.385668962	0	100	0	0	3
416	617	0	3.73236739	9.94525309	9.9741312	9.94160292	10.0022773	0.0135228534	0.385668962	0	100	0	0	3
417	618	0	3.74133943	9.94078986	9.97381298	9.94078986	10.0022773	0.013841073	0.385668962	0	100	0	0	3
418	620	0	3.75031147	9.94107311	9.97365496	9.94078986	10.0022773	0.0139990921	0.385668962	0	100	0	0	3
419	621	0	3.75928351	9.93719977	9.9735562	9.93719977	10.0022773	0.0140978531	0.385668962	0	100	0	0	3
420	623	0	3.76825554	9.93866513	9.97347245	9.93719977	10.0022773	0.0141457465	0.385668962	0	100	0	0	3
421	624	0	3.77722758	9.9351316	9.97332779	9.9351316	10.0022773	0.0141386497	0.385668962	0	100	0	0	3
422	626	0	3.78619962	9.94133081	9.97332293	9.9351316	10.0022773	0.0139134127	0.385668962	0	100	0	0	3
423	627	0	3.79517165	9.94492028	9.97336455	9.9351316	10.0022773	0.0135913076	0.385668962	0	100	0	0	3
424	629	0	3.80414369	9.94914224	9.97348992	9.9351316	10.0022773	0.0130811845	0.385668962	0	100	0	0	3
425	630	0	3.81311573	9.94542282	9.97353261	9.9351316	10.0022773	0.0124391024	0.385668962	0	100	0	0	3
426	631	0	3.82208776	9.9464358	9.97360865	9.9351316	10.0022773	0.0116618504	0.385668962	0	100	0	0	3
427	633	0	3.8310598	9.94046174	9.97357975	9.9351316	10.0022773	0.0108650703	0.385668962	0	100	0	0	3
428	634	0	3.84003184	9.9432946	9.97354671	9.9351316	10.0022773	0.0101287532	0.385668962	0	100	0	0	3
429	636	0	3.84900388	9.9430031	9.97346822	9.9351316	10.0022773	0.00949553957	0.385668962	0	100	0	0	3
430	637	0	3.85797591	9.94897315	9.97341886	9.9351316	10.0022773	0.00901623285	0.385668962	0	100	0	0	3
431	639	0	3.86694795	9.95302133	9.973311	9.9351316	10.0022773	0.00863174753	0.385668962	0	100	0	0	3
432	640	0	3.87591999	9.96096868	9.97322741	9.9351316	10.0022773	0.00836191054	0.385668962	0	100	0	0	3
433	641	0	3.88489202	9.96462099	9.97316011	9.9351316	10.0022773	0.00819136525	0.385668962	0	100	0	0	3
434	643	0	3.89386406	9.97453646	9.97313446	9.9351316	10.0022773	0.00803280186	0.385668962	0	100	0	0	3
435	644	0	3.9028361	9.98203959	9.97318246	9.9351316	10.0022773	0.00781284188	0.385668962	0	100	0	0	3
436	646	0	3.91180813	9.98887757	9.97330612	9.9351316	10.0022773	0.0074697079	0.385668962	0	100	0	0	3
437	647	0	3.92078017	9.99330676	9.97354505	9.9351316	10.0022773	0.00712081874	0.385668962	0	100	0	0	3
438	649	0	3.92975221	9.99589211	9.97377806	9.9351316	10.0022773	0.00680222581	0.385668962	0	100	0	0	3
439	650	0	3.93872425	9.98764828	9.97382393	9.9351316	10.0022773	0.00652632893	0.385668962	0	100	0	0	3
440	652	0	3.94769628	9.9919308	9.97386677	9.9351316	10.0022773	0.00633245261	0.385668962	0	100	0	0	3
441	653	0	3.95666832	9.99317871	9.97387206	9.9351316	10.0022773	0.00621435704	0.385668962	0	100	0	0	3
442	655	0	3.96564036	10.0009443	9.97390436	9.9351316	10.0022773	0.00616541207	0.385668962	0	100	0	0	3
443	656	0	3.97461239	10.0043042	9.97396103	9.9351316	10.0043042	0.00589578539	0.385668962	0	100	0	0	3
444	657	0	3.98358443	10.0030233	9.97406344	9.9351316	10.0043042	0.00554056669	0.385668962	0	100	0	0	3
445	659	0	3.99255647	10.0070531	9.97432613	9.9351316	10.0070531	0.00519033923	0.385668962	0	100	0	0	3
446	660	0	4.0015285	10.0027595	9.97448344	9.9351316	10.0070531	0.00492529683	0.385668962	0	100	0	0	3
