Iteration	CPUTime	PhysTime	Travels	Value	AvValue	MinValue	MaxValue	Delta	Criteria	PrevAvRefValue	Progress	CriteriaType	CriteriaVarType	CriteriaPercentage
1	7	0	0.00897167416	293.200072	293.200072	293.200072	293.200072	0	0	0	0	0	0	3
2	7	0	0.0179433483	293.200086	293.200079	293.200072	293.200086	6.96870154e-06	0	0	0	0	0	3
3	8	0	0.0269150225	293.200121	293.200093	293.200072	293.200121	2.0877806e-05	0	0	0	0	0	3
4	9	0	0.0358866967	293.20013	293.200102	293.200072	293.20013	3.01289798e-05	0	0	0	0	0	3
5	10	0	0.0448583708	293.200139	293.200109	293.200072	293.200139	3.7571111e-05	0	0	0	0	0	3
6	10	0	0.053830045	293.200154	293.200117	293.200072	293.200154	4.49859848e-05	0	0	0	0	0	3
7	11	0	0.0628017192	293.200176	293.200125	293.200072	293.200176	5.35147226e-05	0	0	0	0	0	3
8	12	0	0.0717733933	293.200195	293.200134	293.200072	293.200195	6.22134228e-05	0	0	0	0	0	3
9	13	0	0.0807450675	293.200217	293.200143	293.200072	293.200217	7.14299508e-05	0	0	0	0	0	3
10	13	0	0.0897167416	293.200234	293.200152	293.200072	293.200234	8.05346573e-05	0	0	0	0	0	3
11	14	0	0.0986884158	293.200265	293.200163	293.200072	293.200265	9.0772497e-05	0	0	0	0	0	3
12	15	0	0.10766009	293.200291	293.200173	293.200072	293.200291	0.000101471762	0	0	0	0	0	3
13	16	0	0.116631764	293.20032	293.200185	293.200072	293.20032	0.000112722595	0	0	0	0	0	3
14	16	0	0.125603438	293.200345	293.200196	293.200072	293.200345	0.000124210879	0	0	0	0	0	3
15	17	0	0.134575112	293.200373	293.200208	293.200072	293.200373	0.00013601366	0	0	0	0	0	3
16	18	0	0.143546787	293.200412	293.200221	293.200072	293.200412	0.0001487573	0	0	0	0	0	3
17	19	0	0.152518461	293.200451	293.200234	293.200072	293.200451	0.000162332008	0	0	0	0	0	3
18	19	0	0.161490135	293.200489	293.200248	293.200072	293.200489	0.000176507002	0	0	0	0	0	3
19	20	0	0.170461809	293.200527	293.200263	293.200072	293.200527	0.000191193198	0	0	0	0	0	3
20	21	0	0.179433483	293.200564	293.200278	293.200072	293.200564	0.000206253747	0	0	0	0	0	3
21	21	0	0.188405157	293.200619	293.200294	293.200072	293.200619	0.000222470743	0	0	0	0	0	3
22	22	0	0.197376832	293.200671	293.200311	293.200072	293.200671	0.000239606054	0	0	0	0	0	3
23	23	0	0.206348506	293.200722	293.200329	293.200072	293.200722	0.000257440371	0	0	0	0	0	3
24	24	0	0.21532018	293.20077	293.200348	293.200072	293.20077	0.000275806768	0	0	0	0	0	3
25	24	0	0.224291854	293.200816	293.200366	293.200072	293.200816	0.000294548231	0	0	0	0	0	3
26	25	0	0.233263528	293.200879	293.200386	293.200072	293.200879	0.000314274637	0	0	0	0	0	3
27	26	0	0.242235202	293.200936	293.200406	293.200072	293.200936	0.000334638823	0	0	0	0	0	3
28	27	0	0.251206877	293.200985	293.200427	293.200072	293.200985	0.000355315846	0	0	0	0	0	3
29	28	0	0.260178551	293.201028	293.200448	293.200072	293.201028	0.000376022098	0	0	0	0	0	3
30	28	0	0.269150225	293.201063	293.200468	293.200072	293.201063	0.000396524938	0	0	0	0	0	3
31	29	0	0.278121899	293.201101	293.200489	293.200072	293.201101	0.000416941113	0	0	0	0	0	3
32	30	0	0.287093573	293.201129	293.200509	293.200072	293.201129	0.000436935821	0	0	0	0	0	3
33	31	0	0.296065247	293.201146	293.200528	293.200072	293.201146	0.000456233032	0	0	0	0	0	3
34	31	0	0.305036922	293.201155	293.200546	293.200072	293.201155	0.000474671066	0	0	0	0	0	3
35	32	0	0.314008596	293.20116	293.200564	293.200072	293.20116	0.000492204756	0	0	0	0	0	3
36	33	0	0.32298027	293.201166	293.200581	293.200072	293.201166	0.000508936106	0	0	0	0	0	3
37	34	0	0.331951944	293.201176	293.200597	293.200072	293.201176	0.000525014338	0	0	0	0	0	3
38	35	0	0.340923618	293.201189	293.200612	293.200072	293.201189	0.000540593529	0	0	0	0	0	3
39	35	0	0.349895292	293.201206	293.200628	293.200072	293.201206	0.000555826455	0	0	0	0	0	3
40	36	0	0.358866967	293.201227	293.200643	293.200072	293.201227	0.000570820917	0	0	0	0	0	3
41	37	0	0.367838641	293.201262	293.200658	293.200072	293.201262	0.000585935936	0	0	0	0	0	3
42	38	0	0.376810315	293.201299	293.200673	293.200072	293.201299	0.000601204867	0	0	0	0	0	3
43	39	0	0.385781989	293.201332	293.200688	293.200072	293.201332	0.000616535415	0	0	0	0	0	3
44	39	0	0.394753663	293.201359	293.200704	293.200072	293.201359	0.000631776939	0	0	0	0	0	3
45	40	0	0.403725337	293.201381	293.200719	293.200072	293.201381	0.000646822483	0	0	0	0	0	3
46	41	0	0.412697012	293.201399	293.200733	293.200072	293.201399	0.000661607633	0	0	0	0	0	3
47	42	0	0.421668686	293.201414	293.200748	293.200072	293.201414	0.000676086739	0	0	0	0	0	3
48	43	0	0.43064036	293.201429	293.200762	293.200072	293.201429	0.000690268351	0	0	0	0	0	3
49	43	0	0.439612034	293.201442	293.200776	293.200072	293.201442	0.000704142933	0	0	0	0	0	3
50	44	0	0.448583708	293.201452	293.200789	293.200072	293.201452	0.000717659763	0	0	0	0	0	3
51	45	0	0.457555382	293.201459	293.200803	293.200072	293.201459	0.000730789892	0	0	0	0	0	3
52	46	0	0.466527057	293.201465	293.200815	293.200072	293.201465	0.000743524991	0	0	0	0	0	3
53	47	0	0.475498731	293.201471	293.200828	293.200072	293.201471	0.000755896663	0	0	0	0	0	3
54	47	0	0.484470405	293.201478	293.20084	293.200072	293.201478	0.00076794003	0	0	0	0	0	3
55	48	0	0.493442079	293.201485	293.200851	293.200072	293.201485	0.000779679284	0	0	0	0	0	3
56	49	0	0.502413753	293.201492	293.200863	293.200072	293.201492	0.000791109323	0	0	0	0	0	3
57	50	0	0.511385427	293.201496	293.200888	293.200086	293.201496	0.000809573316	0	0	0	0	0	3
58	51	0	0.520357102	293.201499	293.200914	293.200121	293.201499	0.000820897394	0	0	0	0	0	3
59	51	0	0.529328776	293.201499	293.200938	293.20013	293.201499	0.000836265903	0	0	0	0	0	3
60	52	0	0.53830045	293.201498	293.200963	293.200139	293.201499	0.000853261534	0	0	0	0	0	3
61	53	0	0.547272124	293.201497	293.200987	293.200154	293.201499	0.000870091158	0	0	0	0	0	3
62	54	0	0.556243798	293.201496	293.201011	293.200176	293.201499	0.000885523356	0	0	0	0	0	3
63	54	0	0.565215472	293.201493	293.201034	293.200195	293.201499	0.000900338593	0	0	0	0	0	3
64	55	0	0.574187147	293.201494	293.201058	293.200217	293.201499	0.000914313605	0	0	0	0	0	3
65	56	0	0.583158821	293.201495	293.20108	293.200234	293.201499	0.000928027231	0	0	0	0	0	3
66	57	0	0.592130495	293.201497	293.201103	293.200265	293.201499	0.000940336817	0	0	0	0	0	3
67	57	0	0.601102169	293.2015	293.201125	293.200291	293.2015	0.00095169871	0	0	0	0	0	3
68	58	0	0.610073843	293.201503	293.201147	293.20032	293.201503	0.000962089635	0	0	0	0	0	3
69	59	0	0.619045517	293.201504	293.201168	293.200345	293.201504	0.000971760382	0	0	0	0	0	3
70	60	0	0.628017192	293.201503	293.201188	293.200373	293.201504	0.000980632527	0	0	0	0	0	3
71	60	0	0.636988866	293.201501	293.201209	293.200412	293.201504	0.000988023397	0	0	0	0	0	3
72	61	0	0.64596054	293.201498	293.201228	293.200451	293.201504	0.000993849812	0	0	0	0	0	3
73	62	0	0.654932214	293.201494	293.201247	293.200489	293.201504	0.000998294881	0	0	0	0	0	3
74	63	0	0.663903888	293.20149	293.201264	293.200527	293.201504	0.000977093542	0	0	0	0	0	3
75	64	0	0.672875562	293.201489	293.201282	293.200564	293.201504	0.000940234097	0	0	0	0	0	3
76	64	0	0.681847237	293.201487	293.201298	293.200619	293.201504	0.000885827592	0	0	0	0	0	3
77	65	0	0.690818911	293.201486	293.201314	293.200671	293.201504	0.000833190687	0	0	0	0	0	3
78	66	0	0.699790585	293.201485	293.201328	293.200722	293.201504	0.000782842932	0	0	0	0	0	3
79	67	0	0.708762259	293.201483	293.201342	293.20077	293.201504	0.000734404365	0	0	0	0	0	3
80	68	0	0.717733933	293.201482	293.201354	293.200816	293.201504	0.000688294919	0	0	0	0	0	3
81	68	0	0.726705607	293.201481	293.201366	293.200879	293.201504	0.000625203481	0	0	0	0	0	3
82	69	0	0.735677282	293.201484	293.201377	293.200936	293.201504	0.000568530614	0	0	0	0	0	3
83	70	0	0.744648956	293.201486	293.201387	293.200985	293.201504	0.000519042797	0	0	0	0	0	3
84	71	0	0.75362063	293.201486	293.201396	293.201028	293.201504	0.000476841115	0	0	0	0	0	3
85	72	0	0.762592304	293.201484	293.201404	293.201063	293.201504	0.00044153097	0	0	0	0	0	3
86	72	0	0.771563978	293.20148	293.201411	293.201101	293.201504	0.00040321191	0	0	0	0	0	3
87	73	0	0.780535652	293.201476	293.201418	293.201129	293.201504	0.000375866499	0	0	0	0	0	3
88	74	0	0.789507327	293.201472	293.201424	293.201146	293.201504	0.000358894486	0	0	0	0	0	3
89	75	0	0.798479001	293.201469	293.20143	293.201155	293.201504	0.000349512078	0	0	0	0	0	3
90	75	0	0.807450675	293.201468	293.201436	293.20116	293.201504	0.000344288078	0	0	0	0	0	3
91	76	0	0.816422349	293.201469	293.201441	293.201166	293.201504	0.000338104912	0	0	0	0	0	3
92	77	0	0.825394023	293.20147	293.201447	293.201176	293.201504	0.000328807558	0	0	0	0	0	3
93	78	0	0.834365697	293.201471	293.201452	293.201189	293.201504	0.000315614683	0	0	0	0	0	3
94	79	0	0.843337372	293.201471	293.201457	293.201206	293.201504	0.000297960631	0	0	0	0	0	3
95	79	0	0.852309046	293.20147	293.201462	293.201227	293.201504	0.000277033331	0	0	0	0	0	3
96	80	0	0.86128072	293.20147	293.201466	293.201262	293.201504	0.000242101552	0	0	0	0	0	3
97	81	0	0.870252394	293.201472	293.20147	293.201299	293.201504	0.000205407228	0	0	0	0	0	3
98	82	0	0.879224068	293.201474	293.201473	293.201332	293.201504	0.000172219876	0	0	0	0	0	3
99	82	0	0.888195742	293.201476	293.201475	293.201359	293.201504	0.000145475794	0	0	0	0	0	3
100	83	0	0.897167416	293.201476	293.201477	293.201381	293.201504	0.000123811835	0	0	0	0	0	3
101	88	0	0.906139091	293.201473	293.201479	293.201399	293.201504	0.000105698874	0	0	0	0	0	3
102	88	0	0.915110765	293.201469	293.20148	293.201414	293.201504	9.05126584e-05	0	0	0	0	0	3
103	89	0	0.924082439	293.201465	293.201481	293.201429	293.201504	7.5834157e-05	0	0	0	0	0	3
104	90	0	0.933054113	293.201462	293.201482	293.201442	293.201504	6.25153893e-05	0	0	0	0	0	3
105	91	0	0.942025787	293.20146	293.201482	293.201452	293.201504	5.2653846e-05	0	0	0	0	0	3
106	92	0	0.950997461	293.201461	293.201482	293.201459	293.201504	4.53419461e-05	0	0	0	0	0	3
107	92	0	0.959969136	293.201463	293.201482	293.20146	293.201504	4.39946269e-05	0	0	0	0	0	3
108	93	0	0.96894081	293.201464	293.201482	293.20146	293.201504	4.39946269e-05	0	0	0	0	0	3
109	94	0	0.977912484	293.201464	293.201482	293.20146	293.201504	4.39946269e-05	0	0	0	0	0	3
110	95	0	0.986884158	293.201463	293.201482	293.20146	293.201504	4.39946269e-05	0	0	0	0	0	3
111	95	0	0.995855832	293.201461	293.201482	293.20146	293.201504	4.39946269e-05	0	0	0	0	0	3
112	96	0	1.00482751	293.201459	293.201481	293.201459	293.201504	4.52197627e-05	4.15182676e-05	0	0	0	0	3
113	97	0	1.01379918	293.201459	293.20148	293.201459	293.201504	4.55987811e-05	4.15182676e-05	0	0	0	0	3
114	98	0	1.02277085	293.201459	293.20148	293.201459	293.201504	4.55987811e-05	4.15182676e-05	0	0	0	0	3
115	99	0	1.03174253	293.20146	293.201479	293.201459	293.201504	4.55987811e-05	4.15182676e-05	0	0	0	0	3
116	99	0	1.0407142	293.201459	293.201478	293.201459	293.201504	4.56376222e-05	4.15182676e-05	0	0	0	0	3
117	100	0	1.04968588	293.201457	293.201478	293.201457	293.201504	4.78381796e-05	4.15182676e-05	0	0	0	0	3
118	101	0	1.05865755	293.201454	293.201477	293.201454	293.201504	5.02982632e-05	4.15182676e-05	0	0	0	0	3
119	102	0	1.06762923	293.201452	293.201476	293.201452	293.201504	5.23252467e-05	4.15182676e-05	0	0	0	0	3
120	103	0	1.0766009	293.201451	293.201475	293.201451	293.201504	5.38019105e-05	4.15182676e-05	0	0	0	0	3
121	103	0	1.08557257	293.20145	293.201474	293.20145	293.201504	5.40367441e-05	4.15182676e-05	0	0	0	0	3
122	104	0	1.09454425	293.201453	293.201474	293.20145	293.201504	5.40367441e-05	4.15182676e-05	0	0	0	0	3
123	105	0	1.10351592	293.201455	293.201473	293.20145	293.201504	5.40367441e-05	4.15182676e-05	0	0	0	0	3
124	106	0	1.1124876	293.201459	293.201472	293.20145	293.201504	5.40367441e-05	4.15182676e-05	0	0	0	0	3
125	107	0	1.12145927	293.201462	293.201471	293.20145	293.201503	5.27529419e-05	4.15182676e-05	0	0	0	0	3
126	107	0	1.13043094	293.201466	293.201471	293.20145	293.201501	5.01836263e-05	4.15182676e-05	0	0	0	0	3
127	108	0	1.13940262	293.201469	293.20147	293.20145	293.201498	4.77732158e-05	4.15182676e-05	0	0	0	0	3
128	109	0	1.14837429	293.201473	293.20147	293.20145	293.201494	4.36493383e-05	4.15182676e-05	0	0	0	0	3
129	110	0	1.15734597	293.201477	293.201469	293.20145	293.20149	3.99158346e-05	4.15182676e-05	0	0	0	0	3
130	111	0	1.16631764	293.20148	293.201469	293.20145	293.201489	3.81599611e-05	4.15182676e-05	0	0	0	0	3
131	111	0	1.17528932	293.20148	293.201469	293.20145	293.201487	3.69434287e-05	4.15182676e-05	0	0	0	0	3
132	112	0	1.18426099	293.20148	293.201469	293.20145	293.201486	3.59553759e-05	4.15182676e-05	0	0	0	0	3
133	113	0	1.19323266	293.201477	293.201469	293.20145	293.201486	3.54450906e-05	4.15182676e-05	0	0	0	0	3
134	114	0	1.20220434	293.201474	293.201469	293.20145	293.201486	3.54450906e-05	4.15182676e-05	0	0	0	0	3
135	115	0	1.21117601	293.20147	293.201468	293.20145	293.201486	3.54450906e-05	4.15182676e-05	0	0	0	0	3
136	115	0	1.22014769	293.201467	293.201468	293.20145	293.201486	3.54450906e-05	4.15182676e-05	0	0	0	0	3
137	116	0	1.22911936	293.201466	293.201468	293.20145	293.201486	3.54450906e-05	4.15182676e-05	0	0	0	0	3
138	117	0	1.23809103	293.201468	293.201468	293.20145	293.201486	3.54450906e-05	4.15182676e-05	0	0	0	0	3
139	118	0	1.24706271	293.201472	293.201467	293.20145	293.201486	3.54450906e-05	4.15182676e-05	0	0	0	0	3
140	118	0	1.25603438	293.201474	293.201467	293.20145	293.201484	3.36530209e-05	4.15182676e-05	0	0	0	0	3
141	119	0	1.26500606	293.201476	293.201467	293.20145	293.20148	3.004427e-05	4.15182676e-05	0	0	0	0	3
142	120	0	1.27397773	293.201476	293.201467	293.20145	293.20148	2.94455008e-05	4.15182676e-05	0	0	0	0	3
143	121	0	1.28294941	293.201476	293.201467	293.20145	293.20148	2.94455008e-05	4.15182676e-05	0	0	0	0	3
144	122	0	1.29192108	293.201475	293.201467	293.20145	293.20148	2.94455008e-05	4.15182676e-05	0	0	0	0	3
145	122	0	1.30089275	293.201473	293.201467	293.20145	293.20148	2.94455008e-05	4.15182676e-05	0	0	0	0	3
146	123	0	1.30986443	293.201472	293.201467	293.20145	293.20148	2.94455008e-05	4.15182676e-05	0	0	0	0	3
147	124	0	1.3188361	293.20147	293.201467	293.20145	293.20148	2.94455008e-05	4.15182676e-05	0	0	0	0	3
148	125	0	1.32780778	293.201469	293.201467	293.20145	293.20148	2.94455008e-05	4.15182676e-05	0	0	0	0	3
149	126	0	1.33677945	293.201468	293.201467	293.20145	293.20148	2.55235629e-05	4.15182676e-05	0	0	0	0	3
150	127	0	1.34575112	293.201466	293.201467	293.20145	293.20148	2.08257908e-05	4.15182676e-05	0	0	0	0	3
151	127	0	1.3547228	293.201463	293.201467	293.20145	293.20148	1.64949499e-05	4.15182676e-05	0	0	0	0	3
152	128	0	1.36369447	293.201459	293.201467	293.20145	293.20148	1.58176665e-05	4.15182676e-05	0	0	0	0	3
153	129	0	1.37266615	293.201455	293.201466	293.20145	293.20148	1.61171187e-05	4.15182676e-05	0	0	0	0	3
154	130	0	1.38163782	293.201451	293.201466	293.20145	293.20148	1.65235175e-05	4.15182676e-05	0	0	0	0	3
155	130	0	1.3906095	293.20145	293.201465	293.20145	293.20148	1.69934485e-05	4.15182676e-05	0	0	0	0	3
156	131	0	1.39958117	293.20145	293.201465	293.20145	293.20148	1.74539047e-05	4.15182676e-05	0	0	0	0	3
157	132	0	1.40855284	293.201453	293.201465	293.20145	293.20148	1.78077854e-05	4.15182676e-05	0	0	0	0	3
158	133	0	1.41752452	293.201457	293.201464	293.20145	293.20148	1.8028779e-05	4.15182676e-05	0	0	0	0	3
159	134	0	1.42649619	293.201461	293.201464	293.20145	293.20148	1.81101846e-05	4.15182676e-05	0	0	0	0	3
160	134	0	1.43546787	293.201463	293.201464	293.20145	293.20148	1.81101846e-05	4.15182676e-05	0	0	0	0	3
161	135	0	1.44443954	293.201464	293.201464	293.20145	293.20148	1.81101846e-05	4.15182676e-05	0	0	0	0	3
162	136	0	1.45341121	293.201464	293.201464	293.20145	293.20148	1.81101846e-05	4.15182676e-05	0	0	0	0	3
163	137	0	1.46238289	293.201464	293.201465	293.20145	293.20148	1.80960419e-05	4.15182676e-05	0	0	0	0	3
164	138	0	1.47135456	293.201465	293.201465	293.20145	293.20148	1.79745767e-05	4.15182676e-05	0	0	0	0	3
165	138	0	1.48032624	293.201467	293.201465	293.20145	293.20148	1.77020298e-05	4.15182676e-05	0	0	0	0	3
166	139	0	1.48929791	293.20147	293.201465	293.20145	293.20148	1.72715111e-05	4.15182676e-05	0	0	0	0	3
167	140	0	1.49826959	293.201474	293.201465	293.20145	293.20148	1.66939581e-05	4.15182676e-05	0	0	0	0	3
168	141	0	1.50724126	293.201477	293.201465	293.20145	293.20148	1.60298255e-05	4.15182676e-05	0	0	0	0	3
169	142	0	1.51621293	293.20148	293.201466	293.20145	293.20148	1.53271641e-05	4.15182676e-05	0	0	0	0	3
170	143	0	1.52518461	293.201482	293.201466	293.20145	293.201482	1.46263579e-05	4.15182676e-05	0	0	0	0	3
171	144	0	1.53415628	293.201484	293.201466	293.20145	293.201484	1.39228487e-05	4.15182676e-05	0	0	0	0	3
172	145	0	1.54312796	293.201484	293.201467	293.20145	293.201484	1.32044298e-05	4.15182676e-05	0	0	0	0	3
173	146	0	1.55209963	293.201485	293.201467	293.20145	293.201485	1.2462774e-05	4.15182676e-05	0	0	0	0	3
174	148	0	1.5610713	293.201485	293.201468	293.20145	293.201485	1.17278707e-05	4.15182676e-05	0	0	0	0	3
175	148	0	1.57004298	293.201487	293.201469	293.20145	293.201487	1.09601161e-05	4.15182676e-05	0	0	0	0	3
176	149	0	1.57901465	293.201489	293.201469	293.20145	293.201489	1.01674868e-05	4.15182676e-05	0	0	0	0	3
177	150	0	1.58798633	293.201491	293.20147	293.20145	293.201491	9.37450881e-06	4.15182676e-05	0	0	0	0	3
178	151	0	1.596958	293.20149	293.201471	293.20145	293.201491	8.5669393e-06	4.15182676e-05	0	0	0	0	3
179	152	0	1.60592968	293.201489	293.201471	293.20145	293.201491	7.78989397e-06	4.15182676e-05	0	0	0	0	3
180	152	0	1.61490135	293.201484	293.201472	293.20145	293.201491	7.37008389e-06	4.15182676e-05	0	0	0	0	3
181	153	0	1.62387302	293.20148	293.201472	293.20145	293.201491	7.67975803e-06	4.15182676e-05	0	0	0	0	3
182	154	0	1.6328447	293.201474	293.201472	293.20145	293.201491	7.82845734e-06	4.15182676e-05	0	0	0	0	3
183	155	0	1.64181637	293.201471	293.201472	293.20145	293.201491	7.85979739e-06	4.15182676e-05	0	0	0	0	3
184	156	0	1.65078805	293.20147	293.201472	293.20145	293.201491	7.85979739e-06	4.15182676e-05	0	0	0	0	3
185	157	0	1.65975972	293.201473	293.201472	293.20145	293.201491	7.85979739e-06	4.15182676e-05	0	0	0	0	3
186	157	0	1.66873139	293.201474	293.201472	293.20145	293.201491	7.85979739e-06	4.15182676e-05	0	0	0	0	3
187	158	0	1.67770307	293.201474	293.201472	293.20145	293.201491	7.85979739e-06	4.15182676e-05	0	0	0	0	3
188	159	0	1.68667474	293.201473	293.201472	293.20145	293.201491	7.85979739e-06	4.15182676e-05	0	0	0	0	3
189	160	0	1.69564642	293.201472	293.201472	293.20145	293.201491	7.85979739e-06	4.15182676e-05	0	0	0	0	3
190	161	0	1.70461809	293.201469	293.201472	293.20145	293.201491	7.85979739e-06	4.15182676e-05	0	0	0	0	3
191	162	0	1.71358977	293.201469	293.201472	293.20145	293.201491	7.85979739e-06	4.15182676e-05	0	0	0	0	3
192	162	0	1.72256144	293.201469	293.201472	293.20145	293.201491	7.85979739e-06	4.15182676e-05	0	0	0	0	3
193	163	0	1.73153311	293.201471	293.201472	293.20145	293.201491	7.85979739e-06	4.15182676e-05	0	0	0	0	3
194	164	0	1.74050479	293.201472	293.201472	293.20145	293.201491	7.85979739e-06	4.15182676e-05	0	0	0	0	3
195	165	0	1.74947646	293.201472	293.201472	293.20145	293.201491	7.85979739e-06	4.15182676e-05	0	0	0	0	3
196	166	0	1.75844814	293.201471	293.201472	293.20145	293.201491	7.85979739e-06	4.15182676e-05	0	0	0	0	3
197	167	0	1.76741981	293.201469	293.201472	293.20145	293.201491	7.85979739e-06	4.15182676e-05	0	0	0	0	3
198	168	0	1.77639148	293.201466	293.201471	293.20145	293.201491	7.85979739e-06	4.15182676e-05	0	0	0	0	3
199	168	0	1.78536316	293.201465	293.201471	293.20145	293.201491	7.85979739e-06	4.15182676e-05	0	0	0	0	3
200	169	0	1.79433483	293.201464	293.201471	293.20145	293.201491	7.85979739e-06	4.15182676e-05	0	0	0	0	3
201	174	0	1.80330651	293.201465	293.201471	293.20145	293.201491	7.85979739e-06	4.15182676e-05	0	0	0	0	3
202	174	0	1.81227818	293.201466	293.201471	293.20145	293.201491	7.85979739e-06	4.15182676e-05	0	0	0	0	3
203	175	0	1.82124986	293.201467	293.201471	293.20145	293.201491	7.85979739e-06	4.15182676e-05	0	0	0	0	3
204	176	0	1.83022153	293.201466	293.201471	293.20145	293.201491	7.85979739e-06	4.15182676e-05	0	0	0	0	3
205	177	0	1.8391932	293.201465	293.201471	293.20145	293.201491	7.85979739e-06	4.15182676e-05	0	0	0	0	3
206	178	0	1.84816488	293.201464	293.20147	293.20145	293.201491	7.85979739e-06	4.15182676e-05	0	0	0	0	3
207	178	0	1.85713655	293.201462	293.20147	293.20145	293.201491	7.85979739e-06	4.15182676e-05	0	0	0	0	3
208	179	0	1.86610823	293.20146	293.20147	293.20145	293.201491	7.85979739e-06	4.15182676e-05	0	0	0	0	3
209	180	0	1.8750799	293.201458	293.201471	293.20145	293.201491	7.85979739e-06	4.15182676e-05	0	0	0	0	3
210	181	0	1.88405157	293.201455	293.201471	293.20145	293.201491	7.85979739e-06	4.15182676e-05	0	0	0	0	3
211	182	0	1.89302325	293.201454	293.201471	293.20145	293.201491	7.85979739e-06	4.15182676e-05	0	0	0	0	3
212	182	0	1.90199492	293.201453	293.201471	293.201453	293.201491	7.85979739e-06	4.15182676e-05	0	0	0	0	3
213	183	0	1.9109666	293.201455	293.201471	293.201453	293.201491	7.85979739e-06	4.15182676e-05	0	0	0	0	3
214	184	0	1.91993827	293.201455	293.201471	293.201453	293.201491	7.85979739e-06	4.15182676e-05	0	0	0	0	3
215	185	0	1.92890995	293.201456	293.201471	293.201453	293.201491	7.8404488e-06	4.15182676e-05	0	0	0	0	3
216	186	0	1.93788162	293.201455	293.201471	293.201453	293.201491	7.77027759e-06	4.15182676e-05	0	0	0	0	3
217	186	0	1.94685329	293.201453	293.20147	293.201453	293.201491	7.72040931e-06	4.15182676e-05	0	0	0	0	3
218	187	0	1.95582497	293.201451	293.20147	293.201451	293.201491	7.69173249e-06	4.15182676e-05	0	0	0	0	3
219	188	0	1.96479664	293.201448	293.20147	293.201448	293.201491	7.67570197e-06	4.15182676e-05	0	0	0	0	3
220	189	0	1.97376832	293.201446	293.201469	293.201446	293.201491	7.6232833e-06	4.15182676e-05	0	0	0	0	3
221	190	0	1.98273999	293.201445	293.201469	293.201445	293.201491	7.49548803e-06	4.15182676e-05	0	0	0	0	3
222	190	0	1.99171166	293.201446	293.201469	293.201445	293.201491	7.27708419e-06	4.15182676e-05	0	0	0	0	3
223	191	0	2.00068334	293.201448	293.201468	293.201445	293.201491	6.96136158e-06	4.15182676e-05	0	0	0	0	3
224	192	0	2.00965501	293.20145	293.201468	293.201445	293.201491	6.58938518e-06	4.15182676e-05	0	0	0	0	3
225	193	0	2.01862669	293.201451	293.201467	293.201445	293.201491	6.18057277e-06	4.15182676e-05	0	0	0	0	3
226	194	0	2.02759836	293.20145	293.201467	293.201445	293.201491	5.75476724e-06	4.15182676e-05	0	0	0	0	3
227	194	0	2.03657004	293.201449	293.201466	293.201445	293.201491	6.20369269e-06	4.15182676e-05	0	0	0	0	3
228	195	0	2.04554171	293.201448	293.201465	293.201445	293.201491	6.86024606e-06	4.15182676e-05	0	0	0	0	3
229	196	0	2.05451338	293.201446	293.201465	293.201445	293.201491	7.55390386e-06	4.15182676e-05	0	0	0	0	3
230	197	0	2.06348506	293.201445	293.201464	293.201445	293.201491	8.271713e-06	4.15182676e-05	0	0	0	0	3
231	198	0	2.07245673	293.201445	293.201463	293.201445	293.201491	9.02498687e-06	4.15182676e-05	0	0	0	0	3
232	198	0	2.08142841	293.201445	293.201462	293.201445	293.201491	9.80686639e-06	4.15182676e-05	0	0	0	0	3
233	199	0	2.09040008	293.201445	293.201462	293.201445	293.20149	1.06276548e-05	4.15182676e-05	0	0	0	0	3
234	200	0	2.09937175	293.201444	293.201461	293.201444	293.201489	1.14472579e-05	4.15182676e-05	0	0	0	0	3
235	201	0	2.10834343	293.201444	293.20146	293.201444	293.201484	1.22442968e-05	4.15182676e-05	0	0	0	0	3
236	202	0	2.1173151	293.201444	293.201459	293.201444	293.20148	1.29697272e-05	4.15182676e-05	0	0	0	0	3
237	202	0	2.12628678	293.201443	293.201459	293.201443	293.201474	1.36187537e-05	4.15182676e-05	0	0	0	0	3
238	203	0	2.13525845	293.201443	293.201458	293.201443	293.201474	1.41784868e-05	4.15182676e-05	0	0	0	0	3
239	204	0	2.14423013	293.201443	293.201458	293.201443	293.201474	1.4641068e-05	4.15182676e-05	0	0	0	0	3
240	205	0	2.1532018	293.201442	293.201457	293.201442	293.201474	1.5070567e-05	4.15182676e-05	0	0	0	0	3
241	206	0	2.16217347	293.201442	293.201456	293.201442	293.201474	1.55141503e-05	4.15182676e-05	0	0	0	0	3
242	206	0	2.17114515	293.201441	293.201456	293.201441	293.201474	1.59954831e-05	4.15182676e-05	0	0	0	0	3
243	207	0	2.18011682	293.201441	293.201455	293.201441	293.201473	1.64737666e-05	4.15182676e-05	0	0	0	0	3
244	208	0	2.1890885	293.201441	293.201455	293.201441	293.201472	1.70032716e-05	4.15182676e-05	0	0	0	0	3
245	209	0	2.19806017	293.201441	293.201454	293.201441	293.201472	1.75493105e-05	4.15182676e-05	0	0	0	0	3
246	210	0	2.20703184	293.201442	293.201454	293.201441	293.201472	1.80317428e-05	4.15182676e-05	0	0	0	0	3
247	210	0	2.21600352	293.201442	293.201453	293.201441	293.201472	1.85095229e-05	4.15182676e-05	0	0	0	0	3
248	211	0	2.22497519	293.201442	293.201453	293.201441	293.201472	1.89918568e-05	4.15182676e-05	0	0	0	0	3
249	212	0	2.23394687	293.201441	293.201452	293.201441	293.201472	1.95199647e-05	4.15182676e-05	0	0	0	0	3
250	213	0	2.24291854	293.20144	293.201452	293.20144	293.201472	2.00905362e-05	4.15182676e-05	0	0	0	0	3
251	214	0	2.25189022	293.201439	293.201451	293.201439	293.201471	2.06213351e-05	4.15182676e-05	0	0	0	0	3
252	214	0	2.26086189	293.201438	293.20145	293.201438	293.201469	2.10748985e-05	4.15182676e-05	0	0	0	0	3
253	215	0	2.26983356	293.201439	293.20145	293.201438	293.201467	2.14249665e-05	4.15182676e-05	0	0	0	0	3
254	216	0	2.27880524	293.201441	293.201449	293.201438	293.201467	2.16784945e-05	4.15182676e-05	0	0	0	0	3
255	217	0	2.28777691	293.201443	293.201449	293.201438	293.201467	2.18816493e-05	4.15182676e-05	0	0	0	0	3
256	218	0	2.29674859	293.201445	293.201449	293.201438	293.201467	2.20877441e-05	4.15182676e-05	0	0	0	0	3
257	218	0	2.30572026	293.201445	293.201448	293.201438	293.201467	2.24286362e-05	4.15182676e-05	0	0	0	0	3
258	219	0	2.31469193	293.201444	293.201448	293.201438	293.201467	2.2830323e-05	4.15182676e-05	0	0	0	0	3
259	220	0	2.32366361	293.201442	293.201448	293.201438	293.201466	2.32723581e-05	4.15182676e-05	0	0	0	0	3
260	221	0	2.33263528	293.20144	293.201447	293.201438	293.201465	2.37366653e-05	4.15182676e-05	0	0	0	0	3
261	222	0	2.34160696	293.201439	293.201447	293.201438	293.201464	2.42026632e-05	4.15182676e-05	0	0	0	0	3
262	222	0	2.35057863	293.20144	293.201446	293.201438	293.201462	2.45585144e-05	4.15182676e-05	0	0	0	0	3
263	223	0	2.35955031	293.201442	293.201446	293.201438	293.20146	2.19316542e-05	4.15182676e-05	0	0	0	0	3
264	224	0	2.36852198	293.201445	293.201446	293.201438	293.201458	2.00665932e-05	4.15182676e-05	0	0	0	0	3
265	225	0	2.37749365	293.201448	293.201445	293.201438	293.201456	1.84833625e-05	4.15182676e-05	0	0	0	0	3
266	226	0	2.38646533	293.201451	293.201445	293.201438	293.201456	1.84833625e-05	4.15182676e-05	0	0	0	0	3
267	227	0	2.395437	293.201452	293.201445	293.201438	293.201456	1.84833625e-05	4.15182676e-05	0	0	0	0	3
268	227	0	2.40440868	293.201453	293.201445	293.201438	293.201456	1.84833625e-05	4.15182676e-05	0	0	0	0	3
269	228	0	2.41338035	293.201453	293.201445	293.201438	293.201456	1.84833625e-05	4.15182676e-05	0	0	0	0	3
270	229	0	2.42235202	293.201452	293.201445	293.201438	293.201456	1.84833625e-05	4.15182676e-05	0	0	0	0	3
271	230	0	2.4313237	293.201452	293.201445	293.201438	293.201455	1.70400058e-05	4.15182676e-05	0	0	0	0	3
272	231	0	2.44029537	293.201453	293.201445	293.201438	293.201453	1.55780374e-05	4.15182676e-05	0	0	0	0	3
273	231	0	2.44926705	293.201455	293.201445	293.201438	293.201455	1.69831055e-05	4.15182676e-05	0	0	0	0	3
274	232	0	2.45823872	293.201456	293.201445	293.201438	293.201456	1.81210248e-05	4.15182676e-05	0	0	0	0	3
275	233	0	2.4672104	293.201458	293.201445	293.201438	293.201458	1.97644299e-05	4.15182676e-05	0	0	0	0	3
276	234	0	2.47618207	293.201457	293.201446	293.201438	293.201458	1.97644299e-05	4.15182676e-05	0	0	0	0	3
277	235	0	2.48515374	293.201457	293.201446	293.201438	293.201458	1.97644299e-05	4.15182676e-05	0	0	0	0	3
278	235	0	2.49412542	293.201457	293.201446	293.201438	293.201458	1.97644299e-05	4.15182676e-05	0	0	0	0	3
279	236	0	2.50309709	293.201458	293.201446	293.201438	293.201458	2.04253254e-05	4.15182676e-05	0	0	0	0	3
280	237	0	2.51206877	293.201461	293.201446	293.201438	293.201461	2.21674869e-05	4.15182676e-05	0	0	0	0	3
281	238	0	2.52104044	293.201464	293.201447	293.201438	293.201464	2.15922016e-05	4.15182676e-05	0	0	0	0	3
282	239	0	2.53001211	293.201467	293.201447	293.201438	293.201467	2.09696561e-05	4.15182676e-05	0	0	0	0	3
283	240	0	2.53898379	293.20147	293.201447	293.201438	293.20147	2.03131028e-05	4.15182676e-05	0	0	0	0	3
284	240	0	2.54795546	293.201471	293.201448	293.201438	293.201471	1.9619445e-05	4.15182676e-05	0	0	0	0	3
285	241	0	2.55692714	293.201472	293.201448	293.201438	293.201472	1.89016358e-05	4.15182676e-05	0	0	0	0	3
286	242	0	2.56589881	293.201471	293.201449	293.201438	293.201472	1.8148362e-05	4.15182676e-05	0	0	0	0	3
287	243	0	2.57487049	293.201471	293.201449	293.201438	293.201472	1.73664824e-05	4.15182676e-05	0	0	0	0	3
288	244	0	2.58384216	293.201471	293.201449	293.201438	293.201472	1.65456941e-05	4.15182676e-05	0	0	0	0	3
289	244	0	2.59281383	293.201471	293.20145	293.201438	293.201472	1.5726091e-05	4.15182676e-05	0	0	0	0	3
290	245	0	2.60178551	293.201472	293.20145	293.201438	293.201472	1.4929052e-05	4.15182676e-05	0	0	0	0	3
291	246	0	2.61075718	293.201473	293.201451	293.201438	293.201473	1.42036217e-05	4.15182676e-05	0	0	0	0	3
292	247	0	2.61972886	293.201473	293.201451	293.201438	293.201473	1.35545951e-05	4.15182676e-05	0	0	0	0	3
293	248	0	2.62870053	293.201472	293.201452	293.201438	293.201473	1.29948621e-05	4.15182676e-05	0	0	0	0	3
294	248	0	2.6376722	293.20147	293.201452	293.201438	293.201473	1.24931196e-05	4.15182676e-05	0	0	0	0	3
295	249	0	2.64664388	293.201469	293.201453	293.201438	293.201473	1.19897481e-05	4.15182676e-05	0	0	0	0	3
296	250	0	2.65561555	293.201467	293.201453	293.201438	293.201473	1.14387059e-05	4.15182676e-05	0	0	0	0	3
297	251	0	2.66458723	293.201466	293.201454	293.201438	293.201473	1.086123e-05	4.15182676e-05	0	0	0	0	3
298	252	0	2.6735589	293.201465	293.201454	293.201438	293.201473	1.02634638e-05	4.15182676e-05	0	0	0	0	3
299	252	0	2.68253058	293.201465	293.201455	293.201438	293.201473	9.68716995e-06	4.15182676e-05	0	0	0	0	3
300	253	0	2.69150225	293.201465	293.201455	293.201438	293.201473	1.00971948e-05	4.15182676e-05	0	0	0	0	3
301	258	0	2.70047392	293.201466	293.201456	293.201438	293.201473	1.0534969e-05	4.15182676e-05	0	0	0	0	3
302	259	0	2.7094456	293.201466	293.201456	293.201438	293.201473	1.09676072e-05	4.15182676e-05	0	0	0	0	3
303	259	0	2.71841727	293.201468	293.201456	293.201438	293.201473	1.14242733e-05	4.15182676e-05	0	0	0	0	3
304	260	0	2.72738895	293.201468	293.201457	293.201438	293.201473	1.18928168e-05	4.15182676e-05	0	0	0	0	3
305	261	0	2.73636062	293.201469	293.201457	293.201438	293.201473	1.2396629e-05	4.15182676e-05	0	0	0	0	3
306	262	0	2.74533229	293.20147	293.201458	293.201438	293.201473	1.29413909e-05	4.15182676e-05	0	0	0	0	3
307	263	0	2.75430397	293.201472	293.201459	293.201438	293.201473	1.35284511e-05	4.15182676e-05	0	0	0	0	3
308	263	0	2.76327564	293.201474	293.201459	293.201439	293.201474	1.41820883e-05	4.15182676e-05	0	0	0	0	3
309	264	0	2.77224732	293.201479	293.20146	293.201439	293.201479	1.48935657e-05	4.15182676e-05	0	0	0	0	3
310	265	0	2.78121899	293.201481	293.201461	293.201439	293.201481	1.56227228e-05	4.15182676e-05	0	0	0	0	3
311	266	0	2.79019067	293.201484	293.201461	293.201439	293.201484	1.63455417e-05	4.15182676e-05	0	0	0	0	3
312	267	0	2.79916234	293.201484	293.201462	293.201439	293.201484	1.70418065e-05	4.15182676e-05	0	0	0	0	3
313	267	0	2.80813401	293.201483	293.201463	293.201439	293.201484	1.77209176e-05	4.15182676e-05	0	0	0	0	3
314	268	0	2.81710569	293.201482	293.201463	293.201439	293.201484	1.84035067e-05	4.15182676e-05	0	0	0	0	3
315	269	0	2.82607736	293.201482	293.201464	293.201439	293.201484	1.91104533e-05	4.15182676e-05	0	0	0	0	3
316	270	0	2.83504904	293.201483	293.201465	293.201439	293.201484	1.9868284e-05	4.15182676e-05	0	0	0	0	3
317	271	0	2.84402071	293.201485	293.201466	293.20144	293.201485	2.0677541e-05	4.15182676e-05	0	0	0	0	3
318	271	0	2.85299238	293.201486	293.201467	293.201442	293.201486	2.14906693e-05	4.15182676e-05	0	0	0	0	3
319	272	0	2.86196406	293.201485	293.201467	293.201445	293.201486	2.22731503e-05	4.15182676e-05	0	0	0	0	3
320	273	0	2.87093573	293.201484	293.201468	293.201448	293.201486	2.29654237e-05	4.15182676e-05	0	0	0	0	3
321	274	0	2.87990741	293.201482	293.201469	293.201451	293.201486	2.35670896e-05	4.15182676e-05	0	0	0	0	3
322	275	0	2.88887908	293.201479	293.201469	293.201452	293.201486	2.40708104e-05	4.15182676e-05	0	0	0	0	3
323	275	0	2.89785076	293.201477	293.20147	293.201452	293.201486	2.45054445e-05	4.15182676e-05	0	0	0	0	3
324	276	0	2.90682243	293.201475	293.20147	293.201452	293.201486	2.48934869e-05	4.15182676e-05	0	0	0	0	3
325	277	0	2.9157941	293.201473	293.20147	293.201452	293.201486	2.52598836e-05	4.15182676e-05	0	0	0	0	3
326	278	0	2.92476578	293.201472	293.201471	293.201452	293.201486	2.56111413e-05	4.15182676e-05	0	0	0	0	3
327	279	0	2.93373745	293.201471	293.201471	293.201453	293.201486	2.59439556e-05	4.15182676e-05	0	0	0	0	3
328	279	0	2.94270913	293.20147	293.201471	293.201455	293.201486	2.62369499e-05	4.15182676e-05	0	0	0	0	3
329	280	0	2.9516808	293.20147	293.201472	293.201456	293.201486	2.64062316e-05	4.15182676e-05	0	0	0	0	3
330	281	0	2.96065247	293.201469	293.201472	293.201457	293.201486	2.64764751e-05	4.15182676e-05	0	0	0	0	3
331	282	0	2.96962415	293.20147	293.201472	293.201457	293.201486	2.64960655e-05	4.15182676e-05	0	0	0	0	3
332	283	0	2.97859582	293.20147	293.201472	293.201457	293.201486	2.65250131e-05	4.15182676e-05	0	0	0	0	3
333	283	0	2.9875675	293.201471	293.201473	293.201457	293.201486	2.65895831e-05	4.15182676e-05	0	0	0	0	3
334	284	0	2.99653917	293.201472	293.201473	293.201458	293.201486	2.66754151e-05	4.15182676e-05	0	0	0	0	3
335	285	0	3.00551085	293.201472	293.201473	293.201461	293.201486	2.47267359e-05	4.15182676e-05	0	0	0	0	3
336	286	0	3.01448252	293.201471	293.201473	293.201464	293.201486	2.12053811e-05	4.15182676e-05	0	0	0	0	3
337	287	0	3.02345419	293.20147	293.201473	293.201465	293.201486	2.08319877e-05	4.15182676e-05	0	0	0	0	3
338	287	0	3.03242587	293.201468	293.201473	293.201465	293.201486	2.08319877e-05	4.15182676e-05	0	0	0	0	3
339	288	0	3.04139754	293.201468	293.201473	293.201465	293.201486	2.08319877e-05	4.15182676e-05	0	0	0	0	3
340	289	0	3.05036922	293.201467	293.201473	293.201465	293.201486	2.08319877e-05	4.15182676e-05	0	0	0	0	3
341	290	0	3.05934089	293.201467	293.201473	293.201465	293.201486	2.08319877e-05	4.15182676e-05	0	0	0	0	3
