Iteration	CPUTime	PhysTime	Travels	Value	AvValue	MinValue	MaxValue	Delta	Criteria	PrevAvRefValue	Progress	CriteriaType	CriteriaVarType	CriteriaPercentage
1	6	0	0.00897155323	101324.825	101324.825	101324.825	101324.825	0	0	0	0	0	0	3
2	7	0	0.0179431065	101324.869	101324.847	101324.825	101324.869	0.0219973164	0	0	0	0	0	3
3	8	0	0.0269146597	101325.029	101324.908	101324.825	101325.029	0.0826407299	0	0	0	0	0	3
4	9	0	0.0358862129	101325.012	101324.934	101324.825	101325.029	0.108777059	0	0	0	0	0	3
5	10	0	0.0448577662	101325.019	101324.951	101324.825	101325.029	0.12591626	0	0	0	0	0	3
6	10	0	0.0538293194	101324.996	101324.958	101324.825	101325.029	0.133431201	0	0	0	0	0	3
7	11	0	0.0628008726	101325.019	101324.967	101324.825	101325.029	0.142147363	0	0	0	0	0	3
8	12	0	0.0717724258	101325.004	101324.972	101324.825	101325.029	0.146770259	0	0	0	0	0	3
9	13	0	0.0807439791	101325.023	101324.977	101324.825	101325.029	0.152443458	0	0	0	0	0	3
10	14	0	0.0897155323	101325.007	101324.98	101324.825	101325.029	0.155384411	0	0	0	0	0	3
11	15	0	0.0986870855	101325.022	101324.984	101324.825	101325.029	0.159195344	0	0	0	0	0	3
12	15	0	0.107658639	101325.012	101324.986	101324.825	101325.029	0.161536163	0	0	0	0	0	3
13	16	0	0.116630192	101325.026	101324.989	101324.825	101325.029	0.164539713	0	0	0	0	0	3
14	17	0	0.125601745	101325.018	101324.991	101324.825	101325.029	0.166564111	0	0	0	0	0	3
15	18	0	0.134573298	101325.027	101324.994	101324.825	101325.029	0.168921948	0	0	0	0	0	3
16	18	0	0.143544852	101325.023	101324.996	101324.825	101325.029	0.170773721	0	0	0	0	0	3
17	19	0	0.152516405	101325.028	101324.998	101324.825	101325.029	0.172687555	0	0	0	0	0	3
18	20	0	0.161487958	101325.026	101324.999	101324.825	101325.029	0.174282617	0	0	0	0	0	3
19	21	0	0.170459511	101325.029	101325.001	101324.825	101325.029	0.175832407	0	0	0	0	0	3
20	22	0	0.179431065	101325.028	101325.002	101324.825	101325.029	0.177176161	0	0	0	0	0	3
21	22	0	0.188402618	101325.029	101325.003	101324.825	101325.029	0.178470059	0	0	0	0	0	3
22	23	0	0.197374171	101325.029	101325.005	101324.825	101325.029	0.179631621	0	0	0	0	0	3
23	24	0	0.206345724	101325.029	101325.006	101324.825	101325.029	0.18067787	0	0	0	0	0	3
24	25	0	0.215317278	101325.028	101325.007	101324.825	101325.029	0.181623528	0	0	0	0	0	3
25	25	0	0.224288831	101325.028	101325.007	101324.825	101325.029	0.182466144	0	0	0	0	0	3
26	26	0	0.233260384	101325.027	101325.008	101324.825	101325.029	0.183210253	0	0	0	0	0	3
27	27	0	0.242231937	101325.023	101325.009	101324.825	101325.029	0.183770151	0	0	0	0	0	3
28	28	0	0.25120349	101325.018	101325.009	101324.825	101325.029	0.184088397	0	0	0	0	0	3
29	28	0	0.260175044	101325.012	101325.009	101324.825	101325.029	0.184194597	0	0	0	0	0	3
30	29	0	0.269146597	101325.007	101325.009	101324.825	101325.029	0.184194597	0	0	0	0	0	3
31	30	0	0.27811815	101325	101325.009	101324.825	101325.029	0.184194597	0	0	0	0	0	3
32	31	0	0.287089703	101324.991	101325.008	101324.825	101325.029	0.184194597	0	0	0	0	0	3
33	31	0	0.296061257	101324.983	101325.007	101324.825	101325.029	0.184194597	0	0	0	0	0	3
34	32	0	0.30503281	101324.977	101325.007	101324.825	101325.029	0.184194597	0	0	0	0	0	3
35	33	0	0.314004363	101324.973	101325.006	101324.825	101325.029	0.184194597	0	0	0	0	0	3
36	34	0	0.322975916	101324.969	101325.005	101324.825	101325.029	0.184194597	0	0	0	0	0	3
37	35	0	0.33194747	101324.966	101325.004	101324.825	101325.029	0.184194597	0	0	0	0	0	3
38	35	0	0.340919023	101324.964	101325.003	101324.825	101325.029	0.184194597	0	0	0	0	0	3
39	36	0	0.349890576	101324.962	101325.001	101324.825	101325.029	0.184194597	0	0	0	0	0	3
40	37	0	0.358862129	101324.961	101325	101324.825	101325.029	0.184194597	0	0	0	0	0	3
41	38	0	0.367833682	101324.961	101325	101324.825	101325.029	0.184194597	0	0	0	0	0	3
42	39	0	0.376805236	101324.96	101324.999	101324.825	101325.029	0.184194597	0	0	0	0	0	3
43	40	0	0.385776789	101324.957	101324.998	101324.825	101325.029	0.184194597	0	0	0	0	0	3
44	40	0	0.394748342	101324.955	101324.997	101324.825	101325.029	0.184194597	0	0	0	0	0	3
45	41	0	0.403719895	101324.953	101324.996	101324.825	101325.029	0.184194597	0	0	0	0	0	3
46	42	0	0.412691449	101324.952	101324.995	101324.825	101325.029	0.184194597	0	0	0	0	0	3
47	43	0	0.421663002	101324.951	101324.994	101324.825	101325.029	0.184194597	0	0	0	0	0	3
48	43	0	0.430634555	101324.95	101324.993	101324.825	101325.029	0.184194597	0	0	0	0	0	3
49	44	0	0.439606108	101324.949	101324.992	101324.825	101325.029	0.184194597	0	0	0	0	0	3
50	45	0	0.448577662	101324.948	101324.991	101324.825	101325.029	0.184194597	0	0	0	0	0	3
51	46	0	0.457549215	101324.948	101324.99	101324.825	101325.029	0.184194597	0	0	0	0	0	3
52	46	0	0.466520768	101324.947	101324.989	101324.825	101325.029	0.184194597	0	0	0	0	0	3
53	47	0	0.475492321	101324.946	101324.989	101324.825	101325.029	0.184194597	0	0	0	0	0	3
54	48	0	0.484463874	101324.944	101324.988	101324.825	101325.029	0.184194597	0	0	0	0	0	3
55	49	0	0.493435428	101324.943	101324.987	101324.825	101325.029	0.184194597	0	0	0	0	0	3
56	50	0	0.502406981	101324.943	101324.986	101324.825	101325.029	0.184194597	0	0	0	0	0	3
57	51	0	0.511378534	101324.943	101324.988	101324.869	101325.029	0.16035339	0	0	0	0	0	3
58	52	0	0.520350087	101324.942	101324.99	101324.942	101325.029	0.0869741384	0	0	0	0	0	3
59	54	0	0.529321641	101324.942	101324.988	101324.942	101325.029	0.0754175378	0	0	0	0	0	3
60	55	0	0.538293194	101324.941	101324.987	101324.941	101325.029	0.0582783373	0	0	0	0	0	3
61	56	0	0.547264747	101324.94	101324.985	101324.94	101325.029	0.0507633964	0	0	0	0	0	3
62	57	0	0.5562363	101324.939	101324.984	101324.939	101325.029	0.0420472343	0	0	0	0	0	3
63	58	0	0.565207854	101324.939	101324.983	101324.939	101325.029	0.0374243376	0	0	0	0	0	3
64	59	0	0.574179407	101324.94	101324.982	101324.939	101325.029	0.0317511394	0	0	0	0	0	3
65	60	0	0.58315096	101324.94	101324.98	101324.939	101325.029	0.0288239944	0	0	0	0	0	3
66	61	0	0.592122513	101324.941	101324.979	101324.939	101325.029	0.0300066673	0	0	0	0	0	3
67	62	0	0.601094066	101324.94	101324.978	101324.939	101325.029	0.0314809696	0	0	0	0	0	3
68	63	0	0.61006562	101324.938	101324.976	101324.938	101325.029	0.0327986476	0	0	0	0	0	3
69	63	0	0.619037173	101324.937	101324.975	101324.937	101325.029	0.034387226	0	0	0	0	0	3
70	64	0	0.628008726	101324.935	101324.973	101324.935	101325.029	0.0358591234	0	0	0	0	0	3
71	65	0	0.636980279	101324.936	101324.972	101324.935	101325.029	0.0374897037	0	0	0	0	0	3
72	66	0	0.645951833	101324.937	101324.97	101324.935	101325.029	0.0390398838	0	0	0	0	0	3
73	67	0	0.654923386	101324.938	101324.968	101324.935	101325.029	0.0406469483	0	0	0	0	0	3
74	67	0	0.663894939	101324.94	101324.967	101324.935	101325.029	0.0421905245	0	0	0	0	0	3
75	68	0	0.672866492	101324.94	101324.965	101324.935	101325.029	0.0437667061	0	0	0	0	0	3
76	69	0	0.681838046	101324.94	101324.964	101324.935	101325.029	0.0453387595	0	0	0	0	0	3
77	70	0	0.690809599	101324.938	101324.962	101324.935	101325.029	0.0469691809	0	0	0	0	0	3
78	71	0	0.699781152	101324.937	101324.961	101324.935	101325.029	0.0486176513	0	0	0	0	0	3
79	71	0	0.708752705	101324.936	101324.959	101324.935	101325.028	0.0502723499	0	0	0	0	0	3
80	72	0	0.717724258	101324.937	101324.957	101324.935	101325.028	0.0519095665	0	0	0	0	0	3
81	73	0	0.726695812	101324.938	101324.956	101324.935	101325.027	0.0535167269	0	0	0	0	0	3
82	74	0	0.735667365	101324.938	101324.954	101324.935	101325.023	0.05509959	0	0	0	0	0	3
83	75	0	0.744638918	101324.937	101324.952	101324.935	101325.018	0.0566336201	0	0	0	0	0	3
84	76	0	0.753610471	101324.935	101324.951	101324.935	101325.012	0.0581014621	0	0	0	0	0	3
85	76	0	0.762582025	101324.933	101324.95	101324.933	101325.007	0.0594296548	0	0	0	0	0	3
86	77	0	0.771553578	101324.932	101324.948	101324.932	101325	0.0604769241	0	0	0	0	0	3
87	78	0	0.780525131	101324.934	101324.947	101324.932	101324.991	0.0591467214	0	0	0	0	0	3
88	79	0	0.789496684	101324.937	101324.946	101324.932	101324.983	0.0512774721	0	0	0	0	0	3
89	80	0	0.798468238	101324.94	101324.945	101324.932	101324.977	0.0452497148	0	0	0	0	0	3
90	80	0	0.807439791	101324.94	101324.945	101324.932	101324.973	0.0406043256	0	0	0	0	0	3
91	81	0	0.816411344	101324.939	101324.944	101324.932	101324.969	0.0371806019	0	0	0	0	0	3
92	82	0	0.825382897	101324.936	101324.943	101324.932	101324.966	0.0340962625	0	0	0	0	0	3
93	83	0	0.83435445	101324.933	101324.943	101324.932	101324.964	0.0317113469	0	0	0	0	0	3
94	84	0	0.843326004	101324.931	101324.942	101324.931	101324.962	0.0308285212	0	0	0	0	0	3
95	85	0	0.852297557	101324.931	101324.942	101324.931	101324.961	0.0302362749	0	0	0	0	0	3
96	85	0	0.86126911	101324.934	101324.941	101324.931	101324.961	0.0297259101	0	0	0	0	0	3
97	86	0	0.870240663	101324.937	101324.941	101324.931	101324.96	0.0288772169	0	0	0	0	0	3
98	87	0	0.879212217	101324.938	101324.94	101324.931	101324.957	0.0262531487	0	0	0	0	0	3
99	88	0	0.88818377	101324.937	101324.94	101324.931	101324.955	0.0241741206	0	0	0	0	0	3
100	89	0	0.897155323	101324.935	101324.94	101324.931	101324.953	0.0220840367	0	0	0	0	0	3
101	93	0	0.906126876	101324.932	101324.939	101324.931	101324.952	0.0211652111	0	0	0	0	0	3
102	94	0	0.91509843	101324.93	101324.939	101324.93	101324.951	0.0212175282	0	0	0	0	0	3
103	95	0	0.924069983	101324.929	101324.939	101324.929	101324.95	0.0215949622	0	0	0	0	0	3
104	96	0	0.933041536	101324.93	101324.938	101324.929	101324.949	0.0203419128	0	0	0	0	0	3
105	96	0	0.942013089	101324.931	101324.938	101324.929	101324.948	0.0197778659	0	0	0	0	0	3
106	97	0	0.950984642	101324.933	101324.938	101324.929	101324.948	0.0190966514	0	0	0	0	0	3
107	98	0	0.959956196	101324.933	101324.937	101324.929	101324.947	0.0184544118	0	0	0	0	0	3
108	99	0	0.968927749	101324.932	101324.937	101324.929	101324.946	0.0169804728	0	0	0	0	0	3
109	100	0	0.977899302	101324.931	101324.937	101324.929	101324.944	0.0157335007	0	0	0	0	0	3
110	100	0	0.986870855	101324.93	101324.937	101324.929	101324.943	0.0147729358	0	0	0	0	0	3
111	101	0	0.995842409	101324.929	101324.936	101324.929	101324.943	0.0144401632	0	0	0	0	0	3
112	102	0	1.00481396	101324.93	101324.936	101324.929	101324.943	0.0141959427	0.00302219988	0	0	0	0	3
113	103	0	1.01378552	101324.932	101324.936	101324.929	101324.942	0.0137658575	0.00302219988	0	0	0	0	3
114	103	0	1.02275707	101324.933	101324.936	101324.929	101324.942	0.0133749727	0.00302219988	0	0	0	0	3
115	104	0	1.03172862	101324.932	101324.936	101324.929	101324.941	0.0128033546	0.00302219988	0	0	0	0	3
116	105	0	1.04070017	101324.931	101324.935	101324.929	101324.941	0.0120152752	0.00302219988	0	0	0	0	3
117	106	0	1.04967173	101324.93	101324.935	101324.929	101324.941	0.0120152752	0.00302219988	0	0	0	0	3
118	106	0	1.05864328	101324.929	101324.935	101324.929	101324.941	0.0120152752	0.00302219988	0	0	0	0	3
119	107	0	1.06761483	101324.929	101324.935	101324.929	101324.941	0.0120152752	0.00302219988	0	0	0	0	3
120	108	0	1.07658639	101324.931	101324.935	101324.929	101324.941	0.0120152752	0.00302219988	0	0	0	0	3
121	109	0	1.08555794	101324.933	101324.935	101324.929	101324.941	0.0120152752	0.00302219988	0	0	0	0	3
122	110	0	1.09452949	101324.934	101324.934	101324.929	101324.94	0.0119276268	0.00302219988	0	0	0	0	3
123	110	0	1.10350105	101324.933	101324.934	101324.929	101324.94	0.0119276268	0.00302219988	0	0	0	0	3
124	111	0	1.1124726	101324.932	101324.934	101324.929	101324.94	0.0119276268	0.00302219988	0	0	0	0	3
125	112	0	1.12144415	101324.931	101324.934	101324.929	101324.94	0.0119276268	0.00302219988	0	0	0	0	3
126	113	0	1.13041571	101324.93	101324.934	101324.929	101324.94	0.0119276268	0.00302219988	0	0	0	0	3
127	114	0	1.13938726	101324.93	101324.934	101324.929	101324.94	0.0119276268	0.00302219988	0	0	0	0	3
128	114	0	1.14835881	101324.93	101324.934	101324.929	101324.94	0.0119276268	0.00302219988	0	0	0	0	3
129	115	0	1.15733037	101324.932	101324.934	101324.929	101324.94	0.0119276268	0.00302219988	0	0	0	0	3
130	116	0	1.16630192	101324.932	101324.934	101324.929	101324.94	0.0119276268	0.00302219988	0	0	0	0	3
131	117	0	1.17527347	101324.932	101324.933	101324.929	101324.94	0.0119276268	0.00302219988	0	0	0	0	3
132	118	0	1.18424503	101324.931	101324.933	101324.929	101324.94	0.0119276268	0.00302219988	0	0	0	0	3
133	118	0	1.19321658	101324.93	101324.933	101324.929	101324.94	0.0119276268	0.00302219988	0	0	0	0	3
134	119	0	1.20218813	101324.93	101324.933	101324.929	101324.94	0.0119276268	0.00302219988	0	0	0	0	3
135	120	0	1.21115969	101324.93	101324.933	101324.929	101324.94	0.0119276268	0.00302219988	0	0	0	0	3
136	121	0	1.22013124	101324.932	101324.933	101324.929	101324.94	0.0119276268	0.00302219988	0	0	0	0	3
137	122	0	1.22910279	101324.933	101324.933	101324.929	101324.94	0.0119276268	0.00302219988	0	0	0	0	3
138	122	0	1.23807435	101324.934	101324.933	101324.929	101324.94	0.0119276268	0.00302219988	0	0	0	0	3
139	123	0	1.2470459	101324.936	101324.933	101324.929	101324.94	0.0119276268	0.00302219988	0	0	0	0	3
140	124	0	1.25601745	101324.936	101324.933	101324.929	101324.94	0.0119276268	0.00302219988	0	0	0	0	3
141	125	0	1.26498901	101324.935	101324.933	101324.929	101324.94	0.0119276268	0.00302219988	0	0	0	0	3
142	126	0	1.27396056	101324.934	101324.933	101324.929	101324.94	0.0119276268	0.00302219988	0	0	0	0	3
143	126	0	1.28293211	101324.932	101324.933	101324.929	101324.94	0.0119276268	0.00302219988	0	0	0	0	3
144	127	0	1.29190367	101324.932	101324.933	101324.929	101324.94	0.0119276268	0.00302219988	0	0	0	0	3
145	128	0	1.30087522	101324.933	101324.932	101324.929	101324.94	0.0119276268	0.00302219988	0	0	0	0	3
146	129	0	1.30984677	101324.935	101324.932	101324.929	101324.939	0.0100038399	0.00302219988	0	0	0	0	3
147	129	0	1.31881832	101324.937	101324.932	101324.929	101324.938	0.00950038966	0.00302219988	0	0	0	0	3
148	130	0	1.32778988	101324.936	101324.932	101324.929	101324.938	0.00950038966	0.00302219988	0	0	0	0	3
149	131	0	1.33676143	101324.935	101324.932	101324.929	101324.938	0.00950038966	0.00302219988	0	0	0	0	3
150	132	0	1.34573298	101324.933	101324.932	101324.929	101324.938	0.00943361195	0.00302219988	0	0	0	0	3
151	133	0	1.35470454	101324.932	101324.932	101324.929	101324.938	0.00894163112	0.00302219988	0	0	0	0	3
152	133	0	1.36367609	101324.932	101324.932	101324.929	101324.938	0.00850768952	0.00302219988	0	0	0	0	3
153	134	0	1.37264764	101324.933	101324.932	101324.929	101324.938	0.00812493828	0.00302219988	0	0	0	0	3
154	135	0	1.3816192	101324.935	101324.932	101324.929	101324.937	0.00781913508	0.00302219988	0	0	0	0	3
155	136	0	1.39059075	101324.937	101324.932	101324.929	101324.937	0.00746087811	0.00302219988	0	0	0	0	3
156	137	0	1.3995623	101324.938	101324.932	101324.929	101324.938	0.00709025789	0.00302219988	0	0	0	0	3
157	137	0	1.40853386	101324.938	101324.932	101324.929	101324.938	0.00669427594	0.00302219988	0	0	0	0	3
158	138	0	1.41750541	101324.938	101324.933	101324.929	101324.938	0.00628678301	0.00302219988	0	0	0	0	3
159	139	0	1.42647696	101324.936	101324.933	101324.929	101324.938	0.00592075722	0.00302219988	0	0	0	0	3
160	140	0	1.43544852	101324.935	101324.933	101324.929	101324.938	0.00560914053	0.00302219988	0	0	0	0	3
161	141	0	1.44442007	101324.935	101324.933	101324.929	101324.938	0.00534108213	0.00302219988	0	0	0	0	3
162	141	0	1.45339162	101324.935	101324.933	101324.929	101324.938	0.00508512878	0.00302219988	0	0	0	0	3
163	142	0	1.46236318	101324.935	101324.933	101324.929	101324.938	0.00482062351	0.00302219988	0	0	0	0	3
164	143	0	1.47133473	101324.934	101324.933	101324.929	101324.938	0.00455765327	0.00302219988	0	0	0	0	3
165	144	0	1.48030628	101324.934	101324.933	101324.929	101324.938	0.00429509046	0.00302219988	0	0	0	0	3
166	145	0	1.48927784	101324.933	101324.933	101324.929	101324.938	0.00404670283	0.00302219988	0	0	0	0	3
167	145	0	1.49824939	101324.933	101324.933	101324.929	101324.938	0.00382293493	0.00302219988	0	0	0	0	3
168	146	0	1.50722094	101324.932	101324.933	101324.929	101324.938	0.00363237513	0.00302219988	0	0	0	0	3
169	147	0	1.5161925	101324.931	101324.933	101324.929	101324.938	0.00346402558	0.00302219988	0	0	0	0	3
170	148	0	1.52516405	101324.931	101324.933	101324.929	101324.938	0.0032936832	0.00302219988	0	0	0	0	3
171	149	0	1.5341356	101324.93	101324.933	101324.929	101324.938	0.00311662957	0.00302219988	0	0	0	0	3
172	149	0	1.54310716	101324.93	101324.933	101324.929	101324.938	0.00294774027	0.00302219988	0	0	0	0	3
173	150	0	1.55207871	101324.93	101324.933	101324.929	101324.938	0.00277517186	0.00302219988	0	0	0	0	3
174	151	0	1.56105026	101324.93	101324.933	101324.929	101324.938	0.00260536314	0.00302219988	0	0	0	0	3
175	152	0	1.57002182	101324.93	101324.933	101324.93	101324.938	0.00244997961	0.00302219988	0	0	0	0	3
176	153	0	1.57899337	101324.93	101324.933	101324.93	101324.938	0.0023209839	0.00302219988	0	0	0	0	3
177	153	0	1.58796492	101324.93	101324.933	101324.93	101324.938	0.00219674078	0.00302219988	0	0	0	0	3
178	154	0	1.59693648	101324.929	101324.933	101324.929	101324.938	0.00207866328	0.00302219988	0	0	0	0	3
179	155	0	1.60590803	101324.929	101324.933	101324.929	101324.938	0.00196043696	0.00302219988	0	0	0	0	3
180	156	0	1.61487958	101324.929	101324.933	101324.929	101324.938	0.00185687884	0.00302219988	0	0	0	0	3
181	157	0	1.62385113	101324.927	101324.933	101324.927	101324.938	0.00175802353	0.00302219988	0	0	0	0	3
182	157	0	1.63282269	101324.927	101324.933	101324.927	101324.938	0.00165495044	0.00302219988	0	0	0	0	3
183	158	0	1.64179424	101324.926	101324.933	101324.926	101324.938	0.0015440822	0.00302219988	0	0	0	0	3
184	159	0	1.65076579	101324.925	101324.932	101324.925	101324.938	0.0014238126	0.00302219988	0	0	0	0	3
185	160	0	1.65973735	101324.927	101324.932	101324.925	101324.938	0.00128981573	0.00302219988	0	0	0	0	3
186	161	0	1.6687089	101324.929	101324.932	101324.925	101324.938	0.00114601289	0.00302219988	0	0	0	0	3
187	161	0	1.67768045	101324.931	101324.932	101324.925	101324.938	0.000996800867	0.00302219988	0	0	0	0	3
188	162	0	1.68665201	101324.933	101324.932	101324.925	101324.938	0.00088071404	0.00302219988	0	0	0	0	3
189	163	0	1.69562356	101324.933	101324.932	101324.925	101324.938	0.00088071404	0.00302219988	0	0	0	0	3
190	164	0	1.70459511	101324.932	101324.932	101324.925	101324.938	0.00088071404	0.00302219988	0	0	0	0	3
191	165	0	1.71356667	101324.932	101324.932	101324.925	101324.938	0.00088071404	0.00302219988	0	0	0	0	3
192	165	0	1.72253822	101324.931	101324.932	101324.925	101324.938	0.00088071404	0.00302219988	0	0	0	0	3
193	166	0	1.73150977	101324.931	101324.932	101324.925	101324.938	0.00088071404	0.00302219988	0	0	0	0	3
194	167	0	1.74048133	101324.931	101324.932	101324.925	101324.938	0.00088071404	0.00302219988	0	0	0	0	3
195	168	0	1.74945288	101324.932	101324.932	101324.925	101324.938	0.00088071404	0.00302219988	0	0	0	0	3
196	169	0	1.75842443	101324.933	101324.932	101324.925	101324.938	0.00088071404	0.00302219988	0	0	0	0	3
197	169	0	1.76739599	101324.933	101324.932	101324.925	101324.938	0.000890124065	0.00302219988	0	0	0	0	3
198	170	0	1.77636754	101324.933	101324.932	101324.925	101324.938	0.000909826762	0.00302219988	0	0	0	0	3
199	171	0	1.78533909	101324.932	101324.932	101324.925	101324.938	0.000909826762	0.00302219988	0	0	0	0	3
200	172	0	1.79431065	101324.932	101324.932	101324.925	101324.938	0.000909826762	0.00302219988	0	0	0	0	3
201	176	0	1.8032822	101324.932	101324.932	101324.925	101324.938	0.000926790846	0.00302219988	0	0	0	0	3
202	177	0	1.81225375	101324.933	101324.932	101324.925	101324.938	0.00097076816	0.00302219988	0	0	0	0	3
203	178	0	1.82122531	101324.934	101324.932	101324.925	101324.938	0.00102059256	0.00302219988	0	0	0	0	3
204	179	0	1.83019686	101324.935	101324.932	101324.925	101324.938	0.00105242227	0.00302219988	0	0	0	0	3
205	179	0	1.83916841	101324.935	101324.932	101324.925	101324.938	0.00105865893	0.00302219988	0	0	0	0	3
206	180	0	1.84813997	101324.934	101324.932	101324.925	101324.938	0.00105865893	0.00302219988	0	0	0	0	3
207	181	0	1.85711152	101324.933	101324.932	101324.925	101324.938	0.00105865893	0.00302219988	0	0	0	0	3
208	182	0	1.86608307	101324.932	101324.932	101324.925	101324.938	0.00105865893	0.00302219988	0	0	0	0	3
209	183	0	1.87505463	101324.931	101324.932	101324.925	101324.938	0.00105865893	0.00302219988	0	0	0	0	3
210	183	0	1.88402618	101324.931	101324.932	101324.925	101324.938	0.00110254598	0.00302219988	0	0	0	0	3
211	184	0	1.89299773	101324.932	101324.932	101324.925	101324.938	0.00119551049	0.00302219988	0	0	0	0	3
212	185	0	1.90196928	101324.933	101324.932	101324.925	101324.938	0.00129727168	0.00302219988	0	0	0	0	3
213	186	0	1.91094084	101324.932	101324.932	101324.925	101324.938	0.00140498891	0.00302219988	0	0	0	0	3
214	186	0	1.91991239	101324.933	101324.932	101324.925	101324.936	0.00148904799	0.00302219988	0	0	0	0	3
215	187	0	1.92888394	101324.932	101324.932	101324.925	101324.935	0.00155955993	0.00302219988	0	0	0	0	3
216	188	0	1.9378555	101324.932	101324.931	101324.925	101324.935	0.00161795416	0.00302219988	0	0	0	0	3
217	189	0	1.94682705	101324.932	101324.931	101324.925	101324.935	0.00167080575	0.00302219988	0	0	0	0	3
218	190	0	1.9557986	101324.932	101324.931	101324.925	101324.935	0.00172295842	0.00302219988	0	0	0	0	3
219	190	0	1.96477016	101324.931	101324.931	101324.925	101324.935	0.00177964009	0.00302219988	0	0	0	0	3
220	191	0	1.97374171	101324.931	101324.931	101324.925	101324.935	0.00183742211	0.00302219988	0	0	0	0	3
221	192	0	1.98271326	101324.931	101324.931	101324.925	101324.935	0.00189944616	0.00302219988	0	0	0	0	3
222	193	0	1.99168482	101324.93	101324.931	101324.925	101324.935	0.00196345912	0.00302219988	0	0	0	0	3
223	194	0	2.00065637	101324.929	101324.931	101324.925	101324.935	0.00202483055	0.00302219988	0	0	0	0	3
224	194	0	2.00962792	101324.929	101324.931	101324.925	101324.935	0.00206250012	0.00302219988	0	0	0	0	3
225	195	0	2.01859948	101324.929	101324.931	101324.925	101324.935	0.00206930768	0.00302219988	0	0	0	0	3
226	196	0	2.02757103	101324.929	101324.931	101324.925	101324.935	0.00207879818	0.00302219988	0	0	0	0	3
227	197	0	2.03654258	101324.928	101324.931	101324.925	101324.935	0.0021137096	0.00302219988	0	0	0	0	3
228	197	0	2.04551414	101324.928	101324.931	101324.925	101324.935	0.00214729732	0.00302219988	0	0	0	0	3
229	198	0	2.05448569	101324.928	101324.931	101324.925	101324.935	0.00218314309	0.00302219988	0	0	0	0	3
230	199	0	2.06345724	101324.929	101324.931	101324.925	101324.935	0.00220609944	0.00302219988	0	0	0	0	3
231	200	0	2.0724288	101324.93	101324.931	101324.925	101324.935	0.00219669924	0.00302219988	0	0	0	0	3
232	201	0	2.08140035	101324.931	101324.931	101324.925	101324.935	0.00214053418	0.00302219988	0	0	0	0	3
233	201	0	2.0903719	101324.931	101324.931	101324.925	101324.935	0.00206448902	0.00302219988	0	0	0	0	3
234	202	0	2.09934346	101324.931	101324.931	101324.925	101324.935	0.00199861945	0.00302219988	0	0	0	0	3
235	203	0	2.10831501	101324.93	101324.931	101324.925	101324.935	0.00194339166	0.00302219988	0	0	0	0	3
236	204	0	2.11728656	101324.929	101324.931	101324.925	101324.935	0.00188409582	0.00302219988	0	0	0	0	3
237	205	0	2.12625812	101324.93	101324.931	101324.925	101324.935	0.00182463136	0.00302219988	0	0	0	0	3
238	205	0	2.13522967	101324.931	101324.931	101324.925	101324.935	0.00175101205	0.00302219988	0	0	0	0	3
239	206	0	2.14420122	101324.932	101324.931	101324.925	101324.935	0.00166050429	0.00302219988	0	0	0	0	3
240	207	0	2.15317278	101324.933	101324.931	101324.927	101324.935	0.00165213943	0.00302219988	0	0	0	0	3
241	208	0	2.16214433	101324.934	101324.931	101324.928	101324.935	0.00165213943	0.00302219988	0	0	0	0	3
242	209	0	2.17111588	101324.933	101324.931	101324.928	101324.935	0.00165213943	0.00302219988	0	0	0	0	3
243	209	0	2.18008744	101324.932	101324.931	101324.928	101324.935	0.00165213943	0.00302219988	0	0	0	0	3
244	210	0	2.18905899	101324.931	101324.931	101324.928	101324.935	0.00165213943	0.00302219988	0	0	0	0	3
245	211	0	2.19803054	101324.931	101324.931	101324.928	101324.935	0.00165213943	0.00302219988	0	0	0	0	3
246	212	0	2.20700209	101324.93	101324.931	101324.928	101324.935	0.00165213943	0.00302219988	0	0	0	0	3
247	212	0	2.21597365	101324.93	101324.931	101324.928	101324.935	0.00164274084	0.00302219988	0	0	0	0	3
248	213	0	2.2249452	101324.931	101324.931	101324.928	101324.935	0.00160740297	0.00302219988	0	0	0	0	3
249	214	0	2.23391675	101324.931	101324.931	101324.928	101324.935	0.0015555065	0.00302219988	0	0	0	0	3
250	215	0	2.24288831	101324.931	101324.931	101324.928	101324.935	0.00149713438	0.00302219988	0	0	0	0	3
251	216	0	2.25185986	101324.93	101324.931	101324.928	101324.935	0.00145019383	0.00302219988	0	0	0	0	3
252	216	0	2.26083141	101324.928	101324.931	101324.928	101324.935	0.00140823757	0.00302219988	0	0	0	0	3
253	217	0	2.26980297	101324.927	101324.931	101324.927	101324.935	0.00139393107	0.00302219988	0	0	0	0	3
254	218	0	2.27877452	101324.926	101324.931	101324.926	101324.935	0.00139393107	0.00302219988	0	0	0	0	3
255	219	0	2.28774607	101324.926	101324.931	101324.926	101324.935	0.00139393107	0.00302219988	0	0	0	0	3
256	220	0	2.29671763	101324.927	101324.931	101324.926	101324.935	0.00138942985	0.00302219988	0	0	0	0	3
257	220	0	2.30568918	101324.928	101324.931	101324.926	101324.935	0.00141058688	0.00302219988	0	0	0	0	3
258	221	0	2.31466073	101324.929	101324.931	101324.926	101324.935	0.00144133159	0.00302219988	0	0	0	0	3
259	222	0	2.32363229	101324.928	101324.931	101324.926	101324.935	0.00154647406	0.00302219988	0	0	0	0	3
260	223	0	2.33260384	101324.926	101324.93	101324.926	101324.935	0.00169202937	0.00302219988	0	0	0	0	3
261	223	0	2.34157539	101324.924	101324.93	101324.924	101324.934	0.00187596897	0.00302219988	0	0	0	0	3
262	224	0	2.35054695	101324.923	101324.93	101324.923	101324.934	0.00207643463	0.00302219988	0	0	0	0	3
263	225	0	2.3595185	101324.923	101324.93	101324.923	101324.934	0.00224431393	0.00302219988	0	0	0	0	3
264	226	0	2.36849005	101324.926	101324.93	101324.923	101324.934	0.00232526816	0.00302219988	0	0	0	0	3
265	227	0	2.37746161	101324.929	101324.93	101324.923	101324.934	0.00231357728	0.00302219988	0	0	0	0	3
266	227	0	2.38643316	101324.93	101324.93	101324.923	101324.934	0.00224012868	0.00302219988	0	0	0	0	3
267	228	0	2.39540471	101324.931	101324.93	101324.923	101324.934	0.00215745285	0.00302219988	0	0	0	0	3
268	229	0	2.40437627	101324.93	101324.93	101324.923	101324.934	0.00209932047	0.00302219988	0	0	0	0	3
269	230	0	2.41334782	101324.928	101324.93	101324.923	101324.934	0.00208647411	0.00302219988	0	0	0	0	3
270	231	0	2.42231937	101324.927	101324.929	101324.923	101324.934	0.00212656723	0.00302219988	0	0	0	0	3
271	231	0	2.43129093	101324.925	101324.929	101324.923	101324.934	0.00219170432	0.00302219988	0	0	0	0	3
272	232	0	2.44026248	101324.926	101324.929	101324.923	101324.934	0.00228760231	0.00302219988	0	0	0	0	3
273	233	0	2.44923403	101324.929	101324.929	101324.923	101324.934	0.00233662495	0.00302219988	0	0	0	0	3
274	234	0	2.45820559	101324.932	101324.929	101324.923	101324.934	0.00233662495	0.00302219988	0	0	0	0	3
275	235	0	2.46717714	101324.933	101324.929	101324.923	101324.934	0.00233662495	0.00302219988	0	0	0	0	3
276	235	0	2.47614869	101324.932	101324.929	101324.923	101324.934	0.00233662495	0.00302219988	0	0	0	0	3
277	236	0	2.48512024	101324.93	101324.929	101324.923	101324.934	0.00233662495	0.00302219988	0	0	0	0	3
278	237	0	2.4940918	101324.929	101324.929	101324.923	101324.934	0.00233662495	0.00302219988	0	0	0	0	3
279	238	0	2.50306335	101324.928	101324.929	101324.923	101324.934	0.00233662495	0.00302219988	0	0	0	0	3
280	239	0	2.5120349	101324.929	101324.929	101324.923	101324.934	0.00233749638	0.00302219988	0	0	0	0	3
281	239	0	2.52100646	101324.93	101324.929	101324.923	101324.934	0.00233749638	0.00302219988	0	0	0	0	3
282	240	0	2.52997801	101324.932	101324.929	101324.923	101324.934	0.00233749638	0.00302219988	0	0	0	0	3
283	241	0	2.53894956	101324.933	101324.929	101324.923	101324.934	0.00233749638	0.00302219988	0	0	0	0	3
284	242	0	2.54792112	101324.932	101324.929	101324.923	101324.934	0.00233749638	0.00302219988	0	0	0	0	3
285	242	0	2.55689267	101324.93	101324.929	101324.923	101324.934	0.00233749638	0.00302219988	0	0	0	0	3
286	243	0	2.56586422	101324.927	101324.929	101324.923	101324.934	0.00233749638	0.00302219988	0	0	0	0	3
287	244	0	2.57483578	101324.925	101324.929	101324.923	101324.934	0.00233749638	0.00302219988	0	0	0	0	3
288	245	0	2.58380733	101324.926	101324.929	101324.923	101324.934	0.00233749638	0.00302219988	0	0	0	0	3
289	246	0	2.59277888	101324.928	101324.929	101324.923	101324.934	0.00233749638	0.00302219988	0	0	0	0	3
290	246	0	2.60175044	101324.931	101324.929	101324.923	101324.934	0.00233749638	0.00302219988	0	0	0	0	3
291	247	0	2.61072199	101324.932	101324.929	101324.923	101324.934	0.00233749638	0.00302219988	0	0	0	0	3
292	248	0	2.61969354	101324.932	101324.929	101324.923	101324.934	0.00233749638	0.00302219988	0	0	0	0	3
293	249	0	2.6286651	101324.93	101324.929	101324.923	101324.934	0.00233749638	0.00302219988	0	0	0	0	3
294	250	0	2.63763665	101324.927	101324.929	101324.923	101324.934	0.00233749638	0.00302219988	0	0	0	0	3
295	250	0	2.6466082	101324.925	101324.929	101324.923	101324.934	0.00241843688	0.00302219988	0	0	0	0	3
296	251	0	2.65557976	101324.926	101324.929	101324.923	101324.934	0.00254254913	0.00302219988	0	0	0	0	3
297	252	0	2.66455131	101324.929	101324.929	101324.923	101324.933	0.00262229257	0.00302219988	0	0	0	0	3
298	253	0	2.67352286	101324.933	101324.929	101324.923	101324.933	0.00262229257	0.00302219988	0	0	0	0	3
299	254	0	2.68249442	101324.935	101324.929	101324.923	101324.935	0.00259389402	0.00302219988	0	0	0	0	3
300	254	0	2.69146597	101324.935	101324.929	101324.923	101324.935	0.00255664148	0.00302219988	0	0	0	0	3
301	259	0	2.70043752	101324.933	101324.929	101324.923	101324.935	0.00251848558	0.00302219988	0	0	0	0	3
302	260	0	2.70940908	101324.93	101324.929	101324.923	101324.935	0.0024932673	0.00302219988	0	0	0	0	3
303	261	0	2.71838063	101324.928	101324.929	101324.923	101324.935	0.00248926783	0.00302219988	0	0	0	0	3
304	262	0	2.72735218	101324.927	101324.929	101324.923	101324.935	0.00248926783	0.00302219988	0	0	0	0	3
305	262	0	2.73632374	101324.927	101324.929	101324.923	101324.935	0.00249817828	0.00302219988	0	0	0	0	3
306	263	0	2.74529529	101324.928	101324.929	101324.923	101324.935	0.00250074698	0.00302219988	0	0	0	0	3
307	264	0	2.75426684	101324.93	101324.929	101324.923	101324.935	0.00241111498	0.00302219988	0	0	0	0	3
308	265	0	2.7632384	101324.931	101324.929	101324.923	101324.935	0.00230548657	0.00302219988	0	0	0	0	3
309	265	0	2.77220995	101324.932	101324.929	101324.923	101324.935	0.00218934842	0.00302219988	0	0	0	0	3
310	266	0	2.7811815	101324.931	101324.929	101324.923	101324.935	0.0020874044	0.00302219988	0	0	0	0	3
311	267	0	2.79015305	101324.93	101324.929	101324.923	101324.935	0.00200543388	0.00302219988	0	0	0	0	3
312	268	0	2.79912461	101324.929	101324.929	101324.923	101324.935	0.00194029954	0.00302219988	0	0	0	0	3
313	269	0	2.80809616	101324.928	101324.929	101324.923	101324.935	0.00186515281	0.00302219988	0	0	0	0	3
314	269	0	2.81706771	101324.928	101324.929	101324.923	101324.935	0.00176001035	0.00302219988	0	0	0	0	3
315	270	0	2.82603927	101324.928	101324.929	101324.923	101324.935	0.00161445503	0.00302219988	0	0	0	0	3
316	271	0	2.83501082	101324.928	101324.929	101324.923	101324.935	0.00143051543	0.00302219988	0	0	0	0	3
317	272	0	2.84398237	101324.928	101324.929	101324.923	101324.935	0.00123004978	0.00302219988	0	0	0	0	3
318	273	0	2.85295393	101324.928	101324.929	101324.923	101324.935	0.00106217047	0.00302219988	0	0	0	0	3
319	273	0	2.86192548	101324.928	101324.929	101324.925	101324.935	0.000955230527	0.00302219988	0	0	0	0	3
320	274	0	2.87089703	101324.927	101324.929	101324.925	101324.935	0.000905531313	0.00302219988	0	0	0	0	3
321	275	0	2.87986859	101324.926	101324.929	101324.925	101324.935	0.000886015405	0.00302219988	0	0	0	0	3
322	276	0	2.88884014	101324.926	101324.929	101324.925	101324.935	0.000866930044	0.00302219988	0	0	0	0	3
323	277	0	2.89781169	101324.926	101324.929	101324.925	101324.935	0.000817345193	0.00302219988	0	0	0	0	3
324	277	0	2.90678325	101324.926	101324.929	101324.925	101324.935	0.000746132471	0.00302219988	0	0	0	0	3
325	278	0	2.9157548	101324.926	101324.929	101324.925	101324.935	0.000648946865	0.00302219988	0	0	0	0	3
326	279	0	2.92472635	101324.926	101324.929	101324.925	101324.935	0.000648946865	0.00302219988	0	0	0	0	3
327	280	0	2.93369791	101324.927	101324.929	101324.925	101324.935	0.000648946865	0.00302219988	0	0	0	0	3
328	280	0	2.94266946	101324.928	101324.929	101324.925	101324.935	0.000648946865	0.00302219988	0	0	0	0	3
329	281	0	2.95164101	101324.928	101324.929	101324.925	101324.935	0.000648946865	0.00302219988	0	0	0	0	3
330	282	0	2.96061257	101324.929	101324.929	101324.925	101324.935	0.000648946865	0.00302219988	0	0	0	0	3
331	283	0	2.96958412	101324.929	101324.929	101324.925	101324.935	0.000648946865	0.00302219988	0	0	0	0	3
332	284	0	2.97855567	101324.929	101324.929	101324.925	101324.935	0.000648946865	0.00302219988	0	0	0	0	3
333	284	0	2.98752723	101324.929	101324.929	101324.925	101324.935	0.000648946865	0.00302219988	0	0	0	0	3
334	285	0	2.99649878	101324.929	101324.929	101324.925	101324.935	0.000648946865	0.00302219988	0	0	0	0	3
335	286	0	3.00547033	101324.929	101324.929	101324.925	101324.935	0.000648946865	0.00302219988	0	0	0	0	3
336	287	0	3.01444189	101324.929	101324.929	101324.925	101324.935	0.000648946865	0.00302219988	0	0	0	0	3
337	288	0	3.02341344	101324.928	101324.929	101324.925	101324.935	0.000648946865	0.00302219988	0	0	0	0	3
338	288	0	3.03238499	101324.927	101324.929	101324.925	101324.935	0.000648946865	0.00302219988	0	0	0	0	3
339	289	0	3.04135655	101324.925	101324.929	101324.925	101324.935	0.000733254987	0.00302219988	0	0	0	0	3
340	290	0	3.0503281	101324.925	101324.929	101324.925	101324.935	0.000871641227	0.00302219988	0	0	0	0	3
341	291	0	3.05929965	101324.926	101324.928	101324.925	101324.935	0.000919352533	0.00302219988	0	0	0	0	3
342	292	0	3.0682712	101324.927	101324.928	101324.925	101324.935	0.000919352533	0.00302219988	0	0	0	0	3
343	293	0	3.07724276	101324.927	101324.929	101324.925	101324.935	0.000919352533	0.00302219988	0	0	0	0	3
344	293	0	3.08621431	101324.926	101324.929	101324.925	101324.935	0.000919352533	0.00302219988	0	0	0	0	3
345	294	0	3.09518586	101324.925	101324.928	101324.925	101324.935	0.000928255162	0.00302219988	0	0	0	0	3
346	295	0	3.10415742	101324.927	101324.928	101324.925	101324.935	0.000998137737	0.00302219988	0	0	0	0	3
347	296	0	3.11312897	101324.929	101324.928	101324.925	101324.935	0.0010518163	0.00302219988	0	0	0	0	3
348	297	0	3.12210052	101324.931	101324.928	101324.925	101324.935	0.00105676857	0.00302219988	0	0	0	0	3
349	298	0	3.13107208	101324.933	101324.928	101324.925	101324.935	0.00105676857	0.00302219988	0	0	0	0	3
350	298	0	3.14004363	101324.934	101324.929	101324.925	101324.935	0.00105676857	0.00302219988	0	0	0	0	3
351	299	0	3.14901518	101324.934	101324.929	101324.925	101324.935	0.00105676857	0.00302219988	0	0	0	0	3
352	300	0	3.15798674	101324.933	101324.929	101324.925	101324.935	0.00105676857	0.00302219988	0	0	0	0	3
353	301	0	3.16695829	101324.931	101324.929	101324.925	101324.935	0.00105676857	0.00302219988	0	0	0	0	3
354	302	0	3.17592984	101324.929	101324.929	101324.925	101324.935	0.00105676857	0.00302219988	0	0	0	0	3
355	302	0	3.1849014	101324.927	101324.929	101324.925	101324.935	0.00105676857	0.00302219988	0	0	0	0	3
356	303	0	3.19387295	101324.929	101324.929	101324.925	101324.934	0.00105676857	0.00302219988	0	0	0	0	3
357	304	0	3.2028445	101324.932	101324.929	101324.925	101324.934	0.00105676857	0.00302219988	0	0	0	0	3
358	305	0	3.21181606	101324.935	101324.929	101324.925	101324.935	0.00105676857	0.00302219988	0	0	0	0	3
359	306	0	3.22078761	101324.936	101324.929	101324.925	101324.936	0.00105676857	0.00302219988	0	0	0	0	3
360	306	0	3.22975916	101324.936	101324.929	101324.925	101324.936	0.00105676857	0.00302219988	0	0	0	0	3
361	307	0	3.23873072	101324.935	101324.929	101324.925	101324.936	0.00105676857	0.00302219988	0	0	0	0	3
362	308	0	3.24770227	101324.933	101324.929	101324.925	101324.936	0.00105676857	0.00302219988	0	0	0	0	3
363	309	0	3.25667382	101324.931	101324.929	101324.925	101324.936	0.00105676857	0.00302219988	0	0	0	0	3
364	310	0	3.26564538	101324.931	101324.929	101324.925	101324.936	0.00105676857	0.00302219988	0	0	0	0	3
365	311	0	3.27461693	101324.932	101324.929	101324.925	101324.936	0.00105676857	0.00302219988	0	0	0	0	3
366	311	0	3.28358848	101324.934	101324.929	101324.925	101324.936	0.00105676857	0.00302219988	0	0	0	0	3
367	312	0	3.29256004	101324.935	101324.929	101324.925	101324.936	0.00105676857	0.00302219988	0	0	0	0	3
368	313	0	3.30153159	101324.936	101324.929	101324.925	101324.936	0.00105676857	0.00302219988	0	0	0	0	3
369	314	0	3.31050314	101324.935	101324.93	101324.925	101324.936	0.00117316695	0.00302219988	0	0	0	0	3
370	315	0	3.3194747	101324.933	101324.93	101324.925	101324.936	0.00126290438	0.00302219988	0	0	0	0	3
371	315	0	3.32844625	101324.931	101324.93	101324.925	101324.936	0.00132312356	0.00302219988	0	0	0	0	3
372	316	0	3.3374178	101324.93	101324.93	101324.925	101324.936	0.00135319405	0.00302219988	0	0	0	0	3
373	317	0	3.34638936	101324.93	101324.93	101324.925	101324.936	0.00137433839	0.00302219988	0	0	0	0	3
374	318	0	3.35536091	101324.93	101324.93	101324.925	101324.936	0.00140264195	0.00302219988	0	0	0	0	3
375	319	0	3.36433246	101324.93	101324.93	101324.925	101324.936	0.00144944529	0.00302219988	0	0	0	0	3
376	319	0	3.37330401	101324.931	101324.93	101324.925	101324.936	0.00151902906	0.00302219988	0	0	0	0	3
377	320	0	3.38227557	101324.931	101324.93	101324.925	101324.936	0.00159267979	0.00302219988	0	0	0	0	3
378	321	0	3.39124712	101324.93	101324.93	101324.925	101324.936	0.0016715645	0.00302219988	0	0	0	0	3
379	322	0	3.40021867	101324.93	101324.93	101324.925	101324.936	0.00174295259	0.00302219988	0	0	0	0	3
380	323	0	3.40919023	101324.93	101324.93	101324.925	101324.936	0.00180761088	0.00302219988	0	0	0	0	3
381	323	0	3.41816178	101324.93	101324.93	101324.925	101324.936	0.00186670743	0.00302219988	0	0	0	0	3
382	324	0	3.42713333	101324.93	101324.93	101324.925	101324.936	0.00193309592	0.00302219988	0	0	0	0	3
383	325	0	3.43610489	101324.93	101324.93	101324.925	101324.936	0.00199890084	0.00302219988	0	0	0	0	3
384	326	0	3.44507644	101324.93	101324.93	101324.925	101324.936	0.00204497726	0.00302219988	0	0	0	0	3
385	327	0	3.45404799	101324.93	101324.93	101324.925	101324.936	0.00206799011	0.00302219988	0	0	0	0	3
386	328	0	3.46301955	101324.929	101324.93	101324.925	101324.936	0.00206799011	0.00302219988	0	0	0	0	3
387	328	0	3.4719911	101324.928	101324.93	101324.925	101324.936	0.00206799011	0.00302219988	0	0	0	0	3
388	329	0	3.48096265	101324.928	101324.93	101324.925	101324.936	0.00206799011	0.00302219988	0	0	0	0	3
389	330	0	3.48993421	101324.929	101324.93	101324.925	101324.936	0.00206799011	0.00302219988	0	0	0	0	3
390	331	0	3.49890576	101324.93	101324.93	101324.925	101324.936	0.00206799011	0.00302219988	0	0	0	0	3
391	332	0	3.50787731	101324.931	101324.93	101324.925	101324.936	0.00207704688	0.00302219988	0	0	0	0	3
392	332	0	3.51684887	101324.931	101324.93	101324.925	101324.936	0.00211542398	0.00302219988	0	0	0	0	3
393	333	0	3.52582042	101324.931	101324.931	101324.925	101324.936	0.00216663694	0.00302219988	0	0	0	0	3
394	334	0	3.53479197	101324.93	101324.931	101324.925	101324.936	0.0022196639	0.00302219988	0	0	0	0	3
395	335	0	3.54376353	101324.928	101324.931	101324.925	101324.936	0.00226533767	0.00302219988	0	0	0	0	3
396	336	0	3.55273508	101324.926	101324.931	101324.925	101324.936	0.00229037995	0.00302219988	0	0	0	0	3
397	336	0	3.56170663	101324.925	101324.931	101324.925	101324.936	0.00229037995	0.00302219988	0	0	0	0	3
398	337	0	3.57067819	101324.926	101324.931	101324.925	101324.936	0.00229037995	0.00302219988	0	0	0	0	3
399	338	0	3.57964974	101324.928	101324.931	101324.925	101324.936	0.00229037995	0.00302219988	0	0	0	0	3
400	339	0	3.58862129	101324.931	101324.931	101324.925	101324.936	0.00235987065	0.00302219988	0	0	0	0	3
401	343	0	3.59759285	101324.933	101324.931	101324.925	101324.936	0.0024911669	0.00302219988	0	0	0	0	3
402	344	0	3.6065644	101324.933	101324.931	101324.925	101324.936	0.00260768605	0.00302219988	0	0	0	0	3
403	345	0	3.61553595	101324.933	101324.931	101324.925	101324.936	0.00267617969	0.00302219988	0	0	0	0	3
404	346	0	3.62450751	101324.932	101324.931	101324.925	101324.936	0.00262061103	0.00302219988	0	0	0	0	3
405	346	0	3.63347906	101324.93	101324.931	101324.925	101324.936	0.00251728798	0.00302219988	0	0	0	0	3
406	347	0	3.64245061	101324.93	101324.931	101324.925	101324.936	0.00251728798	0.00302219988	0	0	0	0	3
407	348	0	3.65142216	101324.931	101324.931	101324.925	101324.936	0.00251728798	0.00302219988	0	0	0	0	3
408	349	0	3.66039372	101324.933	101324.931	101324.925	101324.936	0.00251728798	0.00302219988	0	0	0	0	3
409	350	0	3.66936527	101324.934	101324.931	101324.925	101324.936	0.00251728798	0.00302219988	0	0	0	0	3
410	350	0	3.67833682	101324.934	101324.931	101324.925	101324.936	0.00251728798	0.00302219988	0	0	0	0	3
411	351	0	3.68730838	101324.933	101324.931	101324.925	101324.936	0.00256870428	0.00302219988	0	0	0	0	3
412	352	0	3.69627993	101324.931	101324.931	101324.925	101324.936	0.00261059044	0.00302219988	0	0	0	0	3
413	353	0	3.70525148	101324.929	101324.931	101324.925	101324.936	0.00253458897	0.00302219988	0	0	0	0	3
414	354	0	3.71422304	101324.929	101324.931	101324.925	101324.936	0.00239005296	0.00302219988	0	0	0	0	3
415	354	0	3.72319459	101324.932	101324.931	101324.925	101324.936	0.00223004396	0.00302219988	0	0	0	0	3
416	355	0	3.73216614	101324.934	101324.931	101324.925	101324.936	0.00209483983	0.00302219988	0	0	0	0	3
417	356	0	3.7411377	101324.936	101324.931	101324.925	101324.936	0.00200955919	0.00302219988	0	0	0	0	3
418	357	0	3.75010925	101324.936	101324.931	101324.925	101324.936	0.00198707603	0.00302219988	0	0	0	0	3
419	358	0	3.7590808	101324.935	101324.931	101324.925	101324.936	0.00198707603	0.00302219988	0	0	0	0	3
420	359	0	3.76805236	101324.934	101324.931	101324.925	101324.936	0.00198608293	0.00302219988	0	0	0	0	3
421	359	0	3.77702391	101324.932	101324.931	101324.925	101324.936	0.00194077326	0.00302219988	0	0	0	0	3
422	360	0	3.78599546	101324.931	101324.931	101324.925	101324.936	0.00184667457	0.00302219988	0	0	0	0	3
423	361	0	3.79496702	101324.932	101324.931	101324.925	101324.936	0.00171711651	0.00302219988	0	0	0	0	3
424	362	0	3.80393857	101324.933	101324.931	101324.925	101324.936	0.00159986806	0.00302219988	0	0	0	0	3
425	363	0	3.81291012	101324.935	101324.931	101324.925	101324.936	0.00151013063	0.00302219988	0	0	0	0	3
426	364	0	3.82188168	101324.936	101324.931	101324.925	101324.936	0.00144991145	0.00302219988	0	0	0	0	3
427	364	0	3.83085323	101324.936	101324.931	101324.925	101324.936	0.00141984096	0.00302219988	0	0	0	0	3
428	365	0	3.83982478	101324.935	101324.931	101324.925	101324.936	0.00143015072	0.00302219988	0	0	0	0	3
429	366	0	3.84879634	101324.933	101324.931	101324.925	101324.936	0.0014719054	0.00302219988	0	0	0	0	3
430	367	0	3.85776789	101324.932	101324.931	101324.925	101324.936	0.00145902453	0.00302219988	0	0	0	0	3
431	368	0	3.86673944	101324.931	101324.931	101324.925	101324.936	0.00139497081	0.00302219988	0	0	0	0	3
432	368	0	3.875711	101324.93	101324.931	101324.925	101324.936	0.00132132007	0.00302219988	0	0	0	0	3
433	369	0	3.88468255	101324.93	101324.931	101324.925	101324.936	0.00124243536	0.00302219988	0	0	0	0	3
434	370	0	3.8936541	101324.93	101324.931	101324.925	101324.936	0.00117104728	0.00302219988	0	0	0	0	3
435	371	0	3.90262566	101324.93	101324.931	101324.925	101324.936	0.00110638898	0.00302219988	0	0	0	0	3
436	372	0	3.91159721	101324.931	101324.931	101324.925	101324.936	0.00104729243	0.00302219988	0	0	0	0	3
437	372	0	3.92056876	101324.931	101324.931	101324.925	101324.936	0.000990980421	0.00302219988	0	0	0	0	3
438	373	0	3.92954032	101324.931	101324.931	101324.925	101324.936	0.000941844875	0.00302219988	0	0	0	0	3
439	374	0	3.93851187	101324.931	101324.931	101324.925	101324.936	0.000919134778	0.00302219988	0	0	0	0	3
440	375	0	3.94748342	101324.93	101324.931	101324.925	101324.936	0.000919134778	0.00302219988	0	0	0	0	3
441	376	0	3.95645497	101324.929	101324.931	101324.925	101324.936	0.000919134778	0.00302219988	0	0	0	0	3
