Iteration	CPUTime	PhysTime	Travels	Value	AvValue	MinValue	MaxValue	Delta	Criteria	PrevAvRefValue	Progress	CriteriaType	CriteriaVarType	CriteriaPercentage
1	6	0	0.00897155323	0.0367011299	0.0367011299	0.0367011299	0.0367011299	0	0	0	0	0	0	3
2	7	0	0.0179431065	0.0106758785	0.0236885042	0.0106758785	0.0367011299	0.0130126257	0	0	0	0	0	3
3	8	0	0.0269146597	0.00662377104	0.0180002598	0.00662377104	0.0367011299	0.0187008701	0	0	0	0	0	3
4	9	0	0.0358862129	0.00447721351	0.0146194982	0.00447721351	0.0367011299	0.0220816316	0	0	0	0	0	3
5	10	0	0.0448577662	0.00463474438	0.0126225475	0.00447721351	0.0367011299	0.0240785824	0	0	0	0	0	3
6	10	0	0.0538293194	0.00440046935	0.0112522011	0.00440046935	0.0367011299	0.0254489287	0	0	0	0	0	3
7	11	0	0.0628008726	0.00439201842	0.010272175	0.00439201842	0.0367011299	0.0264289548	0	0	0	0	0	3
8	12	0	0.0717724258	0.00436517207	0.00953379964	0.00436517207	0.0367011299	0.0271673302	0	0	0	0	0	3
9	13	0	0.0807439791	0.00455901672	0.00898104598	0.00436517207	0.0367011299	0.0277200839	0	0	0	0	0	3
10	14	0	0.0897155323	0.00502468964	0.00858541035	0.00436517207	0.0367011299	0.0281157195	0	0	0	0	0	3
11	15	0	0.0986870855	0.0047913032	0.00824049152	0.00436517207	0.0367011299	0.0284606383	0	0	0	0	0	3
12	15	0	0.107658639	0.00485083051	0.00795801976	0.00436517207	0.0367011299	0.0287431101	0	0	0	0	0	3
13	16	0	0.116630192	0.00447802319	0.00769032772	0.00436517207	0.0367011299	0.0290108021	0	0	0	0	0	3
14	17	0	0.125601745	0.00454060909	0.00746534782	0.00436517207	0.0367011299	0.029235782	0	0	0	0	0	3
15	18	0	0.134573298	0.00438721871	0.00726013921	0.00436517207	0.0367011299	0.0294409906	0	0	0	0	0	3
16	18	0	0.143544852	0.00440686863	0.0070818098	0.00436517207	0.0367011299	0.0296193201	0	0	0	0	0	3
17	19	0	0.152516405	0.00431305337	0.00691894177	0.00431305337	0.0367011299	0.0297821881	0	0	0	0	0	3
18	20	0	0.161487958	0.00446953264	0.00678286349	0.00431305337	0.0367011299	0.0299182664	0	0	0	0	0	3
19	21	0	0.170459511	0.00442183339	0.00665859875	0.00431305337	0.0367011299	0.0300425311	0	0	0	0	0	3
20	22	0	0.179431065	0.00458663399	0.00655500051	0.00431305337	0.0367011299	0.0301461293	0	0	0	0	0	3
21	22	0	0.188402618	0.00459099041	0.00646147622	0.00431305337	0.0367011299	0.0302396536	0	0	0	0	0	3
22	23	0	0.197374171	0.00469286775	0.00638108492	0.00431305337	0.0367011299	0.0303200449	0	0	0	0	0	3
23	24	0	0.206345724	0.00477526895	0.00631126684	0.00431305337	0.0367011299	0.030389863	0	0	0	0	0	3
24	25	0	0.215317278	0.00471703228	0.0062448404	0.00431305337	0.0367011299	0.0304562895	0	0	0	0	0	3
25	25	0	0.224288831	0.00479326277	0.00618677729	0.00431305337	0.0367011299	0.0305143526	0	0	0	0	0	3
26	26	0	0.233260384	0.0047773157	0.00613256723	0.00431305337	0.0367011299	0.0305685626	0	0	0	0	0	3
27	27	0	0.242231937	0.00480892151	0.00608354332	0.00431305337	0.0367011299	0.0306175865	0	0	0	0	0	3
28	28	0	0.25120349	0.00478935272	0.00603732222	0.00431305337	0.0367011299	0.0306638076	0	0	0	0	0	3
29	28	0	0.260175044	0.00481130556	0.00599504579	0.00431305337	0.0367011299	0.0307060841	0	0	0	0	0	3
30	29	0	0.269146597	0.00480096153	0.00595524298	0.00431305337	0.0367011299	0.0307458869	0	0	0	0	0	3
31	30	0	0.27811815	0.00480113819	0.00591801379	0.00431305337	0.0367011299	0.0307831161	0	0	0	0	0	3
32	31	0	0.287089703	0.0047914631	0.00588280908	0.00431305337	0.0367011299	0.0308183208	0	0	0	0	0	3
33	31	0	0.296061257	0.00478647128	0.00584958672	0.00431305337	0.0367011299	0.0308515431	0	0	0	0	0	3
34	32	0	0.30503281	0.00475928732	0.0058175191	0.00431305337	0.0367011299	0.0308836108	0	0	0	0	0	3
35	33	0	0.314004363	0.00475798861	0.0057872468	0.00431305337	0.0367011299	0.0309138831	0	0	0	0	0	3
36	34	0	0.322975916	0.00472366143	0.00575770276	0.00431305337	0.0367011299	0.0309434271	0	0	0	0	0	3
37	35	0	0.33194747	0.00470923447	0.00572936578	0.00431305337	0.0367011299	0.0309717641	0	0	0	0	0	3
38	35	0	0.340919023	0.00467412114	0.00570159618	0.00431305337	0.0367011299	0.0309995337	0	0	0	0	0	3
39	36	0	0.349890576	0.00464476273	0.00567449789	0.00431305337	0.0367011299	0.031026632	0	0	0	0	0	3
40	37	0	0.358862129	0.00462071768	0.00564815338	0.00431305337	0.0367011299	0.0310529765	0	0	0	0	0	3
41	38	0	0.367833682	0.00460577676	0.00562272956	0.00431305337	0.0367011299	0.0310784003	0	0	0	0	0	3
42	39	0	0.376805236	0.00456906378	0.00559764228	0.00431305337	0.0367011299	0.0311034876	0	0	0	0	0	3
43	40	0	0.385776789	0.00454715585	0.00557321236	0.00431305337	0.0367011299	0.0311279175	0	0	0	0	0	3
44	40	0	0.394748342	0.00454208092	0.00554977756	0.00431305337	0.0367011299	0.0311513523	0	0	0	0	0	3
45	41	0	0.403719895	0.00451903064	0.00552687207	0.00431305337	0.0367011299	0.0311742578	0	0	0	0	0	3
46	42	0	0.412691449	0.00448125322	0.00550414123	0.00431305337	0.0367011299	0.0311969886	0	0	0	0	0	3
47	43	0	0.421663002	0.00450207861	0.00548282075	0.00431305337	0.0367011299	0.0312183091	0	0	0	0	0	3
48	43	0	0.430634555	0.00444639308	0.0054612285	0.00431305337	0.0367011299	0.0312399013	0	0	0	0	0	3
49	44	0	0.439606108	0.00447468173	0.0054410949	0.00431305337	0.0367011299	0.031260035	0	0	0	0	0	3
50	45	0	0.448577662	0.00441547465	0.00542058249	0.00431305337	0.0367011299	0.0312805474	0	0	0	0	0	3
51	46	0	0.457549215	0.00443887196	0.00540133326	0.00431305337	0.0367011299	0.0312997966	0	0	0	0	0	3
52	46	0	0.466520768	0.0043700714	0.00538150131	0.00431305337	0.0367011299	0.0313196285	0	0	0	0	0	3
53	47	0	0.475492321	0.00442188019	0.00536339525	0.00431305337	0.0367011299	0.0313377346	0	0	0	0	0	3
54	48	0	0.484463874	0.00434233475	0.00534448672	0.00431305337	0.0367011299	0.0313566431	0	0	0	0	0	3
55	49	0	0.493435428	0.00438730743	0.00532708346	0.00431305337	0.0367011299	0.0313740464	0	0	0	0	0	3
56	50	0	0.502406981	0.00431920358	0.0053090856	0.00431305337	0.0367011299	0.0313920442	0	0	0	0	0	3
57	51	0	0.511378534	0.00435641907	0.00473150148	0.00431305337	0.0106758785	0.0063628251	0	0	0	0	0	3
58	52	0	0.520350087	0.00430606588	0.00461775483	0.00430606588	0.00662377104	0.00231770517	0	0	0	0	0	3
59	54	0	0.529321641	0.00431655859	0.00457655461	0.00430606588	0.00502468964	0.000718623763	0	0	0	0	0	3
60	55	0	0.538293194	0.00428077143	0.00457304671	0.00428077143	0.00502468964	0.000743918206	0	0	0	0	0	3
61	56	0	0.547264747	0.00428596433	0.0045668185	0.00428077143	0.00502468964	0.000743918206	0	0	0	0	0	3
62	57	0	0.5562363	0.00425047043	0.00456413995	0.00425047043	0.00502468964	0.000774219213	0	0	0	0	0	3
63	58	0	0.565207854	0.0042629235	0.00456183468	0.00425047043	0.00502468964	0.000774219213	0	0	0	0	0	3
64	59	0	0.574179407	0.00425528643	0.00455987244	0.00425047043	0.00502468964	0.000774219213	0	0	0	0	0	3
65	60	0	0.58315096	0.00424174157	0.00455420681	0.00424174157	0.00502468964	0.000782948071	0	0	0	0	0	3
66	61	0	0.592122513	0.0042472957	0.00454032477	0.00424174157	0.00485083051	0.000609088944	0	0	0	0	0	3
67	62	0	0.601094066	0.00421532003	0.00453003936	0.00421532003	0.00485083051	0.00063551048	0	0	0	0	0	3
68	63	0	0.61006562	0.00424153269	0.00451915904	0.00421532003	0.00481130556	0.000595985525	0	0	0	0	0	3
69	63	0	0.619037173	0.00420229035	0.00451423524	0.00420229035	0.00481130556	0.000609015205	0	0	0	0	0	3
70	64	0	0.628008726	0.00422325572	0.00450856822	0.00420229035	0.00481130556	0.000609015205	0	0	0	0	0	3
71	65	0	0.636980279	0.00419723264	0.00450517561	0.00419723264	0.00481130556	0.000614072913	0	0	0	0	0	3
72	66	0	0.645951833	0.00423525007	0.00450211099	0.00419723264	0.00481130556	0.000614072913	0	0	0	0	0	3
73	67	0	0.654923386	0.00419911471	0.00450007637	0.00419723264	0.00481130556	0.000614072913	0	0	0	0	0	3
74	67	0	0.663894939	0.00423377394	0.00449586639	0.00419723264	0.00481130556	0.000614072913	0	0	0	0	0	3
75	68	0	0.672866492	0.00420898721	0.00449206557	0.00419723264	0.00481130556	0.000614072913	0	0	0	0	0	3
76	69	0	0.681838046	0.00422549273	0.00448561662	0.00419723264	0.00481130556	0.000614072913	0	0	0	0	0	3
77	70	0	0.690809599	0.00421077306	0.00447882702	0.00419723264	0.00481130556	0.000614072913	0	0	0	0	0	3
78	71	0	0.699781152	0.00423753939	0.00447069616	0.00419723264	0.00481130556	0.000614072913	0	0	0	0	0	3
79	71	0	0.708752705	0.00421216658	0.00446064076	0.00419723264	0.00481130556	0.000614072913	0	0	0	0	0	3
80	72	0	0.717724258	0.00424797601	0.00445226476	0.00419723264	0.00481130556	0.000614072913	0	0	0	0	0	3
81	73	0	0.726695812	0.00421088241	0.00444186511	0.00419723264	0.00481130556	0.000614072913	0	0	0	0	0	3
82	74	0	0.735667365	0.00424408434	0.00443234312	0.00419723264	0.00481130556	0.000614072913	0	0	0	0	0	3
83	75	0	0.744638918	0.0042102358	0.0044216523	0.00419723264	0.00481130556	0.000614072913	0	0	0	0	0	3
84	76	0	0.753610471	0.00423083535	0.00441167878	0.00419723264	0.00481130556	0.000614072913	0	0	0	0	0	3
85	76	0	0.762582025	0.00419931237	0.00440075033	0.00419723264	0.00480113819	0.000603905545	0	0	0	0	0	3
86	77	0	0.771553578	0.00419764401	0.0043899768	0.00419723264	0.00480113819	0.000603905545	0	0	0	0	0	3
87	78	0	0.780525131	0.00418515084	0.00437897703	0.00418515084	0.0047914631	0.000606312255	0	0	0	0	0	3
88	79	0	0.789496684	0.00422058791	0.00436878283	0.00418515084	0.00478647128	0.000601320442	0	0	0	0	0	3
89	80	0	0.798468238	0.00420625375	0.0043584218	0.00418515084	0.00475928732	0.000574136476	0	0	0	0	0	3
90	80	0	0.807439791	0.00421808216	0.00434875742	0.00418515084	0.00475798861	0.000572837764	0	0	0	0	0	3
91	81	0	0.816411344	0.00419994031	0.00433879227	0.00418515084	0.00472366143	0.000538510586	0	0	0	0	0	3
92	82	0	0.825382897	0.0042135424	0.004329683	0.00418515084	0.00470923447	0.000524083629	0	0	0	0	0	3
93	83	0	0.83435445	0.00418669498	0.00432035194	0.00418515084	0.00467412114	0.000488970296	0	0	0	0	0	3
94	84	0	0.843326004	0.00421216821	0.00431210278	0.00418515084	0.00464476273	0.000459611884	0	0	0	0	0	3
95	85	0	0.852297557	0.00419479715	0.00430406768	0.00418515084	0.00462071768	0.000435566834	0	0	0	0	0	3
96	85	0	0.86126911	0.00420950422	0.00429672459	0.00418515084	0.00460577676	0.000420625916	0	0	0	0	0	3
97	86	0	0.870240663	0.004200783	0.00428949255	0.00418515084	0.00456906378	0.00038391294	0	0	0	0	0	3
98	87	0	0.879212217	0.0042143446	0.00428315828	0.00418515084	0.00454715585	0.000362005012	0	0	0	0	0	3
99	88	0	0.88818377	0.00418507747	0.0042766926	0.00418507747	0.00454208092	0.000357003453	0	0	0	0	0	3
100	89	0	0.897155323	0.00421352737	0.00427082557	0.00418507747	0.00451903064	0.00033395317	0	0	0	0	0	3
101	93	0	0.906126876	0.00418786238	0.00426491185	0.00418507747	0.00450207861	0.000317001147	0	0	0	0	0	3
102	94	0	0.91509843	0.00421478938	0.00426015357	0.00418507747	0.00450207861	0.000317001147	0	0	0	0	0	3
103	95	0	0.924069983	0.00419115637	0.00425460139	0.00418507747	0.00447468173	0.000289604269	0	0	0	0	0	3
104	96	0	0.933041536	0.00421970382	0.00425055336	0.00418507747	0.00447468173	0.000289604269	0	0	0	0	0	3
105	96	0	0.942013089	0.0041823874	0.00424533382	0.0041823874	0.00443887196	0.000256484554	0	0	0	0	0	3
106	97	0	0.950984642	0.0042015257	0.0042415133	0.0041823874	0.00443887196	0.000256484554	0	0	0	0	0	3
107	98	0	0.959956196	0.00417843583	0.00423686266	0.00417843583	0.00442188019	0.000243444353	0	0	0	0	0	3
108	99	0	0.968927749	0.00417509645	0.00423338096	0.00417509645	0.00442188019	0.000246783739	0	0	0	0	0	3
109	100	0	0.977899302	0.0041612903	0.00422872757	0.0041612903	0.00438730743	0.000226017131	0	0	0	0	0	3
110	100	0	0.986870855	0.00418039789	0.00422583584	0.0041612903	0.00438730743	0.000226017131	0	0	0	0	0	3
111	101	0	0.995842409	0.0041410443	0.00422143829	0.0041410443	0.00435641907	0.000215374768	0	0	0	0	0	3
112	102	0	1.00481396	0.00415989464	0.00421859348	0.0041410443	0.00435641907	0.000215374768	7.44818023e-05	0	34.5	0	0	3
113	103	0	1.01378552	0.00413557268	0.0042146498	0.00413557268	0.00431655859	0.000180985907	7.46459508e-05	0	41.2	0	0	3
114	103	0	1.02275707	0.00414685404	0.00421180673	0.00413557268	0.00431655859	0.000180985907	7.46459508e-05	0	41.2	0	0	3
115	104	0	1.03172862	0.00413285238	0.00420852626	0.00413285238	0.00428596433	0.000153111943	7.44818023e-05	0	48.6	0	0	3
116	105	0	1.04070017	0.00415576386	0.00420629398	0.00413285238	0.00428596433	0.000153111943	7.44818023e-05	0	48.6	0	0	3
117	106	0	1.04967173	0.00412435138	0.00420340804	0.00412435138	0.0042629235	0.000138572121	7.44818023e-05	0	53.7	0	0	3
118	106	0	1.05864328	0.00413927247	0.00420142236	0.00412435138	0.0042629235	0.000138572121	7.44818023e-05	0	53.7	0	0	3
119	107	0	1.06761483	0.0041249645	0.00419895881	0.00412435138	0.00425528643	0.000130935052	7.44818023e-05	0	56.8	0	0	3
120	108	0	1.07658639	0.00413505723	0.00419681186	0.00412435138	0.00424797601	0.000123624631	7.44818023e-05	0	60.2	0	0	3
121	109	0	1.08555794	0.00412832304	0.00419478653	0.00412435138	0.00424797601	0.000123624631	7.44818023e-05	0	60.2	0	0	3
122	110	0	1.09452949	0.00415265709	0.00419309655	0.00412435138	0.00424797601	0.000123624631	7.44818023e-05	0	60.2	0	0	3
123	110	0	1.10350105	0.00410968569	0.00419121022	0.00410968569	0.00424797601	0.000138290324	7.44818023e-05	0	53.8	0	0	3
124	111	0	1.1124726	0.00414260874	0.00418944373	0.00410968569	0.00424797601	0.000138290324	7.44818023e-05	0	53.8	0	0	3
125	112	0	1.12144415	0.004126585	0.00418809184	0.00410968569	0.00424797601	0.000138290324	7.44818023e-05	0	53.8	0	0	3
126	113	0	1.13041571	0.00414143493	0.00418663076	0.00410968569	0.00424797601	0.000138290324	7.44818023e-05	0	53.8	0	0	3
127	114	0	1.13938726	0.0041305979	0.00418544085	0.00410968569	0.00424797601	0.000138290324	7.44818023e-05	0	53.8	0	0	3
128	114	0	1.14835881	0.00416801532	0.00418424023	0.00410968569	0.00424797601	0.000138290324	7.44818023e-05	0	53.8	0	0	3
129	115	0	1.15733037	0.00413626676	0.00418311795	0.00410968569	0.00424797601	0.000138290324	7.44818023e-05	0	53.8	0	0	3
130	116	0	1.16630192	0.00414984301	0.00418161918	0.00410968569	0.00424797601	0.000138290324	7.44818023e-05	0	53.8	0	0	3
131	117	0	1.17527347	0.00413011592	0.00418021076	0.00410968569	0.00424797601	0.000138290324	7.44818023e-05	0	53.8	0	0	3
132	118	0	1.18424503	0.00414751311	0.00417881827	0.00410968569	0.00424797601	0.000138290324	7.44818023e-05	0	53.8	0	0	3
133	118	0	1.19321658	0.00410697891	0.0041769648	0.00410697891	0.00424797601	0.000140997102	7.44818023e-05	0	52.8	0	0	3
134	119	0	1.20218813	0.00413771957	0.00417518231	0.00410697891	0.00424797601	0.000140997102	7.44818023e-05	0	52.8	0	0	3
135	120	0	1.21115969	0.00411395068	0.00417342845	0.00410697891	0.00424797601	0.000140997102	7.44818023e-05	0	52.8	0	0	3
136	121	0	1.22013124	0.00415456132	0.00417176033	0.00410697891	0.00424408434	0.000137105435	7.44818023e-05	0	54.3	0	0	3
137	122	0	1.22910279	0.0041482794	0.00417064242	0.00410697891	0.00424408434	0.000137105435	7.44818023e-05	0	54.3	0	0	3
138	122	0	1.23807435	0.00418894593	0.00416965781	0.00410697891	0.00423083535	0.000123856439	7.44818023e-05	0	60.1	0	0	3
139	123	0	1.2470459	0.00417468685	0.004169023	0.00410697891	0.00423083535	0.000123856439	7.44818023e-05	0	60.1	0	0	3
140	124	0	1.25601745	0.00418921567	0.0041682798	0.00410697891	0.00422058791	0.000113608997	7.44818023e-05	0	65.5	0	0	3
141	125	0	1.26498901	0.00416771729	0.0041677156	0.00410697891	0.00422058791	0.000113608997	7.44818023e-05	0	65.5	0	0	3
142	126	0	1.27396056	0.00418202814	0.00416743674	0.00410697891	0.00422058791	0.000113608997	7.44818023e-05	0	65.5	0	0	3
143	126	0	1.28293211	0.00415057928	0.00416681939	0.00410697891	0.00422058791	0.000113608997	7.44818023e-05	0	65.5	0	0	3
144	127	0	1.29190367	0.00417463084	0.00416599873	0.00410697891	0.00421970382	0.00011272491	7.44818023e-05	0	66	0	0	3
145	128	0	1.30087522	0.00416329162	0.00416523155	0.00410697891	0.00421970382	0.00011272491	7.44818023e-05	0	66	0	0	3
146	129	0	1.30984677	0.00418544058	0.00416464867	0.00410697891	0.00421970382	0.00011272491	7.44818023e-05	0	66	0	0	3
147	129	0	1.31881832	0.00417257417	0.00416415998	0.00410697891	0.00421970382	0.00011272491	7.44818023e-05	0	66	0	0	3
148	130	0	1.32778988	0.00418661685	0.00416367917	0.00410697891	0.00421970382	0.00011272491	7.44818023e-05	0	66	0	0	3
149	131	0	1.33676143	0.00415262075	0.0041630707	0.00410697891	0.00421970382	0.00011272491	7.44818023e-05	0	66	0	0	3
150	132	0	1.34573298	0.00416104856	0.00416215785	0.00410697891	0.00421970382	0.00011272491	7.44818023e-05	0	66	0	0	3
151	133	0	1.35470454	0.00412705167	0.00416094811	0.00410697891	0.00421970382	0.00011272491	7.44818023e-05	0	66	0	0	3
152	133	0	1.36367609	0.00414572456	0.00415980919	0.00410697891	0.00421970382	0.00011272491	7.44818023e-05	0	66	0	0	3
153	134	0	1.37264764	0.0041223875	0.00415840927	0.00410697891	0.00421970382	0.00011272491	7.44818023e-05	0	66	0	0	3
154	135	0	1.3816192	0.00414361476	0.00415714624	0.00410697891	0.00421970382	0.00011272491	7.44818023e-05	0	66	0	0	3
155	136	0	1.39059075	0.00412351862	0.00415604697	0.00410697891	0.00421970382	0.00011272491	7.44818023e-05	0	66	0	0	3
156	137	0	1.3995623	0.00414770597	0.00415487159	0.00410697891	0.00421970382	0.000110040262	7.44818023e-05	0	67.6	0	0	3
157	137	0	1.40853386	0.0041320976	0.00415387579	0.00410697891	0.00421970382	0.000106277779	7.44818023e-05	0	70	0	0	3
158	138	0	1.41750541	0.00413727822	0.00415249166	0.00410697891	0.00421970382	0.000102109724	7.44818023e-05	0	72.9	0	0	3
159	139	0	1.42647696	0.00412282346	0.00415127143	0.00410697891	0.00421970382	9.92819322e-05	7.44818023e-05	0	75	0	0	3
160	140	0	1.43544852	0.00414183295	0.00414988088	0.00410697891	0.0042015257	9.4546795e-05	7.44818023e-05	0	78.7	0	0	3
161	141	0	1.44442007	0.00411789471	0.00414872922	0.00410697891	0.0042015257	9.278408e-05	7.44818023e-05	0	80.2	0	0	3
162	141	0	1.45339162	0.00414045099	0.0041476386	0.00410697891	0.00418921567	8.22367651e-05	7.44818023e-05	0	90.5	0	0	3
163	142	0	1.46236318	0.00412850526	0.00414674699	0.00410697891	0.00418921567	8.22367651e-05	7.44818023e-05	0	90.5	0	0	3
164	143	0	1.47133473	0.00414866995	0.00414627509	0.00410697891	0.00418921567	8.22367651e-05	7.44818023e-05	0	90.5	0	0	3
165	144	0	1.48030628	0.004141188	0.00414591612	0.00410697891	0.00418921567	7.99197274e-05	7.44818023e-05	0	93.1	0	0	3
166	145	0	1.48927784	0.00416348259	0.00414561406	0.00410697891	0.00418921567	7.58242304e-05	7.44818023e-05	0	98.2	0	0	3
167	145	0	1.49824939	0.00414228579	0.00414563623	0.00410697891	0.00418921567	7.29794278e-05	7.44818023e-05	0	100	0	0	3
168	146	0	1.50722094	0.00416569026	0.00414573972	0.00410697891	0.00418921567	6.90357424e-05	7.44818023e-05	0	100	0	0	3
169	147	0	1.5161925	0.00415657859	0.00414611483	0.00410697891	0.00418921567	6.61926738e-05	7.44818023e-05	0	100	0	0	3
170	148	0	1.52516405	0.00417203838	0.00414656455	0.00410697891	0.00418921567	6.29122058e-05	7.44818023e-05	0	100	0	0	3
171	149	0	1.5341356	0.00415110075	0.00414689041	0.00410697891	0.00418921567	6.06799276e-05	7.44818023e-05	0	100	0	0	3
172	149	0	1.54310716	0.00418072202	0.00414733609	0.00410697891	0.00418921567	5.77939822e-05	7.44818023e-05	0	100	0	0	3
173	150	0	1.55207871	0.00414652797	0.0041477321	0.00410697891	0.00418921567	5.58083044e-05	7.44818023e-05	0	100	0	0	3
174	151	0	1.56105026	0.00417424729	0.00414835665	0.00410697891	0.00418921567	5.33447508e-05	7.44818023e-05	0	100	0	0	3
175	152	0	1.57002182	0.00416887343	0.00414914074	0.00410697891	0.00418921567	5.11978007e-05	7.44818023e-05	0	100	0	0	3
176	153	0	1.57899337	0.00418097544	0.00414996071	0.00410697891	0.00418921567	4.917247e-05	7.44818023e-05	0	100	0	0	3
177	153	0	1.58796492	0.00414655227	0.00415028623	0.00410697891	0.00418921567	4.74824947e-05	7.44818023e-05	0	100	0	0	3
178	154	0	1.59693648	0.00418782806	0.00415091428	0.00410697891	0.00418921567	4.55961671e-05	7.44818023e-05	0	100	0	0	3
179	155	0	1.60590803	0.00416688408	0.00415193568	0.00410697891	0.00418921567	4.3829668e-05	7.44818023e-05	0	100	0	0	3
180	156	0	1.61487958	0.00419194652	0.00415281671	0.00410697891	0.00419194652	4.24777866e-05	7.44818023e-05	0	100	0	0	3
181	157	0	1.62385113	0.00418068085	0.00415378271	0.00410697891	0.00419194652	4.10167012e-05	7.44818023e-05	0	100	0	0	3
182	157	0	1.63282269	0.00416899209	0.0041542748	0.00410697891	0.00419194652	3.9826795e-05	7.44818023e-05	0	100	0	0	3
183	158	0	1.64179424	0.00416171198	0.00415483041	0.00410697891	0.00419194652	3.86261744e-05	7.44818023e-05	0	100	0	0	3
184	159	0	1.65076579	0.00416951095	0.00415485712	0.00410697891	0.00419194652	3.75038897e-05	7.44818023e-05	0	100	0	0	3
185	160	0	1.65973735	0.00414165201	0.00415495329	0.00410697891	0.00419194652	3.60051231e-05	7.44818023e-05	0	100	0	0	3
186	161	0	1.6687089	0.00415766297	0.00415509293	0.00410697891	0.00419194652	3.45967074e-05	7.44818023e-05	0	100	0	0	3
187	161	0	1.67768045	0.00414822881	0.00415541637	0.00410697891	0.00419194652	3.32042142e-05	7.44818023e-05	0	100	0	0	3
188	162	0	1.68665201	0.00416320006	0.0041556965	0.00410697891	0.00419194652	3.13507472e-05	7.44818023e-05	0	100	0	0	3
189	163	0	1.69562356	0.00412244365	0.00415597265	0.00411395068	0.00419194652	2.95682505e-05	7.44818023e-05	0	100	0	0	3
190	164	0	1.70459511	0.00415165138	0.00415622143	0.00411395068	0.00419194652	2.78143951e-05	7.44818023e-05	0	100	0	0	3
191	165	0	1.71356667	0.00413979659	0.00415668297	0.00411789471	0.00419194652	2.61462757e-05	7.44818023e-05	0	100	0	0	3
192	165	0	1.72253822	0.00412311139	0.00415612136	0.00411789471	0.00419194652	2.50283648e-05	7.44818023e-05	0	100	0	0	3
193	166	0	1.73150977	0.00412997472	0.00415579449	0.00411789471	0.00419194652	2.40437503e-05	7.44818023e-05	0	100	0	0	3
194	167	0	1.74048133	0.0041407974	0.0041549347	0.00411789471	0.00419194652	2.34089476e-05	7.44818023e-05	0	100	0	0	3
195	168	0	1.74945288	0.00412871873	0.00415411384	0.00411789471	0.00419194652	2.26657392e-05	7.44818023e-05	0	100	0	0	3
196	169	0	1.75842443	0.0041430501	0.00415328945	0.00411789471	0.00419194652	2.21015413e-05	7.44818023e-05	0	100	0	0	3
197	169	0	1.76739599	0.00412039322	0.00415244438	0.00411789471	0.00419194652	2.18226865e-05	7.44818023e-05	0	100	0	0	3
198	170	0	1.77636754	0.00412881674	0.00415149418	0.00411789471	0.00419194652	2.12053371e-05	7.44818023e-05	0	100	0	0	3
199	171	0	1.78533909	0.00410990376	0.00415076783	0.00410990376	0.00419194652	2.03846753e-05	7.44818023e-05	0	100	0	0	3
200	172	0	1.79431065	0.0041297303	0.00414996603	0.00410990376	0.00419194652	1.96174944e-05	7.44818023e-05	0	100	0	0	3
201	176	0	1.8032822	0.00411343453	0.00414907573	0.00410990376	0.00419194652	1.90346089e-05	7.44818023e-05	0	100	0	0	3
202	177	0	1.81225375	0.00412432642	0.0041479844	0.00410990376	0.00419194652	1.85459278e-05	7.44818023e-05	0	100	0	0	3
203	178	0	1.82122531	0.00410978393	0.00414686315	0.00410978393	0.00419194652	1.80651144e-05	7.44818023e-05	0	100	0	0	3
204	179	0	1.83019686	0.00412796228	0.00414581575	0.00410978393	0.00419194652	1.74566459e-05	7.44818023e-05	0	100	0	0	3
205	179	0	1.83916841	0.00410338265	0.0041449365	0.00410338265	0.00419194652	1.7221357e-05	7.44818023e-05	0	100	0	0	3
206	180	0	1.84813997	0.00412443962	0.00414428276	0.00410338265	0.00419194652	1.66653474e-05	7.44818023e-05	0	100	0	0	3
207	181	0	1.85711152	0.00410836225	0.00414394902	0.00410338265	0.00419194652	1.58601646e-05	7.44818023e-05	0	100	0	0	3
208	182	0	1.86608307	0.00413509004	0.00414375912	0.00410338265	0.00419194652	1.46501469e-05	7.44818023e-05	0	100	0	0	3
209	183	0	1.87505463	0.00413033423	0.00414390103	0.00410338265	0.00419194652	1.3387114e-05	7.44818023e-05	0	100	0	0	3
210	183	0	1.88402618	0.00414838285	0.00414398617	0.00410338265	0.00419194652	1.29238464e-05	7.44818023e-05	0	100	0	0	3
211	184	0	1.89299773	0.0041327751	0.00414415147	0.00410338265	0.00419194652	1.29238464e-05	7.44818023e-05	0	100	0	0	3
212	185	0	1.90196928	0.00416507986	0.00414446172	0.00410338265	0.00419194652	1.29238464e-05	7.44818023e-05	0	100	0	0	3
213	186	0	1.91094084	0.00415618772	0.0041448919	0.00410338265	0.00419194652	1.29238464e-05	7.44818023e-05	0	100	0	0	3
214	186	0	1.91991239	0.00416986335	0.00414547377	0.00410338265	0.00419194652	1.29238464e-05	7.44818023e-05	0	100	0	0	3
215	187	0	1.92888394	0.00415870536	0.00414611452	0.00410338265	0.00419194652	1.29238464e-05	7.44818023e-05	0	100	0	0	3
216	188	0	1.9378555	0.0041676229	0.00414657506	0.00410338265	0.00419194652	1.29238464e-05	7.44818023e-05	0	100	0	0	3
217	189	0	1.94682705	0.00414291518	0.00414702185	0.00410338265	0.00419194652	1.29238464e-05	7.44818023e-05	0	100	0	0	3
218	190	0	1.9557986	0.00417344849	0.00414761109	0.00410338265	0.00419194652	1.29238464e-05	7.44818023e-05	0	100	0	0	3
219	190	0	1.96477016	0.00415924842	0.00414816008	0.00410338265	0.00419194652	1.29238464e-05	7.44818023e-05	0	100	0	0	3
220	191	0	1.97374171	0.00416377775	0.00414842986	0.00410338265	0.00419194652	1.29238464e-05	7.44818023e-05	0	100	0	0	3
221	192	0	1.98271326	0.00417379163	0.00414901207	0.00410338265	0.00419194652	1.29238464e-05	7.44818023e-05	0	100	0	0	3
222	193	0	1.99168482	0.00416906641	0.00414911178	0.00410338265	0.00419194652	1.29238464e-05	7.44818023e-05	0	100	0	0	3
223	194	0	2.00065637	0.00416004731	0.00414942895	0.00410338265	0.00419194652	1.29238464e-05	7.44818023e-05	0	100	0	0	3
224	194	0	2.00962792	0.00417674944	0.00414962643	0.00410338265	0.00419194652	1.29238464e-05	7.44818023e-05	0	100	0	0	3
225	195	0	2.01859948	0.00414903664	0.00414949175	0.00410338265	0.00419194652	1.29238464e-05	7.44818023e-05	0	100	0	0	3
226	196	0	2.02757103	0.00415705206	0.00414922414	0.00410338265	0.00419194652	1.29238464e-05	7.44818023e-05	0	100	0	0	3
227	197	0	2.03654258	0.00413620581	0.00414895816	0.00410338265	0.00419194652	1.29238464e-05	7.44818023e-05	0	100	0	0	3
228	197	0	2.04551414	0.00415549513	0.00414850768	0.00410338265	0.00419194652	1.29238464e-05	7.44818023e-05	0	100	0	0	3
229	198	0	2.05448569	0.00412720103	0.00414816256	0.00410338265	0.00419194652	1.29238464e-05	7.44818023e-05	0	100	0	0	3
230	199	0	2.06345724	0.0041490674	0.00414771292	0.00410338265	0.00419194652	1.29238464e-05	7.44818023e-05	0	100	0	0	3
231	200	0	2.0724288	0.00412366156	0.00414690556	0.00410338265	0.00419194652	1.29238464e-05	7.44818023e-05	0	100	0	0	3
232	201	0	2.08140035	0.00415284696	0.00414640327	0.00410338265	0.00419194652	1.29238464e-05	7.44818023e-05	0	100	0	0	3
233	201	0	2.0903719	0.00413416117	0.004146182	0.00410338265	0.00419194652	1.29238464e-05	7.44818023e-05	0	100	0	0	3
234	202	0	2.09934346	0.00413651171	0.00414526563	0.00410338265	0.00419194652	1.29238464e-05	7.44818023e-05	0	100	0	0	3
235	203	0	2.10831501	0.00411385099	0.00414431861	0.00410338265	0.00419194652	1.29238464e-05	7.44818023e-05	0	100	0	0	3
236	204	0	2.11728656	0.00412067423	0.00414304589	0.00410338265	0.00418068085	1.36370738e-05	7.44818023e-05	0	100	0	0	3
237	205	0	2.12625812	0.00410666029	0.0041417241	0.00410338265	0.00417674944	1.49588696e-05	7.44818023e-05	0	100	0	0	3
238	205	0	2.13522967	0.00412129852	0.00414087243	0.00410338265	0.00417674944	1.58105406e-05	7.44818023e-05	0	100	0	0	3
239	206	0	2.14420122	0.00411241753	0.00413999217	0.00410338265	0.00417674944	1.66907986e-05	7.44818023e-05	0	100	0	0	3
240	207	0	2.15317278	0.00413627709	0.00413939871	0.00410338265	0.00417674944	1.72842605e-05	7.44818023e-05	0	100	0	0	3
241	208	0	2.16214433	0.00411825752	0.00413898095	0.00410338265	0.00417674944	1.7702019e-05	7.44818023e-05	0	100	0	0	3
242	209	0	2.17111588	0.0041374568	0.00413862013	0.00410338265	0.00417674944	1.80628434e-05	7.44818023e-05	0	100	0	0	3
243	209	0	2.18008744	0.00412662855	0.00413823441	0.00410338265	0.00417674944	1.84485624e-05	7.44818023e-05	0	100	0	0	3
244	210	0	2.18905899	0.00414596309	0.0041379266	0.00410338265	0.00417674944	1.87563655e-05	7.44818023e-05	0	100	0	0	3
245	211	0	2.19803054	0.0041364489	0.0041381767	0.00410338265	0.00417674944	1.87563655e-05	7.44818023e-05	0	100	0	0	3
246	212	0	2.20700209	0.00415673087	0.0041382674	0.00410338265	0.00417674944	1.87563655e-05	7.44818023e-05	0	100	0	0	3
247	212	0	2.21597365	0.00413450303	0.00413817287	0.00410338265	0.00417674944	1.81947595e-05	7.44818023e-05	0	100	0	0	3
248	213	0	2.2249452	0.00415565082	0.00413875394	0.00410338265	0.00417674944	1.78678902e-05	7.44818023e-05	0	100	0	0	3
249	214	0	2.23391675	0.00414064909	0.00413894455	0.00410338265	0.00417674944	1.70080949e-05	7.44818023e-05	0	100	0	0	3
250	215	0	2.24288831	0.00415356495	0.00413917254	0.00410338265	0.00417674944	1.61872356e-05	7.44818023e-05	0	100	0	0	3
251	216	0	2.25185986	0.00413601544	0.00413930284	0.00410338265	0.00417674944	1.53628504e-05	7.44818023e-05	0	100	0	0	3
252	216	0	2.26083141	0.00414971117	0.00413942179	0.00410338265	0.00417674944	1.45177777e-05	7.44818023e-05	0	100	0	0	3
253	217	0	2.26980297	0.00412371284	0.00413948107	0.00410338265	0.00417674944	1.35675743e-05	7.44818023e-05	0	100	0	0	3
254	218	0	2.27877452	0.00414627295	0.00413979278	0.00410338265	0.00417674944	1.28412257e-05	7.44818023e-05	0	100	0	0	3
255	219	0	2.28774607	0.0041388729	0.00414031009	0.00410338265	0.00417674944	1.20394302e-05	7.44818023e-05	0	100	0	0	3
256	220	0	2.29671763	0.0041626665	0.00414089824	0.00410338265	0.00417674944	1.16998292e-05	7.44818023e-05	0	100	0	0	3
257	220	0	2.30568918	0.00416012912	0.00414173207	0.00410338265	0.00417674944	1.16998292e-05	7.44818023e-05	0	100	0	0	3
258	221	0	2.31466073	0.00416487469	0.00414245615	0.00410338265	0.00417674944	1.16998292e-05	7.44818023e-05	0	100	0	0	3
259	222	0	2.32363229	0.00414773156	0.00414313378	0.00410338265	0.00417674944	1.16998292e-05	7.44818023e-05	0	100	0	0	3
260	223	0	2.33260384	0.00416358678	0.00414376993	0.00410338265	0.00417674944	1.16998292e-05	7.44818023e-05	0	100	0	0	3
261	223	0	2.34157539	0.00413609798	0.00414435414	0.00410666029	0.00417674944	1.16998292e-05	7.44818023e-05	0	100	0	0	3
262	224	0	2.35054695	0.00414741452	0.0041447644	0.00410666029	0.00417674944	1.16998292e-05	7.44818023e-05	0	100	0	0	3
263	225	0	2.3595185	0.00413188101	0.00414518438	0.00410666029	0.00417674944	1.16998292e-05	7.44818023e-05	0	100	0	0	3
264	226	0	2.36849005	0.00415374652	0.00414551753	0.00410666029	0.00417674944	1.16998292e-05	7.44818023e-05	0	100	0	0	3
265	227	0	2.37746161	0.00412729774	0.00414546331	0.00410666029	0.00417674944	1.16998292e-05	7.44818023e-05	0	100	0	0	3
266	227	0	2.38643316	0.00414700378	0.00414543868	0.00410666029	0.00417674944	1.16998292e-05	7.44818023e-05	0	100	0	0	3
267	228	0	2.39540471	0.0041276047	0.00414534635	0.00410666029	0.00417674944	1.16998292e-05	7.44818023e-05	0	100	0	0	3
268	229	0	2.40437627	0.00414370632	0.00414496468	0.00410666029	0.00417674944	1.16998292e-05	7.44818023e-05	0	100	0	0	3
269	230	0	2.41334782	0.00413225011	0.00414453723	0.00410666029	0.00417674944	1.16998292e-05	7.44818023e-05	0	100	0	0	3
270	231	0	2.42231937	0.00415490449	0.0041442701	0.00410666029	0.00417674944	1.16998292e-05	7.44818023e-05	0	100	0	0	3
271	231	0	2.43129093	0.00413693969	0.00414388143	0.00410666029	0.00417674944	1.16998292e-05	7.44818023e-05	0	100	0	0	3
272	232	0	2.44026248	0.00416386636	0.00414381435	0.00410666029	0.00417674944	1.16998292e-05	7.44818023e-05	0	100	0	0	3
273	233	0	2.44923403	0.00415076437	0.00414395451	0.00410666029	0.00417674944	1.16998292e-05	7.44818023e-05	0	100	0	0	3
274	234	0	2.45820559	0.00416137758	0.00414373896	0.00410666029	0.00417674944	1.16998292e-05	7.44818023e-05	0	100	0	0	3
275	235	0	2.46717714	0.00414287834	0.00414344664	0.00410666029	0.00417674944	1.16998292e-05	7.44818023e-05	0	100	0	0	3
276	235	0	2.47614869	0.00416050911	0.00414338827	0.00410666029	0.00417674944	1.16998292e-05	7.44818023e-05	0	100	0	0	3
277	236	0	2.48512024	0.0041366637	0.00414272527	0.00410666029	0.00417674944	1.16998292e-05	7.44818023e-05	0	100	0	0	3
278	237	0	2.4940918	0.0041585572	0.00414253761	0.00410666029	0.00417674944	1.16998292e-05	7.44818023e-05	0	100	0	0	3
279	238	0	2.50306335	0.00415224357	0.00414239825	0.00410666029	0.00417674944	1.16998292e-05	7.44818023e-05	0	100	0	0	3
280	239	0	2.5120349	0.00417088018	0.00414229345	0.00410666029	0.00417088018	1.15651515e-05	7.44818023e-05	0	100	0	0	3
281	239	0	2.52100646	0.00416263324	0.00414253624	0.00410666029	0.00417088018	1.12975386e-05	7.44818023e-05	0	100	0	0	3
282	240	0	2.52997801	0.00417472282	0.00414285179	0.00410666029	0.00417472282	1.10315575e-05	7.44818023e-05	0	100	0	0	3
283	241	0	2.53894956	0.0041458765	0.00414302448	0.00410666029	0.00417472282	1.05810774e-05	7.44818023e-05	0	100	0	0	3
284	242	0	2.54792112	0.00415531768	0.00414302131	0.00410666029	0.00417472282	1.02359534e-05	7.44818023e-05	0	100	0	0	3
285	242	0	2.55689267	0.00412563469	0.00414299334	0.00410666029	0.00417472282	9.78631241e-06	7.44818023e-05	0	100	0	0	3
286	243	0	2.56586422	0.00413976187	0.00414282717	0.00410666029	0.00417472282	8.97895758e-06	7.44818023e-05	0	100	0	0	3
287	244	0	2.57483578	0.00411591342	0.00414268881	0.00410666029	0.00417472282	8.47666343e-06	7.44818023e-05	0	100	0	0	3
288	245	0	2.58380733	0.00413600733	0.00414238811	0.00410666029	0.00417472282	8.25539381e-06	7.44818023e-05	0	100	0	0	3
289	246	0	2.59277888	0.00411771985	0.00414209451	0.00410666029	0.00417472282	7.59092791e-06	7.44818023e-05	0	100	0	0	3
290	246	0	2.60175044	0.00414409653	0.00414222995	0.00410666029	0.00417472282	7.59092791e-06	7.44818023e-05	0	100	0	0	3
291	247	0	2.61072199	0.00413013656	0.00414252077	0.00410666029	0.00417472282	7.59092791e-06	7.44818023e-05	0	100	0	0	3
292	248	0	2.61969354	0.00413582827	0.00414279138	0.00410666029	0.00417472282	7.59092791e-06	7.44818023e-05	0	100	0	0	3
293	249	0	2.6286651	0.00411746948	0.0041429844	0.00411241753	0.00417472282	7.59092791e-06	7.44818023e-05	0	100	0	0	3
294	250	0	2.63763665	0.00412671229	0.00414308107	0.00411241753	0.00417472282	7.59092791e-06	7.44818023e-05	0	100	0	0	3
295	250	0	2.6466082	0.00410335264	0.0041429192	0.00410335264	0.00417472282	7.59092791e-06	7.44818023e-05	0	100	0	0	3
296	251	0	2.65557976	0.00412435109	0.00414270623	0.00410335264	0.00417472282	7.59092791e-06	7.44818023e-05	0	100	0	0	3
297	252	0	2.66455131	0.00411003757	0.00414255945	0.00410335264	0.00417472282	7.59092791e-06	7.44818023e-05	0	100	0	0	3
298	253	0	2.67352286	0.00413907799	0.0041425884	0.00410335264	0.00417472282	7.59092791e-06	7.44818023e-05	0	100	0	0	3
299	254	0	2.68249442	0.0041267472	0.00414259052	0.00410335264	0.00417472282	7.59092791e-06	7.44818023e-05	0	100	0	0	3
300	254	0	2.69146597	0.00413409219	0.00414237854	0.00410335264	0.00417472282	7.34465679e-06	7.44818023e-05	0	100	0	0	3
301	259	0	2.70043752	0.00411950508	0.00414207597	0.00410335264	0.00417472282	7.34465679e-06	7.44818023e-05	0	100	0	0	3
302	260	0	2.70940908	0.00412339075	0.00414148061	0.00410335264	0.00417472282	7.34465679e-06	7.44818023e-05	0	100	0	0	3
303	261	0	2.71838063	0.0041131633	0.00414109954	0.00410335264	0.00417472282	6.76359557e-06	7.44818023e-05	0	100	0	0	3
304	262	0	2.72735218	0.00412508153	0.00414055366	0.00410335264	0.00417472282	6.57298176e-06	7.44818023e-05	0	100	0	0	3
305	262	0	2.73632374	0.00412153056	0.00414021226	0.00410335264	0.00417472282	6.34498971e-06	7.44818023e-05	0	100	0	0	3
306	263	0	2.74529529	0.00413485805	0.00413987821	0.00410335264	0.00417472282	6.21469126e-06	7.44818023e-05	0	100	0	0	3
307	264	0	2.75426684	0.00412879878	0.00413974934	0.00410335264	0.00417472282	6.09574356e-06	7.44818023e-05	0	100	0	0	3
308	265	0	2.7632384	0.00414768871	0.00413971322	0.00410335264	0.00417472282	6.03646448e-06	7.44818023e-05	0	100	0	0	3
309	265	0	2.77220995	0.00412494698	0.00413973526	0.00410335264	0.00417472282	5.80430644e-06	7.44818023e-05	0	100	0	0	3
310	266	0	2.7811815	0.00414331345	0.00413968241	0.00410335264	0.00417472282	5.83511637e-06	7.44818023e-05	0	100	0	0	3
311	267	0	2.79015305	0.00412971309	0.00413951885	0.00410335264	0.00417472282	5.99868442e-06	7.44818023e-05	0	100	0	0	3
312	268	0	2.79912461	0.00414470796	0.00413919816	0.00410335264	0.00417472282	6.31937275e-06	7.44818023e-05	0	100	0	0	3
313	269	0	2.80809616	0.0041346669	0.00413874348	0.00410335264	0.00417472282	6.77405518e-06	7.44818023e-05	0	100	0	0	3
314	269	0	2.81706771	0.00415331418	0.00413853704	0.00410335264	0.00417472282	6.98049277e-06	7.44818023e-05	0	100	0	0	3
315	270	0	2.82603927	0.00413336583	0.00413828051	0.00410335264	0.00417472282	7.2370236e-06	7.44818023e-05	0	100	0	0	3
316	271	0	2.83501082	0.00415382512	0.00413810619	0.00410335264	0.00417472282	7.41133909e-06	7.44818023e-05	0	100	0	0	3
317	272	0	2.84398237	0.00414053439	0.00413818541	0.00410335264	0.00417472282	7.41133909e-06	7.44818023e-05	0	100	0	0	3
318	273	0	2.85295393	0.00415443363	0.00413831075	0.00410335264	0.00417472282	7.41133909e-06	7.44818023e-05	0	100	0	0	3
319	273	0	2.86192548	0.00414036349	0.00413846223	0.00410335264	0.00417472282	7.41133909e-06	7.44818023e-05	0	100	0	0	3
320	274	0	2.87089703	0.00415631345	0.00413850807	0.00410335264	0.00417472282	7.35711608e-06	7.44818023e-05	0	100	0	0	3
321	275	0	2.87986859	0.00412821224	0.0041385244	0.00410335264	0.00417472282	7.3324898e-06	7.44818023e-05	0	100	0	0	3
322	276	0	2.88884014	0.00414558218	0.00413849901	0.00410335264	0.00417472282	7.24016123e-06	7.44818023e-05	0	100	0	0	3
323	277	0	2.89781169	0.00412623291	0.00413847451	0.00410335264	0.00417472282	6.85849085e-06	7.44818023e-05	0	100	0	0	3
324	277	0	2.90678325	0.00413944196	0.00413839836	0.00410335264	0.00417472282	6.43103358e-06	7.44818023e-05	0	100	0	0	3
325	278	0	2.9157548	0.00412554585	0.00413827865	0.00410335264	0.00417472282	6.16391105e-06	7.44818023e-05	0	100	0	0	3
326	279	0	2.92472635	0.00413835397	0.0041379831	0.00410335264	0.00417472282	5.9714126e-06	7.44818023e-05	0	100	0	0	3
327	280	0	2.93369791	0.00411339934	0.00413756274	0.00410335264	0.00417472282	6.39177597e-06	7.44818023e-05	0	100	0	0	3
328	280	0	2.94266946	0.00412973133	0.00413695318	0.00410335264	0.00417472282	7.00133015e-06	7.44818023e-05	0	100	0	0	3
329	281	0	2.95164101	0.00410816279	0.00413619244	0.00410335264	0.00417472282	7.54652067e-06	7.44818023e-05	0	100	0	0	3
330	282	0	2.96061257	0.00412923692	0.0041356185	0.00410335264	0.00417472282	7.82813809e-06	7.44818023e-05	0	100	0	0	3
331	283	0	2.96958412	0.00411854771	0.00413518403	0.00410335264	0.00417472282	8.20424518e-06	7.44818023e-05	0	100	0	0	3
332	284	0	2.97855567	0.0041318325	0.00413467194	0.00410335264	0.00417472282	8.40912909e-06	7.44818023e-05	0	100	0	0	3
333	284	0	2.98752723	0.00412381366	0.00413444248	0.00410335264	0.00417472282	8.63859424e-06	7.44818023e-05	0	100	0	0	3
334	285	0	2.99649878	0.00414511211	0.00413420239	0.00410335264	0.00417472282	8.87868504e-06	7.44818023e-05	0	100	0	0	3
335	286	0	3.00547033	0.0041283653	0.00413377599	0.00410335264	0.00417472282	9.30508262e-06	7.44818023e-05	0	100	0	0	3
336	287	0	3.01444189	0.0041554678	0.00413350077	0.00410335264	0.00417472282	9.58030366e-06	7.44818023e-05	0	100	0	0	3
337	288	0	3.02341344	0.00414641819	0.00413321121	0.00410335264	0.00417472282	9.86985814e-06	7.44818023e-05	0	100	0	0	3
338	288	0	3.03238499	0.00416706025	0.00413307438	0.00410335264	0.00416706025	1.00066898e-05	7.44818023e-05	0	100	0	0	3
339	289	0	3.04135655	0.00414076399	0.00413298309	0.00410335264	0.00416706025	1.00979846e-05	7.44818023e-05	0	100	0	0	3
340	290	0	3.0503281	0.00415621556	0.00413299912	0.00410335264	0.00416706025	1.00979846e-05	7.44818023e-05	0	100	0	0	3
341	291	0	3.05929965	0.00414029824	0.00413326097	0.00410335264	0.00416706025	1.00979846e-05	7.44818023e-05	0	100	0	0	3
342	292	0	3.0682712	0.00415245492	0.00413348763	0.00410335264	0.00416706025	1.00979846e-05	7.44818023e-05	0	100	0	0	3
343	293	0	3.07724276	0.00413727069	0.00413386901	0.00410335264	0.00416706025	1.00979846e-05	7.44818023e-05	0	100	0	0	3
344	293	0	3.08621431	0.00415212339	0.0041341568	0.00410335264	0.00416706025	1.00979846e-05	7.44818023e-05	0	100	0	0	3
345	294	0	3.09518586	0.00412688163	0.0041343204	0.00410335264	0.00416706025	1.00979846e-05	7.44818023e-05	0	100	0	0	3
346	295	0	3.10415742	0.00414910225	0.00413440979	0.00410335264	0.00416706025	1.00979846e-05	7.44818023e-05	0	100	0	0	3
347	296	0	3.11312897	0.00414288651	0.00413463747	0.00410335264	0.00416706025	1.00979846e-05	7.44818023e-05	0	100	0	0	3
348	297	0	3.12210052	0.00416244782	0.00413511282	0.00410335264	0.00416706025	1.00979846e-05	7.44818023e-05	0	100	0	0	3
349	298	0	3.13107208	0.00415320908	0.00413575102	0.00410335264	0.00416706025	1.00979846e-05	7.44818023e-05	0	100	0	0	3
350	298	0	3.14004363	0.00417212315	0.00413656193	0.00410335264	0.00417212315	9.93611158e-06	7.44818023e-05	0	100	0	0	3
351	299	0	3.14901518	0.00414450702	0.00413729683	0.00410816279	0.00417212315	9.72314725e-06	7.44818023e-05	0	100	0	0	3
352	300	0	3.15798674	0.00416255476	0.00413797904	0.00410816279	0.00417212315	9.6074308e-06	7.44818023e-05	0	100	0	0	3
353	301	0	3.16695829	0.00414396636	0.00413858491	0.00410816279	0.00417212315	9.6074308e-06	7.44818023e-05	0	100	0	0	3
354	302	0	3.17592984	0.00415050747	0.00413878901	0.00410816279	0.00417212315	9.6074308e-06	7.44818023e-05	0	100	0	0	3
355	302	0	3.1849014	0.00413916825	0.00413901081	0.00410816279	0.00417212315	9.39545049e-06	7.44818023e-05	0	100	0	0	3
356	303	0	3.19387295	0.00416002651	0.00413947393	0.00410816279	0.00417212315	9.09288216e-06	7.44818023e-05	0	100	0	0	3
357	304	0	3.2028445	0.00413983341	0.00413983693	0.00410816279	0.00417212315	8.49752291e-06	7.44818023e-05	0	100	0	0	3
358	305	0	3.21181606	0.00415994506	0.00414048969	0.00410816279	0.00417212315	8.11645639e-06	7.44818023e-05	0	100	0	0	3
359	306	0	3.22078761	0.00413584059	0.00414089464	0.00410816279	0.00417212315	7.91155123e-06	7.44818023e-05	0	100	0	0	3
360	306	0	3.22975916	0.00415131529	0.0041413631	0.00410816279	0.00417212315	8.38001139e-06	7.44818023e-05	0	100	0	0	3
361	307	0	3.23873072	0.00412355645	0.00414139928	0.00410816279	0.00417212315	8.416188e-06	7.44818023e-05	0	100	0	0	3
362	308	0	3.24770227	0.00413991511	0.00414148958	0.00410816279	0.00417212315	8.50649265e-06	7.44818023e-05	0	100	0	0	3
363	309	0	3.25667382	0.00411239304	0.00414119662	0.00410816279	0.00417212315	8.50649265e-06	7.44818023e-05	0	100	0	0	3
364	310	0	3.26564538	0.00412903533	0.00414086352	0.00410816279	0.00417212315	8.50649265e-06	7.44818023e-05	0	100	0	0	3
365	311	0	3.27461693	0.00410507062	0.00414050859	0.00410507062	0.00417212315	8.50649265e-06	7.44818023e-05	0	100	0	0	3
366	311	0	3.28358848	0.00412373797	0.00414015903	0.00410507062	0.00417212315	8.50649265e-06	7.44818023e-05	0	100	0	0	3
367	312	0	3.29256004	0.00410206073	0.00413966523	0.00410206073	0.00417212315	8.50649265e-06	7.44818023e-05	0	100	0	0	3
368	313	0	3.30153159	0.00412728259	0.00413935407	0.00410206073	0.00417212315	8.50649265e-06	7.44818023e-05	0	100	0	0	3
369	314	0	3.31050314	0.00411801978	0.0041390568	0.00410206073	0.00417212315	8.50649265e-06	7.44818023e-05	0	100	0	0	3
370	315	0	3.3194747	0.00412821204	0.00413860855	0.00410206073	0.00417212315	8.50649265e-06	7.44818023e-05	0	100	0	0	3
371	315	0	3.32844625	0.00412336127	0.00413842989	0.00410206073	0.00417212315	8.50649265e-06	7.44818023e-05	0	100	0	0	3
372	316	0	3.3374178	0.00412876048	0.00413798231	0.00410206073	0.00417212315	8.50649265e-06	7.44818023e-05	0	100	0	0	3
373	317	0	3.34638936	0.00412270731	0.00413766397	0.00410206073	0.00417212315	8.50649265e-06	7.44818023e-05	0	100	0	0	3
374	318	0	3.35536091	0.00414560676	0.00413750635	0.00410206073	0.00417212315	8.50649265e-06	7.44818023e-05	0	100	0	0	3
375	319	0	3.36433246	0.0041253721	0.00413723864	0.00410206073	0.00417212315	8.50649265e-06	7.44818023e-05	0	100	0	0	3
376	319	0	3.37330401	0.0041334976	0.00413683122	0.00410206073	0.00417212315	8.50649265e-06	7.44818023e-05	0	100	0	0	3
377	320	0	3.38227557	0.00411718759	0.00413663435	0.00410206073	0.00417212315	8.50649265e-06	7.44818023e-05	0	100	0	0	3
378	321	0	3.39124712	0.0041364716	0.00413647166	0.00410206073	0.00417212315	8.50649265e-06	7.44818023e-05	0	100	0	0	3
379	322	0	3.40021867	0.00411928629	0.00413634761	0.00410206073	0.00417212315	8.50649265e-06	7.44818023e-05	0	100	0	0	3
380	323	0	3.40919023	0.00413001687	0.00413617931	0.00410206073	0.00417212315	8.50649265e-06	7.44818023e-05	0	100	0	0	3
381	323	0	3.41816178	0.0041078984	0.00413586417	0.00410206073	0.00417212315	8.50649265e-06	7.44818023e-05	0	100	0	0	3
382	324	0	3.42713333	0.00414623833	0.00413600497	0.00410206073	0.00417212315	8.50649265e-06	7.44818023e-05	0	100	0	0	3
383	325	0	3.43610489	0.00414212034	0.00413651784	0.00410206073	0.00417212315	8.50649265e-06	7.44818023e-05	0	100	0	0	3
384	326	0	3.44507644	0.00414369921	0.00413676727	0.00410206073	0.00417212315	8.50649265e-06	7.44818023e-05	0	100	0	0	3
385	327	0	3.45404799	0.00414230457	0.00413737694	0.00410206073	0.00417212315	8.50649265e-06	7.44818023e-05	0	100	0	0	3
386	328	0	3.46301955	0.00413927011	0.00413755611	0.00410206073	0.00417212315	8.50649265e-06	7.44818023e-05	0	100	0	0	3
387	328	0	3.4719911	0.0041250925	0.00413767298	0.00410206073	0.00417212315	8.50649265e-06	7.44818023e-05	0	100	0	0	3
388	329	0	3.48096265	0.00414273903	0.00413786774	0.00410206073	0.00417212315	8.50649265e-06	7.44818023e-05	0	100	0	0	3
389	330	0	3.48993421	0.00411865647	0.00413777564	0.00410206073	0.00417212315	8.50649265e-06	7.44818023e-05	0	100	0	0	3
390	331	0	3.49890576	0.00417246114	0.00413826402	0.00410206073	0.00417246114	8.50649265e-06	7.44818023e-05	0	100	0	0	3
391	332	0	3.50787731	0.00414445641	0.00413855136	0.00410206073	0.00417246114	8.50649265e-06	7.44818023e-05	0	100	0	0	3
392	332	0	3.51684887	0.00416851623	0.00413878437	0.00410206073	0.00417246114	8.50649265e-06	7.44818023e-05	0	100	0	0	3
393	333	0	3.52582042	0.00416235246	0.00413906891	0.00410206073	0.00417246114	8.50649265e-06	7.44818023e-05	0	100	0	0	3
394	334	0	3.53479197	0.00415776039	0.00413890284	0.00410206073	0.00417246114	8.50649265e-06	7.44818023e-05	0	100	0	0	3
395	335	0	3.54376353	0.00415903483	0.00413922911	0.00410206073	0.00417246114	8.49045918e-06	7.44818023e-05	0	100	0	0	3
396	336	0	3.55273508	0.00415824713	0.00413926538	0.00410206073	0.00417246114	8.22860999e-06	7.44818023e-05	0	100	0	0	3
397	336	0	3.56170663	0.0041331646	0.004139138	0.00410206073	0.00417246114	8.00194847e-06	7.44818023e-05	0	100	0	0	3
398	337	0	3.57067819	0.00415202927	0.0041391304	0.00410206073	0.00417246114	7.62056872e-06	7.44818023e-05	0	100	0	0	3
399	338	0	3.57964974	0.00412618276	0.0041389324	0.00410206073	0.00417246114	7.33278199e-06	7.44818023e-05	0	100	0	0	3
400	339	0	3.58862129	0.0041504803	0.00413890306	0.00410206073	0.00417246114	7.1691787e-06	7.44818023e-05	0	100	0	0	3
401	343	0	3.59759285	0.00413447329	0.00413903862	0.00410206073	0.00417246114	7.07979087e-06	7.44818023e-05	0	100	0	0	3
402	344	0	3.6065644	0.00415531003	0.00413914947	0.00410206073	0.00417246114	6.8521133e-06	7.44818023e-05	0	100	0	0	3
403	345	0	3.61553595	0.00413345877	0.00413898112	0.00410206073	0.00417246114	6.37676418e-06	7.44818023e-05	0	100	0	0	3
404	346	0	3.62450751	0.00415810444	0.00413890356	0.00410206073	0.00417246114	5.73855705e-06	7.44818023e-05	0	100	0	0	3
405	346	0	3.63347906	0.00414886708	0.00413882603	0.00410206073	0.00417246114	5.62540595e-06	7.44818023e-05	0	100	0	0	3
406	347	0	3.64245061	0.00417859474	0.00413894159	0.00410206073	0.00417859474	5.62540595e-06	7.44818023e-05	0	100	0	0	3
407	348	0	3.65142216	0.00416780754	0.00413935767	0.00410206073	0.00417859474	5.62540595e-06	7.44818023e-05	0	100	0	0	3
408	349	0	3.66039372	0.00417882584	0.00413964823	0.00410206073	0.00417882584	5.62540595e-06	7.44818023e-05	0	100	0	0	3
409	350	0	3.66936527	0.00416120632	0.00413995608	0.00410206073	0.00417882584	5.62540595e-06	7.44818023e-05	0	100	0	0	3
410	350	0	3.67833682	0.00417008877	0.00414030575	0.00410206073	0.00417882584	5.62540595e-06	7.44818023e-05	0	100	0	0	3
411	351	0	3.68730838	0.00413928892	0.0041403079	0.00410206073	0.00417882584	5.62540595e-06	7.44818023e-05	0	100	0	0	3
412	352	0	3.69627993	0.00415254986	0.00414017439	0.00410206073	0.00417882584	5.62540595e-06	7.44818023e-05	0	100	0	0	3
413	353	0	3.70525148	0.00412694009	0.00413994415	0.00410206073	0.00417882584	5.62540595e-06	7.44818023e-05	0	100	0	0	3
414	354	0	3.71422304	0.00414988797	0.00413976456	0.00410206073	0.00417882584	5.62540595e-06	7.44818023e-05	0	100	0	0	3
415	354	0	3.72319459	0.00413160062	0.00413968885	0.00410206073	0.00417882584	5.62540595e-06	7.44818023e-05	0	100	0	0	3
416	355	0	3.73216614	0.00415548437	0.0041397633	0.00410206073	0.00417882584	5.62540595e-06	7.44818023e-05	0	100	0	0	3
417	356	0	3.7411377	0.00414074991	0.00414007032	0.00410206073	0.00417882584	5.62540595e-06	7.44818023e-05	0	100	0	0	3
418	357	0	3.75010925	0.00415418848	0.0041403252	0.00410206073	0.00417882584	5.33244637e-06	7.44818023e-05	0	100	0	0	3
419	358	0	3.7590808	0.00413824219	0.0041407868	0.00410206073	0.00417882584	4.99935031e-06	7.44818023e-05	0	100	0	0	3
420	359	0	3.76805236	0.00413879571	0.00414096109	0.00410206073	0.00417882584	5.09691539e-06	7.44818023e-05	0	100	0	0	3
421	359	0	3.77702391	0.00411779402	0.00414118829	0.00410206073	0.00417882584	5.32411881e-06	7.44818023e-05	0	100	0	0	3
422	360	0	3.78599546	0.00413413065	0.00414137388	0.00410206073	0.00417882584	5.50970234e-06	7.44818023e-05	0	100	0	0	3
423	361	0	3.79496702	0.00410863581	0.00414149129	0.0041078984	0.00417882584	5.6271145e-06	7.44818023e-05	0	100	0	0	3
424	362	0	3.80393857	0.00412174731	0.00414139244	0.0041078984	0.00417882584	5.6271145e-06	7.44818023e-05	0	100	0	0	3
425	363	0	3.81291012	0.0041055004	0.00414116888	0.0041055004	0.00417882584	5.6271145e-06	7.44818023e-05	0	100	0	0	3
426	364	0	3.82188168	0.0041238967	0.00414109182	0.0041055004	0.00417882584	5.6271145e-06	7.44818023e-05	0	100	0	0	3
427	364	0	3.83085323	0.00409828312	0.004140644	0.00409828312	0.00417882584	5.6271145e-06	7.44818023e-05	0	100	0	0	3
428	365	0	3.83982478	0.00412100796	0.00414050556	0.00409828312	0.00417882584	5.6271145e-06	7.44818023e-05	0	100	0	0	3
429	366	0	3.84879634	0.00410031052	0.00414010562	0.00409828312	0.00417882584	5.6271145e-06	7.44818023e-05	0	100	0	0	3
430	367	0	3.85776789	0.00412898252	0.00413980876	0.00409828312	0.00417882584	5.6271145e-06	7.44818023e-05	0	100	0	0	3
431	368	0	3.86673944	0.00411816562	0.00413968007	0.00409828312	0.00417882584	5.6271145e-06	7.44818023e-05	0	100	0	0	3
432	368	0	3.875711	0.00412944215	0.00413960765	0.00409828312	0.00417882584	5.6271145e-06	7.44818023e-05	0	100	0	0	3
433	369	0	3.88468255	0.00412090708	0.00413967407	0.00409828312	0.00417882584	5.6271145e-06	7.44818023e-05	0	100	0	0	3
434	370	0	3.8936541	0.00414713862	0.00413986455	0.00409828312	0.00417882584	5.6271145e-06	7.44818023e-05	0	100	0	0	3
435	371	0	3.90262566	0.00413843882	0.00414020656	0.00409828312	0.00417882584	5.6271145e-06	7.44818023e-05	0	100	0	0	3
436	372	0	3.91159721	0.00413878317	0.00414036311	0.00409828312	0.00417882584	5.6271145e-06	7.44818023e-05	0	100	0	0	3
437	372	0	3.92056876	0.00414659546	0.00414105412	0.00409828312	0.00417882584	5.48632239e-06	7.44818023e-05	0	100	0	0	3
438	373	0	3.92954032	0.00415202008	0.00414115737	0.00409828312	0.00417882584	4.97344738e-06	7.44818023e-05	0	100	0	0	3
439	374	0	3.93851187	0.00414688211	0.0041412424	0.00409828312	0.00417882584	4.72402096e-06	7.44818023e-05	0	100	0	0	3
440	375	0	3.94748342	0.00414521395	0.00414126945	0.00409828312	0.00417882584	4.11434629e-06	7.44818023e-05	0	100	0	0	3
441	376	0	3.95645497	0.00414669794	0.0041413479	0.00409828312	0.00417882584	3.93518221e-06	7.44818023e-05	0	100	0	0	3
