Iteration	CPUTime	PhysTime	Travels	Value	AvValue	MinValue	MaxValue	Delta	Criteria	PrevAvRefValue	Progress	CriteriaType	CriteriaVarType	CriteriaPercentage
1	7	0	0.00897179511	-152.936679	-152.936679	-152.936679	-152.936679	0	0	0	0	0	0	3
2	8	0	0.0179435902	-54.0146119	-103.475645	-152.936679	-54.0146119	49.4610333	0	0	0	0	0	3
3	9	0	0.0269153853	-26.7904543	-77.9139149	-152.936679	-26.7904543	75.0227636	0	0	0	0	0	3
4	11	0	0.0358871804	-18.2542457	-62.9989976	-152.936679	-18.2542457	89.9376809	0	0	0	0	0	3
5	12	0	0.0448589755	-22.8886567	-54.9769294	-152.936679	-18.2542457	97.9597491	0	0	0	0	0	3
6	13	0	0.0538307706	-18.5517677	-48.9060691	-152.936679	-18.2542457	104.030609	0	0	0	0	0	3
7	14	0	0.0628025657	-21.7358546	-45.0246099	-152.936679	-18.2542457	107.912069	0	0	0	0	0	3
8	15	0	0.0717743608	-17.8516005	-41.6279838	-152.936679	-17.8516005	111.308695	0	0	0	0	0	3
9	16	0	0.080746156	-20.5246745	-39.2831716	-152.936679	-17.8516005	113.653507	0	0	0	0	0	3
10	17	0	0.0897179511	-17.1381465	-37.0686691	-152.936679	-17.1381465	115.868009	0	0	0	0	0	3
11	19	0	0.0986897462	-19.1874332	-35.4431022	-152.936679	-17.1381465	117.493576	0	0	0	0	0	3
12	20	0	0.107661541	-17.1706893	-33.9204011	-152.936679	-17.1381465	119.016277	0	0	0	0	0	3
13	21	0	0.116633336	-18.7763695	-32.7554756	-152.936679	-17.1381465	120.181203	0	0	0	0	0	3
14	22	0	0.125605131	-17.0810385	-31.635873	-152.936679	-17.0810385	121.300806	0	0	0	0	0	3
15	23	0	0.134576927	-18.3230956	-30.7483545	-152.936679	-17.0810385	122.188324	0	0	0	0	0	3
16	25	0	0.143548722	-17.1752437	-29.900035	-152.936679	-17.0810385	123.036644	0	0	0	0	0	3
17	26	0	0.152520517	-17.5439146	-29.1732044	-152.936679	-17.0810385	123.763474	0	0	0	0	0	3
18	27	0	0.161492312	-16.9707968	-28.4952929	-152.936679	-16.9707968	124.441386	0	0	0	0	0	3
19	28	0	0.170464107	-17.0302308	-27.8918686	-152.936679	-16.9707968	125.04481	0	0	0	0	0	3
20	29	0	0.179435902	-16.6974341	-27.3321469	-152.936679	-16.6974341	125.604532	0	0	0	0	0	3
21	30	0	0.188407697	-16.5933782	-26.8207769	-152.936679	-16.5933782	126.115902	0	0	0	0	0	3
22	31	0	0.197379492	-16.4089974	-26.3475142	-152.936679	-16.4089974	126.589164	0	0	0	0	0	3
23	33	0	0.206351287	-16.236397	-25.9079004	-152.936679	-16.236397	127.028778	0	0	0	0	0	3
24	34	0	0.215323083	-16.1041023	-25.4994088	-152.936679	-16.1041023	127.43727	0	0	0	0	0	3
25	35	0	0.224294878	-15.9463885	-25.117288	-152.936679	-15.9463885	127.819391	0	0	0	0	0	3
26	37	0	0.233266673	-15.8798147	-24.7620006	-152.936679	-15.8798147	128.174678	0	0	0	0	0	3
27	38	0	0.242238468	-15.7707567	-24.4289916	-152.936679	-15.7707567	128.507687	0	0	0	0	0	3
28	39	0	0.251210263	-15.6968038	-24.1171277	-152.936679	-15.6968038	128.819551	0	0	0	0	0	3
29	40	0	0.260182058	-15.599541	-23.8234178	-152.936679	-15.599541	129.113261	0	0	0	0	0	3
30	41	0	0.269153853	-15.553462	-23.5477526	-152.936679	-15.553462	129.388926	0	0	0	0	0	3
31	43	0	0.278125648	-15.4783485	-23.2874493	-152.936679	-15.4783485	129.649229	0	0	0	0	0	3
32	44	0	0.287097443	-15.4188592	-23.0415558	-152.936679	-15.4188592	129.895123	0	0	0	0	0	3
33	46	0	0.296069238	-15.3471431	-22.8083918	-152.936679	-15.3471431	130.128287	0	0	0	0	0	3
34	47	0	0.305041034	-15.310348	-22.5878611	-152.936679	-15.310348	130.348817	0	0	0	0	0	3
35	48	0	0.314012829	-15.2511404	-22.3782405	-152.936679	-15.2511404	130.558438	0	0	0	0	0	3
36	49	0	0.322984624	-15.208817	-22.1790899	-152.936679	-15.208817	130.757589	0	0	0	0	0	3
37	51	0	0.331956419	-15.142616	-21.9889149	-152.936679	-15.142616	130.947764	0	0	0	0	0	3
38	52	0	0.340928214	-15.0884964	-21.8073249	-152.936679	-15.0884964	131.129354	0	0	0	0	0	3
39	54	0	0.349900009	-15.0410012	-21.6338295	-152.936679	-15.0410012	131.302849	0	0	0	0	0	3
40	55	0	0.358871804	-15.0088664	-21.4682054	-152.936679	-15.0088664	131.468473	0	0	0	0	0	3
41	56	0	0.367843599	-14.9735416	-21.3097989	-152.936679	-14.9735416	131.62688	0	0	0	0	0	3
42	58	0	0.376815394	-14.9357487	-21.1580358	-152.936679	-14.9357487	131.778643	0	0	0	0	0	3
43	59	0	0.38578719	-14.9035755	-21.0125833	-152.936679	-14.9035755	131.924095	0	0	0	0	0	3
44	61	0	0.394758985	-14.872425	-20.8730342	-152.936679	-14.872425	132.063644	0	0	0	0	0	3
45	62	0	0.40373078	-14.8409295	-20.7389875	-152.936679	-14.8409295	132.197691	0	0	0	0	0	3
46	63	0	0.412702575	-14.8115469	-20.61013	-152.936679	-14.8115469	132.326549	0	0	0	0	0	3
47	65	0	0.42167437	-14.7877691	-20.48625	-152.936679	-14.7877691	132.450429	0	0	0	0	0	3
48	66	0	0.430646165	-14.7715909	-20.3671946	-152.936679	-14.7715909	132.569484	0	0	0	0	0	3
49	67	0	0.43961796	-14.7425389	-20.2524057	-152.936679	-14.7425389	132.684273	0	0	0	0	0	3
50	69	0	0.448589755	-14.7174876	-20.1417074	-152.936679	-14.7174876	132.794971	0	0	0	0	0	3
51	70	0	0.45756155	-14.6986848	-20.0349814	-152.936679	-14.6986848	132.901697	0	0	0	0	0	3
52	71	0	0.466533345	-14.671216	-19.9318321	-152.936679	-14.671216	133.004846	0	0	0	0	0	3
53	73	0	0.475505141	-14.6517807	-19.8322085	-152.936679	-14.6517807	133.10447	0	0	0	0	0	3
54	74	0	0.484476936	-14.6295221	-19.7358624	-152.936679	-14.6295221	133.200816	0	0	0	0	0	3
55	76	0	0.493448731	-14.6077359	-19.6426238	-152.936679	-14.6077359	133.294055	0	0	0	0	0	3
56	77	0	0.502420526	-14.6041959	-19.5526519	-152.936679	-14.6041959	133.384027	0	0	0	0	0	3
57	78	0	0.511392321	-14.5867273	-17.082117	-54.0146119	-14.5867273	39.4278846	0	0	0	0	0	3
58	80	0	0.520364116	-14.5778634	-16.3778894	-26.7904543	-14.5778634	12.2125909	0	0	0	0	0	3
59	81	0	0.529335911	-14.5762286	-16.1597782	-22.8886567	-14.5762286	8.31242811	0	0	0	0	0	3
60	82	0	0.538307706	-14.5661725	-16.0939197	-22.8886567	-14.5661725	8.32248424	0	0	0	0	0	3
61	84	0	0.547279501	-14.5578867	-15.945156	-21.7358546	-14.5578867	7.17796796	0	0	0	0	0	3
62	85	0	0.556251297	-14.5347643	-15.8734238	-21.7358546	-14.5347643	7.20109032	0	0	0	0	0	3
63	86	0	0.565223092	-14.5314213	-15.7447732	-20.5246745	-14.5314213	5.99325318	0	0	0	0	0	3
64	88	0	0.574194887	-14.5173099	-15.6852323	-20.5246745	-14.5173099	6.0073646	0	0	0	0	0	3
65	89	0	0.583166682	-14.5081201	-15.5777938	-19.1874332	-14.5081201	4.67931307	0	0	0	0	0	3
66	91	0	0.592138477	-14.5075084	-15.5308181	-19.1874332	-14.5075084	4.67992486	0	0	0	0	0	3
67	92	0	0.601110272	-14.5024188	-15.4471572	-18.7763695	-14.5024188	4.27395065	0	0	0	0	0	3
68	93	0	0.610082067	-14.4912986	-15.3993109	-18.7763695	-14.4912986	4.28507091	0	0	0	0	0	3
69	95	0	0.619053862	-14.4696894	-15.3224059	-18.3230956	-14.4696894	3.85340624	0	0	0	0	0	3
70	96	0	0.628025657	-14.4590016	-15.2755838	-18.3230956	-14.4590016	3.864094	0	0	0	0	0	3
71	97	0	0.636997452	-14.4430028	-15.2062964	-17.5439146	-14.4430028	3.10091185	0	0	0	0	0	3
72	99	0	0.645969248	-14.4405704	-15.157463	-17.5439146	-14.4405704	3.10334428	0	0	0	0	0	3
73	100	0	0.654941043	-14.4291864	-15.1018428	-17.0302308	-14.4291864	2.60104443	0	0	0	0	0	3
74	101	0	0.663912838	-14.4250697	-15.0563834	-17.0302308	-14.4250697	2.60516115	0	0	0	0	0	3
75	103	0	0.672884633	-14.4156425	-15.0096943	-16.6974341	-14.4156425	2.28179165	0	0	0	0	0	3
76	104	0	0.681856428	-14.4110755	-14.9688665	-16.5933782	-14.4110755	2.18230269	0	0	0	0	0	3
77	105	0	0.690828223	-14.4101385	-14.9298801	-16.4089974	-14.4101385	1.99885891	0	0	0	0	0	3
78	107	0	0.699800018	-14.4021901	-14.8940442	-16.236397	-14.4021901	1.83420691	0	0	0	0	0	3
79	108	0	0.708771813	-14.3894709	-14.8610634	-16.1041023	-14.3894709	1.71463143	0	0	0	0	0	3
80	110	0	0.717743608	-14.3832311	-14.8303336	-15.9463885	-14.3832311	1.56315739	0	0	0	0	0	3
81	111	0	0.726715404	-14.3867094	-14.8024822	-15.8798147	-14.3832311	1.49658362	0	0	0	0	0	3
82	112	0	0.735687199	-14.3875469	-14.7758345	-15.7707567	-14.3832311	1.38752557	0	0	0	0	0	3
83	114	0	0.744658994	-14.3877983	-14.7511388	-15.6968038	-14.3832311	1.31357269	0	0	0	0	0	3
84	115	0	0.753630789	-14.3851913	-14.7277172	-15.599541	-14.3832311	1.21630988	0	0	0	0	0	3
85	116	0	0.762602584	-14.3782076	-14.7059077	-15.553462	-14.3782076	1.17525445	0	0	0	0	0	3
86	118	0	0.771574379	-14.3742135	-14.6848497	-15.4783485	-14.3742135	1.10413492	0	0	0	0	0	3
87	119	0	0.780546174	-14.3670639	-14.6650053	-15.4188592	-14.3670639	1.05179524	0	0	0	0	0	3
88	120	0	0.789517969	-14.3594083	-14.6460865	-15.3471431	-14.3594083	0.987734863	0	0	0	0	0	3
89	122	0	0.798489764	-14.351211	-14.628302	-15.310348	-14.351211	0.959137049	0	0	0	0	0	3
90	123	0	0.80746156	-14.3435282	-14.6110374	-15.2511404	-14.3435282	0.907612126	0	0	0	0	0	3
91	124	0	0.816433355	-14.3357442	-14.594691	-15.208817	-14.3357442	0.873072763	0	0	0	0	0	3
92	126	0	0.82540515	-14.3491738	-14.5793403	-15.142616	-14.3357442	0.806871829	0	0	0	0	0	3
93	127	0	0.834376945	-14.3581325	-14.5653316	-15.0884964	-14.3357442	0.752752187	0	0	0	0	0	3
94	129	0	0.84334874	-14.3745283	-14.5525822	-15.0410012	-14.3357442	0.705256993	0	0	0	0	0	3
95	130	0	0.852320535	-14.3767365	-14.5407203	-15.0088664	-14.3357442	0.673122191	0	0	0	0	0	3
96	131	0	0.86129233	-14.3863787	-14.5296045	-14.9735416	-14.3357442	0.637797361	0	0	0	0	0	3
97	132	0	0.870264125	-14.3871964	-14.519134	-14.9357487	-14.3357442	0.600004438	0	0	0	0	0	3
98	134	0	0.87923592	-14.3925208	-14.5094335	-14.9035755	-14.3357442	0.567831239	0	0	0	0	0	3
99	135	0	0.888207715	-14.3929864	-14.5003159	-14.872425	-14.3357442	0.536680819	0	0	0	0	0	3
100	136	0	0.897179511	-14.3865692	-14.4916399	-14.8409295	-14.3357442	0.505185326	0	0	0	0	0	3
101	141	0	0.906151306	-14.3782391	-14.4833775	-14.8115469	-14.3357442	0.47580265	0	0	0	0	0	3
102	142	0	0.915123101	-14.37627	-14.4756047	-14.7877691	-14.3357442	0.452024861	0	0	0	0	0	3
103	144	0	0.924094896	-14.3772143	-14.4682734	-14.7715909	-14.3357442	0.43584668	0	0	0	0	0	3
104	145	0	0.933066691	-14.3732382	-14.46116	-14.7425389	-14.3357442	0.406794653	0	0	0	0	0	3
105	146	0	0.942038486	-14.3695873	-14.4545001	-14.7174876	-14.3357442	0.381743424	0	0	0	0	0	3
106	148	0	0.951010281	-14.3612138	-14.4481381	-14.6986848	-14.3357442	0.362940597	0	0	0	0	0	3
107	149	0	0.959982076	-14.3600468	-14.442091	-14.671216	-14.3357442	0.335471829	0	0	0	0	0	3
108	150	0	0.968953871	-14.3562498	-14.4364666	-14.6517807	-14.3357442	0.316036444	0	0	0	0	0	3
109	152	0	0.977925667	-14.3562381	-14.431189	-14.6295221	-14.3357442	0.293777837	0	0	0	0	0	3
110	153	0	0.986897462	-14.3456622	-14.4261201	-14.6077359	-14.3357442	0.271991713	0	0	0	0	0	3
111	154	0	0.995869257	-14.3408058	-14.4213535	-14.6041959	-14.3357442	0.268451683	0	0	0	0	0	3
112	156	0	1.00484105	-14.3263241	-14.4163915	-14.5867273	-14.3263241	0.260403172	0.373923906	0	100	0	0	3
113	157	0	1.01381285	-14.3183832	-14.4115996	-14.5778634	-14.3183832	0.259480241	0.374162135	0	100	0	0	3
114	158	0	1.02278464	-14.3071663	-14.4067658	-14.5762286	-14.3071663	0.269062287	0.374330388	0	100	0	0	3
115	159	0	1.03175644	-14.2943199	-14.4017317	-14.5661725	-14.2943199	0.271852559	0.373923906	0	100	0	0	3
116	161	0	1.04072823	-14.2848269	-14.3967076	-14.5578867	-14.2848269	0.273059798	0.373923906	0	100	0	0	3
117	162	0	1.04970003	-14.2798676	-14.391743	-14.5347643	-14.2798676	0.254896644	0.373923906	0	100	0	0	3
118	163	0	1.05867182	-14.2721706	-14.3870538	-14.5314213	-14.2721706	0.259250717	0.373923906	0	100	0	0	3
119	165	0	1.06764362	-14.2688043	-14.3823642	-14.5173099	-14.2688043	0.24850563	0.373923906	0	100	0	0	3
120	166	0	1.07661541	-14.2661981	-14.3778801	-14.5081201	-14.2661981	0.241922012	0.373923906	0	100	0	0	3
121	167	0	1.08558721	-14.2625795	-14.3734955	-14.5075084	-14.2625795	0.244928808	0.373923906	0	100	0	0	3
122	168	0	1.094559	-14.268153	-14.3692213	-14.5024188	-14.2625795	0.239839268	0.373923906	0	100	0	0	3
123	170	0	1.1035308	-14.2705836	-14.3650813	-14.4912986	-14.2625795	0.228719002	0.373923906	0	100	0	0	3
124	171	0	1.11250259	-14.2865103	-14.3614244	-14.4696894	-14.2625795	0.207109806	0.373923906	0	100	0	0	3
125	172	0	1.12147439	-14.2959744	-14.3583224	-14.4590016	-14.2625795	0.196422043	0.373923906	0	100	0	0	3
126	174	0	1.13044618	-14.3070095	-14.3556082	-14.4430028	-14.2625795	0.180423248	0.373923906	0	100	0	0	3
127	175	0	1.13941798	-14.3100186	-14.3532335	-14.4405704	-14.2625795	0.177990817	0.373923906	0	100	0	0	3
128	176	0	1.14838977	-14.3117188	-14.3509326	-14.4291864	-14.2625795	0.16660683	0.373923906	0	100	0	0	3
129	177	0	1.15736157	-14.3069838	-14.3487504	-14.4250697	-14.2625795	0.162490113	0.373923906	0	100	0	0	3
130	179	0	1.16633336	-14.3031885	-14.3465739	-14.4156425	-14.2625795	0.153062948	0.373923906	0	100	0	0	3
131	180	0	1.17530516	-14.3030949	-14.3445642	-14.4110755	-14.2625795	0.148495923	0.373923906	0	100	0	0	3
132	181	0	1.18427695	-14.3041946	-14.3426556	-14.4101385	-14.2625795	0.147558968	0.373923906	0	100	0	0	3
133	182	0	1.19324875	-14.3031103	-14.3407443	-14.4021901	-14.2625795	0.139610505	0.373923906	0	100	0	0	3
134	184	0	1.20222054	-14.2994233	-14.3389092	-14.3929864	-14.2625795	0.130406847	0.373923906	0	100	0	0	3
135	185	0	1.21119234	-14.2991907	-14.3372971	-14.3929864	-14.2625795	0.130406847	0.373923906	0	100	0	0	3
136	186	0	1.22016413	-14.299121	-14.3357951	-14.3929864	-14.2625795	0.130406847	0.373923906	0	100	0	0	3
137	188	0	1.22913593	-14.3051938	-14.3343395	-14.3929864	-14.2625795	0.130406847	0.373923906	0	100	0	0	3
138	189	0	1.23810772	-14.3105439	-14.3329644	-14.3929864	-14.2625795	0.130406847	0.373923906	0	100	0	0	3
139	190	0	1.24707952	-14.3172672	-14.3317049	-14.3929864	-14.2625795	0.130406847	0.373923906	0	100	0	0	3
140	191	0	1.25605131	-14.3223175	-14.3305822	-14.3929864	-14.2625795	0.130406847	0.373923906	0	100	0	0	3
141	193	0	1.26502311	-14.3275074	-14.3296768	-14.3929864	-14.2625795	0.130406847	0.373923906	0	100	0	0	3
142	194	0	1.2739949	-14.3339019	-14.328957	-14.3929864	-14.2625795	0.130406847	0.373923906	0	100	0	0	3
143	195	0	1.2829667	-14.3310387	-14.3283137	-14.3929864	-14.2625795	0.130406847	0.373923906	0	100	0	0	3
144	197	0	1.2919385	-14.3263411	-14.3277232	-14.3929864	-14.2625795	0.130406847	0.373923906	0	100	0	0	3
145	198	0	1.30091029	-14.3107207	-14.3270002	-14.3929864	-14.2625795	0.130406847	0.373923906	0	100	0	0	3
146	199	0	1.30988209	-14.3051327	-14.3263145	-14.3929864	-14.2625795	0.130406847	0.373923906	0	100	0	0	3
147	201	0	1.31885388	-14.2988916	-14.3256564	-14.3929864	-14.2625795	0.130406847	0.373923906	0	100	0	0	3
148	202	0	1.32782568	-14.2983858	-14.3247495	-14.3929864	-14.2625795	0.130406847	0.373923906	0	100	0	0	3
149	204	0	1.33679747	-14.2967922	-14.3236541	-14.3929864	-14.2625795	0.130406847	0.373923906	0	100	0	0	3
150	205	0	1.34576927	-14.2873772	-14.3220979	-14.3929864	-14.2625795	0.130406847	0.373923906	0	100	0	0	3
151	207	0	1.35474106	-14.2810553	-14.3203893	-14.3929864	-14.2625795	0.130406847	0.373923906	0	100	0	0	3
152	208	0	1.36371286	-14.2781404	-14.3184565	-14.3929864	-14.2625795	0.130406847	0.373923906	0	100	0	0	3
153	209	0	1.37268465	-14.2769992	-14.3164886	-14.3929864	-14.2625795	0.130406847	0.373923906	0	100	0	0	3
154	211	0	1.38165645	-14.2779584	-14.3144429	-14.3929864	-14.2625795	0.130406847	0.373923906	0	100	0	0	3
155	212	0	1.39062824	-14.2857224	-14.3125275	-14.3865692	-14.2625795	0.12398964	0.373923906	0	100	0	0	3
156	214	0	1.39960004	-14.2896561	-14.3107969	-14.3782391	-14.2625795	0.115659501	0.373923906	0	100	0	0	3
157	215	0	1.40857183	-14.289078	-14.3092047	-14.3772143	-14.2625795	0.114634761	0.373923906	0	100	0	0	3
158	216	0	1.41754363	-14.281607	-14.3075143	-14.3772143	-14.2625795	0.114634761	0.373923906	0	100	0	0	3
159	218	0	1.42651542	-14.2771492	-14.3057274	-14.3732382	-14.2625795	0.110658629	0.373923906	0	100	0	0	3
160	219	0	1.43548722	-14.2688792	-14.3038639	-14.3695873	-14.2625795	0.107007783	0.373923906	0	100	0	0	3
161	221	0	1.44445901	-14.2604625	-14.3019152	-14.3612138	-14.2604625	0.100751327	0.373923906	0	100	0	0	3
162	222	0	1.45343081	-14.2555727	-14.3000288	-14.3600468	-14.2555727	0.104474143	0.373923906	0	100	0	0	3
163	223	0	1.4624026	-14.2503555	-14.29807	-14.3562498	-14.2503555	0.105894282	0.373923906	0	100	0	0	3
164	225	0	1.4713744	-14.2408456	-14.2960092	-14.3562381	-14.2408456	0.115392539	0.373923906	0	100	0	0	3
165	226	0	1.48034619	-14.2362417	-14.2938664	-14.3456622	-14.2362417	0.109420478	0.373923906	0	100	0	0	3
166	228	0	1.48931799	-14.2292712	-14.291788	-14.3408058	-14.2292712	0.111534607	0.373923906	0	100	0	0	3
167	229	0	1.49828978	-14.2246081	-14.289713	-14.3339019	-14.2246081	0.109293864	0.373923906	0	100	0	0	3
168	230	0	1.50726158	-14.2222665	-14.2878549	-14.3339019	-14.2222665	0.111635445	0.373923906	0	100	0	0	3
169	232	0	1.51623337	-14.2179489	-14.2860614	-14.3339019	-14.2179489	0.115953071	0.373923906	0	100	0	0	3
170	233	0	1.52520517	-14.2150475	-14.2844164	-14.3339019	-14.2150475	0.117315249	0.373923906	0	100	0	0	3
171	234	0	1.53417696	-14.2146423	-14.2829936	-14.3339019	-14.2146423	0.113714035	0.373923906	0	100	0	0	3
172	236	0	1.54314876	-14.2202273	-14.28184	-14.3339019	-14.2146423	0.109902974	0.373923906	0	100	0	0	3
173	237	0	1.55212055	-14.2311855	-14.2809707	-14.3339019	-14.2146423	0.106083125	0.373923906	0	100	0	0	3
174	239	0	1.56109235	-14.240616	-14.2804072	-14.3339019	-14.2146423	0.101957009	0.373923906	0	100	0	0	3
175	240	0	1.57006414	-14.2443414	-14.2799704	-14.3339019	-14.2146423	0.0979097071	0.373923906	0	100	0	0	3
176	241	0	1.57903594	-14.2446685	-14.2795859	-14.3339019	-14.2146423	0.0939095116	0.373923906	0	100	0	0	3
177	243	0	1.58800773	-14.2463164	-14.2792955	-14.3339019	-14.2146423	0.0899257221	0.373923906	0	100	0	0	3
178	244	0	1.59697953	-14.2454253	-14.2788897	-14.3339019	-14.2146423	0.0861916585	0.373923906	0	100	0	0	3
179	246	0	1.60595132	-14.2424184	-14.2783867	-14.3339019	-14.2146423	0.0830376736	0.373923906	0	100	0	0	3
180	247	0	1.61492312	-14.2409209	-14.2775726	-14.3339019	-14.2146423	0.0807497171	0.373923906	0	100	0	0	3
181	248	0	1.62389491	-14.2446464	-14.2766561	-14.3339019	-14.2146423	0.0789521435	0.373923906	0	100	0	0	3
182	250	0	1.63286671	-14.2504933	-14.2756468	-14.3339019	-14.2146423	0.0775866423	0.373923906	0	100	0	0	3
183	251	0	1.6418385	-14.258044	-14.2747187	-14.3339019	-14.2146423	0.0762138384	0.373923906	0	100	0	0	3
184	253	0	1.6508103	-14.2678052	-14.2739346	-14.3339019	-14.2146423	0.074815822	0.373923906	0	100	0	0	3
185	254	0	1.65978209	-14.2806827	-14.2734649	-14.3339019	-14.2146423	0.0731090356	0.373923906	0	100	0	0	3
186	256	0	1.66875389	-14.2919955	-14.273265	-14.3339019	-14.2146423	0.0712991334	0.373923906	0	100	0	0	3
187	257	0	1.67772568	-14.3076288	-14.273346	-14.3339019	-14.2146423	0.0693905465	0.373923906	0	100	0	0	3
188	259	0	1.68669748	-14.3238572	-14.2736971	-14.3339019	-14.2146423	0.067479328	0.373923906	0	100	0	0	3
189	260	0	1.69566927	-14.339366	-14.2743445	-14.339366	-14.2146423	0.0656442081	0.373923906	0	100	0	0	3
190	262	0	1.70464107	-14.3567624	-14.2753684	-14.3567624	-14.2146423	0.0640320615	0.373923906	0	100	0	0	3
191	263	0	1.71361287	-14.373982	-14.276704	-14.373982	-14.2146423	0.0625300958	0.373923906	0	100	0	0	3
192	265	0	1.72258466	-14.3850356	-14.2782382	-14.3850356	-14.2146423	0.0610744598	0.373923906	0	100	0	0	3
193	266	0	1.73155646	-14.4067781	-14.2800522	-14.4067781	-14.2146423	0.0596994056	0.373923906	0	100	0	0	3
194	267	0	1.74052825	-14.4190837	-14.2819904	-14.4190837	-14.2146423	0.0584399223	0.373923906	0	100	0	0	3
195	269	0	1.74950005	-14.433649	-14.2840686	-14.433649	-14.2146423	0.0573171761	0.373923906	0	100	0	0	3
196	270	0	1.75847184	-14.4400219	-14.2861705	-14.4400219	-14.2146423	0.0564118152	0.373923906	0	100	0	0	3
197	271	0	1.76744364	-14.44661	-14.2882973	-14.44661	-14.2146423	0.0556919652	0.373923906	0	100	0	0	3
198	273	0	1.77641543	-14.4499145	-14.290369	-14.4499145	-14.2146423	0.055048657	0.373923906	0	100	0	0	3
199	274	0	1.78538723	-14.4680805	-14.2928162	-14.4680805	-14.2146423	0.0544581721	0.373923906	0	100	0	0	3
200	276	0	1.79435902	-14.4795944	-14.2955528	-14.4795944	-14.2146423	0.0537351317	0.373923906	0	100	0	0	3
201	280	0	1.80333082	-14.4941954	-14.2988292	-14.4941954	-14.2146423	0.0530494974	0.373923906	0	100	0	0	3
202	282	0	1.81230261	-14.4984799	-14.3022818	-14.4984799	-14.2146423	0.0523914147	0.373923906	0	100	0	0	3
203	283	0	1.82127441	-14.5042887	-14.3059496	-14.5042887	-14.2146423	0.051484487	0.373923906	0	100	0	0	3
204	285	0	1.8302462	-14.5027185	-14.3095984	-14.5042887	-14.2146423	0.0503891247	0.373923906	0	100	0	0	3
205	286	0	1.839218	-14.5020025	-14.3132629	-14.5042887	-14.2146423	0.0488328549	0.373923906	0	100	0	0	3
206	287	0	1.84818979	-14.4935188	-14.316944	-14.5042887	-14.2146423	0.0471242613	0.373923906	0	100	0	0	3
207	289	0	1.85716159	-14.494167	-14.3207495	-14.5042887	-14.2146423	0.0474845178	0.373923906	0	100	0	0	3
208	290	0	1.86613338	-14.4915593	-14.3245606	-14.5042887	-14.2146423	0.0512955685	0.373923906	0	100	0	0	3
209	292	0	1.87510518	-14.4941313	-14.3284379	-14.5042887	-14.2146423	0.0551729266	0.373923906	0	100	0	0	3
210	293	0	1.88407697	-14.4909367	-14.3322411	-14.5042887	-14.2146423	0.0589761106	0.373923906	0	100	0	0	3
211	294	0	1.89304877	-14.4959068	-14.3359944	-14.5042887	-14.2146423	0.0627294023	0.373923906	0	100	0	0	3
212	296	0	1.90202056	-14.4886586	-14.339548	-14.5042887	-14.2146423	0.0662830176	0.373923906	0	100	0	0	3
213	297	0	1.91099236	-14.4827053	-14.3430057	-14.5042887	-14.2146423	0.0697406473	0.373923906	0	100	0	0	3
214	299	0	1.91996415	-14.4699853	-14.3463696	-14.5042887	-14.2146423	0.0731045466	0.373923906	0	100	0	0	3
215	300	0	1.92893595	-14.4561425	-14.3495659	-14.5042887	-14.2146423	0.0763008561	0.373923906	0	100	0	0	3
216	301	0	1.93790774	-14.4534764	-14.3528623	-14.5042887	-14.2146423	0.079597234	0.373923906	0	100	0	0	3
217	303	0	1.94687954	-14.4501101	-14.3562488	-14.5042887	-14.2146423	0.0829837974	0.373923906	0	100	0	0	3
218	304	0	1.95585133	-14.448996	-14.3597028	-14.5042887	-14.2146423	0.0864377854	0.373923906	0	100	0	0	3
219	306	0	1.96482313	-14.4394059	-14.3630787	-14.5042887	-14.2146423	0.0898136854	0.373923906	0	100	0	0	3
220	307	0	1.97379492	-14.4268029	-14.3663994	-14.5042887	-14.2146423	0.0931343521	0.373923906	0	100	0	0	3
221	308	0	1.98276672	-14.4086132	-14.3694774	-14.5042887	-14.2146423	0.0962124154	0.373923906	0	100	0	0	3
222	310	0	1.99173851	-14.3896182	-14.3723408	-14.5042887	-14.2146423	0.0990757553	0.373923906	0	100	0	0	3
223	311	0	2.00071031	-14.3703592	-14.3749435	-14.5042887	-14.2146423	0.101678455	0.373923906	0	100	0	0	3
224	313	0	2.0096821	-14.3536807	-14.3772902	-14.5042887	-14.2146423	0.104025136	0.373923906	0	100	0	0	3
225	314	0	2.0186539	-14.3427402	-14.3795186	-14.5042887	-14.2146423	0.106253553	0.373923906	0	100	0	0	3
226	315	0	2.02762569	-14.3376609	-14.3817081	-14.5042887	-14.2146423	0.108443079	0.373923906	0	100	0	0	3
227	317	0	2.03659749	-14.3366473	-14.3838868	-14.5042887	-14.2202273	0.11062174	0.373923906	0	100	0	0	3
228	318	0	2.04556928	-14.325588	-14.3857682	-14.5042887	-14.2311855	0.112503182	0.373923906	0	100	0	0	3
229	320	0	2.05454108	-14.3187598	-14.387332	-14.5042887	-14.240616	0.114067007	0.373923906	0	100	0	0	3
230	321	0	2.06351287	-14.3035755	-14.3884563	-14.5042887	-14.2409209	0.115191284	0.373923906	0	100	0	0	3
231	322	0	2.07248467	-14.3012448	-14.3894724	-14.5042887	-14.2409209	0.116207415	0.373923906	0	100	0	0	3
232	324	0	2.08145646	-14.2906498	-14.3902935	-14.5042887	-14.2409209	0.117028511	0.373923906	0	100	0	0	3
233	325	0	2.09042826	-14.2902725	-14.3910785	-14.5042887	-14.2409209	0.117813441	0.373923906	0	100	0	0	3
234	327	0	2.09940005	-14.2810987	-14.3917155	-14.5042887	-14.2409209	0.118450466	0.373923906	0	100	0	0	3
235	328	0	2.10837185	-14.2719681	-14.3922432	-14.5042887	-14.2409209	0.11897814	0.373923906	0	100	0	0	3
236	329	0	2.11734364	-14.2582278	-14.3925522	-14.5042887	-14.2446464	0.119287192	0.373923906	0	100	0	0	3
237	331	0	2.12631544	-14.2550551	-14.3927381	-14.5042887	-14.2504933	0.119473061	0.373923906	0	100	0	0	3
238	332	0	2.13528724	-14.2574155	-14.3928617	-14.5042887	-14.2550551	0.119596672	0.373923906	0	100	0	0	3
239	334	0	2.14425903	-14.2618824	-14.3929302	-14.5042887	-14.2550551	0.119665216	0.373923906	0	100	0	0	3
240	335	0	2.15323083	-14.2633319	-14.3928504	-14.5042887	-14.2550551	0.119665216	0.373923906	0	100	0	0	3
241	336	0	2.16220262	-14.2696381	-14.3926531	-14.5042887	-14.2550551	0.119665216	0.373923906	0	100	0	0	3
242	338	0	2.17117442	-14.2736745	-14.392326	-14.5042887	-14.2550551	0.119584254	0.373923906	0	100	0	0	3
243	339	0	2.18014621	-14.2771998	-14.3917826	-14.5042887	-14.2550551	0.119233136	0.373923906	0	100	0	0	3
244	341	0	2.18911801	-14.2701557	-14.3908236	-14.5042887	-14.2550551	0.118585713	0.373923906	0	100	0	0	3
245	342	0	2.1980898	-14.2664338	-14.3895213	-14.5042887	-14.2550551	0.117561801	0.373923906	0	100	0	0	3
246	343	0	2.2070616	-14.2575206	-14.3877491	-14.5042887	-14.2550551	0.116226242	0.373923906	0	100	0	0	3
247	345	0	2.21603339	-14.2567517	-14.3856557	-14.5042887	-14.2550551	0.114692053	0.373923906	0	100	0	0	3
248	346	0	2.22500519	-14.2555052	-14.3833427	-14.5042887	-14.2550551	0.112878049	0.373923906	0	100	0	0	3
249	348	0	2.23397698	-14.265906	-14.3808271	-14.5042887	-14.2550551	0.110939837	0.373923906	0	100	0	0	3
250	349	0	2.24294878	-14.2780805	-14.3783092	-14.5042887	-14.2550551	0.108861591	0.373923906	0	100	0	0	3
251	350	0	2.25192057	-14.3003919	-14.3759296	-14.5042887	-14.2550551	0.106759725	0.373923906	0	100	0	0	3
252	352	0	2.26089237	-14.31103	-14.3736262	-14.5042887	-14.2550551	0.104632892	0.373923906	0	100	0	0	3
253	353	0	2.26986416	-14.3191204	-14.3713496	-14.5042887	-14.2550551	0.10256124	0.373923906	0	100	0	0	3
254	355	0	2.27883596	-14.3254639	-14.3691272	-14.5042887	-14.2550551	0.100114064	0.373923906	0	100	0	0	3
255	356	0	2.28780775	-14.3223216	-14.3665244	-14.5042887	-14.2550551	0.0973773981	0.373923906	0	100	0	0	3
256	358	0	2.29677955	-14.3158606	-14.3636006	-14.5042887	-14.2550551	0.0941010638	0.373923906	0	100	0	0	3
257	359	0	2.30575134	-14.30941	-14.3603008	-14.5042887	-14.2550551	0.0906484356	0.373923906	0	100	0	0	3
258	360	0	2.31472314	-14.3071972	-14.3568851	-14.5042887	-14.2550551	0.0869806297	0.373923906	0	100	0	0	3
259	362	0	2.32369493	-14.3168254	-14.3535375	-14.5027185	-14.2550551	0.0833318324	0.373923906	0	100	0	0	3
260	363	0	2.33266673	-14.3305759	-14.3504635	-14.5020025	-14.2550551	0.0796673637	0.373923906	0	100	0	0	3
261	365	0	2.34163852	-14.3491208	-14.3477335	-14.4959068	-14.2550551	0.0759862645	0.373923906	0	100	0	0	3
262	366	0	2.35061032	-14.3716396	-14.3455571	-14.4959068	-14.2550551	0.0721806979	0.373923906	0	100	0	0	3
263	368	0	2.35958211	-14.3942039	-14.343772	-14.4959068	-14.2550551	0.0683696472	0.373923906	0	100	0	0	3
264	369	0	2.36855391	-14.4127179	-14.3423642	-14.4959068	-14.2550551	0.064492289	0.373923906	0	100	0	0	3
265	370	0	2.3775257	-14.4276568	-14.3411771	-14.4959068	-14.2550551	0.060689105	0.373923906	0	100	0	0	3
266	372	0	2.3864975	-14.440962	-14.3402847	-14.4959068	-14.2550551	0.0569358133	0.373923906	0	100	0	0	3
267	373	0	2.39546929	-14.4568039	-14.3395864	-14.4886586	-14.2550551	0.0533821981	0.373923906	0	100	0	0	3
268	375	0	2.40444109	-14.4697683	-14.3392491	-14.4827053	-14.2550551	0.0536811254	0.373923906	0	100	0	0	3
269	376	0	2.41341288	-14.4819672	-14.3392359	-14.4819672	-14.2550551	0.0536943056	0.373923906	0	100	0	0	3
270	378	0	2.42238468	-14.4882083	-14.3395613	-14.4882083	-14.2550551	0.0536943056	0.373923906	0	100	0	0	3
271	379	0	2.43135647	-14.4886969	-14.3401427	-14.4886969	-14.2550551	0.0536943056	0.373923906	0	100	0	0	3
272	380	0	2.44032827	-14.4805175	-14.3406255	-14.4886969	-14.2550551	0.0536943056	0.373923906	0	100	0	0	3
273	382	0	2.44930006	-14.4697648	-14.3409765	-14.4886969	-14.2550551	0.0536943056	0.373923906	0	100	0	0	3
274	383	0	2.45827186	-14.4587824	-14.3411513	-14.4886969	-14.2550551	0.0536943056	0.373923906	0	100	0	0	3
275	384	0	2.46724365	-14.4477372	-14.3413001	-14.4886969	-14.2550551	0.0536943056	0.373923906	0	100	0	0	3
276	386	0	2.47621545	-14.4398339	-14.3415328	-14.4886969	-14.2550551	0.0536943056	0.373923906	0	100	0	0	3
277	387	0	2.48518724	-14.43808	-14.3420589	-14.4886969	-14.2550551	0.0536943056	0.373923906	0	100	0	0	3
278	389	0	2.49415904	-14.4347458	-14.3428648	-14.4886969	-14.2550551	0.0536943056	0.373923906	0	100	0	0	3
279	390	0	2.50313083	-14.4256657	-14.3438524	-14.4886969	-14.2550551	0.0536943056	0.373923906	0	100	0	0	3
280	392	0	2.51210263	-14.4114225	-14.3448835	-14.4886969	-14.2550551	0.0536943056	0.373923906	0	100	0	0	3
281	393	0	2.52107442	-14.3933329	-14.345787	-14.4886969	-14.2550551	0.0536943056	0.373923906	0	100	0	0	3
282	394	0	2.53004622	-14.3819725	-14.3465782	-14.4886969	-14.2550551	0.0536943056	0.373923906	0	100	0	0	3
283	396	0	2.53901801	-14.3784009	-14.3473238	-14.4886969	-14.2550551	0.0536943056	0.373923906	0	100	0	0	3
284	397	0	2.54798981	-14.3755517	-14.348216	-14.4886969	-14.2550551	0.0536943056	0.373923906	0	100	0	0	3
285	399	0	2.55696161	-14.3804167	-14.3493171	-14.4886969	-14.2550551	0.0536943056	0.373923906	0	100	0	0	3
286	400	0	2.5659334	-14.3749766	-14.3505921	-14.4886969	-14.2550551	0.0536943056	0.373923906	0	100	0	0	3
287	402	0	2.5749052	-14.3741985	-14.3518948	-14.4886969	-14.2550551	0.0536943056	0.373923906	0	100	0	0	3
288	403	0	2.58387699	-14.363407	-14.3531941	-14.4886969	-14.2550551	0.0536943056	0.373923906	0	100	0	0	3
289	405	0	2.59284879	-14.3545675	-14.3543422	-14.4886969	-14.2550551	0.0536943056	0.373923906	0	100	0	0	3
290	406	0	2.60182058	-14.3487038	-14.3555494	-14.4886969	-14.2550551	0.0536943056	0.373923906	0	100	0	0	3
291	408	0	2.61079238	-14.3449076	-14.3568519	-14.4886969	-14.2550551	0.0536943056	0.373923906	0	100	0	0	3
292	409	0	2.61976417	-14.3393063	-14.3582997	-14.4886969	-14.2550551	0.0536943056	0.373923906	0	100	0	0	3
293	410	0	2.62873597	-14.3379263	-14.3597796	-14.4886969	-14.2555052	0.0536943056	0.373923906	0	100	0	0	3
294	412	0	2.63770776	-14.3278442	-14.3610372	-14.4886969	-14.2555052	0.0536943056	0.373923906	0	100	0	0	3
295	414	0	2.64667956	-14.3222797	-14.3621158	-14.4886969	-14.2555052	0.053614425	0.373923906	0	100	0	0	3
296	415	0	2.65565135	-14.3055053	-14.3628689	-14.4886969	-14.2555052	0.0534171999	0.373923906	0	100	0	0	3
297	417	0	2.66462315	-14.3015237	-14.3634382	-14.4886969	-14.2555052	0.0530900397	0.373923906	0	100	0	0	3
298	418	0	2.67359494	-14.2993386	-14.3638965	-14.4886969	-14.2555052	0.0525466647	0.373923906	0	100	0	0	3
299	420	0	2.68256674	-14.3021106	-14.3643414	-14.4886969	-14.2555052	0.0515877086	0.373923906	0	100	0	0	3
300	421	0	2.69153853	-14.2997472	-14.3648698	-14.4886969	-14.2555052	0.0502853486	0.373923906	0	100	0	0	3
301	426	0	2.70051033	-14.3010107	-14.3654872	-14.4886969	-14.2555052	0.0485131746	0.373923906	0	100	0	0	3
302	428	0	2.70948212	-14.2971715	-14.3661953	-14.4886969	-14.2555052	0.0464197754	0.373923906	0	100	0	0	3
303	429	0	2.71845392	-14.290056	-14.36679	-14.4886969	-14.2555052	0.0441067319	0.373923906	0	100	0	0	3
304	430	0	2.72742571	-14.2750785	-14.3671395	-14.4886969	-14.265906	0.0415911593	0.373923906	0	100	0	0	3
305	432	0	2.73639751	-14.2702644	-14.3672174	-14.4886969	-14.2702644	0.0390732447	0.373923906	0	100	0	0	3
306	433	0	2.7453693	-14.2628014	-14.3669445	-14.4886969	-14.2628014	0.0366936534	0.373923906	0	100	0	0	3
307	435	0	2.7543411	-14.2647816	-14.3663086	-14.4886969	-14.2628014	0.0343902253	0.373923906	0	100	0	0	3
308	436	0	2.76331289	-14.268721	-14.3655531	-14.4886969	-14.2628014	0.0321136246	0.373923906	0	100	0	0	3
309	437	0	2.77228469	-14.273495	-14.3647384	-14.4886969	-14.2628014	0.0298912936	0.373923906	0	100	0	0	3
310	439	0	2.78125648	-14.274658	-14.3638311	-14.4886969	-14.2628014	0.02798142	0.373923906	0	100	0	0	3
311	440	0	2.79022828	-14.2688978	-14.3628771	-14.4886969	-14.2628014	0.02798142	0.373923906	0	100	0	0	3
312	442	0	2.79920007	-14.2640028	-14.3619511	-14.4886969	-14.2628014	0.02798142	0.373923906	0	100	0	0	3
313	443	0	2.80817187	-14.2611455	-14.3610892	-14.4886969	-14.2611455	0.02798142	0.373923906	0	100	0	0	3
314	445	0	2.81714366	-14.2565242	-14.3601843	-14.4886969	-14.2565242	0.02798142	0.373923906	0	100	0	0	3
315	446	0	2.82611546	-14.2667769	-14.3592906	-14.4886969	-14.2565242	0.02798142	0.373923906	0	100	0	0	3
316	447	0	2.83508725	-14.2784472	-14.3583597	-14.4886969	-14.2565242	0.02798142	0.373923906	0	100	0	0	3
317	449	0	2.84405905	-14.2935136	-14.3573668	-14.4886969	-14.2565242	0.02798142	0.373923906	0	100	0	0	3
318	450	0	2.85303084	-14.3004351	-14.3560952	-14.4886969	-14.2565242	0.02798142	0.373923906	0	100	0	0	3
319	452	0	2.86200264	-14.306559	-14.3545302	-14.4886969	-14.2565242	0.02798142	0.373923906	0	100	0	0	3
320	453	0	2.87097443	-14.3008187	-14.352532	-14.4886969	-14.2565242	0.02798142	0.373923906	0	100	0	0	3
321	455	0	2.87994623	-14.2999166	-14.3502509	-14.4886969	-14.2565242	0.02798142	0.373923906	0	100	0	0	3
322	456	0	2.88891802	-14.2939421	-14.3476255	-14.4886969	-14.2565242	0.02798142	0.373923906	0	100	0	0	3
323	457	0	2.89788982	-14.3061821	-14.3449359	-14.4886969	-14.2565242	0.02798142	0.373923906	0	100	0	0	3
324	459	0	2.90686161	-14.3121465	-14.3421212	-14.4886969	-14.2565242	0.02798142	0.373923906	0	100	0	0	3
325	460	0	2.91583341	-14.3247245	-14.3393133	-14.4886969	-14.2565242	0.027904079	0.373923906	0	100	0	0	3
326	462	0	2.9248052	-14.3235398	-14.3363728	-14.4886969	-14.2565242	0.0308445882	0.373923906	0	100	0	0	3
327	463	0	2.933777	-14.3268377	-14.3334824	-14.4805175	-14.2565242	0.0337349318	0.373923906	0	100	0	0	3
328	465	0	2.94274879	-14.3192105	-14.3306019	-14.4697648	-14.2565242	0.0366154137	0.373923906	0	100	0	0	3
329	466	0	2.95172059	-14.3184006	-14.327899	-14.4587824	-14.2565242	0.039318347	0.373923906	0	100	0	0	3
330	468	0	2.96069238	-14.3174265	-14.3253748	-14.4477372	-14.2565242	0.0418425602	0.373923906	0	100	0	0	3
331	469	0	2.96966418	-14.3174848	-14.3230489	-14.4398339	-14.2565242	0.0441684956	0.373923906	0	100	0	0	3
332	471	0	2.97863598	-14.3206637	-14.3209208	-14.43808	-14.2565242	0.0462965345	0.373923906	0	100	0	0	3
333	472	0	2.98760777	-14.3166203	-14.3187519	-14.4347458	-14.2565242	0.0484654566	0.373923906	0	100	0	0	3
334	474	0	2.99657957	-14.3072292	-14.3164748	-14.4256657	-14.2565242	0.0507425388	0.373923906	0	100	0	0	3
335	475	0	3.00555136	-14.3029937	-14.3142842	-14.4114225	-14.2565242	0.0529331098	0.373923906	0	100	0	0	3
336	477	0	3.01452316	-14.2981229	-14.312261	-14.3933329	-14.2565242	0.0549563181	0.373923906	0	100	0	0	3
337	478	0	3.02349495	-14.2921988	-14.3104551	-14.3819725	-14.2565242	0.0567622856	0.373923906	0	100	0	0	3
338	479	0	3.03246675	-14.2898563	-14.3088101	-14.3804167	-14.2565242	0.0584072162	0.373923906	0	100	0	0	3
339	481	0	3.04143854	-14.2867546	-14.3071736	-14.3804167	-14.2565242	0.060043757	0.373923906	0	100	0	0	3
340	482	0	3.05041034	-14.2864437	-14.3055824	-14.3804167	-14.2565242	0.0616349714	0.373923906	0	100	0	0	3
341	484	0	3.05938213	-14.2931619	-14.3040243	-14.3749766	-14.2565242	0.0631930919	0.373923906	0	100	0	0	3
342	485	0	3.06835393	-14.3023484	-14.3027273	-14.3741985	-14.2565242	0.0644900245	0.373923906	0	100	0	0	3
343	487	0	3.07732572	-14.3067795	-14.3015234	-14.363407	-14.2565242	0.0656939346	0.373923906	0	100	0	0	3
344	488	0	3.08629752	-14.304847	-14.3004777	-14.3545675	-14.2565242	0.0667396479	0.373923906	0	100	0	0	3
345	489	0	3.09526931	-14.30688	-14.2996261	-14.3487038	-14.2565242	0.0675912109	0.373923906	0	100	0	0	3
346	491	0	3.10424111	-14.3116352	-14.2989642	-14.3449076	-14.2565242	0.0682531495	0.373923906	0	100	0	0	3
347	492	0	3.1132129	-14.3204597	-14.2985276	-14.3393063	-14.2565242	0.0686897189	0.373923906	0	100	0	0	3
348	494	0	3.1221847	-14.3259872	-14.2982898	-14.3379263	-14.2565242	0.0689275598	0.373923906	0	100	0	0	3
349	495	0	3.13115649	-14.332968	-14.2982012	-14.332968	-14.2565242	0.069016101	0.373923906	0	100	0	0	3
350	496	0	3.14012829	-14.3348745	-14.2983268	-14.3348745	-14.2565242	0.069016101	0.373923906	0	100	0	0	3
351	497	0	3.14910008	-14.3344546	-14.2985442	-14.3348745	-14.2565242	0.069016101	0.373923906	0	100	0	0	3
352	499	0	3.15807188	-14.3341823	-14.2990563	-14.3348745	-14.2565242	0.069016101	0.373923906	0	100	0	0	3
353	500	0	3.16704367	-14.3337039	-14.2996309	-14.3348745	-14.2565242	0.069016101	0.373923906	0	100	0	0	3
354	501	0	3.17601547	-14.3331319	-14.3002344	-14.3348745	-14.2565242	0.069016101	0.373923906	0	100	0	0	3
355	503	0	3.18498726	-14.3266379	-14.3006724	-14.3348745	-14.2565242	0.069016101	0.373923906	0	100	0	0	3
356	504	0	3.19395906	-14.3274789	-14.3011676	-14.3348745	-14.2565242	0.069016101	0.373923906	0	100	0	0	3
357	506	0	3.20293085	-14.3373193	-14.3018159	-14.3373193	-14.2565242	0.069016101	0.373923906	0	100	0	0	3
358	507	0	3.21190265	-14.3375347	-14.3025367	-14.3375347	-14.2565242	0.069016101	0.373923906	0	100	0	0	3
359	508	0	3.22087444	-14.3414628	-14.3034547	-14.3414628	-14.2565242	0.069016101	0.373923906	0	100	0	0	3
360	509	0	3.22984624	-14.3531641	-14.3048491	-14.3531641	-14.2565242	0.069016101	0.373923906	0	100	0	0	3
361	511	0	3.23881803	-14.365604	-14.3065516	-14.365604	-14.2565242	0.0687432597	0.373923906	0	100	0	0	3
362	512	0	3.24778983	-14.3728792	-14.3085173	-14.3728792	-14.2565242	0.0681073624	0.373923906	0	100	0	0	3
363	514	0	3.25676162	-14.3823342	-14.3106164	-14.3823342	-14.2565242	0.0673518451	0.373923906	0	100	0	0	3
364	515	0	3.26573342	-14.3822354	-14.3126434	-14.3823342	-14.2565242	0.0665371055	0.373923906	0	100	0	0	3
365	516	0	3.27470521	-14.3945034	-14.3148043	-14.3945034	-14.2565242	0.0656298575	0.373923906	0	100	0	0	3
366	518	0	3.28367701	-14.39328	-14.3169226	-14.3945034	-14.2565242	0.0646758605	0.373923906	0	100	0	0	3
367	519	0	3.2926488	-14.3887042	-14.319062	-14.3945034	-14.2565242	0.0637498275	0.373923906	0	100	0	0	3
368	520	0	3.3016206	-14.3841889	-14.3212081	-14.3945034	-14.2565242	0.0628879611	0.373923906	0	100	0	0	3
369	521	0	3.31059239	-14.3810806	-14.3233498	-14.3945034	-14.2565242	0.061983085	0.373923906	0	100	0	0	3
370	523	0	3.31956419	-14.3742558	-14.3254522	-14.3945034	-14.2667769	0.0610893602	0.373923906	0	100	0	0	3
371	524	0	3.32853598	-14.3736681	-14.327361	-14.3945034	-14.2784472	0.0601584911	0.373923906	0	100	0	0	3
372	525	0	3.33750778	-14.3728866	-14.3290474	-14.3945034	-14.2864437	0.0591655052	0.373923906	0	100	0	0	3
373	527	0	3.34647957	-14.3862213	-14.3307029	-14.3945034	-14.2864437	0.0578939961	0.373923906	0	100	0	0	3
374	528	0	3.35545137	-14.3941631	-14.3323766	-14.3945034	-14.2864437	0.0563289091	0.373923906	0	100	0	0	3
375	529	0	3.36442316	-14.4076269	-14.3341814	-14.4076269	-14.2864437	0.0543307087	0.373923906	0	100	0	0	3
376	531	0	3.37339496	-14.4047992	-14.3360382	-14.4076269	-14.2864437	0.0520496334	0.373923906	0	100	0	0	3
377	532	0	3.38236675	-14.4045729	-14.337907	-14.4076269	-14.2864437	0.0494242778	0.373923906	0	100	0	0	3
378	533	0	3.39133855	-14.4025565	-14.3398466	-14.4076269	-14.2864437	0.0467346028	0.373923906	0	100	0	0	3
379	535	0	3.40031035	-14.4005461	-14.3415316	-14.4076269	-14.2864437	0.0439199271	0.373923906	0	100	0	0	3
380	536	0	3.40928214	-14.3993941	-14.3430896	-14.4076269	-14.2864437	0.0448883873	0.373923906	0	100	0	0	3
381	537	0	3.41825394	-14.3914083	-14.3442804	-14.4076269	-14.2864437	0.0460791704	0.373923906	0	100	0	0	3
382	539	0	3.42722573	-14.3854087	-14.3453852	-14.4076269	-14.2864437	0.0471839729	0.373923906	0	100	0	0	3
383	540	0	3.43619753	-14.3827335	-14.3463834	-14.4076269	-14.2864437	0.048182113	0.373923906	0	100	0	0	3
384	541	0	3.44516932	-14.3774089	-14.3474226	-14.4076269	-14.2864437	0.0492213689	0.373923906	0	100	0	0	3
385	543	0	3.45414112	-14.3724265	-14.3483874	-14.4076269	-14.2864437	0.0501861183	0.373923906	0	100	0	0	3
386	544	0	3.46311291	-14.3639376	-14.3492179	-14.4076269	-14.2864437	0.0510166737	0.373923906	0	100	0	0	3
387	545	0	3.47208471	-14.3538088	-14.3498666	-14.4076269	-14.2864437	0.0516653161	0.373923906	0	100	0	0	3
388	546	0	3.4810565	-14.352065	-14.3504273	-14.4076269	-14.2864437	0.0522260537	0.373923906	0	100	0	0	3
389	548	0	3.4900283	-14.3529922	-14.3510768	-14.4076269	-14.2864437	0.0528755514	0.373923906	0	100	0	0	3
390	549	0	3.49900009	-14.3552594	-14.3519345	-14.4076269	-14.2864437	0.0537332324	0.373923906	0	100	0	0	3
391	550	0	3.50797189	-14.3619671	-14.3529876	-14.4076269	-14.2864437	0.0547863286	0.373923906	0	100	0	0	3
392	552	0	3.51694368	-14.3646606	-14.3541758	-14.4076269	-14.2864437	0.055974503	0.373923906	0	100	0	0	3
393	553	0	3.52591548	-14.3677376	-14.3555247	-14.4076269	-14.2864437	0.0573234117	0.373923906	0	100	0	0	3
394	554	0	3.53488727	-14.3681502	-14.3569228	-14.4076269	-14.2864437	0.0587215168	0.373923906	0	100	0	0	3
395	556	0	3.54385907	-14.3649836	-14.3583197	-14.4076269	-14.2864437	0.060118462	0.373923906	0	100	0	0	3
396	557	0	3.55283086	-14.3539888	-14.3595259	-14.4076269	-14.2931619	0.0613246255	0.373923906	0	100	0	0	3
397	558	0	3.56180266	-14.3509134	-14.3605572	-14.4076269	-14.3023484	0.0623559017	0.373923906	0	100	0	0	3
398	560	0	3.57077445	-14.3457009	-14.3613313	-14.4076269	-14.304847	0.0631300542	0.373923906	0	100	0	0	3
399	561	0	3.57974625	-14.3527637	-14.3621524	-14.4076269	-14.304847	0.0639512002	0.373923906	0	100	0	0	3
400	562	0	3.58871804	-14.3521253	-14.3629967	-14.4076269	-14.30688	0.0647954552	0.373923906	0	100	0	0	3
401	567	0	3.59768984	-14.3562063	-14.3638775	-14.4076269	-14.3116352	0.0656762825	0.373923906	0	100	0	0	3
402	568	0	3.60666163	-14.3505929	-14.3645732	-14.4076269	-14.3204597	0.0663719547	0.373923906	0	100	0	0	3
403	569	0	3.61563343	-14.3469347	-14.365046	-14.4076269	-14.3259872	0.0668447222	0.373923906	0	100	0	0	3
404	571	0	3.62460522	-14.3485586	-14.365449	-14.4076269	-14.3266379	0.0672477818	0.373923906	0	100	0	0	3
405	572	0	3.63357702	-14.3548106	-14.3658391	-14.4076269	-14.3266379	0.0675122877	0.373923906	0	100	0	0	3
406	573	0	3.64254881	-14.3618247	-14.3663203	-14.4076269	-14.3266379	0.0677761332	0.373923906	0	100	0	0	3
407	575	0	3.65152061	-14.3674653	-14.3669098	-14.4076269	-14.3266379	0.0678535205	0.373923906	0	100	0	0	3
408	576	0	3.6604924	-14.3675854	-14.3675063	-14.4076269	-14.3266379	0.0678753571	0.373923906	0	100	0	0	3
409	578	0	3.6694642	-14.3622999	-14.3680169	-14.4076269	-14.3266379	0.0677825486	0.373923906	0	100	0	0	3
410	579	0	3.67843599	-14.3642411	-14.3685725	-14.4076269	-14.3266379	0.0679000827	0.373923906	0	100	0	0	3
411	581	0	3.68740779	-14.3693037	-14.3693343	-14.4076269	-14.3274789	0.068166763	0.373923906	0	100	0	0	3
412	582	0	3.69637958	-14.3717697	-14.3701253	-14.4076269	-14.3373193	0.0683093042	0.373923906	0	100	0	0	3
413	583	0	3.70535138	-14.3779319	-14.3708505	-14.4076269	-14.3375347	0.0683137578	0.373923906	0	100	0	0	3
414	585	0	3.71432317	-14.3803304	-14.3716147	-14.4076269	-14.3414628	0.066164172	0.373923906	0	100	0	0	3
415	586	0	3.72329497	-14.3814119	-14.3723281	-14.4076269	-14.3457009	0.0619259769	0.373923906	0	100	0	0	3
416	587	0	3.73226676	-14.3832845	-14.3728659	-14.4076269	-14.3457009	0.0619259769	0.373923906	0	100	0	0	3
417	589	0	3.74123856	-14.3861868	-14.3732335	-14.4076269	-14.3457009	0.0619259769	0.373923906	0	100	0	0	3
418	590	0	3.75021035	-14.380177	-14.3733638	-14.4076269	-14.3457009	0.0619259769	0.373923906	0	100	0	0	3
419	592	0	3.75918215	-14.3741984	-14.3732185	-14.4076269	-14.3457009	0.0607203513	0.373923906	0	100	0	0	3
420	593	0	3.76815394	-14.3656946	-14.3729231	-14.4076269	-14.3457009	0.0585594866	0.373923906	0	100	0	0	3
421	595	0	3.77712574	-14.3660939	-14.3724158	-14.4076269	-14.3457009	0.0564412379	0.373923906	0	100	0	0	3
422	596	0	3.78609753	-14.3596953	-14.3718161	-14.4076269	-14.3457009	0.0543018371	0.373923906	0	100	0	0	3
423	597	0	3.79506933	-14.3555053	-14.3712233	-14.4076269	-14.3457009	0.0521556573	0.373923906	0	100	0	0	3
424	599	0	3.80404112	-14.3523097	-14.370654	-14.4076269	-14.3457009	0.0500139579	0.373923906	0	100	0	0	3
425	600	0	3.81301292	-14.3522666	-14.3701395	-14.4076269	-14.3457009	0.0479116076	0.373923906	0	100	0	0	3
426	602	0	3.82198471	-14.344001	-14.3695992	-14.4076269	-14.344001	0.0460028359	0.373923906	0	100	0	0	3
427	603	0	3.83095651	-14.3377114	-14.3689571	-14.4076269	-14.3377114	0.0443164188	0.373923906	0	100	0	0	3
428	604	0	3.83992831	-14.334212	-14.3682665	-14.4076269	-14.334212	0.0426609236	0.373923906	0	100	0	0	3
429	606	0	3.8489001	-14.3328469	-14.3673134	-14.4076269	-14.3328469	0.0409872092	0.373923906	0	100	0	0	3
430	607	0	3.8578719	-14.3311817	-14.3661887	-14.4076269	-14.3311817	0.0391824249	0.373923906	0	100	0	0	3
431	609	0	3.86684369	-14.3319693	-14.3648377	-14.4047992	-14.3311817	0.0373256294	0.373923906	0	100	0	0	3
432	610	0	3.87581549	-14.3345097	-14.3635825	-14.4045729	-14.3311817	0.0354567673	0.373923906	0	100	0	0	3
433	611	0	3.88478728	-14.3342856	-14.3623274	-14.4025565	-14.3311817	0.0335172243	0.373923906	0	100	0	0	3
434	613	0	3.89375908	-14.3272706	-14.360983	-14.4005461	-14.3272706	0.0318321528	0.373923906	0	100	0	0	3
435	614	0	3.90273087	-14.3161061	-14.3594751	-14.3993941	-14.3161061	0.0302741606	0.373923906	0	100	0	0	3
436	616	0	3.91170267	-14.3043407	-14.3577778	-14.3914083	-14.3043407	0.0290833775	0.373923906	0	100	0	0	3
437	617	0	3.92067446	-14.2990941	-14.3561293	-14.3861868	-14.2990941	0.027978575	0.373923906	0	100	0	0	3
438	618	0	3.92964626	-14.3026319	-14.3546511	-14.3861868	-14.2990941	0.0269804349	0.373923906	0	100	0	0	3
439	620	0	3.93861805	-14.3115908	-14.3533807	-14.3861868	-14.2990941	0.025941179	0.373923906	0	100	0	0	3
440	622	0	3.94758985	-14.320277	-14.3523605	-14.3861868	-14.2990941	0.0249764296	0.373923906	0	100	0	0	3
441	624	0	3.95656164	-14.3246104	-14.3515067	-14.3861868	-14.2990941	0.0241458741	0.373923906	0	100	0	0	3
442	625	0	3.96553344	-14.3186158	-14.3506973	-14.3861868	-14.2990941	0.0234972318	0.373923906	0	100	0	0	3
443	627	0	3.97450523	-14.3059487	-14.3498427	-14.3861868	-14.2990941	0.0235211037	0.373923906	0	100	0	0	3
444	629	0	3.98347703	-14.2947674	-14.3488195	-14.3861868	-14.2947674	0.0245442753	0.373923906	0	100	0	0	3
445	632	0	3.99244882	-14.2850702	-14.3476066	-14.3861868	-14.2850702	0.025757168	0.373923906	0	100	0	0	3
446	633	0	4.00142062	-14.283519	-14.3463256	-14.3861868	-14.283519	0.027038246	0.373923906	0	100	0	0	3
