Iteration	CPUTime	PhysTime	Travels	Value	AvValue	MinValue	MaxValue	Delta	Criteria	PrevAvRefValue	Progress	CriteriaType	CriteriaVarType	CriteriaPercentage
1	7	0	0.00897179511	101324.729	101324.729	101324.729	101324.729	0	0	0	0	0	0	3
2	8	0	0.0179435902	101323.712	101324.221	101323.712	101324.729	0.508621489	0	0	0	0	0	3
3	9	0	0.0269153853	101325.197	101324.546	101323.712	101325.197	0.508621489	0	0	0	0	0	3
4	11	0	0.0358871804	101325.203	101324.71	101323.712	101325.203	0.508621489	0	0	0	0	0	3
5	12	0	0.0448589755	101325.089	101324.786	101323.712	101325.203	0.565290919	0	0	0	0	0	3
6	13	0	0.0538307706	101324.983	101324.819	101323.712	101325.203	0.598058591	0	0	0	0	0	3
7	14	0	0.0628025657	101325.084	101324.857	101323.712	101325.203	0.635907328	0	0	0	0	0	3
8	15	0	0.0717743608	101325.033	101324.879	101323.712	101325.203	0.657985471	0	0	0	0	0	3
9	16	0	0.080746156	101325.11	101324.904	101323.712	101325.203	0.683689382	0	0	0	0	0	3
10	17	0	0.0897179511	101325.052	101324.919	101323.712	101325.203	0.698493733	0	0	0	0	0	3
11	19	0	0.0986897462	101325.113	101324.937	101323.712	101325.203	0.716138902	0	0	0	0	0	3
12	20	0	0.107661541	101325.076	101324.948	101323.712	101325.203	0.727704009	0	0	0	0	0	3
13	21	0	0.116633336	101325.131	101324.962	101323.712	101325.203	0.741719937	0	0	0	0	0	3
14	22	0	0.125605131	101325.106	101324.973	101323.712	101325.203	0.751963434	0	0	0	0	0	3
15	23	0	0.134576927	101325.142	101324.984	101323.712	101325.203	0.763285084	0	0	0	0	0	3
16	25	0	0.143548722	101325.133	101324.993	101323.712	101325.203	0.77261389	0	0	0	0	0	3
17	26	0	0.152520517	101325.155	101325.003	101323.712	101325.203	0.782109601	0	0	0	0	0	3
18	27	0	0.161492312	101325.148	101325.011	101323.712	101325.203	0.790161187	0	0	0	0	0	3
19	28	0	0.170464107	101325.16	101325.019	101323.712	101325.203	0.798003162	0	0	0	0	0	3
20	29	0	0.179435902	101325.156	101325.025	101323.712	101325.203	0.804870737	0	0	0	0	0	3
21	30	0	0.188407697	101325.164	101325.032	101323.712	101325.203	0.811481787	0	0	0	0	0	3
22	31	0	0.197379492	101325.164	101325.038	101323.712	101325.203	0.817485156	0	0	0	0	0	3
23	33	0	0.206351287	101325.163	101325.044	101323.712	101325.203	0.822909745	0	0	0	0	0	3
24	34	0	0.215323083	101325.161	101325.048	101323.712	101325.203	0.827824803	0	0	0	0	0	3
25	35	0	0.224294878	101325.159	101325.053	101323.712	101325.203	0.832234769	0	0	0	0	0	3
26	37	0	0.233266673	101325.154	101325.057	101323.712	101325.203	0.836113645	0	0	0	0	0	3
27	38	0	0.242238468	101325.13	101325.059	101323.712	101325.203	0.838838671	0	0	0	0	0	3
28	39	0	0.251210263	101325.103	101325.061	101323.712	101325.203	0.840381287	0	0	0	0	0	3
29	40	0	0.260182058	101325.069	101325.061	101323.712	101325.203	0.840667569	0	0	0	0	0	3
30	41	0	0.269153853	101325.037	101325.06	101323.712	101325.203	0.840667569	0	0	0	0	0	3
31	43	0	0.278125648	101325	101325.059	101323.712	101325.203	0.840667569	0	0	0	0	0	3
32	44	0	0.287097443	101324.947	101325.055	101323.712	101325.203	0.840667569	0	0	0	0	0	3
33	46	0	0.296069238	101324.9	101325.05	101323.712	101325.203	0.840667569	0	0	0	0	0	3
34	47	0	0.305041034	101324.863	101325.045	101323.712	101325.203	0.840667569	0	0	0	0	0	3
35	48	0	0.314012829	101324.836	101325.039	101323.712	101325.203	0.840667569	0	0	0	0	0	3
36	49	0	0.322984624	101324.815	101325.033	101323.712	101325.203	0.840667569	0	0	0	0	0	3
37	51	0	0.331956419	101324.798	101325.026	101323.712	101325.203	0.840667569	0	0	0	0	0	3
38	52	0	0.340928214	101324.782	101325.02	101323.712	101325.203	0.840667569	0	0	0	0	0	3
39	54	0	0.349900009	101324.773	101325.014	101323.712	101325.203	0.840667569	0	0	0	0	0	3
40	55	0	0.358871804	101324.768	101325.007	101323.712	101325.203	0.840667569	0	0	0	0	0	3
41	56	0	0.367843599	101324.764	101325.001	101323.712	101325.203	0.840667569	0	0	0	0	0	3
42	58	0	0.376815394	101324.755	101324.996	101323.712	101325.203	0.840667569	0	0	0	0	0	3
43	59	0	0.38578719	101324.742	101324.99	101323.712	101325.203	0.840667569	0	0	0	0	0	3
44	61	0	0.394758985	101324.729	101324.984	101323.712	101325.203	0.840667569	0	0	0	0	0	3
45	62	0	0.40373078	101324.719	101324.978	101323.712	101325.203	0.840667569	0	0	0	0	0	3
46	63	0	0.412702575	101324.71	101324.972	101323.712	101325.203	0.840667569	0	0	0	0	0	3
47	65	0	0.42167437	101324.706	101324.966	101323.712	101325.203	0.840667569	0	0	0	0	0	3
48	66	0	0.430646165	101324.701	101324.961	101323.712	101325.203	0.840667569	0	0	0	0	0	3
49	67	0	0.43961796	101324.694	101324.955	101323.712	101325.203	0.840667569	0	0	0	0	0	3
50	69	0	0.448589755	101324.683	101324.95	101323.712	101325.203	0.840667569	0	0	0	0	0	3
51	70	0	0.45756155	101324.678	101324.945	101323.712	101325.203	0.840667569	0	0	0	0	0	3
52	71	0	0.466533345	101324.678	101324.94	101323.712	101325.203	0.840667569	0	0	0	0	0	3
53	73	0	0.475505141	101324.679	101324.935	101323.712	101325.203	0.840667569	0	0	0	0	0	3
54	74	0	0.484476936	101324.678	101324.93	101323.712	101325.203	0.840667569	0	0	0	0	0	3
55	76	0	0.493448731	101324.676	101324.925	101323.712	101325.203	0.840667569	0	0	0	0	0	3
56	77	0	0.502420526	101324.667	101324.921	101323.712	101325.203	0.840667569	0	0	0	0	0	3
57	78	0	0.511392321	101324.657	101324.919	101323.712	101325.203	0.840667569	0	0	0	0	0	3
58	80	0	0.520364116	101324.646	101324.936	101324.646	101325.203	0.515244649	0	0	0	0	0	3
59	81	0	0.529335911	101324.64	101324.926	101324.64	101325.203	0.351035379	0	0	0	0	0	3
60	82	0	0.538307706	101324.638	101324.916	101324.638	101325.164	0.27537665	0	0	0	0	0	3
61	84	0	0.547279501	101324.639	101324.908	101324.638	101325.164	0.242608977	0	0	0	0	0	3
62	85	0	0.556251297	101324.64	101324.902	101324.638	101325.164	0.20476024	0	0	0	0	0	3
63	86	0	0.565223092	101324.643	101324.894	101324.638	101325.164	0.182682098	0	0	0	0	0	3
64	88	0	0.574194887	101324.644	101324.887	101324.638	101325.164	0.174255936	0	0	0	0	0	3
65	89	0	0.583166682	101324.644	101324.879	101324.638	101325.164	0.182578136	0	0	0	0	0	3
66	91	0	0.592138477	101324.641	101324.871	101324.638	101325.164	0.189929302	0	0	0	0	0	3
67	92	0	0.601110272	101324.639	101324.863	101324.638	101325.164	0.198394474	0	0	0	0	0	3
68	93	0	0.610082067	101324.636	101324.855	101324.636	101325.164	0.206234484	0	0	0	0	0	3
69	95	0	0.619053862	101324.633	101324.846	101324.633	101325.164	0.215110596	0	0	0	0	0	3
70	96	0	0.628025657	101324.628	101324.838	101324.628	101325.164	0.223635774	0	0	0	0	0	3
71	97	0	0.636997452	101324.625	101324.828	101324.625	101325.164	0.23287806	0	0	0	0	0	3
72	99	0	0.645969248	101324.619	101324.819	101324.619	101325.164	0.242052653	0	0	0	0	0	3
73	100	0	0.654941043	101324.616	101324.81	101324.616	101325.164	0.251674606	0	0	0	0	0	3
74	101	0	0.663912838	101324.611	101324.8	101324.611	101325.164	0.261250495	0	0	0	0	0	3
75	103	0	0.672884633	101324.612	101324.79	101324.611	101325.164	0.271037786	0	0	0	0	0	3
76	104	0	0.681856428	101324.612	101324.781	101324.611	101325.164	0.280755251	0	0	0	0	0	3
77	105	0	0.690828223	101324.613	101324.771	101324.611	101325.164	0.290600741	0	0	0	0	0	3
78	107	0	0.699800018	101324.611	101324.761	101324.611	101325.163	0.30048226	0	0	0	0	0	3
79	108	0	0.708771813	101324.609	101324.751	101324.609	101325.161	0.310373074	0	0	0	0	0	3
80	110	0	0.717743608	101324.606	101324.741	101324.606	101325.159	0.320287644	0	0	0	0	0	3
81	111	0	0.726715404	101324.607	101324.731	101324.606	101325.154	0.330143948	0	0	0	0	0	3
82	112	0	0.735687199	101324.606	101324.721	101324.606	101325.13	0.339919349	0	0	0	0	0	3
83	114	0	0.744658994	101324.606	101324.712	101324.606	101325.103	0.349273159	0	0	0	0	0	3
84	115	0	0.753630789	101324.604	101324.703	101324.604	101325.069	0.358173367	0	0	0	0	0	3
85	116	0	0.762602584	101324.605	101324.695	101324.604	101325.037	0.365670177	0	0	0	0	0	3
86	118	0	0.771574379	101324.601	101324.687	101324.601	101325	0.371514445	0	0	0	0	0	3
87	119	0	0.780546174	101324.596	101324.68	101324.596	101324.947	0.350792237	0	0	0	0	0	3
88	120	0	0.789517969	101324.59	101324.673	101324.59	101324.9	0.309924735	0	0	0	0	0	3
89	122	0	0.798489764	101324.585	101324.668	101324.585	101324.863	0.278498247	0	0	0	0	0	3
90	123	0	0.80746156	101324.577	101324.663	101324.577	101324.836	0.259188118	0	0	0	0	0	3
91	124	0	0.816433355	101324.574	101324.658	101324.574	101324.815	0.241153225	0	0	0	0	0	3
92	126	0	0.82540515	101324.576	101324.654	101324.574	101324.798	0.223847959	0	0	0	0	0	3
93	127	0	0.834376945	101324.584	101324.65	101324.574	101324.782	0.208135952	0	0	0	0	0	3
94	129	0	0.84334874	101324.591	101324.647	101324.574	101324.773	0.19872762	0	0	0	0	0	3
95	130	0	0.852320535	101324.597	101324.643	101324.574	101324.768	0.193967723	0	0	0	0	0	3
96	131	0	0.86129233	101324.596	101324.64	101324.574	101324.764	0.189582328	0	0	0	0	0	3
97	132	0	0.870264125	101324.591	101324.637	101324.574	101324.755	0.181424009	0	0	0	0	0	3
98	134	0	0.87923592	101324.582	101324.634	101324.574	101324.742	0.168374135	0	0	0	0	0	3
99	135	0	0.888207715	101324.577	101324.631	101324.574	101324.729	0.154541431	0	0	0	0	0	3
100	136	0	0.897179511	101324.569	101324.628	101324.569	101324.719	0.150539802	0	0	0	0	0	3
101	141	0	0.906151306	101324.562	101324.625	101324.562	101324.71	0.148210181	0	0	0	0	0	3
102	142	0	0.915123101	101324.556	101324.623	101324.556	101324.706	0.150544417	0	0	0	0	0	3
103	144	0	0.924094896	101324.554	101324.62	101324.554	101324.701	0.147228287	0	0	0	0	0	3
104	145	0	0.933066691	101324.552	101324.617	101324.552	101324.694	0.142212998	0	0	0	0	0	3
105	146	0	0.942038486	101324.554	101324.615	101324.552	101324.683	0.131526957	0	0	0	0	0	3
106	148	0	0.951010281	101324.561	101324.613	101324.552	101324.679	0.127797189	0	0	0	0	0	3
107	149	0	0.959982076	101324.574	101324.611	101324.552	101324.679	0.127797189	0	0	0	0	0	3
108	150	0	0.968953871	101324.586	101324.609	101324.552	101324.679	0.127797189	0	0	0	0	0	3
109	152	0	0.977925667	101324.594	101324.608	101324.552	101324.678	0.126404318	0	0	0	0	0	3
110	153	0	0.986897462	101324.597	101324.606	101324.552	101324.676	0.124189034	0	0	0	0	0	3
111	154	0	0.995869257	101324.594	101324.605	101324.552	101324.667	0.11542585	0	0	0	0	0	3
112	156	0	1.00484105	101324.584	101324.603	101324.552	101324.657	0.105263494	0.0195378008	0	0	0	0	3
113	157	0	1.01381285	101324.578	101324.602	101324.552	101324.646	0.0939324383	0.0195378008	0	0	0	0	3
114	158	0	1.02278464	101324.574	101324.601	101324.552	101324.644	0.0922775261	0.0195378008	0	0	0	0	3
115	159	0	1.03175644	101324.575	101324.599	101324.552	101324.644	0.0922775261	0.0195378008	0	0	0	0	3
116	161	0	1.04072823	101324.578	101324.598	101324.552	101324.644	0.0922775261	0.0195378008	0	0	0	0	3
117	162	0	1.04970003	101324.584	101324.597	101324.552	101324.644	0.0922775261	0.0195378008	0	0	0	0	3
118	163	0	1.05867182	101324.589	101324.596	101324.552	101324.644	0.0922775261	0.0195378008	0	0	0	0	3
119	165	0	1.06764362	101324.588	101324.595	101324.552	101324.644	0.0922775261	0.0195378008	0	0	0	0	3
120	166	0	1.07661541	101324.583	101324.594	101324.552	101324.644	0.0922775261	0.0195378008	0	0	0	0	3
121	167	0	1.08558721	101324.577	101324.593	101324.552	101324.641	0.0890676289	0.0195378008	0	0	0	0	3
122	168	0	1.094559	101324.572	101324.592	101324.552	101324.639	0.0875410006	0.0195378008	0	0	0	0	3
123	170	0	1.1035308	101324.572	101324.591	101324.552	101324.636	0.0848796559	0.0195378008	0	0	0	0	3
124	171	0	1.11250259	101324.575	101324.59	101324.552	101324.633	0.0818488159	0.0195378008	0	0	0	0	3
125	172	0	1.12147439	101324.579	101324.589	101324.552	101324.628	0.0767189401	0.0195378008	0	0	0	0	3
126	174	0	1.13044618	101324.584	101324.588	101324.552	101324.625	0.0732202276	0.0195378008	0	0	0	0	3
127	175	0	1.13941798	101324.588	101324.587	101324.552	101324.619	0.0677687743	0.0195378008	0	0	0	0	3
128	176	0	1.14838977	101324.588	101324.587	101324.552	101324.616	0.0642116291	0.0195378008	0	0	0	0	3
129	177	0	1.15736157	101324.586	101324.586	101324.552	101324.613	0.0613554035	0.0195378008	0	0	0	0	3
130	179	0	1.16633336	101324.585	101324.586	101324.552	101324.613	0.0613554035	0.0195378008	0	0	0	0	3
131	180	0	1.17530516	101324.585	101324.585	101324.552	101324.613	0.0613554035	0.0195378008	0	0	0	0	3
132	181	0	1.18427695	101324.587	101324.585	101324.552	101324.613	0.0613554035	0.0195378008	0	0	0	0	3
133	182	0	1.19324875	101324.59	101324.584	101324.552	101324.611	0.0591908517	0.0195378008	0	0	0	0	3
134	184	0	1.20222054	101324.59	101324.584	101324.552	101324.609	0.057365147	0.0195378008	0	0	0	0	3
135	185	0	1.21119234	101324.589	101324.584	101324.552	101324.607	0.0551209494	0.0195378008	0	0	0	0	3
136	186	0	1.22016413	101324.586	101324.583	101324.552	101324.607	0.0551209494	0.0195378008	0	0	0	0	3
137	188	0	1.22913593	101324.585	101324.583	101324.552	101324.606	0.054876052	0.0195378008	0	0	0	0	3
138	189	0	1.23810772	101324.581	101324.582	101324.552	101324.606	0.054876052	0.0195378008	0	0	0	0	3
139	190	0	1.24707952	101324.579	101324.582	101324.552	101324.605	0.0530828014	0.0195378008	0	0	0	0	3
140	191	0	1.25605131	101324.577	101324.581	101324.552	101324.605	0.0530828014	0.0195378008	0	0	0	0	3
141	193	0	1.26502311	101324.577	101324.581	101324.552	101324.601	0.0496580331	0.0195378008	0	0	0	0	3
142	194	0	1.2739949	101324.577	101324.581	101324.552	101324.597	0.0457579594	0.0195378008	0	0	0	0	3
143	195	0	1.2829667	101324.577	101324.58	101324.552	101324.597	0.0457579594	0.0195378008	0	0	0	0	3
144	197	0	1.2919385	101324.577	101324.58	101324.552	101324.597	0.0457579594	0.0195378008	0	0	0	0	3
145	198	0	1.30091029	101324.576	101324.58	101324.552	101324.597	0.0457579594	0.0195378008	0	0	0	0	3
146	199	0	1.30988209	101324.573	101324.58	101324.552	101324.597	0.0457579594	0.0195378008	0	0	0	0	3
147	201	0	1.31885388	101324.574	101324.58	101324.552	101324.597	0.0457579594	0.0195378008	0	0	0	0	3
148	202	0	1.32782568	101324.573	101324.58	101324.552	101324.597	0.0457579594	0.0195378008	0	0	0	0	3
149	204	0	1.33679747	101324.575	101324.58	101324.552	101324.597	0.0457579594	0.0195378008	0	0	0	0	3
150	205	0	1.34576927	101324.575	101324.579	101324.552	101324.597	0.0457579594	0.0195378008	0	0	0	0	3
151	207	0	1.35474106	101324.574	101324.579	101324.552	101324.597	0.0457579594	0.0195378008	0	0	0	0	3
152	208	0	1.36371286	101324.573	101324.578	101324.552	101324.597	0.0457579594	0.0195378008	0	0	0	0	3
153	209	0	1.37268465	101324.574	101324.578	101324.552	101324.597	0.0457579594	0.0195378008	0	0	0	0	3
154	211	0	1.38165645	101324.574	101324.578	101324.552	101324.597	0.0457579594	0.0195378008	0	0	0	0	3
155	212	0	1.39062824	101324.577	101324.578	101324.552	101324.597	0.0457579594	0.0195378008	0	0	0	0	3
156	214	0	1.39960004	101324.579	101324.578	101324.552	101324.597	0.0457579594	0.0195378008	0	0	0	0	3
157	215	0	1.40857183	101324.579	101324.578	101324.552	101324.597	0.044753093	0.0195378008	0	0	0	0	3
158	216	0	1.41754363	101324.578	101324.579	101324.552	101324.597	0.0420284405	0.0195378008	0	0	0	0	3
159	218	0	1.42651542	101324.576	101324.579	101324.552	101324.597	0.0393636844	0.0195378008	0	0	0	0	3
160	219	0	1.43548722	101324.577	101324.58	101324.554	101324.597	0.0368664574	0.0195378008	0	0	0	0	3
161	221	0	1.44445901	101324.579	101324.58	101324.561	101324.597	0.034693766	0.0195378008	0	0	0	0	3
162	222	0	1.45343081	101324.582	101324.581	101324.572	101324.597	0.0250704511	0.0195378008	0	0	0	0	3
163	223	0	1.4624026	101324.587	101324.581	101324.572	101324.597	0.0250704511	0.0195378008	0	0	0	0	3
164	225	0	1.4713744	101324.592	101324.581	101324.572	101324.597	0.0250704511	0.0195378008	0	0	0	0	3
165	226	0	1.48034619	101324.597	101324.581	101324.572	101324.597	0.0251224425	0.0195378008	0	0	0	0	3
166	228	0	1.48931799	101324.601	101324.581	101324.572	101324.601	0.0267787616	0.0195378008	0	0	0	0	3
167	229	0	1.49828978	101324.605	101324.581	101324.572	101324.605	0.025299233	0.0195378008	0	0	0	0	3
168	230	0	1.50726158	101324.608	101324.582	101324.572	101324.608	0.0238825853	0.0195378008	0	0	0	0	3
169	232	0	1.51623337	101324.611	101324.582	101324.572	101324.611	0.0225971701	0.0195378008	0	0	0	0	3
170	233	0	1.52520517	101324.612	101324.583	101324.572	101324.612	0.0214464448	0.0195378008	0	0	0	0	3
171	234	0	1.53417696	101324.615	101324.584	101324.572	101324.615	0.0203608528	0.0195378008	0	0	0	0	3
172	236	0	1.54314876	101324.618	101324.584	101324.572	101324.618	0.0193892147	0.0195378008	0	0	0	0	3
173	237	0	1.55212055	101324.622	101324.585	101324.572	101324.622	0.0184732676	0.0195378008	0	0	0	0	3
174	239	0	1.56109235	101324.624	101324.586	101324.572	101324.624	0.0174926002	0.0195378008	0	0	0	0	3
175	240	0	1.57006414	101324.625	101324.586	101324.572	101324.625	0.0164145031	0.0195378008	0	0	0	0	3
176	241	0	1.57903594	101324.625	101324.587	101324.572	101324.625	0.0152262095	0.0195378008	0	0	0	0	3
177	243	0	1.58800773	101324.626	101324.588	101324.572	101324.626	0.0140051359	0.0195378008	0	0	0	0	3
178	244	0	1.59697953	101324.628	101324.589	101324.572	101324.628	0.0128141972	0.0195378008	0	0	0	0	3
179	246	0	1.60595132	101324.631	101324.59	101324.573	101324.631	0.0119906865	0.0195378008	0	0	0	0	3
180	247	0	1.61492312	101324.632	101324.591	101324.573	101324.632	0.013013797	0.0195378008	0	0	0	0	3
181	248	0	1.62389491	101324.632	101324.592	101324.573	101324.632	0.0139505215	0.0195378008	0	0	0	0	3
182	250	0	1.63286671	101324.631	101324.593	101324.573	101324.632	0.0148005996	0.0195378008	0	0	0	0	3
183	251	0	1.6418385	101324.631	101324.594	101324.573	101324.632	0.0155766049	0.0195378008	0	0	0	0	3
184	253	0	1.6508103	101324.631	101324.594	101324.573	101324.632	0.0163492786	0.0195378008	0	0	0	0	3
185	254	0	1.65978209	101324.633	101324.595	101324.573	101324.633	0.0171806343	0.0195378008	0	0	0	0	3
186	256	0	1.66875389	101324.635	101324.596	101324.573	101324.635	0.0180713686	0.0195378008	0	0	0	0	3
187	257	0	1.67772568	101324.636	101324.597	101324.573	101324.636	0.0189953735	0.0195378008	0	0	0	0	3
188	259	0	1.68669748	101324.637	101324.598	101324.573	101324.637	0.019891474	0.0195378008	0	0	0	0	3
189	260	0	1.69566927	101324.637	101324.599	101324.573	101324.637	0.0207349759	0.0195378008	0	0	0	0	3
190	262	0	1.70464107	101324.638	101324.6	101324.573	101324.638	0.0215871578	0.0195378008	0	0	0	0	3
191	263	0	1.71361287	101324.638	101324.6	101324.573	101324.638	0.022467902	0.0195378008	0	0	0	0	3
192	265	0	1.72258466	101324.637	101324.601	101324.573	101324.638	0.0233759664	0.0195378008	0	0	0	0	3
193	266	0	1.73155646	101324.635	101324.602	101324.573	101324.638	0.0242785535	0.0195378008	0	0	0	0	3
194	267	0	1.74052825	101324.632	101324.603	101324.573	101324.638	0.0251880599	0.0195378008	0	0	0	0	3
195	269	0	1.74950005	101324.627	101324.604	101324.573	101324.638	0.0260405393	0.0195378008	0	0	0	0	3
196	270	0	1.75847184	101324.621	101324.605	101324.573	101324.638	0.026825753	0.0195378008	0	0	0	0	3
197	271	0	1.76744364	101324.614	101324.605	101324.573	101324.638	0.0274882447	0.0195378008	0	0	0	0	3
198	273	0	1.77641543	101324.609	101324.606	101324.573	101324.638	0.0280652263	0.0195378008	0	0	0	0	3
199	274	0	1.78538723	101324.606	101324.607	101324.573	101324.638	0.0285689181	0.0195378008	0	0	0	0	3
200	276	0	1.79435902	101324.605	101324.607	101324.573	101324.638	0.0290672311	0.0195378008	0	0	0	0	3
201	280	0	1.80333082	101324.605	101324.608	101324.573	101324.638	0.0295823981	0.0195378008	0	0	0	0	3
202	282	0	1.81230261	101324.603	101324.608	101324.573	101324.638	0.0301037235	0.0195378008	0	0	0	0	3
203	283	0	1.82127441	101324.602	101324.609	101324.573	101324.638	0.030604727	0.0195378008	0	0	0	0	3
204	285	0	1.8302462	101324.599	101324.609	101324.573	101324.638	0.0310525972	0.0195378008	0	0	0	0	3
205	286	0	1.839218	101324.596	101324.609	101324.573	101324.638	0.0314237543	0.0195378008	0	0	0	0	3
206	287	0	1.84818979	101324.594	101324.61	101324.573	101324.638	0.0317565862	0.0195378008	0	0	0	0	3
207	289	0	1.85716159	101324.595	101324.61	101324.573	101324.638	0.0321327796	0.0195378008	0	0	0	0	3
208	290	0	1.86613338	101324.596	101324.611	101324.574	101324.638	0.0325484501	0.0195378008	0	0	0	0	3
209	292	0	1.87510518	101324.599	101324.611	101324.574	101324.638	0.032991656	0.0195378008	0	0	0	0	3
210	293	0	1.88407697	101324.602	101324.611	101324.576	101324.638	0.0334746138	0.0195378008	0	0	0	0	3
211	294	0	1.89304877	101324.604	101324.612	101324.576	101324.638	0.0337689691	0.0195378008	0	0	0	0	3
212	296	0	1.90202056	101324.604	101324.612	101324.576	101324.638	0.0339048897	0.0195378008	0	0	0	0	3
213	297	0	1.91099236	101324.598	101324.613	101324.576	101324.638	0.0338406355	0.0195378008	0	0	0	0	3
214	299	0	1.91996415	101324.588	101324.613	101324.576	101324.638	0.0336159667	0.0195378008	0	0	0	0	3
215	300	0	1.92893595	101324.579	101324.613	101324.577	101324.638	0.0332044851	0.0195378008	0	0	0	0	3
216	301	0	1.93790774	101324.571	101324.613	101324.571	101324.638	0.0327581387	0.0195378008	0	0	0	0	3
217	303	0	1.94687954	101324.567	101324.613	101324.567	101324.638	0.0323842955	0.0195378008	0	0	0	0	3
218	304	0	1.95585133	101324.564	101324.612	101324.564	101324.638	0.0321626199	0.0195378008	0	0	0	0	3
219	306	0	1.96482313	101324.562	101324.612	101324.562	101324.638	0.0320576868	0.0195378008	0	0	0	0	3
220	307	0	1.97379492	101324.562	101324.611	101324.562	101324.638	0.0319988378	0.0195378008	0	0	0	0	3
221	308	0	1.98276672	101324.564	101324.611	101324.562	101324.638	0.0319331213	0.0195378008	0	0	0	0	3
222	310	0	1.99173851	101324.565	101324.61	101324.562	101324.638	0.0317449704	0.0195378008	0	0	0	0	3
223	311	0	2.00071031	101324.565	101324.609	101324.562	101324.638	0.0313192535	0.0195378008	0	0	0	0	3
224	313	0	2.0096821	101324.565	101324.609	101324.562	101324.638	0.0307294356	0.0195378008	0	0	0	0	3
225	314	0	2.0186539	101324.567	101324.608	101324.562	101324.638	0.0300368056	0.0195378008	0	0	0	0	3
226	315	0	2.02762569	101324.571	101324.607	101324.562	101324.638	0.0293229836	0.0195378008	0	0	0	0	3
227	317	0	2.03659749	101324.575	101324.606	101324.562	101324.638	0.0285931502	0.0195378008	0	0	0	0	3
228	318	0	2.04556928	101324.578	101324.606	101324.562	101324.638	0.0279150848	0.0195378008	0	0	0	0	3
229	320	0	2.05454108	101324.579	101324.605	101324.562	101324.638	0.0272863408	0.0195378008	0	0	0	0	3
230	321	0	2.06351287	101324.58	101324.604	101324.562	101324.638	0.026623822	0.0195378008	0	0	0	0	3
231	322	0	2.07248467	101324.584	101324.603	101324.562	101324.638	0.0258815161	0.0195378008	0	0	0	0	3
232	324	0	2.08145646	101324.586	101324.603	101324.562	101324.638	0.0250140963	0.0195378008	0	0	0	0	3
233	325	0	2.09042826	101324.588	101324.602	101324.562	101324.638	0.0240208353	0.0195378008	0	0	0	0	3
234	327	0	2.09940005	101324.587	101324.601	101324.562	101324.638	0.0229831216	0.0195378008	0	0	0	0	3
235	328	0	2.10837185	101324.584	101324.6	101324.562	101324.638	0.0219600111	0.0195378008	0	0	0	0	3
236	329	0	2.11734364	101324.581	101324.599	101324.562	101324.638	0.0210232865	0.0195378008	0	0	0	0	3
237	331	0	2.12631544	101324.579	101324.599	101324.562	101324.638	0.0201732085	0.0195378008	0	0	0	0	3
238	332	0	2.13528724	101324.58	101324.598	101324.562	101324.638	0.0193972032	0.0195378008	0	0	0	0	3
239	334	0	2.14425903	101324.581	101324.597	101324.562	101324.638	0.0186245295	0.0195378008	0	0	0	0	3
240	335	0	2.15323083	101324.582	101324.596	101324.562	101324.638	0.0177931738	0.0195378008	0	0	0	0	3
241	336	0	2.16220262	101324.583	101324.595	101324.562	101324.638	0.0179936466	0.0195378008	0	0	0	0	3
242	338	0	2.17117442	101324.584	101324.594	101324.562	101324.638	0.0188935877	0.0195378008	0	0	0	0	3
243	339	0	2.18014621	101324.582	101324.593	101324.562	101324.638	0.0198646769	0.0195378008	0	0	0	0	3
244	341	0	2.18911801	101324.578	101324.592	101324.562	101324.638	0.0209235455	0.0195378008	0	0	0	0	3
245	342	0	2.1980898	101324.574	101324.591	101324.562	101324.638	0.0220530985	0.0195378008	0	0	0	0	3
246	343	0	2.2070616	101324.571	101324.59	101324.562	101324.638	0.0232518643	0.0195378008	0	0	0	0	3
247	345	0	2.21603339	101324.573	101324.589	101324.562	101324.637	0.0244215917	0.0195378008	0	0	0	0	3
248	346	0	2.22500519	101324.581	101324.588	101324.562	101324.635	0.0254327511	0.0195378008	0	0	0	0	3
249	348	0	2.23397698	101324.589	101324.587	101324.562	101324.632	0.0262520755	0.0195378008	0	0	0	0	3
250	349	0	2.24294878	101324.599	101324.586	101324.562	101324.627	0.0268502223	0.0195378008	0	0	0	0	3
251	350	0	2.25192057	101324.603	101324.586	101324.562	101324.621	0.0272748401	0.0195378008	0	0	0	0	3
252	352	0	2.26089237	101324.605	101324.585	101324.562	101324.614	0.027558576	0.0195378008	0	0	0	0	3
253	353	0	2.26986416	101324.601	101324.585	101324.562	101324.609	0.027789142	0.0195378008	0	0	0	0	3
254	355	0	2.27883596	101324.594	101324.585	101324.562	101324.606	0.0280587086	0.0195378008	0	0	0	0	3
255	356	0	2.28780775	101324.587	101324.585	101324.562	101324.605	0.0283997994	0.0195378008	0	0	0	0	3
256	358	0	2.29677955	101324.578	101324.584	101324.562	101324.605	0.0288767541	0.0195378008	0	0	0	0	3
257	359	0	2.30575134	101324.572	101324.584	101324.562	101324.605	0.0294573907	0.0195378008	0	0	0	0	3
258	360	0	2.31472314	101324.571	101324.583	101324.562	101324.605	0.0300203945	0.0195378008	0	0	0	0	3
259	362	0	2.32369493	101324.576	101324.582	101324.562	101324.605	0.0304844519	0.0195378008	0	0	0	0	3
260	363	0	2.33266673	101324.583	101324.582	101324.562	101324.605	0.0307684301	0.0195378008	0	0	0	0	3
261	365	0	2.34163852	101324.59	101324.582	101324.562	101324.605	0.030876198	0.0195378008	0	0	0	0	3
262	366	0	2.35061032	101324.595	101324.582	101324.562	101324.605	0.030876198	0.0195378008	0	0	0	0	3
263	368	0	2.35958211	101324.596	101324.582	101324.562	101324.605	0.030876198	0.0195378008	0	0	0	0	3
264	369	0	2.36855391	101324.589	101324.582	101324.562	101324.605	0.0309625578	0.0195378008	0	0	0	0	3
265	370	0	2.3775257	101324.577	101324.582	101324.562	101324.605	0.0313565025	0.0195378008	0	0	0	0	3
266	372	0	2.3864975	101324.565	101324.581	101324.562	101324.605	0.0320105736	0.0195378008	0	0	0	0	3
267	373	0	2.39546929	101324.556	101324.58	101324.556	101324.605	0.0328667732	0.0195378008	0	0	0	0	3
268	375	0	2.40444109	101324.554	101324.579	101324.554	101324.605	0.0337595049	0.0195378008	0	0	0	0	3
269	376	0	2.41341288	101324.558	101324.578	101324.554	101324.605	0.034467579	0.0195378008	0	0	0	0	3
270	378	0	2.42238468	101324.561	101324.578	101324.554	101324.605	0.034956804	0.0195378008	0	0	0	0	3
271	379	0	2.43135647	101324.565	101324.578	101324.554	101324.605	0.0351068461	0.0195378008	0	0	0	0	3
272	380	0	2.44032827	101324.568	101324.578	101324.554	101324.605	0.0349542164	0.0195378008	0	0	0	0	3
273	382	0	2.44930006	101324.57	101324.578	101324.554	101324.605	0.0346197227	0.0195378008	0	0	0	0	3
274	383	0	2.45827186	101324.567	101324.578	101324.554	101324.605	0.0341777971	0.0195378008	0	0	0	0	3
275	384	0	2.46724365	101324.563	101324.578	101324.554	101324.605	0.0336301638	0.0195378008	0	0	0	0	3
276	386	0	2.47621545	101324.56	101324.578	101324.554	101324.605	0.0330357135	0.0195378008	0	0	0	0	3
277	387	0	2.48518724	101324.56	101324.578	101324.554	101324.605	0.0323870703	0.0195378008	0	0	0	0	3
278	389	0	2.49415904	101324.56	101324.578	101324.554	101324.605	0.0317503482	0.0195378008	0	0	0	0	3
279	390	0	2.50313083	101324.559	101324.578	101324.554	101324.605	0.0310856475	0.0195378008	0	0	0	0	3
280	392	0	2.51210263	101324.556	101324.577	101324.554	101324.605	0.0304702564	0.0195378008	0	0	0	0	3
281	393	0	2.52107442	101324.557	101324.577	101324.554	101324.605	0.0299014038	0.0195378008	0	0	0	0	3
282	394	0	2.53004622	101324.564	101324.577	101324.554	101324.605	0.0293066283	0.0195378008	0	0	0	0	3
283	396	0	2.53901801	101324.579	101324.577	101324.554	101324.605	0.0285796802	0.0195378008	0	0	0	0	3
284	397	0	2.54798981	101324.592	101324.577	101324.554	101324.605	0.027813209	0.0195378008	0	0	0	0	3
285	399	0	2.55696161	101324.599	101324.578	101324.554	101324.605	0.0270273566	0.0195378008	0	0	0	0	3
286	400	0	2.5659334	101324.6	101324.578	101324.554	101324.605	0.0262881639	0.0195378008	0	0	0	0	3
287	402	0	2.5749052	101324.593	101324.578	101324.554	101324.605	0.0255973708	0.0195378008	0	0	0	0	3
288	403	0	2.58387699	101324.585	101324.578	101324.554	101324.605	0.0249181963	0.0195378008	0	0	0	0	3
289	405	0	2.59284879	101324.574	101324.578	101324.554	101324.605	0.0241787377	0.0195378008	0	0	0	0	3
290	406	0	2.60182058	101324.568	101324.578	101324.554	101324.605	0.0233407053	0.0195378008	0	0	0	0	3
291	408	0	2.61079238	101324.568	101324.577	101324.554	101324.605	0.022427421	0.0195378008	0	0	0	0	3
292	409	0	2.61976417	101324.575	101324.577	101324.554	101324.605	0.0214867405	0.0195378008	0	0	0	0	3
293	410	0	2.62873597	101324.584	101324.577	101324.554	101324.605	0.020573792	0.0195378008	0	0	0	0	3
294	412	0	2.63770776	101324.593	101324.578	101324.554	101324.605	0.0196740828	0.0195378008	0	0	0	0	3
295	414	0	2.64667956	101324.599	101324.578	101324.554	101324.605	0.0187896085	0.0195378008	0	0	0	0	3
296	415	0	2.65565135	101324.601	101324.578	101324.554	101324.605	0.0178979642	0.0195378008	0	0	0	0	3
297	417	0	2.66462315	101324.601	101324.579	101324.554	101324.605	0.0169980231	0.0195378008	0	0	0	0	3
298	418	0	2.67359494	101324.6	101324.579	101324.554	101324.605	0.0160269339	0.0195378008	0	0	0	0	3
299	420	0	2.68256674	101324.599	101324.579	101324.554	101324.605	0.0149680652	0.0195378008	0	0	0	0	3
300	421	0	2.69153853	101324.599	101324.58	101324.554	101324.605	0.0138385123	0.0195378008	0	0	0	0	3
301	426	0	2.70051033	101324.6	101324.58	101324.554	101324.605	0.0126397465	0.0195378008	0	0	0	0	3
302	428	0	2.70948212	101324.598	101324.58	101324.554	101324.605	0.0114700191	0.0195378008	0	0	0	0	3
303	429	0	2.71845392	101324.595	101324.581	101324.554	101324.605	0.0104588597	0.0195378008	0	0	0	0	3
304	430	0	2.72742571	101324.591	101324.581	101324.554	101324.605	0.0096395353	0.0195378008	0	0	0	0	3
305	432	0	2.73639751	101324.588	101324.581	101324.554	101324.605	0.00904138849	0.0195378008	0	0	0	0	3
306	433	0	2.7453693	101324.588	101324.581	101324.554	101324.605	0.00861677065	0.0195378008	0	0	0	0	3
307	435	0	2.7543411	101324.59	101324.581	101324.554	101324.605	0.00833303481	0.0195378008	0	0	0	0	3
308	436	0	2.76331289	101324.594	101324.58	101324.554	101324.601	0.00810246883	0.0195378008	0	0	0	0	3
309	437	0	2.77228469	101324.597	101324.58	101324.554	101324.601	0.00783290218	0.0195378008	0	0	0	0	3
310	439	0	2.78125648	101324.6	101324.58	101324.554	101324.601	0.00749181135	0.0195378008	0	0	0	0	3
311	440	0	2.79022828	101324.599	101324.581	101324.554	101324.601	0.00701485666	0.0195378008	0	0	0	0	3
312	442	0	2.79920007	101324.597	101324.581	101324.554	101324.601	0.00643422006	0.0195378008	0	0	0	0	3
313	443	0	2.80817187	101324.596	101324.581	101324.554	101324.601	0.0058712163	0.0195378008	0	0	0	0	3
314	445	0	2.81714366	101324.596	101324.582	101324.554	101324.601	0.00540715887	0.0195378008	0	0	0	0	3
315	446	0	2.82611546	101324.597	101324.582	101324.554	101324.601	0.00519236867	0.0195378008	0	0	0	0	3
316	447	0	2.83508725	101324.6	101324.583	101324.554	101324.601	0.00549901606	0.0195378008	0	0	0	0	3
317	449	0	2.84405905	101324.601	101324.583	101324.554	101324.601	0.00570283277	0.0195378008	0	0	0	0	3
318	450	0	2.85303084	101324.602	101324.583	101324.554	101324.602	0.00583021333	0.0195378008	0	0	0	0	3
319	452	0	2.86200264	101324.601	101324.583	101324.554	101324.602	0.0059239634	0.0195378008	0	0	0	0	3
320	453	0	2.87097443	101324.598	101324.583	101324.554	101324.602	0.00609276992	0.0195378008	0	0	0	0	3
321	455	0	2.87994623	101324.595	101324.583	101324.554	101324.602	0.00641730697	0.0195378008	0	0	0	0	3
322	456	0	2.88891802	101324.593	101324.584	101324.554	101324.602	0.00691502323	0.0195378008	0	0	0	0	3
323	457	0	2.89788982	101324.592	101324.585	101324.554	101324.602	0.00756052119	0.0195378008	0	0	0	0	3
324	459	0	2.90686161	101324.595	101324.585	101324.556	101324.602	0.00828552856	0.0195378008	0	0	0	0	3
325	460	0	2.91583341	101324.597	101324.586	101324.556	101324.602	0.00898786569	0.0195378008	0	0	0	0	3
326	462	0	2.9248052	101324.6	101324.587	101324.556	101324.602	0.00968139883	0.0195378008	0	0	0	0	3
327	463	0	2.933777	101324.603	101324.587	101324.556	101324.603	0.0103560654	0.0195378008	0	0	0	0	3
328	465	0	2.94274879	101324.603	101324.588	101324.556	101324.603	0.0109698304	0.0195378008	0	0	0	0	3
329	466	0	2.95172059	101324.603	101324.589	101324.556	101324.603	0.0115484202	0.0195378008	0	0	0	0	3
330	468	0	2.96069238	101324.601	101324.589	101324.556	101324.603	0.012162857	0.0195378008	0	0	0	0	3
331	469	0	2.96966418	101324.6	101324.59	101324.556	101324.603	0.0128208436	0.0195378008	0	0	0	0	3
332	471	0	2.97863598	101324.597	101324.591	101324.556	101324.603	0.0134732408	0.0195378008	0	0	0	0	3
333	472	0	2.98760777	101324.593	101324.591	101324.556	101324.603	0.014074689	0.0195378008	0	0	0	0	3
334	474	0	2.99657957	101324.591	101324.592	101324.556	101324.603	0.0146356289	0.0195378008	0	0	0	0	3
335	475	0	3.00555136	101324.59	101324.592	101324.556	101324.603	0.0151916424	0.0195378008	0	0	0	0	3
336	477	0	3.01452316	101324.59	101324.593	101324.557	101324.603	0.0158141012	0.0195378008	0	0	0	0	3
337	478	0	3.02349495	101324.59	101324.593	101324.564	101324.603	0.0163979011	0.0195378008	0	0	0	0	3
338	479	0	3.03246675	101324.589	101324.594	101324.568	101324.603	0.0167800861	0.0195378008	0	0	0	0	3
339	481	0	3.04143854	101324.592	101324.594	101324.568	101324.603	0.0169098816	0.0195378008	0	0	0	0	3
340	482	0	3.05041034	101324.597	101324.594	101324.568	101324.603	0.0169983377	0.0195378008	0	0	0	0	3
341	484	0	3.05938213	101324.603	101324.594	101324.568	101324.603	0.0170670036	0.0195378008	0	0	0	0	3
342	485	0	3.06835393	101324.609	101324.594	101324.568	101324.609	0.0172289389	0.0195378008	0	0	0	0	3
343	487	0	3.07732572	101324.612	101324.595	101324.568	101324.612	0.0175668704	0.0195378008	0	0	0	0	3
344	488	0	3.08629752	101324.613	101324.595	101324.568	101324.613	0.0180746402	0.0195378008	0	0	0	0	3
345	489	0	3.09526931	101324.612	101324.596	101324.568	101324.613	0.018737735	0.0195378008	0	0	0	0	3
346	491	0	3.10424111	101324.609	101324.597	101324.568	101324.613	0.0194739193	0.0195378008	0	0	0	0	3
347	492	0	3.1132129	101324.607	101324.597	101324.575	101324.613	0.0201770425	0.0195378008	0	0	0	0	3
348	494	0	3.1221847	101324.608	101324.598	101324.584	101324.613	0.0206771598	0.0195378008	0	0	0	0	3
349	495	0	3.13115649	101324.61	101324.598	101324.588	101324.613	0.0209056382	0.0195378008	0	0	0	0	3
350	496	0	3.14012829	101324.611	101324.599	101324.588	101324.613	0.0209102531	0.0195378008	0	0	0	0	3
351	497	0	3.14910008	101324.612	101324.599	101324.588	101324.613	0.0208151019	0.0195378008	0	0	0	0	3
352	499	0	3.15807188	101324.614	101324.599	101324.588	101324.614	0.0207189139	0.0195378008	0	0	0	0	3
353	500	0	3.16704367	101324.616	101324.6	101324.588	101324.616	0.0207009719	0.0195378008	0	0	0	0	3
354	501	0	3.17601547	101324.618	101324.6	101324.588	101324.618	0.0207151673	0.0195378008	0	0	0	0	3
355	503	0	3.18498726	101324.62	101324.6	101324.588	101324.62	0.0207042583	0.0195378008	0	0	0	0	3
356	504	0	3.19395906	101324.618	101324.601	101324.588	101324.62	0.0205789989	0.0195378008	0	0	0	0	3
357	506	0	3.20293085	101324.616	101324.601	101324.588	101324.62	0.0205431777	0.0195378008	0	0	0	0	3
358	507	0	3.21190265	101324.613	101324.601	101324.588	101324.62	0.0208183778	0.0195378008	0	0	0	0	3
359	508	0	3.22087444	101324.61	101324.601	101324.588	101324.62	0.021086781	0.0195378008	0	0	0	0	3
360	509	0	3.22984624	101324.607	101324.602	101324.588	101324.62	0.021385869	0.0195378008	0	0	0	0	3
361	511	0	3.23881803	101324.606	101324.602	101324.588	101324.62	0.0217090035	0.0195378008	0	0	0	0	3
362	512	0	3.24778983	101324.605	101324.602	101324.589	101324.62	0.0220141139	0.0195378008	0	0	0	0	3
363	514	0	3.25676162	101324.604	101324.603	101324.589	101324.62	0.022264702	0.0195378008	0	0	0	0	3
364	515	0	3.26573342	101324.603	101324.603	101324.589	101324.62	0.0224274055	0.0195378008	0	0	0	0	3
365	516	0	3.27470521	101324.606	101324.603	101324.589	101324.62	0.0224768385	0.0195378008	0	0	0	0	3
366	518	0	3.28367701	101324.608	101324.603	101324.589	101324.62	0.0223929427	0.0195378008	0	0	0	0	3
367	519	0	3.2926488	101324.609	101324.603	101324.589	101324.62	0.0222102948	0.0195378008	0	0	0	0	3
368	520	0	3.3016206	101324.607	101324.603	101324.589	101324.62	0.0219502751	0.0195378008	0	0	0	0	3
369	521	0	3.31059239	101324.606	101324.604	101324.589	101324.62	0.0216652621	0.0195378008	0	0	0	0	3
370	523	0	3.31956419	101324.603	101324.604	101324.589	101324.62	0.0213901589	0.0195378008	0	0	0	0	3
371	524	0	3.32853598	101324.599	101324.604	101324.589	101324.62	0.0211156169	0.0195378008	0	0	0	0	3
372	525	0	3.33750778	101324.595	101324.604	101324.589	101324.62	0.0209118002	0.0195378008	0	0	0	0	3
373	527	0	3.34647957	101324.592	101324.603	101324.589	101324.62	0.0207844196	0.0195378008	0	0	0	0	3
374	528	0	3.35545137	101324.591	101324.603	101324.589	101324.62	0.0206906695	0.0195378008	0	0	0	0	3
375	529	0	3.36442316	101324.591	101324.603	101324.589	101324.62	0.020521863	0.0195378008	0	0	0	0	3
376	531	0	3.37339496	101324.593	101324.603	101324.589	101324.62	0.020197326	0.0195378008	0	0	0	0	3
377	532	0	3.38236675	101324.593	101324.603	101324.589	101324.62	0.0196996097	0.0195378008	0	0	0	0	3
378	533	0	3.39133855	101324.594	101324.603	101324.589	101324.62	0.0190541117	0.0195378008	0	0	0	0	3
379	535	0	3.40031035	101324.593	101324.603	101324.589	101324.62	0.0183291044	0.0195378008	0	0	0	0	3
380	536	0	3.40928214	101324.592	101324.603	101324.589	101324.62	0.0176267672	0.0195378008	0	0	0	0	3
381	537	0	3.41825394	101324.591	101324.603	101324.589	101324.62	0.0169332341	0.0195378008	0	0	0	0	3
382	539	0	3.42722573	101324.591	101324.603	101324.589	101324.62	0.0162585676	0.0195378008	0	0	0	0	3
383	540	0	3.43619753	101324.592	101324.602	101324.589	101324.62	0.0156448026	0.0195378008	0	0	0	0	3
384	541	0	3.44516932	101324.593	101324.602	101324.589	101324.62	0.0150662127	0.0195378008	0	0	0	0	3
385	543	0	3.45414112	101324.595	101324.602	101324.589	101324.62	0.0144517759	0.0195378008	0	0	0	0	3
386	544	0	3.46311291	101324.596	101324.602	101324.589	101324.62	0.0137937893	0.0195378008	0	0	0	0	3
387	545	0	3.47208471	101324.595	101324.602	101324.589	101324.62	0.0131413921	0.0195378008	0	0	0	0	3
388	546	0	3.4810565	101324.594	101324.602	101324.589	101324.62	0.0125399439	0.0195378008	0	0	0	0	3
389	548	0	3.4900283	101324.592	101324.602	101324.589	101324.62	0.011979004	0.0195378008	0	0	0	0	3
390	549	0	3.49900009	101324.592	101324.602	101324.589	101324.62	0.0114229905	0.0195378008	0	0	0	0	3
391	550	0	3.50797189	101324.591	101324.602	101324.589	101324.62	0.0108005317	0.0195378008	0	0	0	0	3
392	552	0	3.51694368	101324.593	101324.602	101324.589	101324.62	0.0102167318	0.0195378008	0	0	0	0	3
393	553	0	3.52591548	101324.595	101324.602	101324.589	101324.62	0.00977054262	0.0195378008	0	0	0	0	3
394	554	0	3.53488727	101324.597	101324.602	101324.591	101324.62	0.00954003326	0.0195378008	0	0	0	0	3
395	556	0	3.54385907	101324.596	101324.602	101324.591	101324.62	0.00945157719	0.0195378008	0	0	0	0	3
396	557	0	3.55283086	101324.593	101324.602	101324.591	101324.62	0.00938291126	0.0195378008	0	0	0	0	3
397	558	0	3.56180266	101324.587	101324.602	101324.587	101324.62	0.00922097602	0.0195378008	0	0	0	0	3
398	560	0	3.57077445	101324.582	101324.601	101324.582	101324.62	0.00888304444	0.0195378008	0	0	0	0	3
399	561	0	3.57974625	101324.58	101324.601	101324.58	101324.62	0.00837527467	0.0195378008	0	0	0	0	3
400	562	0	3.58871804	101324.579	101324.6	101324.579	101324.62	0.00771217994	0.0195378008	0	0	0	0	3
401	567	0	3.59768984	101324.58	101324.6	101324.579	101324.62	0.00697599557	0.0195378008	0	0	0	0	3
402	568	0	3.60666163	101324.581	101324.599	101324.579	101324.62	0.00627287242	0.0195378008	0	0	0	0	3
403	569	0	3.61563343	101324.582	101324.599	101324.579	101324.62	0.00568003254	0.0195378008	0	0	0	0	3
404	571	0	3.62460522	101324.584	101324.598	101324.579	101324.62	0.00536279698	0.0195378008	0	0	0	0	3
405	572	0	3.63357702	101324.588	101324.598	101324.579	101324.62	0.00575149007	0.0195378008	0	0	0	0	3
406	573	0	3.64254881	101324.59	101324.598	101324.579	101324.62	0.00612938705	0.0195378008	0	0	0	0	3
407	575	0	3.65152061	101324.591	101324.597	101324.579	101324.62	0.00650922605	0.0195378008	0	0	0	0	3
408	576	0	3.6604924	101324.588	101324.597	101324.579	101324.62	0.00696726087	0.0195378008	0	0	0	0	3
409	578	0	3.6694642	101324.586	101324.596	101324.579	101324.62	0.00750798918	0.0195378008	0	0	0	0	3
410	579	0	3.67843599	101324.585	101324.596	101324.579	101324.62	0.00810668014	0.0195378008	0	0	0	0	3
411	581	0	3.68740779	101324.585	101324.595	101324.579	101324.618	0.00872480976	0.0195378008	0	0	0	0	3
412	582	0	3.69637958	101324.586	101324.594	101324.579	101324.616	0.00930387047	0.0195378008	0	0	0	0	3
413	583	0	3.70535138	101324.587	101324.594	101324.579	101324.613	0.00982529257	0.0195378008	0	0	0	0	3
414	585	0	3.71432317	101324.589	101324.593	101324.579	101324.61	0.0102497652	0.0195378008	0	0	0	0	3
415	586	0	3.72329497	101324.592	101324.593	101324.579	101324.609	0.0105727011	0.0195378008	0	0	0	0	3
416	587	0	3.73226676	101324.593	101324.593	101324.579	101324.609	0.0108344564	0.0195378008	0	0	0	0	3
417	589	0	3.74123856	101324.592	101324.593	101324.579	101324.609	0.0110770429	0.0195378008	0	0	0	0	3
418	590	0	3.75021035	101324.588	101324.592	101324.579	101324.609	0.0113701154	0.0195378008	0	0	0	0	3
419	592	0	3.75918215	101324.585	101324.592	101324.579	101324.609	0.0117111553	0.0195378008	0	0	0	0	3
420	593	0	3.76815394	101324.581	101324.592	101324.579	101324.609	0.0121107168	0.0195378008	0	0	0	0	3
421	595	0	3.77712574	101324.58	101324.591	101324.579	101324.609	0.0125829823	0.0195378008	0	0	0	0	3
422	596	0	3.78609753	101324.578	101324.591	101324.578	101324.609	0.0131134843	0.0195378008	0	0	0	0	3
423	597	0	3.79506933	101324.578	101324.59	101324.578	101324.607	0.0136639268	0.0195378008	0	0	0	0	3
424	599	0	3.80404112	101324.579	101324.59	101324.578	101324.606	0.0141625245	0.0195378008	0	0	0	0	3
425	600	0	3.81301292	101324.584	101324.589	101324.578	101324.603	0.0145572819	0.0195378008	0	0	0	0	3
426	602	0	3.82198471	101324.586	101324.589	101324.578	101324.599	0.0148583794	0.0195378008	0	0	0	0	3
427	603	0	3.83095651	101324.588	101324.589	101324.578	101324.597	0.0149716898	0.0195378008	0	0	0	0	3
428	604	0	3.83992831	101324.587	101324.588	101324.578	101324.597	0.0149424098	0.0195378008	0	0	0	0	3
429	606	0	3.8489001	101324.588	101324.588	101324.578	101324.597	0.0148057704	0.0195378008	0	0	0	0	3
430	607	0	3.8578719	101324.588	101324.588	101324.578	101324.597	0.01467929	0.0195378008	0	0	0	0	3
431	609	0	3.86684369	101324.591	101324.588	101324.578	101324.597	0.0145842172	0.0195378008	0	0	0	0	3
432	610	0	3.87581549	101324.595	101324.588	101324.578	101324.597	0.0145758623	0.0195378008	0	0	0	0	3
433	611	0	3.88478728	101324.598	101324.588	101324.578	101324.598	0.0145758623	0.0195378008	0	0	0	0	3
434	613	0	3.89375908	101324.599	101324.589	101324.578	101324.599	0.0145758623	0.0195378008	0	0	0	0	3
435	614	0	3.90273087	101324.599	101324.589	101324.578	101324.599	0.0145317648	0.0195378008	0	0	0	0	3
436	616	0	3.91170267	101324.595	101324.589	101324.578	101324.599	0.014419306	0.0195378008	0	0	0	0	3
437	617	0	3.92067446	101324.592	101324.589	101324.578	101324.599	0.0142591811	0.0195378008	0	0	0	0	3
438	618	0	3.92964626	101324.591	101324.589	101324.578	101324.599	0.0140669385	0.0195378008	0	0	0	0	3
439	620	0	3.93861805	101324.593	101324.589	101324.578	101324.599	0.0138956317	0.0195378008	0	0	0	0	3
440	622	0	3.94758985	101324.596	101324.589	101324.578	101324.599	0.0138874106	0.0195378008	0	0	0	0	3
441	624	0	3.95656164	101324.6	101324.589	101324.578	101324.6	0.0138874106	0.0195378008	0	0	0	0	3
442	625	0	3.96553344	101324.603	101324.589	101324.578	101324.603	0.0138874106	0.0195378008	0	0	0	0	3
443	627	0	3.97450523	101324.602	101324.589	101324.578	101324.603	0.0138874106	0.0195378008	0	0	0	0	3
444	629	0	3.98347703	101324.602	101324.589	101324.578	101324.603	0.0138874106	0.0195378008	0	0	0	0	3
445	632	0	3.99244882	101324.603	101324.59	101324.578	101324.603	0.0138874106	0.0195378008	0	0	0	0	3
446	633	0	4.00142062	101324.605	101324.59	101324.578	101324.605	0.0138874106	0.0195378008	0	0	0	0	3
