Iteration	CPUTime	PhysTime	Travels	Value	AvValue	MinValue	MaxValue	Delta	Criteria	PrevAvRefValue	Progress	CriteriaType	CriteriaVarType	CriteriaPercentage
1	7	0	0.00897179511	0.0487438905	0.0487438905	0.0487438905	0.0487438905	0	0	0	0	0	0	3
2	8	0	0.0179435902	0.012897899	0.0308208947	0.012897899	0.0487438905	0.0179229958	0	0	0	0	0	3
3	9	0	0.0269153853	0.00601471008	0.0225521665	0.00601471008	0.0487438905	0.026191724	0	0	0	0	0	3
4	11	0	0.0358871804	0.00220611953	0.0174656548	0.00220611953	0.0487438905	0.0312782357	0	0	0	0	0	3
5	12	0	0.0448589755	0.0057384198	0.0151202078	0.00220611953	0.0487438905	0.0336236827	0	0	0	0	0	3
6	13	0	0.0538307706	0.00331240892	0.0131522413	0.00220611953	0.0487438905	0.0355916492	0	0	0	0	0	3
7	14	0	0.0628025657	0.00449349755	0.0119152779	0.00220611953	0.0487438905	0.0368286126	0	0	0	0	0	3
8	15	0	0.0717743608	0.00278297245	0.0107737397	0.00220611953	0.0487438905	0.0379701507	0	0	0	0	0	3
9	16	0	0.080746156	0.00266903944	0.00987321746	0.00220611953	0.0487438905	0.038870673	0	0	0	0	0	3
10	17	0	0.0897179511	0.00291143291	0.00917703901	0.00220611953	0.0487438905	0.0395668514	0	0	0	0	0	3
11	19	0	0.0986897462	0.00326030025	0.00863915367	0.00220611953	0.0487438905	0.0401047368	0	0	0	0	0	3
12	20	0	0.107661541	0.00348450955	0.00820959999	0.00220611953	0.0487438905	0.0405342905	0	0	0	0	0	3
13	21	0	0.116633336	0.00355576888	0.00785161298	0.00220611953	0.0487438905	0.0408922775	0	0	0	0	0	3
14	22	0	0.125605131	0.00333792843	0.00752920694	0.00220611953	0.0487438905	0.0412146835	0	0	0	0	0	3
15	23	0	0.134576927	0.00337429623	0.0072522129	0.00220611953	0.0487438905	0.0414916776	0	0	0	0	0	3
16	25	0	0.143548722	0.00362695374	0.0070256342	0.00220611953	0.0487438905	0.0417182563	0	0	0	0	0	3
17	26	0	0.152520517	0.00340809173	0.00681283758	0.00220611953	0.0487438905	0.0419310529	0	0	0	0	0	3
18	27	0	0.161492312	0.00336231666	0.00662114198	0.00220611953	0.0487438905	0.0421227485	0	0	0	0	0	3
19	28	0	0.170464107	0.0033682922	0.00644993936	0.00220611953	0.0487438905	0.0422939511	0	0	0	0	0	3
20	29	0	0.179435902	0.00308524601	0.00628170469	0.00220611953	0.0487438905	0.0424621858	0	0	0	0	0	3
21	30	0	0.188407697	0.00309925688	0.00613015955	0.00220611953	0.0487438905	0.0426137309	0	0	0	0	0	3
22	31	0	0.197379492	0.00300122	0.00598793503	0.00220611953	0.0487438905	0.0427559554	0	0	0	0	0	3
23	33	0	0.206351287	0.00295144969	0.00585591393	0.00220611953	0.0487438905	0.0428879765	0	0	0	0	0	3
24	34	0	0.215323083	0.00295462302	0.00573502681	0.00220611953	0.0487438905	0.0430088636	0	0	0	0	0	3
25	35	0	0.224294878	0.00296420454	0.00562419392	0.00220611953	0.0487438905	0.0431196965	0	0	0	0	0	3
26	37	0	0.233266673	0.00288615062	0.00551888456	0.00220611953	0.0487438905	0.0432250059	0	0	0	0	0	3
27	38	0	0.242238468	0.00295680438	0.0054239927	0.00220611953	0.0487438905	0.0433198978	0	0	0	0	0	3
28	39	0	0.251210263	0.0028626853	0.00533251744	0.00220611953	0.0487438905	0.043411373	0	0	0	0	0	3
29	40	0	0.260182058	0.00298797286	0.00525167107	0.00220611953	0.0487438905	0.0434922194	0	0	0	0	0	3
30	41	0	0.269153853	0.00292312006	0.0051740527	0.00220611953	0.0487438905	0.0435698377	0	0	0	0	0	3
31	43	0	0.278125648	0.00306677292	0.00510607594	0.00220611953	0.0487438905	0.0436378145	0	0	0	0	0	3
32	44	0	0.287097443	0.00295773189	0.00503894019	0.00220611953	0.0487438905	0.0437049503	0	0	0	0	0	3
33	46	0	0.296069238	0.00317987072	0.00498260475	0.00220611953	0.0487438905	0.0437612857	0	0	0	0	0	3
34	47	0	0.305041034	0.00299513797	0.00492414984	0.00220611953	0.0487438905	0.0438197406	0	0	0	0	0	3
35	48	0	0.314012829	0.00323841668	0.00487598604	0.00220611953	0.0487438905	0.0438679044	0	0	0	0	0	3
36	49	0	0.322984624	0.00304869394	0.00482522792	0.00220611953	0.0487438905	0.0439186625	0	0	0	0	0	3
37	51	0	0.331956419	0.00322985708	0.00478210979	0.00220611953	0.0487438905	0.0439617807	0	0	0	0	0	3
38	52	0	0.340928214	0.00306195299	0.00473684251	0.00220611953	0.0487438905	0.0440070479	0	0	0	0	0	3
39	54	0	0.349900009	0.00319697276	0.00469735867	0.00220611953	0.0487438905	0.0440465318	0	0	0	0	0	3
40	55	0	0.358871804	0.00312766727	0.00465811638	0.00220611953	0.0487438905	0.0440857741	0	0	0	0	0	3
41	56	0	0.367843599	0.00305073409	0.00461891194	0.00220611953	0.0487438905	0.0441249785	0	0	0	0	0	3
42	58	0	0.376815394	0.00318647117	0.00458480621	0.00220611953	0.0487438905	0.0441590842	0	0	0	0	0	3
43	59	0	0.38578719	0.00303271307	0.00454871102	0.00220611953	0.0487438905	0.0441951794	0	0	0	0	0	3
44	61	0	0.394758985	0.00303659516	0.00451434475	0.00220611953	0.0487438905	0.0442295457	0	0	0	0	0	3
45	62	0	0.40373078	0.00301193883	0.00448095795	0.00220611953	0.0487438905	0.0442629325	0	0	0	0	0	3
46	63	0	0.412702575	0.00307466509	0.00445038636	0.00220611953	0.0487438905	0.0442935041	0	0	0	0	0	3
47	65	0	0.42167437	0.00296141285	0.00441870608	0.00220611953	0.0487438905	0.0443251844	0	0	0	0	0	3
48	66	0	0.430646165	0.00304502287	0.00439008768	0.00220611953	0.0487438905	0.0443538028	0	0	0	0	0	3
49	67	0	0.43961796	0.00296660162	0.00436103694	0.00220611953	0.0487438905	0.0443828535	0	0	0	0	0	3
50	69	0	0.448589755	0.00297786264	0.00433337345	0.00220611953	0.0487438905	0.044410517	0	0	0	0	0	3
51	70	0	0.45756155	0.00290906194	0.00430544578	0.00220611953	0.0487438905	0.0444384447	0	0	0	0	0	3
52	71	0	0.466533345	0.00296195195	0.00427960936	0.00220611953	0.0487438905	0.0444642811	0	0	0	0	0	3
53	73	0	0.475505141	0.00286208117	0.00425286354	0.00220611953	0.0487438905	0.0444910269	0	0	0	0	0	3
54	74	0	0.484476936	0.00291895785	0.00422816159	0.00220611953	0.0487438905	0.0445157289	0	0	0	0	0	3
55	76	0	0.493448731	0.00287877948	0.00420362737	0.00220611953	0.0487438905	0.0445402631	0	0	0	0	0	3
56	77	0	0.502420526	0.00297854266	0.00418175085	0.00220611953	0.0487438905	0.0445621396	0	0	0	0	0	3
57	78	0	0.511392321	0.00278765871	0.00336110386	0.00220611953	0.012897899	0.0106917794	0	0	0	0	0	3
58	80	0	0.520364116	0.00303935886	0.0031850585	0.00220611953	0.00601471008	0.00380859055	0	0	0	0	0	3
59	81	0	0.529335911	0.00287025345	0.00312890749	0.00220611953	0.0057384198	0.00353230027	0	0	0	0	0	3
60	82	0	0.538307706	0.00297537949	0.00314264427	0.00266903944	0.0057384198	0.00306938035	0	0	0	0	0	3
61	84	0	0.547279501	0.00291782196	0.00309227645	0.00266903944	0.00449349755	0.00182445811	0	0	0	0	0	3
62	85	0	0.556251297	0.00296995118	0.00308616114	0.00266903944	0.00449349755	0.00182445811	0	0	0	0	0	3
63	86	0	0.565223092	0.00290618421	0.00305781626	0.00266903944	0.00362695374	0.000957914294	0	0	0	0	0	3
64	88	0	0.574194887	0.00301959462	0.00306204165	0.00266903944	0.00362695374	0.000957914294	0	0	0	0	0	3
65	89	0	0.583166682	0.00293720707	0.00306683036	0.00278765871	0.00362695374	0.00083929503	0	0	0	0	0	3
66	91	0	0.592138477	0.00300122375	0.00306843377	0.00278765871	0.00362695374	0.00083929503	0	0	0	0	0	3
67	92	0	0.601110272	0.00291298199	0.00306223166	0.00278765871	0.00362695374	0.00083929503	0	0	0	0	0	3
68	93	0	0.610082067	0.00307216517	0.00305486836	0.00278765871	0.00362695374	0.00083929503	0	0	0	0	0	3
69	95	0	0.619053862	0.00291607006	0.00304344517	0.00278765871	0.00362695374	0.00083929503	0	0	0	0	0	3
70	96	0	0.628025657	0.0029795028	0.00303704471	0.00278765871	0.00362695374	0.00083929503	0	0	0	0	0	3
71	97	0	0.636997452	0.00293772303	0.00302924876	0.00278765871	0.00362695374	0.00083929503	0	0	0	0	0	3
72	99	0	0.645969248	0.00298460366	0.00301777823	0.00278765871	0.00340809173	0.000620433017	0	0	0	0	0	3
73	100	0	0.654941043	0.00294709178	0.00300954608	0.00278765871	0.0033682922	0.000580633493	0	0	0	0	0	3
74	101	0	0.663912838	0.00298366894	0.00300278452	0.00278765871	0.0033682922	0.000580633493	0	0	0	0	0	3
75	103	0	0.672884633	0.00295789255	0.00299545595	0.00278765871	0.00323841668	0.00045075797	0	0	0	0	0	3
76	104	0	0.681856428	0.00298268973	0.00299362459	0.00278765871	0.00323841668	0.00045075797	0	0	0	0	0	3
77	105	0	0.690828223	0.00299186859	0.00299170694	0.00278765871	0.00323841668	0.00045075797	0	0	0	0	0	3
78	107	0	0.699800018	0.00301226434	0.00299190416	0.00278765871	0.00323841668	0.00045075797	0	0	0	0	0	3
79	108	0	0.708771813	0.00300583877	0.0029928754	0.00278765871	0.00323841668	0.00045075797	0	0	0	0	0	3
80	110	0	0.717743608	0.00302978982	0.00299421766	0.00278765871	0.00323841668	0.00045075797	0	0	0	0	0	3
81	111	0	0.726715404	0.00300553412	0.00299495569	0.00278765871	0.00323841668	0.00045075797	0	0	0	0	0	3
82	112	0	0.735687199	0.00304859411	0.00299785647	0.00278765871	0.00323841668	0.00045075797	0	0	0	0	0	3
83	114	0	0.744658994	0.00300869559	0.00299878309	0.00278765871	0.00323841668	0.00045075797	0	0	0	0	0	3
84	115	0	0.753630789	0.00302596245	0.00300169876	0.00278765871	0.00323841668	0.00045075797	0	0	0	0	0	3
85	116	0	0.762602584	0.00300513031	0.00300200514	0.00278765871	0.00323841668	0.00045075797	0	0	0	0	0	3
86	118	0	0.771574379	0.00301053174	0.00300356606	0.00278765871	0.00323841668	0.00045075797	0	0	0	0	0	3
87	119	0	0.780546174	0.00297643427	0.00300195287	0.00278765871	0.00323841668	0.00045075797	0	0	0	0	0	3
88	120	0	0.789517969	0.0029962553	0.00300264079	0.00278765871	0.00323841668	0.00045075797	0	0	0	0	0	3
89	122	0	0.798489764	0.00294426777	0.0029984336	0.00278765871	0.00323841668	0.00045075797	0	0	0	0	0	3
90	123	0	0.80746156	0.00295825573	0.00299777498	0.00278765871	0.00323841668	0.00045075797	0	0	0	0	0	3
91	124	0	0.816433355	0.00290523708	0.00299182535	0.00278765871	0.00322985708	0.000442198376	0	0	0	0	0	3
92	126	0	0.82540515	0.00292839264	0.00298967711	0.00278765871	0.00322985708	0.000442198376	0	0	0	0	0	3
93	127	0	0.834376945	0.00289191202	0.00298364238	0.00278765871	0.00319697276	0.000409314053	0	0	0	0	0	3
94	129	0	0.84334874	0.00293024721	0.00298129049	0.00278765871	0.00319697276	0.000409314053	0	0	0	0	0	3
95	130	0	0.852320535	0.00289523798	0.00297590237	0.00278765871	0.00318647117	0.000398812465	0	0	0	0	0	3
96	131	0	0.86129233	0.00293382154	0.00297244084	0.00278765871	0.00318647117	0.000398812465	0	0	0	0	0	3
97	132	0	0.870264125	0.00289908828	0.00296973288	0.00278765871	0.00318647117	0.000398812465	0	0	0	0	0	3
98	134	0	0.87923592	0.00293532039	0.00296524804	0.00278765871	0.00307466509	0.000287006383	0	0	0	0	0	3
99	135	0	0.888207715	0.00290873716	0.00296303418	0.00278765871	0.00307466509	0.000287006383	0	0	0	0	0	3
100	136	0	0.897179511	0.00293070782	0.00296114334	0.00278765871	0.00307466509	0.000287006383	0	0	0	0	0	3
101	141	0	0.906151306	0.00290433125	0.00295922178	0.00278765871	0.00307466509	0.000287006383	0	0	0	0	0	3
102	142	0	0.915123101	0.00290243939	0.00295614632	0.00278765871	0.00307216517	0.000284506463	0	0	0	0	0	3
103	144	0	0.924094896	0.0028931416	0.00295492719	0.00278765871	0.00307216517	0.000284506463	0	0	0	0	0	3
104	145	0	0.933066691	0.00290453055	0.0029524184	0.00278765871	0.00307216517	0.000284506463	0	0	0	0	0	3
105	146	0	0.942038486	0.00288034666	0.00295087813	0.00278765871	0.00307216517	0.000284506463	0	0	0	0	0	3
106	148	0	0.951010281	0.00289215937	0.00294934771	0.00278765871	0.00307216517	0.000284506463	0	0	0	0	0	3
107	149	0	0.959982076	0.00287021317	0.00294865398	0.00278765871	0.00307216517	0.000284506463	0	0	0	0	0	3
108	150	0	0.968953871	0.0028702422	0.00294701631	0.00278765871	0.00307216517	0.000284506463	0	0	0	0	0	3
109	152	0	0.977925667	0.00285378812	0.00294686822	0.00278765871	0.00307216517	0.000284506463	0	0	0	0	0	3
110	153	0	0.986897462	0.00287879684	0.00294615106	0.00278765871	0.00307216517	0.000284506463	0	0	0	0	0	3
111	154	0	0.995869257	0.0028573955	0.0029457692	0.00278765871	0.00307216517	0.000284506463	0	0	0	0	0	3
112	156	0	1.00484105	0.00287478634	0.00294391641	0.00278765871	0.00307216517	0.000284506463	0.000114257717	0	40.1	0	0	3
113	157	0	1.01381285	0.00286260609	0.00294525476	0.00285378812	0.00307216517	0.000218377054	0.000114257717	0	52.3	0	0	3
114	158	0	1.02278464	0.00288705813	0.0029425351	0.00285378812	0.00307216517	0.000200109172	0.000114257717	0	57	0	0	3
115	159	0	1.03175644	0.00286003119	0.00294235256	0.00285378812	0.00307216517	0.000200291712	0.000114257717	0	57	0	0	3
116	161	0	1.04072823	0.00290196516	0.00294104159	0.00285378812	0.00307216517	0.000151234864	0.000114257717	0	75.5	0	0	3
117	162	0	1.04970003	0.00287344842	0.00294024921	0.00285378812	0.00307216517	0.000145911932	0.000114257717	0	78.3	0	0	3
118	163	0	1.05867182	0.0029099026	0.00293917691	0.00285378812	0.00307216517	0.000129256858	0.000114257717	0	88.3	0	0	3
119	165	0	1.06764362	0.00287799423	0.00293867352	0.00285378812	0.00307216517	0.00012976025	0.000114257717	0	88	0	0	3
120	166	0	1.07661541	0.00291922467	0.0029368812	0.00285378812	0.00307216517	0.000131552571	0.000114257717	0	86.8	0	0	3
121	167	0	1.08558721	0.00289249479	0.00293608276	0.00285378812	0.00307216517	0.000132351005	0.000114257717	0	86.3	0	0	3
122	168	0	1.094559	0.00292561008	0.00293473252	0.00285378812	0.00307216517	0.000127499137	0.000114257717	0	89.6	0	0	3
123	170	0	1.1035308	0.00292195624	0.00293489277	0.00285378812	0.00307216517	0.000120135844	0.000114257717	0	95.1	0	0	3
124	171	0	1.11250259	0.00292788894	0.00293231641	0.00285378812	0.00304859411	0.000111128758	0.000114257717	0	100	0	0	3
125	172	0	1.12147439	0.00294846598	0.00293289491	0.00285378812	0.00304859411	0.0001047283	0.000114257717	0	100	0	0	3
126	174	0	1.13044618	0.00294642812	0.00293230429	0.00285378812	0.00304859411	9.69444705e-05	0.000114257717	0	100	0	0	3
127	175	0	1.13941798	0.00295448726	0.00293260365	0.00285378812	0.00304859411	8.54739335e-05	0.000114257717	0	100	0	0	3
128	176	0	1.14838977	0.00295382896	0.00293205411	0.00285378812	0.00304859411	7.74919786e-05	0.000114257717	0	100	0	0	3
129	177	0	1.15736157	0.00294308412	0.00293198254	0.00285378812	0.00304859411	7.15835236e-05	0.000114257717	0	100	0	0	3
130	179	0	1.16633336	0.00295850879	0.00293153325	0.00285378812	0.00304859411	7.2032812e-05	0.000114257717	0	100	0	0	3
131	180	0	1.17530516	0.00296389858	0.0029316405	0.00285378812	0.00304859411	7.2032812e-05	0.000114257717	0	100	0	0	3
132	181	0	1.18427695	0.0029611454	0.00293125578	0.00285378812	0.00304859411	7.23102815e-05	0.000114257717	0	100	0	0	3
133	182	0	1.19324875	0.00297493787	0.00293095345	0.00285378812	0.00304859411	7.26126159e-05	0.000114257717	0	100	0	0	3
134	184	0	1.20222054	0.00296650477	0.00293013631	0.00285378812	0.00304859411	7.34297512e-05	0.000114257717	0	100	0	0	3
135	185	0	1.21119234	0.00295191553	0.0029291734	0.00285378812	0.00304859411	7.43926662e-05	0.000114257717	0	100	0	0	3
136	186	0	1.22016413	0.00297786159	0.00292824611	0.00285378812	0.00304859411	7.5319956e-05	0.000114257717	0	100	0	0	3
137	188	0	1.22913593	0.00295840915	0.00292740459	0.00285378812	0.00304859411	7.61614735e-05	0.000114257717	0	100	0	0	3
138	189	0	1.23810772	0.00298476006	0.0029262647	0.00285378812	0.00302596245	7.73013673e-05	0.000114257717	0	100	0	0	3
139	190	0	1.24707952	0.0029876793	0.00292588941	0.00285378812	0.00302596245	7.76766582e-05	0.000114257717	0	100	0	0	3
140	191	0	1.25605131	0.00298147593	0.002925095	0.00285378812	0.00301053174	7.84710603e-05	0.000114257717	0	100	0	0	3
141	193	0	1.26502311	0.0029842678	0.00292472246	0.00285378812	0.00301053174	7.88436052e-05	0.000114257717	0	100	0	0	3
142	194	0	1.2739949	0.00299370157	0.00292442192	0.00285378812	0.0029962553	7.82188718e-05	0.000114257717	0	100	0	0	3
143	195	0	1.2829667	0.00298372451	0.0029245521	0.00285378812	0.0029962553	7.82188718e-05	0.000114257717	0	100	0	0	3
144	197	0	1.2919385	0.00297663094	0.00292420167	0.00285378812	0.00299370157	7.42319284e-05	0.000114257717	0	100	0	0	3
145	198	0	1.30091029	0.00296542503	0.00292457948	0.00285378812	0.00299370157	7.35733168e-05	0.000114257717	0	100	0	0	3
146	199	0	1.30988209	0.00296624379	0.00292472212	0.00285378812	0.00299370157	6.76236811e-05	0.000114257717	0	100	0	0	3
147	201	0	1.31885388	0.00295966223	0.002925694	0.00285378812	0.00299370157	6.54754436e-05	0.000114257717	0	100	0	0	3
148	202	0	1.32782568	0.00297073204	0.00292645006	0.00285378812	0.00299370157	5.94407102e-05	0.000114257717	0	100	0	0	3
149	204	0	1.33679747	0.00296516396	0.00292775813	0.00285378812	0.00299370157	5.70888213e-05	0.000114257717	0	100	0	0	3
150	205	0	1.34576927	0.00294261741	0.00292797902	0.00285378812	0.00299370157	5.17007002e-05	0.000114257717	0	100	0	0	3
151	207	0	1.35474106	0.00294109263	0.00292879786	0.00285378812	0.00299370157	4.82391692e-05	0.000114257717	0	100	0	0	3
152	208	0	1.36371286	0.00293035678	0.00292873599	0.00285378812	0.00299370157	4.55312082e-05	0.000114257717	0	100	0	0	3
153	209	0	1.37268465	0.00291253624	0.00292897613	0.00285378812	0.00299370157	4.10463729e-05	0.000114257717	0	100	0	0	3
154	211	0	1.38165645	0.00292958023	0.00292887363	0.00285378812	0.00299370157	3.88325175e-05	0.000114257717	0	100	0	0	3
155	212	0	1.39062824	0.00291526925	0.00292899027	0.00285378812	0.00299370157	3.69416721e-05	0.000114257717	0	100	0	0	3
156	214	0	1.39960004	0.0029293217	0.00292896552	0.00285378812	0.00299370157	3.50201081e-05	0.000114257717	0	100	0	0	3
157	215	0	1.40857183	0.00289622896	0.00292882083	0.00285378812	0.00299370157	3.19446491e-05	0.000114257717	0	100	0	0	3
158	216	0	1.41754363	0.00287941143	0.00292840962	0.00285378812	0.00299370157	3.07255196e-05	0.000114257717	0	100	0	0	3
159	218	0	1.42651542	0.00288571326	0.00292827697	0.00285378812	0.00299370157	2.82167281e-05	0.000114257717	0	100	0	0	3
160	219	0	1.43548722	0.00286275362	0.00292753096	0.00285378812	0.00299370157	2.6676461e-05	0.000114257717	0	100	0	0	3
161	221	0	1.44445901	0.00286569306	0.00292726928	0.00285378812	0.00299370157	2.51460456e-05	0.000114257717	0	100	0	0	3
162	222	0	1.45343081	0.00287100812	0.00292689158	0.00285378812	0.00299370157	2.44523175e-05	0.000114257717	0	100	0	0	3
163	223	0	1.4624026	0.00284705913	0.00292647812	0.00284705913	0.00299370157	2.28146433e-05	0.000114257717	0	100	0	0	3
164	225	0	1.4713744	0.00285234661	0.00292615855	0.00284705913	0.00299370157	2.2666553e-05	0.000114257717	0	100	0	0	3
165	226	0	1.48034619	0.00282160189	0.0029255838	0.00282160189	0.00299370157	2.19493922e-05	0.000114257717	0	100	0	0	3
166	228	0	1.48931799	0.00284500839	0.00292498044	0.00282160189	0.00299370157	2.15675355e-05	0.000114257717	0	100	0	0	3
167	229	0	1.49828978	0.00282161936	0.00292434158	0.00282160189	0.00299370157	2.10530902e-05	0.000114257717	0	100	0	0	3
168	230	0	1.50726158	0.00283456319	0.00292362331	0.00282160189	0.00299370157	2.16314523e-05	0.000114257717	0	100	0	0	3
169	232	0	1.51623337	0.00282805378	0.0029230063	0.00282160189	0.00299370157	1.95288019e-05	0.000114257717	0	100	0	0	3
170	233	0	1.52520517	0.00283046896	0.00292199578	0.00282160189	0.00299370157	2.03567824e-05	0.000114257717	0	100	0	0	3
171	234	0	1.53417696	0.00280712517	0.00292105103	0.00280712517	0.00299370157	1.99905626e-05	0.000114257717	0	100	0	0	3
172	236	0	1.54314876	0.0028339698	0.00291983683	0.00280712517	0.00299370157	2.04123807e-05	0.000114257717	0	100	0	0	3
173	237	0	1.55212055	0.00282050396	0.00291889139	0.00280712517	0.00299370157	2.02855214e-05	0.000114257717	0	100	0	0	3
174	239	0	1.56109235	0.00287143451	0.00291820446	0.00280712517	0.00299370157	2.04690591e-05	0.000114257717	0	100	0	0	3
175	240	0	1.57006414	0.002860111	0.00291788512	0.00280712517	0.00299370157	1.8996082e-05	0.000114257717	0	100	0	0	3
176	241	0	1.57903594	0.00290396845	0.00291761268	0.00280712517	0.00299370157	1.84700809e-05	0.000114257717	0	100	0	0	3
177	243	0	1.58800773	0.00288102628	0.00291740789	0.00280712517	0.00299370157	1.74848862e-05	0.000114257717	0	100	0	0	3
178	244	0	1.59697953	0.00291180246	0.00291716132	0.00280712517	0.00299370157	1.7731451e-05	0.000114257717	0	100	0	0	3
179	246	0	1.60595132	0.00291542246	0.00291704465	0.00280712517	0.00299370157	1.5850263e-05	0.000114257717	0	100	0	0	3
180	247	0	1.61492312	0.00290196569	0.00291658173	0.00280712517	0.00299370157	1.6313178e-05	0.000114257717	0	100	0	0	3
181	248	0	1.62389491	0.00290748768	0.00291584998	0.00280712517	0.00299370157	1.67536754e-05	0.000114257717	0	100	0	0	3
182	250	0	1.63286671	0.00292238514	0.00291542064	0.00280712517	0.00299370157	1.71830143e-05	0.000114257717	0	100	0	0	3
183	251	0	1.6418385	0.00293793199	0.00291512501	0.00280712517	0.00299370157	1.69290958e-05	0.000114257717	0	100	0	0	3
184	253	0	1.6508103	0.00295433016	0.00291513396	0.00280712517	0.00299370157	1.68575305e-05	0.000114257717	0	100	0	0	3
185	254	0	1.65978209	0.00294397199	0.00291514981	0.00280712517	0.00299370157	1.65154927e-05	0.000114257717	0	100	0	0	3
186	256	0	1.66875389	0.00295929064	0.00291516378	0.00280712517	0.00299370157	1.65154927e-05	0.000114257717	0	100	0	0	3
187	257	0	1.67772568	0.00297028016	0.00291527773	0.00280712517	0.00299370157	1.61307726e-05	0.000114257717	0	100	0	0	3
188	259	0	1.68669748	0.00295793589	0.00291522042	0.00280712517	0.00299370157	1.58284382e-05	0.000114257717	0	100	0	0	3
189	260	0	1.69566927	0.00298715636	0.00291543861	0.00280712517	0.00299370157	1.50113029e-05	0.000114257717	0	100	0	0	3
190	262	0	1.70464107	0.00297110816	0.00291552081	0.00280712517	0.00299370157	1.40483879e-05	0.000114257717	0	100	0	0	3
191	263	0	1.71361287	0.00297932966	0.00291601035	0.00280712517	0.00299370157	1.38652615e-05	0.000114257717	0	100	0	0	3
192	265	0	1.72258466	0.00298173351	0.00291607949	0.00280712517	0.00299370157	1.38652615e-05	0.000114257717	0	100	0	0	3
193	266	0	1.73155646	0.00300413256	0.00291689598	0.00280712517	0.00300413256	1.38652615e-05	0.000114257717	0	100	0	0	3
194	267	0	1.74052825	0.00302180807	0.00291755755	0.00280712517	0.00302180807	1.38652615e-05	0.000114257717	0	100	0	0	3
195	269	0	1.74950005	0.00303950974	0.00291848309	0.00280712517	0.00303950974	1.38652615e-05	0.000114257717	0	100	0	0	3
196	270	0	1.75847184	0.00302571265	0.00291927304	0.00280712517	0.00303950974	1.38652615e-05	0.000114257717	0	100	0	0	3
197	271	0	1.76744364	0.00304165819	0.00292029786	0.00280712517	0.00304165819	1.38652615e-05	0.000114257717	0	100	0	0	3
198	273	0	1.77641543	0.00305517387	0.00292139558	0.00280712517	0.00305517387	1.38652615e-05	0.000114257717	0	100	0	0	3
199	274	0	1.78538723	0.00304885663	0.00292255866	0.00280712517	0.00305517387	1.38652615e-05	0.000114257717	0	100	0	0	3
200	276	0	1.79435902	0.00307777494	0.0029243648	0.00280712517	0.00307777494	1.38652615e-05	0.000114257717	0	100	0	0	3
201	280	0	1.80333082	0.00308762712	0.00292654698	0.00280712517	0.00308762712	1.38652615e-05	0.000114257717	0	100	0	0	3
202	282	0	1.81230261	0.00307928203	0.00292856552	0.00280712517	0.00308762712	1.38652615e-05	0.000114257717	0	100	0	0	3
203	283	0	1.82127441	0.00308201445	0.00293075038	0.00280712517	0.00308762712	1.56253725e-05	0.000114257717	0	100	0	0	3
204	285	0	1.8302462	0.00308504862	0.00293279175	0.00280712517	0.00308762712	1.766674e-05	0.000114257717	0	100	0	0	3
205	286	0	1.839218	0.00305779694	0.00293444591	0.00280712517	0.00308762712	1.93209003e-05	0.000114257717	0	100	0	0	3
206	287	0	1.84818979	0.00306687214	0.00293666474	0.00280712517	0.00308762712	2.15397349e-05	0.000114257717	0	100	0	0	3
207	289	0	1.85716159	0.00306055112	0.00293879793	0.00280712517	0.00308762712	2.36729222e-05	0.000114257717	0	100	0	0	3
208	290	0	1.86613338	0.0030599114	0.00294111141	0.00280712517	0.00308762712	2.59863977e-05	0.000114257717	0	100	0	0	3
209	292	0	1.87510518	0.00304559474	0.00294348745	0.00280712517	0.00308762712	2.83624423e-05	0.000114257717	0	100	0	0	3
210	293	0	1.88407697	0.00305451811	0.00294571848	0.00280712517	0.00308762712	3.05934758e-05	0.000114257717	0	100	0	0	3
211	294	0	1.89304877	0.00305546849	0.00294822204	0.00280712517	0.00308762712	3.30970335e-05	0.000114257717	0	100	0	0	3
212	296	0	1.90202056	0.00302967066	0.00295001399	0.00280712517	0.00308762712	3.48889793e-05	0.000114257717	0	100	0	0	3
213	297	0	1.91099236	0.00302507763	0.00295231486	0.00280712517	0.00308762712	3.71898484e-05	0.000114257717	0	100	0	0	3
214	299	0	1.91996415	0.00301900881	0.00295480767	0.00280712517	0.00308762712	3.96826587e-05	0.000114257717	0	100	0	0	3
215	300	0	1.92893595	0.00301613231	0.00295713658	0.00280712517	0.00308762712	4.20115703e-05	0.000114257717	0	100	0	0	3
216	301	0	1.93790774	0.00299502605	0.00295949859	0.00280712517	0.00308762712	4.4373578e-05	0.000114257717	0	100	0	0	3
217	303	0	1.94687954	0.00298431244	0.00296161679	0.00280712517	0.00308762712	4.64917812e-05	0.000114257717	0	100	0	0	3
218	304	0	1.95585133	0.00295712884	0.00296315466	0.00280712517	0.00308762712	4.80296512e-05	0.000114257717	0	100	0	0	3
219	306	0	1.96482313	0.00295683352	0.00296511492	0.00280712517	0.00308762712	4.99899082e-05	0.000114257717	0	100	0	0	3
220	307	0	1.97379492	0.00295426094	0.00296693482	0.00280712517	0.00308762712	5.18098068e-05	0.000114257717	0	100	0	0	3
221	308	0	1.98276672	0.0029204205	0.00296869943	0.00280712517	0.00308762712	5.35744247e-05	0.000114257717	0	100	0	0	3
222	310	0	1.99173851	0.0029287861	0.00297019546	0.00280712517	0.00308762712	5.50704553e-05	0.000114257717	0	100	0	0	3
223	311	0	2.00071031	0.00292616435	0.00297206234	0.00280712517	0.00308762712	5.69373302e-05	0.000114257717	0	100	0	0	3
224	313	0	2.0096821	0.00289122123	0.00297307409	0.00280712517	0.00308762712	5.7949081e-05	0.000114257717	0	100	0	0	3
225	314	0	2.0186539	0.00290239598	0.00297440163	0.00280712517	0.00308762712	5.92766202e-05	0.000114257717	0	100	0	0	3
226	315	0	2.02762569	0.0028914598	0.00297549075	0.00280712517	0.00308762712	6.03657423e-05	0.000114257717	0	100	0	0	3
227	317	0	2.03659749	0.00290735032	0.00297728049	0.00282050396	0.00308762712	6.2155477e-05	0.000114257717	0	100	0	0	3
228	318	0	2.04556928	0.00291985637	0.00297881417	0.00282050396	0.00308762712	6.36891657e-05	0.000114257717	0	100	0	0	3
229	320	0	2.05454108	0.00289433421	0.00298013257	0.002860111	0.00308762712	6.50075629e-05	0.000114257717	0	100	0	0	3
230	321	0	2.06351287	0.0029189771	0.00298098155	0.002860111	0.00308762712	6.58565378e-05	0.000114257717	0	100	0	0	3
231	322	0	2.07248467	0.00289475267	0.00298160015	0.00288102628	0.00308762712	6.64751392e-05	0.000114257717	0	100	0	0	3
232	324	0	2.08145646	0.00289335221	0.00298141057	0.00288102628	0.00308762712	6.64751392e-05	0.000114257717	0	100	0	0	3
233	325	0	2.09042826	0.00288059716	0.00298140291	0.00288059716	0.00308762712	6.64751392e-05	0.000114257717	0	100	0	0	3
234	327	0	2.09940005	0.0028866836	0.00298095436	0.00288059716	0.00308762712	6.64751392e-05	0.000114257717	0	100	0	0	3
235	328	0	2.10837185	0.00289925342	0.00298066563	0.00288059716	0.00308762712	6.64751392e-05	0.000114257717	0	100	0	0	3
236	329	0	2.11734364	0.00289099658	0.00298046975	0.00288059716	0.00308762712	6.64751392e-05	0.000114257717	0	100	0	0	3
237	331	0	2.12631544	0.00288198581	0.00298001436	0.00288059716	0.00308762712	6.64751392e-05	0.000114257717	0	100	0	0	3
238	332	0	2.13528724	0.00289519656	0.00297952885	0.00288059716	0.00308762712	6.64751392e-05	0.000114257717	0	100	0	0	3
239	334	0	2.14425903	0.00289861417	0.00297882674	0.00288059716	0.00308762712	6.64661892e-05	0.000114257717	0	100	0	0	3
240	335	0	2.15323083	0.00290921498	0.00297802112	0.00288059716	0.00308762712	6.64503343e-05	0.000114257717	0	100	0	0	3
241	336	0	2.16220262	0.00292201084	0.00297762895	0.00288059716	0.00308762712	6.64363728e-05	0.000114257717	0	100	0	0	3
242	338	0	2.17117442	0.0029119741	0.00297678401	0.00288059716	0.00308762712	6.63797288e-05	0.000114257717	0	100	0	0	3
243	339	0	2.18014621	0.0029134997	0.00297577008	0.00288059716	0.00308762712	6.63797288e-05	0.000114257717	0	100	0	0	3
244	341	0	2.18911801	0.0029135909	0.0029749782	0.00288059716	0.00308762712	6.61615414e-05	0.000114257717	0	100	0	0	3
245	342	0	2.1980898	0.0029197243	0.00297377406	0.00288059716	0.00308762712	6.60793378e-05	0.000114257717	0	100	0	0	3
246	343	0	2.2070616	0.0029073262	0.0029726351	0.00288059716	0.00308762712	6.55897999e-05	0.000114257717	0	100	0	0	3
247	345	0	2.21603339	0.00291814598	0.00297154253	0.00288059716	0.00308762712	6.55206584e-05	0.000114257717	0	100	0	0	3
248	346	0	2.22500519	0.00292098978	0.00297045782	0.00288059716	0.00308762712	6.4704169e-05	0.000114257717	0	100	0	0	3
249	348	0	2.23397698	0.00289946634	0.00296858878	0.00288059716	0.00308762712	6.40425973e-05	0.000114257717	0	100	0	0	3
250	349	0	2.24294878	0.00292337825	0.00296683111	0.00288059716	0.00308762712	6.31170537e-05	0.000114257717	0	100	0	0	3
251	350	0	2.25192057	0.00289839187	0.00296431114	0.00288059716	0.00308762712	6.23271124e-05	0.000114257717	0	100	0	0	3
252	352	0	2.26089237	0.00293266026	0.00296264949	0.00288059716	0.00308762712	6.1302284e-05	0.000114257717	0	100	0	0	3
253	353	0	2.26986416	0.00291263635	0.00296034553	0.00288059716	0.00308762712	6.02045643e-05	0.000114257717	0	100	0	0	3
254	355	0	2.27883596	0.00294950248	0.00295845854	0.00288059716	0.00308762712	5.90414907e-05	0.000114257717	0	100	0	0	3
255	356	0	2.28780775	0.00294684087	0.00295663683	0.00288059716	0.00308762712	5.72353479e-05	0.000114257717	0	100	0	0	3
256	358	0	2.29677955	0.0029289414	0.00295397909	0.00288059716	0.00308762712	5.50531678e-05	0.000114257717	0	100	0	0	3
257	359	0	2.30575134	0.00290036735	0.00295063517	0.00288059716	0.00308504862	5.30346277e-05	0.000114257717	0	100	0	0	3
258	360	0	2.31472314	0.00292764315	0.00294792733	0.00288059716	0.00308504862	5.08497667e-05	0.000114257717	0	100	0	0	3
259	362	0	2.32369493	0.002900501	0.00294468602	0.00288059716	0.00308504862	4.88083992e-05	0.000114257717	0	100	0	0	3
260	363	0	2.33266673	0.00293315985	0.00294197372	0.00288059716	0.00306687214	4.71542388e-05	0.000114257717	0	100	0	0	3
261	365	0	2.34163852	0.00291579821	0.00293943803	0.00288059716	0.00306687214	4.49354042e-05	0.000114257717	0	100	0	0	3
262	366	0	2.35061032	0.00292533592	0.00293691059	0.00288059716	0.00306055112	4.4689554e-05	0.000114257717	0	100	0	0	3
263	368	0	2.35958211	0.00296932038	0.00293528147	0.00288059716	0.0030599114	4.63186744e-05	0.000114257717	0	100	0	0	3
264	369	0	2.36855391	0.00296944857	0.00293366607	0.00288059716	0.00305546849	4.79340821e-05	0.000114257717	0	100	0	0	3
265	370	0	2.3775257	0.00300391243	0.00293292174	0.00288059716	0.00305546849	4.86784092e-05	0.000114257717	0	100	0	0	3
266	372	0	2.3864975	0.0030094049	0.00293211615	0.00288059716	0.00305546849	4.94840022e-05	0.000114257717	0	100	0	0	3
267	373	0	2.39546929	0.00302211952	0.00293152063	0.00288059716	0.00302967066	5.00795195e-05	0.000114257717	0	100	0	0	3
268	375	0	2.40444109	0.00299711132	0.00293093921	0.00288059716	0.00302507763	5.06609363e-05	0.000114257717	0	100	0	0	3
269	376	0	2.41341288	0.0030087712	0.00293064803	0.00288059716	0.00302211952	5.09521224e-05	0.000114257717	0	100	0	0	3
270	378	0	2.42238468	0.0029983261	0.00293027869	0.00288059716	0.00302211952	5.13214566e-05	0.000114257717	0	100	0	0	3
271	379	0	2.43135647	0.00302745342	0.00293048085	0.00288059716	0.00302745342	5.13214566e-05	0.000114257717	0	100	0	0	3
272	380	0	2.44032827	0.00300937834	0.00293073715	0.00288059716	0.00302745342	5.13214566e-05	0.000114257717	0	100	0	0	3
273	382	0	2.44930006	0.00299892657	0.00293099811	0.00288059716	0.00302745342	5.13214566e-05	0.000114257717	0	100	0	0	3
274	383	0	2.45827186	0.00298869693	0.00293156183	0.00288059716	0.00302745342	5.13214566e-05	0.000114257717	0	100	0	0	3
275	384	0	2.46724365	0.00299737328	0.00293228575	0.00288059716	0.00302745342	5.13214566e-05	0.000114257717	0	100	0	0	3
276	386	0	2.47621545	0.00298740386	0.00293287759	0.00288059716	0.00302745342	5.13214566e-05	0.000114257717	0	100	0	0	3
277	387	0	2.48518724	0.00294536039	0.00293332295	0.00288059716	0.00302745342	5.13214566e-05	0.000114257717	0	100	0	0	3
278	389	0	2.49415904	0.00293783375	0.00293348451	0.00288059716	0.00302745342	5.13214566e-05	0.000114257717	0	100	0	0	3
279	390	0	2.50313083	0.00293307848	0.00293360798	0.00288059716	0.00302745342	5.13214566e-05	0.000114257717	0	100	0	0	3
280	392	0	2.51210263	0.00293175362	0.00293433177	0.00288059716	0.00302745342	5.13214566e-05	0.000114257717	0	100	0	0	3
281	393	0	2.52107442	0.00292424595	0.00293472195	0.00288059716	0.00302745342	5.13214566e-05	0.000114257717	0	100	0	0	3
282	394	0	2.53004622	0.00292325001	0.00293528963	0.00288059716	0.00302745342	5.13214566e-05	0.000114257717	0	100	0	0	3
283	396	0	2.53901801	0.00291061606	0.00293534795	0.00288059716	0.00302745342	5.13214566e-05	0.000114257717	0	100	0	0	3
284	397	0	2.54798981	0.00293260818	0.00293557566	0.00288059716	0.00302745342	5.13214566e-05	0.000114257717	0	100	0	0	3
285	399	0	2.55696161	0.00293288778	0.00293626411	0.00288059716	0.00302745342	5.13214566e-05	0.000114257717	0	100	0	0	3
286	400	0	2.5659334	0.0029488293	0.00293679719	0.00288059716	0.00302745342	5.13214566e-05	0.000114257717	0	100	0	0	3
287	402	0	2.5749052	0.00292089836	0.00293726408	0.00288059716	0.00302745342	5.1131881e-05	0.000114257717	0	100	0	0	3
288	403	0	2.58387699	0.00294686196	0.00293821961	0.00288059716	0.00302745342	5.11242182e-05	0.000114257717	0	100	0	0	3
289	405	0	2.59284879	0.0029194096	0.00293891269	0.00288198581	0.00302745342	5.06756672e-05	0.000114257717	0	100	0	0	3
290	406	0	2.60182058	0.00293011266	0.00293968821	0.00288198581	0.00302745342	5.03869344e-05	0.000114257717	0	100	0	0	3
291	408	0	2.61079238	0.00292250414	0.0029401034	0.00288198581	0.00302745342	5.01910574e-05	0.000114257717	0	100	0	0	3
292	409	0	2.61976417	0.00293294065	0.0029408524	0.00288198581	0.00302745342	4.97356667e-05	0.000114257717	0	100	0	0	3
293	410	0	2.62873597	0.00292877231	0.00294168787	0.00289519656	0.00302745342	4.92501565e-05	0.000114257717	0	100	0	0	3
294	412	0	2.63770776	0.0029131881	0.00294200915	0.00289839187	0.00302745342	4.85480525e-05	0.000114257717	0	100	0	0	3
295	414	0	2.64667956	0.00291234069	0.00294225427	0.00289839187	0.00302745342	4.77424242e-05	0.000114257717	0	100	0	0	3
296	415	0	2.65565135	0.00290976995	0.00294226418	0.00289839187	0.00302745342	4.73502608e-05	0.000114257717	0	100	0	0	3
297	417	0	2.66462315	0.00289155733	0.00294172036	0.00289155733	0.00302745342	4.65053227e-05	0.000114257717	0	100	0	0	3
298	418	0	2.67359494	0.00290258111	0.00294155263	0.00289155733	0.00302745342	4.5491386e-05	0.000114257717	0	100	0	0	3
299	420	0	2.68256674	0.0028858525	0.00294105893	0.0028858525	0.00302745342	4.46995112e-05	0.000114257717	0	100	0	0	3
300	421	0	2.69153853	0.00289512343	0.00294072916	0.0028858525	0.00302745342	4.34953672e-05	0.000114257717	0	100	0	0	3
301	426	0	2.70051033	0.00288386228	0.00294008876	0.00288386228	0.00302745342	4.23564037e-05	0.000114257717	0	100	0	0	3
302	428	0	2.70948212	0.00290120106	0.00293997938	0.00288386228	0.00302745342	4.1263838e-05	0.000114257717	0	100	0	0	3
303	429	0	2.71845392	0.00287674469	0.00293924008	0.00287674469	0.00302745342	4.01791284e-05	0.000114257717	0	100	0	0	3
304	430	0	2.72742571	0.0029030836	0.00293892032	0.00287674469	0.00302745342	3.83100889e-05	0.000114257717	0	100	0	0	3
305	432	0	2.73639751	0.00287303347	0.00293844831	0.00287303347	0.00302745342	3.65524135e-05	0.000114257717	0	100	0	0	3
306	433	0	2.7453693	0.00287585188	0.00293759962	0.00287303347	0.00302745342	3.40324514e-05	0.000114257717	0	100	0	0	3
307	435	0	2.7543411	0.00286155699	0.00293694186	0.00286155699	0.00302745342	3.23708017e-05	0.000114257717	0	100	0	0	3
308	436	0	2.76331289	0.00287842556	0.00293597338	0.00286155699	0.00302745342	3.00668401e-05	0.000114257717	0	100	0	0	3
309	437	0	2.77228469	0.00288243106	0.002935434	0.00286155699	0.00302745342	2.8179851e-05	0.000114257717	0	100	0	0	3
310	439	0	2.78125648	0.00289603121	0.00293447916	0.00286155699	0.00302745342	2.6358141e-05	0.000114257717	0	100	0	0	3
311	440	0	2.79022828	0.00286599559	0.00293303549	0.00286155699	0.00302745342	2.37003992e-05	0.000114257717	0	100	0	0	3
312	442	0	2.79920007	0.00288621793	0.00293227257	0.00286155699	0.00302745342	2.03564749e-05	0.000114257717	0	100	0	0	3
313	443	0	2.80817187	0.00286036579	0.00293155826	0.00286036579	0.00302745342	1.76486377e-05	0.000114257717	0	100	0	0	3
314	445	0	2.81714366	0.00285673985	0.00293029213	0.00285673985	0.00302745342	1.44073262e-05	0.000114257717	0	100	0	0	3
315	446	0	2.82611546	0.00285380376	0.00292945825	0.00285380376	0.00302745342	1.28059293e-05	0.000114257717	0	100	0	0	3
316	447	0	2.83508725	0.00286340649	0.00292821265	0.00285380376	0.00302745342	1.40515251e-05	0.000114257717	0	100	0	0	3
317	449	0	2.84405905	0.00287004023	0.00292739554	0.00285380376	0.00302745342	1.48686318e-05	0.000114257717	0	100	0	0	3
318	450	0	2.85303084	0.0028849024	0.00292667352	0.00285380376	0.00302745342	1.5590659e-05	0.000114257717	0	100	0	0	3
319	452	0	2.86200264	0.00287828891	0.00292504796	0.00285380376	0.00302745342	1.72162208e-05	0.000114257717	0	100	0	0	3
320	453	0	2.87097443	0.00288934168	0.00292361748	0.00285380376	0.00302745342	1.86467011e-05	0.000114257717	0	100	0	0	3
321	455	0	2.87994623	0.00285279359	0.00292091892	0.00285279359	0.00302745342	2.13452518e-05	0.000114257717	0	100	0	0	3
322	456	0	2.88891802	0.0028779448	0.00291857142	0.00285279359	0.00302745342	2.36927537e-05	0.000114257717	0	100	0	0	3
323	457	0	2.89788982	0.00285099275	0.00291551559	0.00285099275	0.00302745342	2.67485888e-05	0.000114257717	0	100	0	0	3
324	459	0	2.90686161	0.00290225535	0.00291382173	0.00285099275	0.00302745342	2.84424454e-05	0.000114257717	0	100	0	0	3
325	460	0	2.91583341	0.00288789009	0.00291166314	0.00285099275	0.00302745342	3.06010367e-05	0.000114257717	0	100	0	0	3
326	462	0	2.9248052	0.00291980241	0.00291026093	0.00285099275	0.00302745342	3.20032455e-05	0.000114257717	0	100	0	0	3
327	463	0	2.933777	0.00292585289	0.00290844664	0.00285099275	0.00300937834	3.38175405e-05	0.000114257717	0	100	0	0	3
328	465	0	2.94274879	0.00291758715	0.00290680751	0.00285099275	0.00299892657	3.54566689e-05	0.000114257717	0	100	0	0	3
329	466	0	2.95172059	0.00291211003	0.00290525721	0.00285099275	0.00299737328	3.70069641e-05	0.000114257717	0	100	0	0	3
330	468	0	2.96069238	0.00292675136	0.00290415104	0.00285099275	0.00299737328	3.81131351e-05	0.000114257717	0	100	0	0	3
331	469	0	2.96966418	0.00292927843	0.00290293506	0.00285099275	0.00298740386	3.93291146e-05	0.000114257717	0	100	0	0	3
332	471	0	2.97863598	0.0029320123	0.00290194593	0.00285099275	0.0029488293	4.03182496e-05	0.000114257717	0	100	0	0	3
333	472	0	2.98760777	0.00292988104	0.00290166951	0.00285099275	0.0029488293	4.05946666e-05	0.000114257717	0	100	0	0	3
334	474	0	2.99657957	0.00293026101	0.00290153428	0.00285099275	0.0029488293	4.07298942e-05	0.000114257717	0	100	0	0	3
335	475	0	3.00555136	0.00291024846	0.0029011266	0.00285099275	0.0029488293	4.11375731e-05	0.000114257717	0	100	0	0	3
336	477	0	3.01452316	0.00294648639	0.00290138969	0.00285099275	0.0029488293	4.11375731e-05	0.000114257717	0	100	0	0	3
337	478	0	3.02349495	0.00291920216	0.00290129962	0.00285099275	0.0029488293	4.11375731e-05	0.000114257717	0	100	0	0	3
338	479	0	3.03246675	0.00291161443	0.00290109184	0.00285099275	0.0029488293	4.11723338e-05	0.000114257717	0	100	0	0	3
339	481	0	3.04143854	0.002916644	0.00290119948	0.00285099275	0.0029488293	4.11723338e-05	0.000114257717	0	100	0	0	3
340	482	0	3.05041034	0.00293433429	0.00290123031	0.00285099275	0.0029488293	4.11723338e-05	0.000114257717	0	100	0	0	3
341	484	0	3.05938213	0.00292494782	0.00290108852	0.00285099275	0.0029488293	4.11756535e-05	0.000114257717	0	100	0	0	3
342	485	0	3.06835393	0.00293016584	0.00290075525	0.00285099275	0.00294686196	4.15089295e-05	0.000114257717	0	100	0	0	3
343	487	0	3.07732572	0.00292280584	0.00290078931	0.00285099275	0.00294686196	4.15089295e-05	0.000114257717	0	100	0	0	3
344	488	0	3.08629752	0.00292425928	0.00290038569	0.00285099275	0.00294648639	4.18784866e-05	0.000114257717	0	100	0	0	3
345	489	0	3.09526931	0.0029473537	0.00290088469	0.00285099275	0.0029473537	4.18784866e-05	0.000114257717	0	100	0	0	3
346	491	0	3.10424111	0.00293522368	0.00290097596	0.00285099275	0.0029473537	4.18784866e-05	0.000114257717	0	100	0	0	3
347	492	0	3.1132129	0.00292579945	0.0029010348	0.00285099275	0.0029473537	4.18784866e-05	0.000114257717	0	100	0	0	3
348	494	0	3.1221847	0.00294445833	0.00290124048	0.00285099275	0.0029473537	4.18784866e-05	0.000114257717	0	100	0	0	3
349	495	0	3.13115649	0.00292316588	0.00290114036	0.00285099275	0.0029473537	4.18784866e-05	0.000114257717	0	100	0	0	3
350	496	0	3.14012829	0.00293940255	0.00290160848	0.00285099275	0.0029473537	4.18784866e-05	0.000114257717	0	100	0	0	3
351	497	0	3.14910008	0.00294637396	0.00290221621	0.00285099275	0.0029473537	4.18784866e-05	0.000114257717	0	100	0	0	3
352	499	0	3.15807188	0.00293468782	0.00290266118	0.00285099275	0.0029473537	4.13346738e-05	0.000114257717	0	100	0	0	3
353	500	0	3.16704367	0.0029432156	0.00290358365	0.00285099275	0.0029473537	4.11669418e-05	0.000114257717	0	100	0	0	3
354	501	0	3.17601547	0.00295453785	0.00290451144	0.00285099275	0.00295453785	4.06732418e-05	0.000114257717	0	100	0	0	3
355	503	0	3.18498726	0.0029278019	0.00290526054	0.00285099275	0.00295453785	4.03434655e-05	0.000114257717	0	100	0	0	3
356	504	0	3.19395906	0.00293703796	0.00290600902	0.00285099275	0.00295453785	3.97030722e-05	0.000114257717	0	100	0	0	3
357	506	0	3.20293085	0.00293788033	0.00290697362	0.00285099275	0.00295453785	3.95936947e-05	0.000114257717	0	100	0	0	3
358	507	0	3.21190265	0.00294715833	0.00290779429	0.00285099275	0.00295453785	3.88543859e-05	0.000114257717	0	100	0	0	3
359	508	0	3.22087444	0.00293723578	0.00290887449	0.00285099275	0.00295453785	3.85346328e-05	0.000114257717	0	100	0	0	3
360	509	0	3.22984624	0.00294728176	0.00290966374	0.00285099275	0.00295453785	3.80626173e-05	0.000114257717	0	100	0	0	3
361	511	0	3.23881803	0.00293887795	0.00291083953	0.00285099275	0.00295453785	3.72139321e-05	0.000114257717	0	100	0	0	3
362	512	0	3.24778983	0.00294465739	0.0029120682	0.00285099275	0.00295453785	3.65561664e-05	0.000114257717	0	100	0	0	3
363	514	0	3.25676162	0.00294833782	0.00291361786	0.00285099275	0.00295453785	3.55876897e-05	0.000114257717	0	100	0	0	3
364	515	0	3.26573342	0.00295672673	0.0029150161	0.00285099275	0.00295672673	3.50483096e-05	0.000114257717	0	100	0	0	3
365	516	0	3.27470521	0.002957304	0.00291635311	0.00285099275	0.002957304	3.40934655e-05	0.000114257717	0	100	0	0	3
366	518	0	3.28367701	0.00296443844	0.00291757467	0.00285099275	0.00296443844	3.26497997e-05	0.000114257717	0	100	0	0	3
367	519	0	3.2926488	0.00295410717	0.00291914809	0.00285099275	0.00296443844	3.18868806e-05	0.000114257717	0	100	0	0	3
368	520	0	3.3016206	0.00294981796	0.00292028381	0.00285099275	0.00296443844	3.11725671e-05	0.000114257717	0	100	0	0	3
369	521	0	3.31059239	0.00297015156	0.00292224427	0.00285099275	0.00297015156	2.99064367e-05	0.000114257717	0	100	0	0	3
370	523	0	3.31956419	0.00295917851	0.00292407353	0.00285099275	0.00297015156	2.90725573e-05	0.000114257717	0	100	0	0	3
371	524	0	3.32853598	0.00294801811	0.00292575593	0.00285099275	0.00297015156	2.78269614e-05	0.000114257717	0	100	0	0	3
372	525	0	3.33750778	0.0029614473	0.00292750666	0.00285099275	0.00297015156	2.71209672e-05	0.000114257717	0	100	0	0	3
373	527	0	3.34647957	0.00293801841	0.00292872055	0.00285099275	0.00297015156	2.83348632e-05	0.000114257717	0	100	0	0	3
374	528	0	3.35545137	0.00296778967	0.00293020068	0.00285099275	0.00297015156	2.98149929e-05	0.000114257717	0	100	0	0	3
375	529	0	3.36442316	0.00297344423	0.00293189988	0.00285099275	0.00297344423	3.1514195e-05	0.000114257717	0	100	0	0	3
376	531	0	3.37339496	0.00296429796	0.00293323839	0.00285099275	0.00297344423	3.28527001e-05	0.000114257717	0	100	0	0	3
377	532	0	3.38236675	0.0029516149	0.00293500306	0.00285099275	0.00297344423	3.46173664e-05	0.000114257717	0	100	0	0	3
378	533	0	3.39133855	0.00298235981	0.00293686761	0.00285099275	0.00298235981	3.64819203e-05	0.000114257717	0	100	0	0	3
379	535	0	3.40031035	0.00296864072	0.00293896847	0.00288789009	0.00298235981	3.8582777e-05	0.000114257717	0	100	0	0	3
380	536	0	3.40928214	0.00296943749	0.00294016815	0.00288789009	0.00298235981	3.97824581e-05	0.000114257717	0	100	0	0	3
381	537	0	3.41825394	0.0029785854	0.00294178771	0.00291024846	0.00298235981	4.14020172e-05	0.000114257717	0	100	0	0	3
382	539	0	3.42722573	0.00296831912	0.00294265408	0.00291024846	0.00298235981	4.22683871e-05	0.000114257717	0	100	0	0	3
383	540	0	3.43619753	0.00298019718	0.00294362451	0.00291024846	0.00298235981	4.32388207e-05	0.000114257717	0	100	0	0	3
384	541	0	3.44516932	0.00298706176	0.00294486513	0.00291024846	0.00298706176	4.44794387e-05	0.000114257717	0	100	0	0	3
385	543	0	3.45414112	0.0029590418	0.0029457032	0.00291024846	0.00298706176	4.5317506e-05	0.000114257717	0	100	0	0	3
386	544	0	3.46311291	0.00296195677	0.00294633186	0.00291024846	0.00298706176	4.59461742e-05	0.000114257717	0	100	0	0	3
387	545	0	3.47208471	0.00295458294	0.00294678373	0.00291024846	0.00298706176	4.63980406e-05	0.000114257717	0	100	0	0	3
388	546	0	3.4810565	0.00293082008	0.00294676244	0.00291024846	0.00298706176	4.63980406e-05	0.000114257717	0	100	0	0	3
389	548	0	3.4900283	0.00293634991	0.00294687796	0.00291024846	0.00298706176	4.64922664e-05	0.000114257717	0	100	0	0	3
390	549	0	3.49900009	0.00295285481	0.00294728142	0.00291024846	0.00298706176	4.68957272e-05	0.000114257717	0	100	0	0	3
391	550	0	3.50797189	0.00294090839	0.00294782892	0.00291161443	0.00298706176	4.74432258e-05	0.000114257717	0	100	0	0	3
392	552	0	3.51694368	0.00296549017	0.00294816827	0.00291161443	0.00298706176	4.77825791e-05	0.000114257717	0	100	0	0	3
393	553	0	3.52591548	0.00297727342	0.00294920526	0.00291161443	0.00298706176	4.88195659e-05	0.000114257717	0	100	0	0	3
394	554	0	3.53488727	0.00296037008	0.00295007589	0.002916644	0.00298706176	4.96902025e-05	0.000114257717	0	100	0	0	3
395	556	0	3.54385907	0.00296213741	0.00295088827	0.00292280584	0.00298706176	5.05025847e-05	0.000114257717	0	100	0	0	3
396	557	0	3.55283086	0.00296577891	0.00295144979	0.00292280584	0.00298706176	5.10640957e-05	0.000114257717	0	100	0	0	3
397	558	0	3.56180266	0.00293781175	0.0029516795	0.00292280584	0.00298706176	5.12938087e-05	0.000114257717	0	100	0	0	3
398	560	0	3.57077445	0.00294259114	0.00295190138	0.00292280584	0.00298706176	5.15156889e-05	0.000114257717	0	100	0	0	3
399	561	0	3.57974625	0.00294921391	0.00295237295	0.00292316588	0.00298706176	5.19872615e-05	0.000114257717	0	100	0	0	3
400	562	0	3.58871804	0.00293408487	0.00295254841	0.00292316588	0.00298706176	5.16637167e-05	0.000114257717	0	100	0	0	3
401	567	0	3.59768984	0.00293889093	0.00295239729	0.00292316588	0.00298706176	5.15724485e-05	0.000114257717	0	100	0	0	3
402	568	0	3.60666163	0.00295224434	0.00295270123	0.00292316588	0.00298706176	5.16664232e-05	0.000114257717	0	100	0	0	3
403	569	0	3.61563343	0.00292588075	0.00295270268	0.00292316588	0.00298706176	5.15623169e-05	0.000114257717	0	100	0	0	3
404	571	0	3.62460522	0.00294735295	0.00295275437	0.00292316588	0.00298706176	5.16140067e-05	0.000114257717	0	100	0	0	3
405	572	0	3.63357702	0.00295261256	0.0029532802	0.00292588075	0.00298706176	5.16717253e-05	0.000114257717	0	100	0	0	3
406	573	0	3.64254881	0.00295084076	0.00295348446	0.00292588075	0.00298706176	5.1268242e-05	0.000114257717	0	100	0	0	3
407	575	0	3.65152061	0.00294273394	0.00295341946	0.00292588075	0.00298706176	5.08232801e-05	0.000114257717	0	100	0	0	3
408	576	0	3.6604924	0.00295578419	0.00295379618	0.00292588075	0.00298706176	5.02125313e-05	0.000114257717	0	100	0	0	3
409	578	0	3.6694642	0.00294052385	0.00295374811	0.00292588075	0.00298706176	4.92847324e-05	0.000114257717	0	100	0	0	3
410	579	0	3.67843599	0.00292835361	0.00295328053	0.00292588075	0.00298706176	4.85356358e-05	0.000114257717	0	100	0	0	3
411	581	0	3.68740779	0.00295283086	0.00295372748	0.00292588075	0.00298706176	4.7787162e-05	0.000114257717	0	100	0	0	3
412	582	0	3.69637958	0.002940675	0.00295379243	0.00292588075	0.00298706176	4.68225538e-05	0.000114257717	0	100	0	0	3
413	583	0	3.70535138	0.00292858742	0.00295362648	0.00292588075	0.00298706176	4.60018883e-05	0.000114257717	0	100	0	0	3
414	585	0	3.71432317	0.00295009478	0.00295367892	0.00292588075	0.00298706176	4.49216903e-05	0.000114257717	0	100	0	0	3
415	586	0	3.72329497	0.00295874298	0.00295406298	0.00292588075	0.00298706176	4.43992365e-05	0.000114257717	0	100	0	0	3
416	587	0	3.73226676	0.00295935978	0.00295427866	0.00292588075	0.00298706176	4.34391212e-05	0.000114257717	0	100	0	0	3
417	589	0	3.74123856	0.00296042258	0.00295466338	0.00292588075	0.00298706176	4.25951769e-05	0.000114257717	0	100	0	0	3
418	590	0	3.75021035	0.00296337983	0.00295499771	0.00292588075	0.00298706176	4.13798484e-05	0.000114257717	0	100	0	0	3
419	592	0	3.75918215	0.00295390316	0.00295509709	0.00292588075	0.00298706176	4.00809943e-05	0.000114257717	0	100	0	0	3
420	593	0	3.76815394	0.00295691892	0.00295510052	0.00292588075	0.00298706176	3.87474094e-05	0.000114257717	0	100	0	0	3
421	595	0	3.77712574	0.00295271999	0.00295501867	0.00292588075	0.00298706176	3.75258516e-05	0.000114257717	0	100	0	0	3
422	596	0	3.78609753	0.00295500796	0.00295485026	0.00292588075	0.00298706176	3.59524306e-05	0.000114257717	0	100	0	0	3
423	597	0	3.79506933	0.00298087356	0.00295532824	0.00292588075	0.00298706176	3.50444284e-05	0.000114257717	0	100	0	0	3
424	599	0	3.80404112	0.00296777593	0.00295564891	0.00292588075	0.00298706176	3.34046463e-05	0.000114257717	0	100	0	0	3
425	600	0	3.81301292	0.00295847594	0.00295544042	0.00292588075	0.00298706176	3.15753845e-05	0.000114257717	0	100	0	0	3
426	602	0	3.82198471	0.00297797356	0.00295577605	0.00292588075	0.00298706176	3.00201181e-05	0.000114257717	0	100	0	0	3
427	603	0	3.83095651	0.00294634833	0.00295574623	0.00292588075	0.00298706176	2.82693892e-05	0.000114257717	0	100	0	0	3
428	604	0	3.83992831	0.00293621326	0.00295529562	0.00292588075	0.00298706176	2.70554932e-05	0.000114257717	0	100	0	0	3
429	606	0	3.8489001	0.00294730456	0.00295546144	0.00292588075	0.00298706176	2.55753635e-05	0.000114257717	0	100	0	0	3
430	607	0	3.8578719	0.00293063344	0.00295479794	0.00292588075	0.00298706176	2.38761614e-05	0.000114257717	0	100	0	0	3
431	609	0	3.86684369	0.00292184508	0.00295387653	0.00292184508	0.00298706176	2.25376563e-05	0.000114257717	0	100	0	0	3
432	610	0	3.87581549	0.00294865572	0.0029535972	0.00292184508	0.00298706176	2.07729899e-05	0.000114257717	0	100	0	0	3
433	611	0	3.88478728	0.00292850459	0.00295318452	0.00292184508	0.00298706176	1.89084361e-05	0.000114257717	0	100	0	0	3
434	613	0	3.89375908	0.00291494767	0.00295198073	0.00291494767	0.00298706176	1.68075794e-05	0.000114257717	0	100	0	0	3
435	614	0	3.90273087	0.00292049132	0.00295112092	0.00291494767	0.00298706176	1.56078983e-05	0.000114257717	0	100	0	0	3
436	616	0	3.91170267	0.00289736939	0.00294983399	0.00289736939	0.00298706176	1.39883392e-05	0.000114257717	0	100	0	0	3
437	617	0	3.92067446	0.00290330689	0.00294848973	0.00289736939	0.00298706176	1.31219693e-05	0.000114257717	0	100	0	0	3
438	618	0	3.92964626	0.00290570498	0.00294737162	0.00289736939	0.00298706176	1.21515357e-05	0.000114257717	0	100	0	0	3
439	620	0	3.93861805	0.00288714134	0.00294570991	0.00288714134	0.00298706176	1.09109177e-05	0.000114257717	0	100	0	0	3
440	622	0	3.94758985	0.00290389241	0.00294422474	0.00288714134	0.00298087356	1.15513051e-05	0.000114257717	0	100	0	0	3
441	624	0	3.95656164	0.00290453906	0.00294325148	0.00288714134	0.00298087356	1.25245684e-05	0.000114257717	0	100	0	0	3
442	625	0	3.96553344	0.00289160873	0.00294199526	0.00288714134	0.00298087356	1.37807834e-05	0.000114257717	0	100	0	0	3
443	627	0	3.97450523	0.0028858848	0.00294076851	0.0028858848	0.00298087356	1.50075361e-05	0.000114257717	0	100	0	0	3
444	629	0	3.98347703	0.00288814023	0.00294000637	0.0028858848	0.00298087356	1.57696764e-05	0.000114257717	0	100	0	0	3
445	632	0	3.99244882	0.00285756811	0.00293859955	0.00285756811	0.00298087356	1.71764943e-05	0.000114257717	0	100	0	0	3
446	633	0	4.00142062	0.00286222411	0.00293698115	0.00285756811	0.00298087356	1.87948996e-05	0.000114257717	0	100	0	0	3
