Iteration	CPUTime	PhysTime	Travels	Value	AvValue	MinValue	MaxValue	Delta	Criteria	PrevAvRefValue	Progress	CriteriaType	CriteriaVarType	CriteriaPercentage
1	8	0	0.00897179511	-140.825443	-140.825443	-140.825443	-140.825443	0	0	0	0	0	0	3
2	9	0	0.0179435902	-44.9957802	-92.9106117	-140.825443	-44.9957802	47.9148315	0	0	0	0	0	3
3	11	0	0.0269153853	-22.7111266	-69.5107833	-140.825443	-22.7111266	71.3146598	0	0	0	0	0	3
4	12	0	0.0358871804	-14.0494877	-55.6454594	-140.825443	-14.0494877	85.1799838	0	0	0	0	0	3
5	14	0	0.0448589755	-17.047563	-47.9258801	-140.825443	-14.0494877	92.899563	0	0	0	0	0	3
6	16	0	0.0538307706	-12.911881	-42.0902136	-140.825443	-12.911881	98.7352296	0	0	0	0	0	3
7	17	0	0.0628025657	-15.5413587	-38.2975201	-140.825443	-12.911881	102.527923	0	0	0	0	0	3
8	19	0	0.0717743608	-12.1747675	-35.032176	-140.825443	-12.1747675	105.793267	0	0	0	0	0	3
9	20	0	0.080746156	-14.4593815	-32.7463099	-140.825443	-12.1747675	108.079133	0	0	0	0	0	3
10	21	0	0.0897179511	-11.4761452	-30.6192935	-140.825443	-11.4761452	110.20615	0	0	0	0	0	3
11	23	0	0.0986897462	-13.3886637	-29.0528726	-140.825443	-11.4761452	111.772571	0	0	0	0	0	3
12	24	0	0.107661541	-11.6647727	-27.6038642	-140.825443	-11.4761452	113.221579	0	0	0	0	0	3
13	26	0	0.116633336	-13.1422236	-26.4914304	-140.825443	-11.4761452	114.334013	0	0	0	0	0	3
14	27	0	0.125605131	-11.7206854	-25.4363771	-140.825443	-11.4761452	115.389066	0	0	0	0	0	3
15	29	0	0.134576927	-12.7832816	-24.5928374	-140.825443	-11.4761452	116.232606	0	0	0	0	0	3
16	30	0	0.143548722	-11.9254532	-23.8011259	-140.825443	-11.4761452	117.024317	0	0	0	0	0	3
17	31	0	0.152520517	-12.2476816	-23.1215116	-140.825443	-11.4761452	117.703932	0	0	0	0	0	3
18	32	0	0.161492312	-11.8094849	-22.4930656	-140.825443	-11.4761452	118.332378	0	0	0	0	0	3
19	34	0	0.170464107	-11.8619789	-21.9335347	-140.825443	-11.4761452	118.891908	0	0	0	0	0	3
20	35	0	0.179435902	-11.5815683	-21.4159364	-140.825443	-11.4761452	119.409507	0	0	0	0	0	3
21	36	0	0.188407697	-11.5281914	-20.9450914	-140.825443	-11.4761452	119.880352	0	0	0	0	0	3
22	38	0	0.197379492	-11.3854908	-20.5105641	-140.825443	-11.3854908	120.314879	0	0	0	0	0	3
23	39	0	0.206351287	-11.2786178	-20.1091751	-140.825443	-11.2786178	120.716268	0	0	0	0	0	3
24	40	0	0.215323083	-11.1775718	-19.737025	-140.825443	-11.1775718	121.088418	0	0	0	0	0	3
25	41	0	0.224294878	-11.0901731	-19.3911509	-140.825443	-11.0901731	121.434292	0	0	0	0	0	3
26	43	0	0.233266673	-11.024634	-19.0693618	-140.825443	-11.024634	121.756081	0	0	0	0	0	3
27	44	0	0.242238468	-10.959203	-18.7689856	-140.825443	-10.959203	122.056458	0	0	0	0	0	3
28	46	0	0.251210263	-10.9006257	-18.4879727	-140.825443	-10.9006257	122.33747	0	0	0	0	0	3
29	47	0	0.260182058	-10.8420044	-18.2243186	-140.825443	-10.8420044	122.601125	0	0	0	0	0	3
30	48	0	0.269153853	-10.7949305	-17.9766724	-140.825443	-10.7949305	122.848771	0	0	0	0	0	3
31	50	0	0.278125648	-10.7463635	-17.7434366	-140.825443	-10.7463635	123.082007	0	0	0	0	0	3
32	51	0	0.287097443	-10.7036487	-17.5234432	-140.825443	-10.7036487	123.302	0	0	0	0	0	3
33	53	0	0.296069238	-10.6651804	-17.3156171	-140.825443	-10.6651804	123.509826	0	0	0	0	0	3
34	54	0	0.305041034	-10.6370975	-17.11919	-140.825443	-10.6370975	123.706253	0	0	0	0	0	3
35	56	0	0.314012829	-10.6022922	-16.9329929	-140.825443	-10.6022922	123.89245	0	0	0	0	0	3
36	57	0	0.322984624	-10.5683493	-16.7561973	-140.825443	-10.5683493	124.069246	0	0	0	0	0	3
37	58	0	0.331956419	-10.528009	-16.5878679	-140.825443	-10.528009	124.237575	0	0	0	0	0	3
38	60	0	0.340928214	-10.4846927	-16.427258	-140.825443	-10.4846927	124.398185	0	0	0	0	0	3
39	61	0	0.349900009	-10.4505663	-16.2740095	-140.825443	-10.4505663	124.551434	0	0	0	0	0	3
40	63	0	0.358871804	-10.4205316	-16.1276726	-140.825443	-10.4205316	124.697771	0	0	0	0	0	3
41	64	0	0.367843599	-10.3944211	-15.9878372	-140.825443	-10.3944211	124.837606	0	0	0	0	0	3
42	66	0	0.376815394	-10.3724893	-15.8541384	-140.825443	-10.3724893	124.971305	0	0	0	0	0	3
43	67	0	0.38578719	-10.3446524	-15.7260108	-140.825443	-10.3446524	125.099432	0	0	0	0	0	3
44	69	0	0.394758985	-10.3239341	-15.6032363	-140.825443	-10.3239341	125.222207	0	0	0	0	0	3
45	70	0	0.40373078	-10.3038172	-15.4854715	-140.825443	-10.3038172	125.339972	0	0	0	0	0	3
46	72	0	0.412702575	-10.2875634	-15.3724735	-140.825443	-10.2875634	125.45297	0	0	0	0	0	3
47	73	0	0.42167437	-10.2672413	-15.2638515	-140.825443	-10.2672413	125.561592	0	0	0	0	0	3
48	75	0	0.430646165	-10.2528944	-15.1594566	-140.825443	-10.2528944	125.665987	0	0	0	0	0	3
49	76	0	0.43961796	-10.2358222	-15.0589742	-140.825443	-10.2358222	125.766469	0	0	0	0	0	3
50	78	0	0.448589755	-10.2234334	-14.9622634	-140.825443	-10.2234334	125.86318	0	0	0	0	0	3
51	79	0	0.45756155	-10.2069945	-14.8690229	-140.825443	-10.2069945	125.95642	0	0	0	0	0	3
52	81	0	0.466533345	-10.1881185	-14.7790055	-140.825443	-10.1881185	126.046438	0	0	0	0	0	3
53	82	0	0.475505141	-10.1745121	-14.6921282	-140.825443	-10.1745121	126.133315	0	0	0	0	0	3
54	84	0	0.484476936	-10.160689	-14.6082127	-140.825443	-10.160689	126.21723	0	0	0	0	0	3
55	85	0	0.493448731	-10.1426531	-14.5270207	-140.825443	-10.1426531	126.298422	0	0	0	0	0	3
56	87	0	0.502420526	-10.1361167	-14.4486117	-140.825443	-10.1361167	126.376831	0	0	0	0	0	3
57	88	0	0.511392321	-10.1242068	-12.114661	-44.9957802	-10.1242068	34.8715734	0	0	0	0	0	3
58	90	0	0.520364116	-10.1133219	-11.49176	-22.7111266	-10.1133219	12.5978047	0	0	0	0	0	3
59	91	0	0.529335911	-10.1154093	-11.2668365	-17.047563	-10.1133219	6.93424107	0	0	0	0	0	3
60	93	0	0.538307706	-10.1058454	-11.1964143	-17.047563	-10.1058454	6.9417176	0	0	0	0	0	3
61	94	0	0.547279501	-10.1019347	-11.0723852	-15.5413587	-10.1019347	5.43942401	0	0	0	0	0	3
62	96	0	0.556251297	-10.0911459	-11.0220149	-15.5413587	-10.0911459	5.45021284	0	0	0	0	0	3
63	97	0	0.565223092	-10.0819552	-10.9245256	-14.4593815	-10.0819552	4.37742632	0	0	0	0	0	3
64	99	0	0.574194887	-10.0732989	-10.8869994	-14.4593815	-10.0732989	4.38608264	0	0	0	0	0	3
65	100	0	0.583166682	-10.0649485	-10.8085274	-13.3886637	-10.0649485	3.32371514	0	0	0	0	0	3
66	102	0	0.592138477	-10.0602293	-10.7832431	-13.3886637	-10.0602293	3.32843432	0	0	0	0	0	3
67	103	0	0.601110272	-10.0556245	-10.7237246	-13.1422236	-10.0556245	3.08659917	0	0	0	0	0	3
68	105	0	0.610082067	-10.0464291	-10.6948256	-13.1422236	-10.0464291	3.09579454	0	0	0	0	0	3
69	106	0	0.619053862	-10.0375959	-10.6393858	-12.7832816	-10.0375959	2.74568566	0	0	0	0	0	3
70	108	0	0.628025657	-10.0303706	-10.6092016	-12.7832816	-10.0303706	2.75291095	0	0	0	0	0	3
71	109	0	0.636997452	-10.0257687	-10.5599603	-12.2476816	-10.0257687	2.22191295	0	0	0	0	0	3
72	111	0	0.645969248	-10.0171084	-10.5258827	-12.2476816	-10.0171084	2.23057321	0	0	0	0	0	3
73	112	0	0.654941043	-10.0142302	-10.4859997	-11.8619789	-10.0142302	1.84774862	0	0	0	0	0	3
74	114	0	0.663912838	-10.0050724	-10.453778	-11.8619789	-10.0050724	1.85690642	0	0	0	0	0	3
75	115	0	0.672884633	-9.99065611	-10.4203615	-11.5815683	-9.99065611	1.59091222	0	0	0	0	0	3
76	117	0	0.681856428	-9.98226846	-10.3918026	-11.5281914	-9.98226846	1.54592293	0	0	0	0	0	3
77	118	0	0.690828223	-9.97752031	-10.3641121	-11.3854908	-9.97752031	1.40797045	0	0	0	0	0	3
78	120	0	0.699800018	-9.97623468	-10.3389468	-11.2786178	-9.97623468	1.30238309	0	0	0	0	0	3
79	121	0	0.708771813	-9.97199759	-10.3156143	-11.1775718	-9.97199759	1.20557421	0	0	0	0	0	3
80	123	0	0.717743608	-9.97038066	-10.2940573	-11.0901731	-9.97038066	1.1197924	0	0	0	0	0	3
81	124	0	0.726715404	-9.97212346	-10.2740921	-11.024634	-9.97038066	1.05425334	0	0	0	0	0	3
82	125	0	0.735687199	-9.97129513	-10.2552825	-10.959203	-9.97038066	0.988822373	0	0	0	0	0	3
83	127	0	0.744658994	-9.97146077	-10.2376442	-10.9006257	-9.97038066	0.930245044	0	0	0	0	0	3
84	128	0	0.753630789	-9.97196569	-10.221061	-10.8420044	-9.97038066	0.871623759	0	0	0	0	0	3
85	130	0	0.762602584	-9.97105556	-10.2055084	-10.7949305	-9.97038066	0.824549884	0	0	0	0	0	3
86	131	0	0.771574379	-9.97526354	-10.1908715	-10.7463635	-9.97038066	0.775982871	0	0	0	0	0	3
87	132	0	0.780546174	-9.98027292	-10.1771913	-10.7036487	-9.97038066	0.733268008	0	0	0	0	0	3
88	134	0	0.789517969	-9.98681911	-10.1643907	-10.6651804	-9.97038066	0.694799725	0	0	0	0	0	3
89	135	0	0.798489764	-9.99034066	-10.15234	-10.6370975	-9.97038066	0.666716862	0	0	0	0	0	3
90	137	0	0.80746156	-9.99134534	-10.1408087	-10.6022922	-9.97038066	0.631911503	0	0	0	0	0	3
91	139	0	0.816433355	-9.99366836	-10.1299405	-10.5683493	-9.97038066	0.597968669	0	0	0	0	0	3
92	140	0	0.82540515	-9.99889784	-10.1197717	-10.528009	-9.97038066	0.557628358	0	0	0	0	0	3
93	141	0	0.834376945	-10.0034143	-10.1104039	-10.4846927	-9.97038066	0.514312078	0	0	0	0	0	3
94	143	0	0.84334874	-10.0104054	-10.1019345	-10.4505663	-9.97038066	0.480185683	0	0	0	0	0	3
95	144	0	0.852320535	-10.0160641	-10.0941755	-10.4205316	-9.97038066	0.450150974	0	0	0	0	0	3
96	146	0	0.86129233	-10.023549	-10.0870866	-10.3944211	-9.97038066	0.424040402	0	0	0	0	0	3
97	147	0	0.870264125	-10.0274446	-10.0805334	-10.3724893	-9.97038066	0.402108624	0	0	0	0	0	3
98	149	0	0.87923592	-10.0266425	-10.0743576	-10.3446524	-9.97038066	0.37427171	0	0	0	0	0	3
99	150	0	0.888207715	-10.0332635	-10.0687971	-10.3239341	-9.97038066	0.353553466	0	0	0	0	0	3
100	152	0	0.897179511	-10.0380763	-10.0636925	-10.3038172	-9.97038066	0.333436524	0	0	0	0	0	3
101	157	0	0.906151306	-10.0449476	-10.0590698	-10.2875634	-9.97038066	0.317182775	0	0	0	0	0	3
102	158	0	0.915123101	-10.0438881	-10.0547184	-10.2672413	-9.97038066	0.296860687	0	0	0	0	0	3
103	160	0	0.924094896	-10.04558	-10.0507602	-10.2528944	-9.97038066	0.28251378	0	0	0	0	0	3
104	161	0	0.933066691	-10.0373953	-10.046912	-10.2358222	-9.97038066	0.26544152	0	0	0	0	0	3
105	163	0	0.942038486	-10.0365665	-10.0433539	-10.2234334	-9.97038066	0.253052717	0	0	0	0	0	3
106	164	0	0.951010281	-10.0347656	-10.0399848	-10.2069945	-9.97038066	0.236613859	0	0	0	0	0	3
107	166	0	0.959982076	-10.0334606	-10.036886	-10.1881185	-9.97038066	0.217737859	0	0	0	0	0	3
108	167	0	0.968953871	-10.0281209	-10.0340289	-10.1745121	-9.97038066	0.204131397	0	0	0	0	0	3
109	168	0	0.977925667	-10.02497	-10.0313585	-10.160689	-9.97038066	0.190308364	0	0	0	0	0	3
110	170	0	0.986897462	-10.0132751	-10.0287261	-10.1426531	-9.97038066	0.172272482	0	0	0	0	0	3
111	171	0	0.995869257	-10.0075416	-10.0263134	-10.1361167	-9.97038066	0.165735999	0	0	0	0	0	3
112	173	0	1.00484105	-9.99737698	-10.0238359	-10.1242068	-9.97038066	0.153826156	0.382222379	0	100	0	0	3
113	174	0	1.01381285	-9.99137233	-10.0214639	-10.1154093	-9.97038066	0.145028607	0.382222379	0	100	0	0	3
114	176	0	1.02278464	-9.99074311	-10.0192749	-10.1154093	-9.97038066	0.145028607	0.382222379	0	100	0	0	3
115	177	0	1.03175644	-9.99538383	-10.0171316	-10.1058454	-9.97038066	0.135464743	0.382222379	0	100	0	0	3
116	179	0	1.04072823	-9.99544175	-10.0151601	-10.1019347	-9.97038066	0.131554064	0.382222379	0	100	0	0	3
117	180	0	1.04970003	-9.99038333	-10.0131682	-10.0911459	-9.97038066	0.120765231	0.382222379	0	100	0	0	3
118	181	0	1.05867182	-9.9739675	-10.0110757	-10.0819552	-9.97038066	0.111574529	0.382222379	0	100	0	0	3
119	183	0	1.06764362	-9.9592165	-10.0088839	-10.0732989	-9.9592165	0.114082363	0.382222379	0	100	0	0	3
120	184	0	1.07661541	-9.94537998	-10.0065997	-10.0649485	-9.94537998	0.119568554	0.382222379	0	100	0	0	3
121	186	0	1.08558721	-9.94509238	-10.0044594	-10.0602293	-9.94509238	0.115136972	0.382222379	0	100	0	0	3
122	187	0	1.094559	-9.94249087	-10.0023569	-10.0556245	-9.94249087	0.113133599	0.382222379	0	100	0	0	3
123	189	0	1.1035308	-9.94668756	-10.0004116	-10.0464291	-9.94249087	0.103938231	0.382222379	0	100	0	0	3
124	190	0	1.11250259	-9.94203097	-9.99854734	-10.04558	-9.94203097	0.103549013	0.382222379	0	100	0	0	3
125	191	0	1.12147439	-9.94128945	-9.99682758	-10.04558	-9.94128945	0.104290536	0.382222379	0	100	0	0	3
126	193	0	1.13044618	-9.9321148	-9.99507301	-10.04558	-9.9321148	0.113465187	0.382222379	0	100	0	0	3
127	194	0	1.13941798	-9.91761209	-9.99314164	-10.04558	-9.91761209	0.127967895	0.382222379	0	100	0	0	3
128	196	0	1.14838977	-9.91448206	-9.99130903	-10.04558	-9.91448206	0.131097924	0.382222379	0	100	0	0	3
129	197	0	1.15736157	-9.91168407	-9.98947785	-10.04558	-9.91168407	0.133895912	0.382222379	0	100	0	0	3
130	198	0	1.16633336	-9.91733267	-9.98791106	-10.04558	-9.91168407	0.133895912	0.382222379	0	100	0	0	3
131	200	0	1.17530516	-9.92440417	-9.98672799	-10.04558	-9.91168407	0.133895912	0.382222379	0	100	0	0	3
132	201	0	1.18427695	-9.92628611	-9.98572831	-10.04558	-9.91168407	0.133895912	0.382222379	0	100	0	0	3
133	202	0	1.19324875	-9.92369333	-9.98476711	-10.04558	-9.91168407	0.133895912	0.382222379	0	100	0	0	3
134	204	0	1.20222054	-9.91760843	-9.98372022	-10.04558	-9.91168407	0.133895912	0.382222379	0	100	0	0	3
135	205	0	1.21119234	-9.91131406	-9.98263658	-10.04558	-9.91131406	0.134265926	0.382222379	0	100	0	0	3
136	207	0	1.22016413	-9.91076856	-9.98157208	-10.04558	-9.91076856	0.134811422	0.382222379	0	100	0	0	3
137	208	0	1.22913593	-9.91470989	-9.98054684	-10.04558	-9.91076856	0.134811422	0.382222379	0	100	0	0	3
138	209	0	1.23810772	-9.91906068	-9.97961408	-10.04558	-9.91076856	0.134811422	0.382222379	0	100	0	0	3
139	211	0	1.24707952	-9.92821126	-9.97884177	-10.04558	-9.91076856	0.134811422	0.382222379	0	100	0	0	3
140	212	0	1.25605131	-9.93353925	-9.97815558	-10.04558	-9.91076856	0.134811422	0.382222379	0	100	0	0	3
141	213	0	1.26502311	-9.93572642	-9.9775247	-10.04558	-9.91076856	0.134811422	0.382222379	0	100	0	0	3
142	215	0	1.2739949	-9.92569657	-9.97663958	-10.04558	-9.91076856	0.134811422	0.382222379	0	100	0	0	3
143	216	0	1.2829667	-9.91957449	-9.97555568	-10.04558	-9.91076856	0.134811422	0.382222379	0	100	0	0	3
144	218	0	1.2919385	-9.91134472	-9.97420792	-10.04558	-9.91076856	0.134811422	0.382222379	0	100	0	0	3
145	219	0	1.30091029	-9.91099919	-9.97279111	-10.04558	-9.91076856	0.134811422	0.382222379	0	100	0	0	3
146	220	0	1.30988209	-9.91608231	-9.97144713	-10.04558	-9.91076856	0.134811422	0.382222379	0	100	0	0	3
147	221	0	1.31885388	-9.92436571	-9.97020958	-10.04558	-9.91076856	0.134811422	0.382222379	0	100	0	0	3
148	223	0	1.32782568	-9.92709337	-9.96892736	-10.04558	-9.91076856	0.134811422	0.382222379	0	100	0	0	3
149	224	0	1.33679747	-9.9273673	-9.96756937	-10.04558	-9.91076856	0.134365133	0.382222379	0	100	0	0	3
150	226	0	1.34576927	-9.92974514	-9.96612901	-10.04558	-9.91076856	0.128046527	0.382222379	0	100	0	0	3
151	227	0	1.35474106	-9.93037515	-9.96459885	-10.04558	-9.91076856	0.122487711	0.382222379	0	100	0	0	3
152	228	0	1.36371286	-9.93119395	-9.96294966	-10.04558	-9.91076856	0.117583757	0.382222379	0	100	0	0	3
153	229	0	1.37268465	-9.93113623	-9.96122986	-10.04558	-9.91076856	0.113127715	0.382222379	0	100	0	0	3
154	231	0	1.38165645	-9.9326139	-9.95955078	-10.04558	-9.91076856	0.109246281	0.382222379	0	100	0	0	3
155	232	0	1.39062824	-9.93967854	-9.95787962	-10.04558	-9.91076856	0.105812838	0.382222379	0	100	0	0	3
156	234	0	1.39960004	-9.93666254	-9.95606866	-10.04558	-9.91076856	0.103001128	0.382222379	0	100	0	0	3
157	235	0	1.40857183	-9.93398308	-9.95408715	-10.04558	-9.91076856	0.100631293	0.382222379	0	100	0	0	3
158	236	0	1.41754363	-9.92612229	-9.95198419	-10.04558	-9.91076856	0.0987760165	0.382222379	0	100	0	0	3
159	238	0	1.42651542	-9.92080405	-9.94975605	-10.0373953	-9.91076856	0.0971559596	0.382222379	0	100	0	0	3
160	239	0	1.43548722	-9.91377762	-9.94754859	-10.0365665	-9.91076856	0.0958052819	0.382222379	0	100	0	0	3
161	240	0	1.44445901	-9.91323617	-9.94534626	-10.0347656	-9.91076856	0.0946385416	0.382222379	0	100	0	0	3
162	242	0	1.45343081	-9.91172494	-9.94314911	-10.0334606	-9.91076856	0.0937368756	0.382222379	0	100	0	0	3
163	243	0	1.4624026	-9.91465309	-9.94102754	-10.0281209	-9.91076856	0.0930013385	0.382222379	0	100	0	0	3
164	244	0	1.4713744	-9.91529754	-9.93901284	-10.02497	-9.91076856	0.0923456485	0.382222379	0	100	0	0	3
165	246	0	1.48034619	-9.91903222	-9.93712109	-10.0132751	-9.91076856	0.0916050041	0.382222379	0	100	0	0	3
166	247	0	1.48931799	-9.91965972	-9.93544939	-10.0075416	-9.91076856	0.0908640014	0.382222379	0	100	0	0	3
167	248	0	1.49828978	-9.92282369	-9.93393657	-9.99737698	-9.91076856	0.0866084183	0.382222379	0	100	0	0	3
168	250	0	1.50726158	-9.91841025	-9.93252645	-9.99544175	-9.91076856	0.0846731807	0.382222379	0	100	0	0	3
169	251	0	1.51623337	-9.9206126	-9.93126288	-9.99544175	-9.91076856	0.0846731807	0.382222379	0	100	0	0	3
170	252	0	1.52520517	-9.91958323	-9.92999217	-9.99544175	-9.91076856	0.0846731807	0.382222379	0	100	0	0	3
171	253	0	1.53417696	-9.92413414	-9.92871986	-9.99544175	-9.91076856	0.0846731807	0.382222379	0	100	0	0	3
172	255	0	1.54314876	-9.92848603	-9.92752422	-9.99038333	-9.91076856	0.0796147684	0.382222379	0	100	0	0	3
173	256	0	1.55212055	-9.93828606	-9.92659391	-9.9739675	-9.91076856	0.0631989363	0.382222379	0	100	0	0	3
174	257	0	1.56109235	-9.94288663	-9.92603889	-9.9592165	-9.91076856	0.0484479364	0.382222379	0	100	0	0	3
175	258	0	1.57006414	-9.95422404	-9.92594974	-9.95422404	-9.91076856	0.0434554801	0.382222379	0	100	0	0	3
176	260	0	1.57903594	-9.95468969	-9.92611599	-9.95468969	-9.91076856	0.0439211231	0.382222379	0	100	0	0	3
177	261	0	1.58800773	-9.95312922	-9.9262595	-9.95468969	-9.91076856	0.0439211231	0.382222379	0	100	0	0	3
178	262	0	1.59697953	-9.95172953	-9.92642448	-9.95468969	-9.91076856	0.0439211231	0.382222379	0	100	0	0	3
179	264	0	1.60595132	-9.95325851	-9.92654182	-9.95468969	-9.91076856	0.0439211231	0.382222379	0	100	0	0	3
180	265	0	1.61492312	-9.95790524	-9.92682529	-9.95790524	-9.91076856	0.0471366796	0.382222379	0	100	0	0	3
181	266	0	1.62389491	-9.96284442	-9.9272102	-9.96284442	-9.91076856	0.0520758543	0.382222379	0	100	0	0	3
182	267	0	1.63286671	-9.97417086	-9.9279612	-9.97417086	-9.91076856	0.0634022908	0.382222379	0	100	0	0	3
183	269	0	1.6418385	-9.98597291	-9.92918193	-9.98597291	-9.91076856	0.0653592847	0.382222379	0	100	0	0	3
184	270	0	1.6508103	-10.0038597	-9.93077795	-10.0038597	-9.91076856	0.0635281034	0.382222379	0	100	0	0	3
185	271	0	1.65978209	-10.0184851	-9.93268512	-10.0184851	-9.91076856	0.0619613221	0.382222379	0	100	0	0	3
186	273	0	1.66875389	-10.0320325	-9.93473333	-10.0320325	-9.91076856	0.0607782518	0.382222379	0	100	0	0	3
187	274	0	1.67772568	-10.040442	-9.93680543	-10.040442	-9.91076856	0.0597785671	0.382222379	0	100	0	0	3
188	275	0	1.68669748	-10.0465826	-9.93895358	-10.0465826	-9.91076856	0.0588173712	0.382222379	0	100	0	0	3
189	277	0	1.69566927	-10.0552289	-9.94130243	-10.0552289	-9.91076856	0.0577704737	0.382222379	0	100	0	0	3
190	278	0	1.70464107	-10.0587884	-9.9438235	-10.0587884	-9.91076856	0.0566868393	0.382222379	0	100	0	0	3
191	279	0	1.71361287	-10.0652417	-9.94657221	-10.0652417	-9.91076856	0.0556223377	0.382222379	0	100	0	0	3
192	281	0	1.72258466	-10.0706649	-9.94942751	-10.0706649	-9.91099919	0.0545970953	0.382222379	0	100	0	0	3
193	282	0	1.73155646	-10.0802705	-9.95238394	-10.0802705	-9.91099919	0.0536643373	0.382222379	0	100	0	0	3
194	283	0	1.74052825	-10.0804566	-9.95526601	-10.0804566	-9.91099919	0.0528920247	0.382222379	0	100	0	0	3
195	285	0	1.74950005	-10.0750927	-9.9578889	-10.0804566	-9.91099919	0.0522058383	0.382222379	0	100	0	0	3
196	286	0	1.75847184	-10.062513	-9.960192	-10.0804566	-9.91099919	0.0515749607	0.382222379	0	100	0	0	3
197	287	0	1.76744364	-10.0552027	-9.96232551	-10.0804566	-9.91099919	0.0506898363	0.382222379	0	100	0	0	3
198	288	0	1.77641543	-10.0513133	-9.96456866	-10.0804566	-9.91099919	0.0496059357	0.382222379	0	100	0	0	3
199	290	0	1.78538723	-10.0580447	-9.96704134	-10.0804566	-9.91099919	0.0482581787	0.382222379	0	100	0	0	3
200	291	0	1.79435902	-10.056908	-9.96964069	-10.0804566	-9.91099919	0.0468413667	0.382222379	0	100	0	0	3
201	295	0	1.80333082	-10.0592052	-9.97228722	-10.0804566	-9.91172494	0.0463374814	0.382222379	0	100	0	0	3
202	297	0	1.81230261	-10.0532245	-9.97473619	-10.0804566	-9.91172494	0.0487864488	0.382222379	0	100	0	0	3
203	298	0	1.82127441	-10.0459776	-9.97690783	-10.0804566	-9.91172494	0.05095809	0.382222379	0	100	0	0	3
204	299	0	1.8302462	-10.0337122	-9.97881174	-10.0804566	-9.91172494	0.0528619969	0.382222379	0	100	0	0	3
205	301	0	1.839218	-10.033047	-9.98069888	-10.0804566	-9.91172494	0.0547491352	0.382222379	0	100	0	0	3
206	302	0	1.84818979	-10.0238938	-9.9823801	-10.0804566	-9.91172494	0.056430362	0.382222379	0	100	0	0	3
207	304	0	1.85716159	-10.0189485	-9.98396177	-10.0804566	-9.91172494	0.0580120297	0.382222379	0	100	0	0	3
208	305	0	1.86613338	-10.0150989	-9.98546008	-10.0804566	-9.91172494	0.0595103331	0.382222379	0	100	0	0	3
209	307	0	1.87510518	-10.0163612	-9.98698195	-10.0804566	-9.91172494	0.0610322076	0.382222379	0	100	0	0	3
210	308	0	1.88407697	-10.0105528	-9.98837372	-10.0804566	-9.91172494	0.0624239743	0.382222379	0	100	0	0	3
211	309	0	1.89304877	-10.0093162	-9.98961725	-10.0804566	-9.91172494	0.0636675046	0.382222379	0	100	0	0	3
212	311	0	1.90202056	-10.0028951	-9.99079997	-10.0804566	-9.91172494	0.0648502292	0.382222379	0	100	0	0	3
213	312	0	1.91099236	-10.0051689	-9.99207115	-10.0804566	-9.91172494	0.066121405	0.382222379	0	100	0	0	3
214	314	0	1.91996415	-9.99992796	-9.99338911	-10.0804566	-9.91172494	0.0674393634	0.382222379	0	100	0	0	3
215	315	0	1.92893595	-9.99964707	-9.99479702	-10.0804566	-9.91172494	0.0688472746	0.382222379	0	100	0	0	3
216	318	0	1.93790774	-9.99329595	-9.99621699	-10.0804566	-9.91172494	0.0702672448	0.382222379	0	100	0	0	3
217	319	0	1.94687954	-9.99582705	-9.99769182	-10.0804566	-9.91172494	0.0717420819	0.382222379	0	100	0	0	3
218	320	0	1.95585133	-9.9877772	-9.9990499	-10.0804566	-9.91465309	0.0731001579	0.382222379	0	100	0	0	3
219	322	0	1.96482313	-9.98615132	-10.0003267	-10.0804566	-9.91529754	0.074376912	0.382222379	0	100	0	0	3
220	323	0	1.97379492	-9.97542377	-10.0014003	-10.0804566	-9.91841025	0.0754505947	0.382222379	0	100	0	0	3
221	325	0	1.98276672	-9.9698812	-10.0023084	-10.0804566	-9.91841025	0.0763586122	0.382222379	0	100	0	0	3
222	327	0	1.99173851	-9.9584502	-10.003001	-10.0804566	-9.91841025	0.0770512993	0.382222379	0	100	0	0	3
223	329	0	2.00071031	-9.95551531	-10.0035848	-10.0804566	-9.91841025	0.0776350782	0.382222379	0	100	0	0	3
224	330	0	2.0096821	-9.9434006	-10.0040311	-10.0804566	-9.91958323	0.0780813345	0.382222379	0	100	0	0	3
225	332	0	2.0186539	-9.94148973	-10.0044039	-10.0804566	-9.91958323	0.0784541404	0.382222379	0	100	0	0	3
226	333	0	2.02762569	-9.93554179	-10.0046889	-10.0804566	-9.92413414	0.0787391146	0.382222379	0	100	0	0	3
227	336	0	2.03659749	-9.93590878	-10.0048991	-10.0804566	-9.92848603	0.0789493759	0.382222379	0	100	0	0	3
228	337	0	2.04556928	-9.93179778	-10.0049583	-10.0804566	-9.93179778	0.0790085144	0.382222379	0	100	0	0	3
229	339	0	2.05454108	-9.9277159	-10.0047695	-10.0804566	-9.9277159	0.0790085144	0.382222379	0	100	0	0	3
230	341	0	2.06351287	-9.9198816	-10.0043587	-10.0804566	-9.9198816	0.0790085144	0.382222379	0	100	0	0	3
231	342	0	2.07248467	-9.91139304	-10.0035939	-10.0804566	-9.91139304	0.0788422696	0.382222379	0	100	0	0	3
232	344	0	2.08145646	-9.90063802	-10.0026287	-10.0804566	-9.90063802	0.0786987545	0.382222379	0	100	0	0	3
233	345	0	2.09042826	-9.90330093	-10.0017389	-10.0804566	-9.90063802	0.0785337784	0.382222379	0	100	0	0	3
234	347	0	2.09940005	-9.9004045	-10.0008223	-10.0804566	-9.9004045	0.0784164401	0.382222379	0	100	0	0	3
235	348	0	2.10837185	-9.90402942	-9.99994325	-10.0804566	-9.9004045	0.078132971	0.382222379	0	100	0	0	3
236	350	0	2.11734364	-9.90151962	-9.99893637	-10.0804566	-9.9004045	0.0777480608	0.382222379	0	100	0	0	3
237	351	0	2.12631544	-9.90247799	-9.99785839	-10.0804566	-9.9004045	0.0769970598	0.382222379	0	100	0	0	3
238	353	0	2.13528724	-9.8960178	-9.9964628	-10.0804566	-9.8960178	0.075776331	0.382222379	0	100	0	0	3
239	354	0	2.14425903	-9.8941775	-9.9948236	-10.0804566	-9.8941775	0.0741803022	0.382222379	0	100	0	0	3
240	356	0	2.15323083	-9.89006262	-9.99279151	-10.0804566	-9.89006262	0.0722731405	0.382222379	0	100	0	0	3
241	357	0	2.16220262	-9.89314726	-9.99055333	-10.0804566	-9.89006262	0.0702249286	0.382222379	0	100	0	0	3
242	359	0	2.17117442	-9.89122349	-9.98803889	-10.0804566	-9.89006262	0.0681528249	0.382222379	0	100	0	0	3
243	360	0	2.18014621	-9.89193315	-9.98538694	-10.0804566	-9.89006262	0.0660046738	0.382222379	0	100	0	0	3
244	362	0	2.18911801	-9.89356946	-9.98265457	-10.0804566	-9.89006262	0.0636558238	0.382222379	0	100	0	0	3
245	363	0	2.1980898	-9.89283617	-9.97975469	-10.0804566	-9.89006262	0.0611347521	0.382222379	0	100	0	0	3
246	365	0	2.2070616	-9.88698894	-9.97668685	-10.0804566	-9.88698894	0.0583860436	0.382222379	0	100	0	0	3
247	367	0	2.21603339	-9.8870349	-9.97350458	-10.0804566	-9.88698894	0.0555307512	0.382222379	0	100	0	0	3
248	368	0	2.22500519	-9.88525595	-9.97019371	-10.0804566	-9.88525595	0.0525743121	0.382222379	0	100	0	0	3
249	370	0	2.23397698	-9.89304355	-9.96685037	-10.0804566	-9.88525595	0.0496922426	0.382222379	0	100	0	0	3
250	371	0	2.24294878	-9.89568731	-9.96355092	-10.0750927	-9.88525595	0.0470693599	0.382222379	0	100	0	0	3
251	373	0	2.25192057	-9.90356173	-9.96048787	-10.062513	-9.88525595	0.0447662565	0.382222379	0	100	0	0	3
252	374	0	2.26089237	-9.90466474	-9.95766915	-10.0592052	-9.88525595	0.0472891114	0.382222379	0	100	0	0	3
253	376	0	2.26986416	-9.91027743	-9.95508119	-10.0592052	-9.88525595	0.0498770633	0.382222379	0	100	0	0	3
254	377	0	2.27883596	-9.9119135	-9.95259191	-10.0592052	-9.88525595	0.0523663453	0.382222379	0	100	0	0	3
255	379	0	2.28780775	-9.92288102	-9.95017827	-10.0592052	-9.88525595	0.0547799826	0.382222379	0	100	0	0	3
256	381	0	2.29677955	-9.92738886	-9.94786543	-10.0592052	-9.88525595	0.0570928241	0.382222379	0	100	0	0	3
257	382	0	2.30575134	-9.9344641	-9.94563791	-10.0532245	-9.88525595	0.0593203433	0.382222379	0	100	0	0	3
258	384	0	2.31472314	-9.94024761	-9.94362047	-10.0459776	-9.88525595	0.0613377875	0.382222379	0	100	0	0	3
259	386	0	2.32369493	-9.95496197	-9.94199519	-10.0337122	-9.88525595	0.0629630669	0.382222379	0	100	0	0	3
260	387	0	2.33266673	-9.96133286	-9.9407027	-10.033047	-9.88525595	0.0642555544	0.382222379	0	100	0	0	3
261	389	0	2.34163852	-9.96902621	-9.93955947	-10.0238938	-9.88525595	0.0653987836	0.382222379	0	100	0	0	3
262	391	0	2.35061032	-9.97234798	-9.93863901	-10.0189485	-9.88525595	0.0663192453	0.382222379	0	100	0	0	3
263	392	0	2.35958211	-9.98001355	-9.93794374	-10.0163612	-9.88525595	0.067014513	0.382222379	0	100	0	0	3
264	394	0	2.36855391	-9.9908463	-9.93751066	-10.0163612	-9.88525595	0.067447596	0.382222379	0	100	0	0	3
265	395	0	2.3775257	-10.0011082	-9.93723829	-10.0105528	-9.88525595	0.0677199707	0.382222379	0	100	0	0	3
266	397	0	2.3864975	-10.020223	-9.93741097	-10.020223	-9.88525595	0.0677199707	0.382222379	0	100	0	0	3
267	399	0	2.39546929	-10.0326604	-9.93782783	-10.0326604	-9.88525595	0.0677199707	0.382222379	0	100	0	0	3
268	401	0	2.40444109	-10.0436373	-9.93855537	-10.0436373	-9.88525595	0.0677199707	0.382222379	0	100	0	0	3
269	402	0	2.41341288	-10.0533744	-9.93941618	-10.0533744	-9.88525595	0.0677199707	0.382222379	0	100	0	0	3
270	404	0	2.42238468	-10.0616917	-9.9405191	-10.0616917	-9.88525595	0.0677199707	0.382222379	0	100	0	0	3
271	406	0	2.43135647	-10.0687877	-9.94175376	-10.0687877	-9.88525595	0.0677199707	0.382222379	0	100	0	0	3
272	407	0	2.44032827	-10.0688295	-9.94310257	-10.0688295	-9.88525595	0.0677199707	0.382222379	0	100	0	0	3
273	409	0	2.44930006	-10.0702866	-9.9444322	-10.0702866	-9.88525595	0.0677199707	0.382222379	0	100	0	0	3
274	411	0	2.45827186	-10.0682759	-9.94586968	-10.0702866	-9.88525595	0.0677199707	0.382222379	0	100	0	0	3
275	412	0	2.46724365	-10.065138	-9.94728016	-10.0702866	-9.88525595	0.0677199707	0.382222379	0	100	0	0	3
276	414	0	2.47621545	-10.0597187	-9.94878542	-10.0702866	-9.88525595	0.0677199707	0.382222379	0	100	0	0	3
277	416	0	2.48518724	-10.0544898	-9.95029629	-10.0702866	-9.88525595	0.0677199707	0.382222379	0	100	0	0	3
278	417	0	2.49415904	-10.0501329	-9.95193348	-10.0702866	-9.88525595	0.0677199707	0.382222379	0	100	0	0	3
279	419	0	2.50313083	-10.0477813	-9.95358109	-10.0702866	-9.88525595	0.0677199707	0.382222379	0	100	0	0	3
280	421	0	2.51210263	-10.0425997	-9.9553525	-10.0702866	-9.88525595	0.0677199707	0.382222379	0	100	0	0	3
281	422	0	2.52107442	-10.0418724	-9.95714505	-10.0702866	-9.88525595	0.0677199707	0.382222379	0	100	0	0	3
282	424	0	2.53004622	-10.0318859	-9.95886548	-10.0702866	-9.88525595	0.0677199707	0.382222379	0	100	0	0	3
283	426	0	2.53901801	-10.0201239	-9.96036932	-10.0702866	-9.88525595	0.0677199707	0.382222379	0	100	0	0	3
284	427	0	2.54798981	-10.0080777	-9.96173146	-10.0702866	-9.88525595	0.0675312178	0.382222379	0	100	0	0	3
285	429	0	2.55696161	-10.0053905	-9.96311851	-10.0702866	-9.88525595	0.0671204137	0.382222379	0	100	0	0	3
286	431	0	2.5659334	-9.99968321	-9.96454354	-10.0702866	-9.88525595	0.0663555743	0.382222379	0	100	0	0	3
287	432	0	2.5749052	-9.99923656	-9.96611217	-10.0702866	-9.88525595	0.065390366	0.382222379	0	100	0	0	3
288	434	0	2.58387699	-9.99600657	-9.96781518	-10.0702866	-9.88525595	0.0645005751	0.382222379	0	100	0	0	3
289	436	0	2.59284879	-9.9991448	-9.96952668	-10.0702866	-9.88525595	0.0635840566	0.382222379	0	100	0	0	3
290	437	0	2.60182058	-9.9970723	-9.97125289	-10.0702866	-9.88525595	0.0627049658	0.382222379	0	100	0	0	3
291	439	0	2.61079238	-10.0011465	-9.97298713	-10.0702866	-9.88525595	0.0616980796	0.382222379	0	100	0	0	3
292	441	0	2.61976417	-10.0009718	-9.97476306	-10.0702866	-9.88525595	0.0606201077	0.382222379	0	100	0	0	3
293	442	0	2.62873597	-10.0030276	-9.97655859	-10.0702866	-9.88525595	0.0592245175	0.382222379	0	100	0	0	3
294	444	0	2.63770776	-10.0006081	-9.97842627	-10.0702866	-9.88525595	0.0575853137	0.382222379	0	100	0	0	3
295	446	0	2.64667956	-10.0027377	-9.98036485	-10.0702866	-9.88525595	0.0555532235	0.382222379	0	100	0	0	3
296	447	0	2.65565135	-9.99801541	-9.98229258	-10.0702866	-9.88525595	0.0533150472	0.382222379	0	100	0	0	3
297	449	0	2.66462315	-9.99362393	-9.9840868	-10.0702866	-9.88525595	0.0508005998	0.382222379	0	100	0	0	3
298	450	0	2.67359494	-9.98657351	-9.98578948	-10.0702866	-9.88525595	0.0485511943	0.382222379	0	100	0	0	3
299	452	0	2.68256674	-9.98164368	-9.98739145	-10.0702866	-9.88525595	0.050153168	0.382222379	0	100	0	0	3
300	454	0	2.69153853	-9.98300736	-9.98898856	-10.0702866	-9.88525595	0.0517502734	0.382222379	0	100	0	0	3
301	459	0	2.70051033	-9.98558741	-9.99064483	-10.0702866	-9.88525595	0.0534065455	0.382222379	0	100	0	0	3
302	461	0	2.70948212	-9.98475924	-9.99239073	-10.0702866	-9.88525595	0.0551524436	0.382222379	0	100	0	0	3
303	463	0	2.71845392	-9.98666716	-9.99416988	-10.0702866	-9.88525595	0.0569315911	0.382222379	0	100	0	0	3
304	464	0	2.72742571	-9.98213391	-9.99589984	-10.0702866	-9.89304355	0.0586615546	0.382222379	0	100	0	0	3
305	466	0	2.73639751	-9.9813454	-9.99747666	-10.0702866	-9.89568731	0.0602383733	0.382222379	0	100	0	0	3
306	467	0	2.7453693	-9.97797279	-9.99894604	-10.0702866	-9.90356173	0.0617077569	0.382222379	0	100	0	0	3
307	469	0	2.7543411	-9.97205248	-10.0001691	-10.0702866	-9.90466474	0.062930806	0.382222379	0	100	0	0	3
308	470	0	2.76331289	-9.9636034	-10.0012216	-10.0702866	-9.91027743	0.0639832821	0.382222379	0	100	0	0	3
309	472	0	2.77228469	-9.95948665	-10.0021003	-10.0702866	-9.9119135	0.0648620182	0.382222379	0	100	0	0	3
310	474	0	2.78125648	-9.95563359	-10.002881	-10.0702866	-9.92288102	0.0656427341	0.382222379	0	100	0	0	3
311	475	0	2.79022828	-9.95503618	-10.0034552	-10.0702866	-9.92738886	0.0662169333	0.382222379	0	100	0	0	3
312	477	0	2.79920007	-9.9533089	-10.0039181	-10.0702866	-9.9344641	0.0666797913	0.382222379	0	100	0	0	3
313	478	0	2.80817187	-9.95491727	-10.0042833	-10.0702866	-9.94024761	0.0670450265	0.382222379	0	100	0	0	3
314	480	0	2.81714366	-9.95295234	-10.0045102	-10.0702866	-9.95295234	0.0672718967	0.382222379	0	100	0	0	3
315	481	0	2.82611546	-9.95387762	-10.0044908	-10.0702866	-9.95295234	0.0672718967	0.382222379	0	100	0	0	3
316	483	0	2.83508725	-9.95036147	-10.0042949	-10.0702866	-9.95036147	0.0672718967	0.382222379	0	100	0	0	3
317	484	0	2.84405905	-9.94766045	-10.0039134	-10.0702866	-9.94766045	0.0672718967	0.382222379	0	100	0	0	3
318	486	0	2.85303084	-9.94506316	-10.0034261	-10.0702866	-9.94506316	0.0672718967	0.382222379	0	100	0	0	3
319	487	0	2.86200264	-9.94400615	-10.0027832	-10.0702866	-9.94400615	0.0672718967	0.382222379	0	100	0	0	3
320	489	0	2.87097443	-9.94083978	-10.0018902	-10.0702866	-9.94083978	0.0672718967	0.382222379	0	100	0	0	3
321	490	0	2.87994623	-9.93696954	-10.0007448	-10.0702866	-9.93696954	0.0670992154	0.382222379	0	100	0	0	3
322	492	0	2.88891802	-9.93259074	-9.99917998	-10.0702866	-9.93259074	0.066682355	0.382222379	0	100	0	0	3
323	493	0	2.89788982	-9.9338004	-9.99741463	-10.0702866	-9.93259074	0.0659548159	0.382222379	0	100	0	0	3
324	495	0	2.90686161	-9.92966368	-9.99537938	-10.0702866	-9.92966368	0.0650940031	0.382222379	0	100	0	0	3
325	496	0	2.91583341	-9.92818129	-9.99314379	-10.0702866	-9.92818129	0.0639910788	0.382222379	0	100	0	0	3
326	498	0	2.9248052	-9.92566264	-9.9907147	-10.0702866	-9.92566264	0.0627564254	0.382222379	0	100	0	0	3
327	499	0	2.933777	-9.92800831	-9.98820078	-10.0702866	-9.92566264	0.0614076127	0.382222379	0	100	0	0	3
328	500	0	2.94274879	-9.93040966	-9.985729	-10.0702866	-9.92566264	0.060077978	0.382222379	0	100	0	0	3
329	502	0	2.95172059	-9.93986978	-9.98340013	-10.0682759	-9.92566264	0.0586405017	0.382222379	0	100	0	0	3
330	503	0	2.96069238	-9.947093	-9.98123615	-10.065138	-9.92566264	0.0572300262	0.382222379	0	100	0	0	3
331	505	0	2.96966418	-9.94915521	-9.97916503	-10.0597187	-9.92566264	0.0557247596	0.382222379	0	100	0	0	3
332	506	0	2.97863598	-9.9532579	-9.97726394	-10.0544898	-9.92566264	0.0542138919	0.382222379	0	100	0	0	3
333	508	0	2.98760777	-9.95782934	-9.97553786	-10.0501329	-9.92566264	0.0525767006	0.382222379	0	100	0	0	3
334	509	0	2.99657957	-9.96445238	-9.97400785	-10.0477813	-9.92566264	0.050929094	0.382222379	0	100	0	0	3
335	511	0	3.00555136	-9.970544	-9.97262862	-10.0425997	-9.92566264	0.0491576817	0.382222379	0	100	0	0	3
336	512	0	3.01452316	-9.9727564	-9.97138142	-10.0418724	-9.92566264	0.0473651342	0.382222379	0	100	0	0	3
337	514	0	3.02349495	-9.97374018	-9.97016477	-10.0318859	-9.92566264	0.045644703	0.382222379	0	100	0	0	3
338	515	0	3.03246675	-9.9727634	-9.96910901	-10.0201239	-9.92566264	0.0441408606	0.382222379	0	100	0	0	3
339	516	0	3.04143854	-9.9708328	-9.96822881	-10.0080777	-9.92566264	0.0427787193	0.382222379	0	100	0	0	3
340	518	0	3.05041034	-9.97664954	-9.96766759	-10.0053905	-9.92566264	0.041391672	0.382222379	0	100	0	0	3
341	519	0	3.05938213	-9.98282059	-9.96726456	-10.0030276	-9.92566264	0.0399666432	0.382222379	0	100	0	0	3
342	521	0	3.06835393	-9.98824506	-9.96706031	-10.0030276	-9.92566264	0.0383980089	0.382222379	0	100	0	0	3
343	522	0	3.07732572	-9.99143541	-9.966921	-10.0030276	-9.92566264	0.0375891838	0.382222379	0	100	0	0	3
344	524	0	3.08629752	-9.9917263	-9.96684457	-10.0030276	-9.92566264	0.0376656173	0.382222379	0	100	0	0	3
345	525	0	3.09526931	-9.99092725	-9.96669782	-10.0030276	-9.92566264	0.0378123592	0.382222379	0	100	0	0	3
346	527	0	3.10424111	-9.98832695	-9.96654166	-10.0030276	-9.92566264	0.0379685261	0.382222379	0	100	0	0	3
347	528	0	3.1132129	-9.99006975	-9.96634386	-10.0030276	-9.92566264	0.0381663256	0.382222379	0	100	0	0	3
348	529	0	3.1221847	-9.99037909	-9.9661547	-10.0030276	-9.92566264	0.0383554819	0.382222379	0	100	0	0	3
349	531	0	3.13115649	-9.99577505	-9.96602519	-10.0027377	-9.92566264	0.0384849924	0.382222379	0	100	0	0	3
350	532	0	3.14012829	-10.001448	-9.96604019	-10.0027377	-9.92566264	0.0384849924	0.382222379	0	100	0	0	3
351	533	0	3.14910008	-10.0042717	-9.96606758	-10.0042717	-9.92566264	0.0384849924	0.382222379	0	100	0	0	3
352	535	0	3.15807188	-10.00731	-9.96623356	-10.00731	-9.92566264	0.0384849924	0.382222379	0	100	0	0	3
353	536	0	3.16704367	-10.008041	-9.966491	-10.008041	-9.92566264	0.0384849924	0.382222379	0	100	0	0	3
354	537	0	3.17601547	-10.0055355	-9.96682961	-10.008041	-9.92566264	0.0384849924	0.382222379	0	100	0	0	3
355	539	0	3.18498726	-10.0007885	-9.96717148	-10.008041	-9.92566264	0.0384849924	0.382222379	0	100	0	0	3
356	540	0	3.19395906	-10.0017188	-9.96750561	-10.008041	-9.92566264	0.0384849924	0.382222379	0	100	0	0	3
357	542	0	3.20293085	-10.0028785	-9.96781438	-10.008041	-9.92566264	0.0384849924	0.382222379	0	100	0	0	3
358	543	0	3.21190265	-10.01092	-9.96828154	-10.01092	-9.92566264	0.0384849924	0.382222379	0	100	0	0	3
359	544	0	3.22087444	-10.0160269	-9.96880582	-10.0160269	-9.92566264	0.0384849924	0.382222379	0	100	0	0	3
360	546	0	3.22984624	-10.0154768	-9.96940123	-10.0160269	-9.92566264	0.0384849924	0.382222379	0	100	0	0	3
361	547	0	3.23881803	-10.0178652	-9.97005337	-10.0178652	-9.92566264	0.0384849924	0.382222379	0	100	0	0	3
362	548	0	3.24778983	-10.0160967	-9.97073415	-10.0178652	-9.92566264	0.0384849924	0.382222379	0	100	0	0	3
363	550	0	3.25676162	-10.0110846	-9.97143116	-10.0178652	-9.92566264	0.0384849924	0.382222379	0	100	0	0	3
364	551	0	3.26573342	-10.0061933	-9.97219169	-10.0178652	-9.92566264	0.0384849924	0.382222379	0	100	0	0	3
365	553	0	3.27470521	-10.0060695	-9.97302353	-10.0178652	-9.92566264	0.0384849924	0.382222379	0	100	0	0	3
366	554	0	3.28367701	-10.0030409	-9.97387009	-10.0178652	-9.92566264	0.0384849924	0.382222379	0	100	0	0	3
367	555	0	3.2926488	-9.99922792	-9.97465922	-10.0178652	-9.92566264	0.0384849924	0.382222379	0	100	0	0	3
368	557	0	3.3016206	-9.9956826	-9.9754159	-10.0178652	-9.92566264	0.0384849924	0.382222379	0	100	0	0	3
369	558	0	3.31059239	-9.99485699	-9.97612911	-10.0178652	-9.92566264	0.0384849924	0.382222379	0	100	0	0	3
370	559	0	3.31956419	-9.994594	-9.97687271	-10.0178652	-9.92566264	0.0384656291	0.382222379	0	100	0	0	3
371	561	0	3.32853598	-9.99355353	-9.9775812	-10.0178652	-9.92566264	0.0382697115	0.382222379	0	100	0	0	3
372	562	0	3.33750778	-9.99123758	-9.97831114	-10.0178652	-9.92566264	0.0378881802	0.382222379	0	100	0	0	3
373	563	0	3.34647957	-9.99338466	-9.97912764	-10.0178652	-9.92566264	0.0374009512	0.382222379	0	100	0	0	3
374	565	0	3.35545137	-9.99027782	-9.97993504	-10.0178652	-9.92566264	0.0367579619	0.382222379	0	100	0	0	3
375	566	0	3.36442316	-9.98578194	-9.98068104	-10.0178652	-9.92566264	0.0358649883	0.382222379	0	100	0	0	3
376	568	0	3.37339496	-9.98262264	-9.98142716	-10.0178652	-9.92566264	0.0347196548	0.382222379	0	100	0	0	3
377	569	0	3.38236675	-9.97812294	-9.98216204	-10.0178652	-9.92566264	0.033154793	0.382222379	0	100	0	0	3
378	570	0	3.39133855	-9.97625607	-9.98294178	-10.0178652	-9.92566264	0.0313894355	0.382222379	0	100	0	0	3
379	572	0	3.40031035	-9.97760326	-9.98372398	-10.0178652	-9.92566264	0.0293541921	0.382222379	0	100	0	0	3
380	573	0	3.40928214	-9.97899428	-9.98460488	-10.0178652	-9.92566264	0.0271186001	0.382222379	0	100	0	0	3
381	575	0	3.41825394	-9.97789832	-9.98549268	-10.0178652	-9.92566264	0.0246895094	0.382222379	0	100	0	0	3
382	576	0	3.42722573	-9.9726209	-9.98633122	-10.0178652	-9.92800831	0.0221755925	0.382222379	0	100	0	0	3
383	577	0	3.43619753	-9.96629864	-9.98701498	-10.0178652	-9.93040966	0.0209897904	0.382222379	0	100	0	0	3
384	579	0	3.44516932	-9.95623276	-9.98747611	-10.0178652	-9.93986978	0.0214509172	0.382222379	0	100	0	0	3
385	580	0	3.45414112	-9.95180707	-9.98768927	-10.0178652	-9.947093	0.0216640832	0.382222379	0	100	0	0	3
386	582	0	3.46311291	-9.95072361	-9.98775411	-10.0178652	-9.94915521	0.0217289155	0.382222379	0	100	0	0	3
387	583	0	3.47208471	-9.9556942	-9.98787087	-10.0178652	-9.95072361	0.0218456833	0.382222379	0	100	0	0	3
388	584	0	3.4810565	-9.96196003	-9.98802627	-10.0178652	-9.95072361	0.0220010787	0.382222379	0	100	0	0	3
389	586	0	3.4900283	-9.96891115	-9.98822416	-10.0178652	-9.95072361	0.0221989681	0.382222379	0	100	0	0	3
390	587	0	3.49900009	-9.97257705	-9.98836924	-10.0178652	-9.95072361	0.0223440515	0.382222379	0	100	0	0	3
391	588	0	3.50797189	-9.97192127	-9.98839384	-10.0178652	-9.95072361	0.0223686456	0.382222379	0	100	0	0	3
392	590	0	3.51694368	-9.97112285	-9.98836467	-10.0178652	-9.95072361	0.0223686456	0.382222379	0	100	0	0	3
393	591	0	3.52591548	-9.97046314	-9.98830615	-10.0178652	-9.95072361	0.0223686456	0.382222379	0	100	0	0	3
394	593	0	3.53488727	-9.96966397	-9.9882508	-10.0178652	-9.95072361	0.0223686456	0.382222379	0	100	0	0	3
395	594	0	3.54385907	-9.9640303	-9.98812933	-10.0178652	-9.95072361	0.0223686456	0.382222379	0	100	0	0	3
396	595	0	3.55283086	-9.958501	-9.98780525	-10.0178652	-9.95072361	0.0223686456	0.382222379	0	100	0	0	3
397	597	0	3.56180266	-9.95358829	-9.98728324	-10.0178652	-9.95072361	0.0223686456	0.382222379	0	100	0	0	3
398	598	0	3.57077445	-9.94888803	-9.98658044	-10.0178652	-9.94888803	0.0223686456	0.382222379	0	100	0	0	3
399	600	0	3.57974625	-9.94538755	-9.98575815	-10.0178652	-9.94538755	0.0223686456	0.382222379	0	100	0	0	3
400	601	0	3.58871804	-9.94758334	-9.98496989	-10.0178652	-9.94538755	0.0223686456	0.382222379	0	100	0	0	3
401	606	0	3.59768984	-9.95772664	-9.98437702	-10.0178652	-9.94538755	0.0223686456	0.382222379	0	100	0	0	3
402	607	0	3.60666163	-9.97178628	-9.98408165	-10.0178652	-9.94538755	0.0223686456	0.382222379	0	100	0	0	3
403	608	0	3.61563343	-9.986893	-9.98402492	-10.0178652	-9.94538755	0.0223686456	0.382222379	0	100	0	0	3
404	610	0	3.62460522	-9.99593019	-9.98412405	-10.0178652	-9.94538755	0.0223686456	0.382222379	0	100	0	0	3
405	611	0	3.63357702	-10.0009747	-9.9842169	-10.0178652	-9.94538755	0.0223536485	0.382222379	0	100	0	0	3
406	612	0	3.64254881	-10.0020117	-9.98422697	-10.0178652	-9.94538755	0.0223262546	0.382222379	0	100	0	0	3
407	614	0	3.65152061	-9.99949395	-9.98414165	-10.0178652	-9.94538755	0.0221602803	0.382222379	0	100	0	0	3
408	615	0	3.6604924	-9.99861147	-9.98398632	-10.0178652	-9.94538755	0.0219028329	0.382222379	0	100	0	0	3
409	616	0	3.6694642	-10.0001692	-9.98384575	-10.0178652	-9.94538755	0.0215642263	0.382222379	0	100	0	0	3
410	618	0	3.67843599	-10.0054078	-9.98384347	-10.0178652	-9.94538755	0.0212223546	0.382222379	0	100	0	0	3
411	619	0	3.68740779	-10.0086414	-9.9839837	-10.0178652	-9.94538755	0.020888222	0.382222379	0	100	0	0	3
412	620	0	3.69637958	-10.0139994	-9.984203	-10.0178652	-9.94538755	0.0205794526	0.382222379	0	100	0	0	3
413	622	0	3.70535138	-10.0180215	-9.98447341	-10.0180215	-9.94538755	0.0201122958	0.382222379	0	100	0	0	3
414	623	0	3.71432317	-10.0243737	-9.98471365	-10.0243737	-9.94538755	0.0195880148	0.382222379	0	100	0	0	3
415	624	0	3.72329497	-10.0297614	-9.98495891	-10.0297614	-9.94538755	0.0189926058	0.382222379	0	100	0	0	3
416	625	0	3.73226676	-10.0290568	-9.98520141	-10.0297614	-9.94538755	0.0183404663	0.382222379	0	100	0	0	3
417	627	0	3.74123856	-10.0235005	-9.98530204	-10.0297614	-9.94538755	0.0176596821	0.382222379	0	100	0	0	3
418	628	0	3.75021035	-10.0131603	-9.98524961	-10.0297614	-9.94538755	0.0169626799	0.382222379	0	100	0	0	3
419	629	0	3.75918215	-10.0146399	-9.98531309	-10.0297614	-9.94538755	0.0162021456	0.382222379	0	100	0	0	3
420	631	0	3.76815394	-10.0150512	-9.98547127	-10.0297614	-9.94538755	0.0153703093	0.382222379	0	100	0	0	3
421	632	0	3.77712574	-10.0238772	-9.98578927	-10.0297614	-9.94538755	0.0145237508	0.382222379	0	100	0	0	3
422	633	0	3.78609753	-10.0228467	-9.98614294	-10.0297614	-9.94538755	0.0137346126	0.382222379	0	100	0	0	3
423	634	0	3.79506933	-10.021715	-9.9865445	-10.0297614	-9.94538755	0.0129779395	0.382222379	0	100	0	0	3
424	636	0	3.80404112	-10.0202826	-9.98698378	-10.0297614	-9.94538755	0.0122647303	0.382222379	0	100	0	0	3
425	637	0	3.81301292	-10.0214463	-9.98745859	-10.0297614	-9.94538755	0.0115211293	0.382222379	0	100	0	0	3
426	638	0	3.82198471	-10.0210447	-9.98793092	-10.0297614	-9.94538755	0.010812631	0.382222379	0	100	0	0	3
427	640	0	3.83095651	-10.0151288	-9.9883162	-10.0297614	-9.94538755	0.0100827005	0.382222379	0	100	0	0	3
428	641	0	3.83992831	-10.0052948	-9.98856722	-10.0297614	-9.94538755	0.00943958016	0.382222379	0	100	0	0	3
429	642	0	3.8489001	-10.0065492	-9.9888023	-10.0297614	-9.94538755	0.00886725578	0.382222379	0	100	0	0	3
430	644	0	3.8578719	-10.0138822	-9.98922381	-10.0297614	-9.94538755	0.00854276702	0.382222379	0	100	0	0	3
431	645	0	3.86684369	-10.0205329	-9.98984436	-10.0297614	-9.94538755	0.00841719816	0.382222379	0	100	0	0	3
432	646	0	3.87581549	-10.0175943	-9.99046886	-10.0297614	-9.94538755	0.00830681097	0.382222379	0	100	0	0	3
433	648	0	3.88478728	-10.0091518	-9.99102294	-10.0297614	-9.94538755	0.00808116044	0.382222379	0	100	0	0	3
434	649	0	3.89375908	-10.0000351	-9.99144757	-10.0297614	-9.94538755	0.00772359234	0.382222379	0	100	0	0	3
435	650	0	3.90273087	-9.99519883	-9.99176178	-10.0297614	-9.94538755	0.00791830488	0.382222379	0	100	0	0	3
436	652	0	3.91170267	-9.99460989	-9.99204063	-10.0297614	-9.94538755	0.00819715512	0.382222379	0	100	0	0	3
437	653	0	3.92067446	-9.99648743	-9.99237257	-10.0297614	-9.94538755	0.00852910351	0.382222379	0	100	0	0	3
438	655	0	3.92964626	-9.99879687	-9.99284	-10.0297614	-9.94538755	0.00899653149	0.382222379	0	100	0	0	3
439	656	0	3.93861805	-10.0050535	-9.99353205	-10.0297614	-9.94538755	0.00968858207	0.382222379	0	100	0	0	3
440	658	0	3.94758985	-10.002549	-9.99435913	-10.0297614	-9.94538755	0.0105156583	0.382222379	0	100	0	0	3
441	659	0	3.95656164	-10.0039058	-9.99528946	-10.0297614	-9.94538755	0.0114459936	0.382222379	0	100	0	0	3
442	660	0	3.96553344	-10.0030263	-9.99622344	-10.0297614	-9.94538755	0.0123799698	0.382222379	0	100	0	0	3
443	662	0	3.97450523	-10.0054885	-9.99711262	-10.0297614	-9.94538755	0.0132691528	0.382222379	0	100	0	0	3
444	663	0	3.98347703	-10.0043674	-9.9978699	-10.0297614	-9.94538755	0.0140264276	0.382222379	0	100	0	0	3
445	665	0	3.99244882	-10.0076062	-9.99856088	-10.0297614	-9.94538755	0.0147174115	0.382222379	0	100	0	0	3
446	666	0	4.00142062	-10.0073067	-9.99918105	-10.0297614	-9.94538755	0.0153375838	0.382222379	0	100	0	0	3
