Iteration	CPUTime	PhysTime	Travels	Value	AvValue	MinValue	MaxValue	Delta	Criteria	PrevAvRefValue	Progress	CriteriaType	CriteriaVarType	CriteriaPercentage
1	8	0	0.00897179511	1.92763824	1.92763824	1.92763824	1.92763824	0	0	0	0	0	0	3
2	9	0	0.0179435902	2.8075382	2.36758822	1.92763824	2.8075382	0.439949981	0	0	0	0	0	3
3	11	0	0.0269153853	1.27565268	2.00360971	1.27565268	2.8075382	0.439949981	0	0	0	0	0	3
4	12	0	0.0358871804	0.907110827	1.72948499	0.907110827	2.8075382	0.638103236	0	0	0	0	0	3
5	14	0	0.0448589755	0.691305012	1.52184899	0.691305012	2.8075382	0.845739231	0	0	0	0	0	3
6	16	0	0.0538307706	0.457058918	1.34438398	0.457058918	2.8075382	1.02320424	0	0	0	0	0	3
7	17	0	0.0628025657	0.208144901	1.18206411	0.208144901	2.8075382	1.18552411	0	0	0	0	0	3
8	19	0	0.0717743608	0.677117975	1.11894584	0.208144901	2.8075382	1.24864238	0	0	0	0	0	3
9	20	0	0.080746156	0.1461726	1.01085993	0.1461726	2.8075382	1.35672829	0	0	0	0	0	3
10	21	0	0.0897179511	0.371259297	0.946899865	0.1461726	2.8075382	1.42068836	0	0	0	0	0	3
11	23	0	0.0986897462	0.250750785	0.883613585	0.1461726	2.8075382	1.48397464	0	0	0	0	0	3
12	24	0	0.107661541	0.494907559	0.851221416	0.1461726	2.8075382	1.51636681	0	0	0	0	0	3
13	26	0	0.116633336	0.145712588	0.796951507	0.145712588	2.8075382	1.57063672	0	0	0	0	0	3
14	27	0	0.125605131	0.437118419	0.771249143	0.145712588	2.8075382	1.59633908	0	0	0	0	0	3
15	29	0	0.134576927	0.779431955	0.771794664	0.145712588	2.8075382	1.59633908	0	0	0	0	0	3
16	30	0	0.143548722	0.477028646	0.753371788	0.145712588	2.8075382	1.61421644	0	0	0	0	0	3
17	31	0	0.152520517	0.561419616	0.742080484	0.145712588	2.8075382	1.62550774	0	0	0	0	0	3
18	32	0	0.161492312	0.475668795	0.727279834	0.145712588	2.8075382	1.64030839	0	0	0	0	0	3
19	34	0	0.170464107	0.557638503	0.718351343	0.145712588	2.8075382	1.64923688	0	0	0	0	0	3
20	35	0	0.179435902	0.508114953	0.707839524	0.145712588	2.8075382	1.6597487	0	0	0	0	0	3
21	36	0	0.188407697	0.580308656	0.701766625	0.145712588	2.8075382	1.6658216	0	0	0	0	0	3
22	38	0	0.197379492	0.565698709	0.69558172	0.145712588	2.8075382	1.6720065	0	0	0	0	0	3
23	39	0	0.206351287	0.609989052	0.6918603	0.145712588	2.8075382	1.67572792	0	0	0	0	0	3
24	40	0	0.215323083	0.589765996	0.68760637	0.145712588	2.8075382	1.67998185	0	0	0	0	0	3
25	41	0	0.224294878	0.632779618	0.6854133	0.145712588	2.8075382	1.68217492	0	0	0	0	0	3
26	43	0	0.233266673	0.61261284	0.682613282	0.145712588	2.8075382	1.68497494	0	0	0	0	0	3
27	44	0	0.242238468	0.586779488	0.679063883	0.145712588	2.8075382	1.68852434	0	0	0	0	0	3
28	46	0	0.251210263	0.558721024	0.674765923	0.145712588	2.8075382	1.6928223	0	0	0	0	0	3
29	47	0	0.260182058	0.566384764	0.671028642	0.145712588	2.8075382	1.69655958	0	0	0	0	0	3
30	48	0	0.269153853	0.568000367	0.667594366	0.145712588	2.8075382	1.69999386	0	0	0	0	0	3
31	50	0	0.278125648	0.540208839	0.663485156	0.145712588	2.8075382	1.70410307	0	0	0	0	0	3
32	51	0	0.287097443	0.523314822	0.659104833	0.145712588	2.8075382	1.70848339	0	0	0	0	0	3
33	53	0	0.296069238	0.522955458	0.654979094	0.145712588	2.8075382	1.71260913	0	0	0	0	0	3
34	54	0	0.305041034	0.463676909	0.649352559	0.145712588	2.8075382	1.71823566	0	0	0	0	0	3
35	56	0	0.314012829	0.464324086	0.644066031	0.145712588	2.8075382	1.72352219	0	0	0	0	0	3
36	57	0	0.322984624	0.426514618	0.638022937	0.145712588	2.8075382	1.72956529	0	0	0	0	0	3
37	58	0	0.331956419	0.426159489	0.632296898	0.145712588	2.8075382	1.73529133	0	0	0	0	0	3
38	60	0	0.340928214	0.405701956	0.626333873	0.145712588	2.8075382	1.74125435	0	0	0	0	0	3
39	61	0	0.349900009	0.418873168	0.621014367	0.145712588	2.8075382	1.74657386	0	0	0	0	0	3
40	63	0	0.358871804	0.397170467	0.61541827	0.145712588	2.8075382	1.75216995	0	0	0	0	0	3
41	64	0	0.367843599	0.382543767	0.609738404	0.145712588	2.8075382	1.75784982	0	0	0	0	0	3
42	66	0	0.376815394	0.351640326	0.603593212	0.145712588	2.8075382	1.76399501	0	0	0	0	0	3
43	67	0	0.38578719	0.333733883	0.597317413	0.145712588	2.8075382	1.77027081	0	0	0	0	0	3
44	69	0	0.394758985	0.319094068	0.590994156	0.145712588	2.8075382	1.77659407	0	0	0	0	0	3
45	70	0	0.40373078	0.31130469	0.584778834	0.145712588	2.8075382	1.78280939	0	0	0	0	0	3
46	72	0	0.412702575	0.303853109	0.578671753	0.145712588	2.8075382	1.78891647	0	0	0	0	0	3
47	73	0	0.42167437	0.304777928	0.572844225	0.145712588	2.8075382	1.794744	0	0	0	0	0	3
48	75	0	0.430646165	0.303104341	0.567224644	0.145712588	2.8075382	1.80036358	0	0	0	0	0	3
49	76	0	0.43961796	0.29927267	0.561756236	0.145712588	2.8075382	1.80583199	0	0	0	0	0	3
50	78	0	0.448589755	0.293514678	0.556391405	0.145712588	2.8075382	1.81119682	0	0	0	0	0	3
51	79	0	0.45756155	0.295418686	0.551274293	0.145712588	2.8075382	1.81631393	0	0	0	0	0	3
52	81	0	0.466533345	0.286904221	0.546190253	0.145712588	2.8075382	1.82139797	0	0	0	0	0	3
53	82	0	0.475505141	0.28443618	0.541251497	0.145712588	2.8075382	1.82633673	0	0	0	0	0	3
54	84	0	0.484476936	0.280202894	0.536417264	0.145712588	2.8075382	1.83117096	0	0	0	0	0	3
55	85	0	0.493448731	0.288002601	0.531900633	0.145712588	2.8075382	1.83568759	0	0	0	0	0	3
56	87	0	0.502420526	0.314436276	0.528017341	0.145712588	2.8075382	1.83957088	0	0	0	0	0	3
57	88	0	0.511392321	0.347504649	0.49980067	0.145712588	2.8075382	1.86778755	0	0	0	0	0	3
58	90	0	0.520364116	0.373055707	0.456327768	0.145712588	1.27565268	1.12994009	0	0	0	0	0	3
59	91	0	0.529335911	0.418748453	0.441025907	0.145712588	0.907110827	0.761398239	0	0	0	0	0	3
60	93	0	0.538307706	0.42864091	0.432481802	0.145712588	0.779431955	0.633719366	0	0	0	0	0	3
61	94	0	0.547279501	0.435430328	0.427912611	0.145712588	0.779431955	0.633719366	0	0	0	0	0	3
62	96	0	0.556251297	0.443869792	0.427677091	0.145712588	0.779431955	0.633719366	0	0	0	0	0	3
63	97	0	0.565223092	0.456176879	0.432106233	0.145712588	0.779431955	0.633719366	0	0	0	0	0	3
64	99	0	0.574194887	0.46568715	0.428330683	0.145712588	0.779431955	0.583182838	0	0	0	0	0	3
65	100	0	0.583166682	0.458191589	0.43390245	0.145712588	0.779431955	0.519222775	0	0	0	0	0	3
66	102	0	0.592138477	0.442448301	0.435173683	0.145712588	0.779431955	0.455936495	0	0	0	0	0	3
67	103	0	0.601110272	0.42494089	0.43828422	0.145712588	0.779431955	0.423544326	0	0	0	0	0	3
68	105	0	0.610082067	0.403488288	0.436651733	0.145712588	0.779431955	0.369274416	0	0	0	0	0	3
69	106	0	0.619053862	0.406773933	0.441313543	0.280202894	0.779431955	0.344117573	0	0	0	0	0	3
70	108	0	0.628025657	0.386638116	0.440412109	0.280202894	0.779431955	0.344117573	0	0	0	0	0	3
71	109	0	0.636997452	0.383011711	0.433333176	0.280202894	0.632779618	0.325694697	0	0	0	0	0	3
72	111	0	0.645969248	0.37160157	0.43145055	0.280202894	0.632779618	0.314403393	0	0	0	0	0	3
73	112	0	0.654941043	0.368260395	0.428001278	0.280202894	0.632779618	0.299602744	0	0	0	0	0	3
74	114	0	0.663912838	0.354635284	0.425839965	0.280202894	0.632779618	0.292511378	0	0	0	0	0	3
75	115	0	0.672884633	0.35679525	0.422253478	0.280202894	0.632779618	0.285586045	0	0	0	0	0	3
76	117	0	0.681856428	0.345590304	0.419351253	0.280202894	0.632779618	0.282415373	0	0	0	0	0	3
77	118	0	0.690828223	0.356366969	0.415352294	0.280202894	0.632779618	0.280229426	0	0	0	0	0	3
78	120	0	0.699800018	0.359059694	0.411662312	0.280202894	0.632779618	0.280197988	0	0	0	0	0	3
79	121	0	0.708771813	0.382618933	0.407602131	0.280202894	0.632779618	0.280004239	0	0	0	0	0	3
80	123	0	0.717743608	0.388659927	0.404010951	0.280202894	0.632779618	0.281402349	0	0	0	0	0	3
81	124	0	0.726715404	0.412962958	0.400085654	0.280202894	0.61261284	0.282527629	0	0	0	0	0	3
82	125	0	0.735687199	0.420035074	0.396646765	0.280202894	0.586779488	0.282417118	0	0	0	0	0	3
83	127	0	0.744658994	0.458410104	0.394354454	0.280202894	0.568000367	0.280411469	0	0	0	0	0	3
84	128	0	0.753630789	0.458493932	0.392564685	0.280202894	0.568000367	0.278463957	0	0	0	0	0	3
85	130	0	0.762602584	0.469807739	0.390840095	0.280202894	0.568000367	0.276754271	0	0	0	0	0	3
86	131	0	0.771574379	0.470235334	0.389094291	0.280202894	0.540208839	0.260005945	0	0	0	0	0	3
87	132	0	0.780546174	0.481082217	0.388038458	0.280202894	0.523314822	0.243111928	0	0	0	0	0	3
88	134	0	0.789517969	0.484376157	0.387343125	0.280202894	0.522955458	0.242752563	0	0	0	0	0	3
89	135	0	0.798489764	0.500926677	0.386949754	0.280202894	0.500926677	0.220723782	0	0	0	0	0	3
90	137	0	0.80746156	0.503101391	0.387653763	0.280202894	0.503101391	0.222898497	0	0	0	0	0	3
91	139	0	0.816433355	0.521245796	0.388670222	0.280202894	0.521245796	0.241042902	0	0	0	0	0	3
92	140	0	0.82540515	0.521152749	0.390360188	0.280202894	0.521245796	0.241042902	0	0	0	0	0	3
93	141	0	0.834376945	0.536025736	0.392322086	0.280202894	0.536025736	0.239384119	0	0	0	0	0	3
94	143	0	0.84334874	0.510613982	0.394195515	0.280202894	0.536025736	0.234064613	0	0	0	0	0	3
95	144	0	0.852320535	0.514515366	0.395903411	0.280202894	0.536025736	0.228468516	0	0	0	0	0	3
96	146	0	0.86129233	0.4658963	0.397130658	0.280202894	0.536025736	0.22278865	0	0	0	0	0	3
97	147	0	0.870264125	0.445263197	0.398250648	0.280202894	0.536025736	0.216643458	0	0	0	0	0	3
98	149	0	0.87923592	0.402750949	0.399163338	0.280202894	0.536025736	0.210367659	0	0	0	0	0	3
99	150	0	0.888207715	0.392200207	0.400207379	0.280202894	0.536025736	0.204044401	0	0	0	0	0	3
100	152	0	0.897179511	0.384054506	0.401367387	0.280202894	0.536025736	0.19782908	0	0	0	0	0	3
101	157	0	0.906151306	0.405498149	0.403049413	0.280202894	0.536025736	0.191721999	0	0	0	0	0	3
102	158	0	0.915123101	0.406794459	0.404887651	0.280202894	0.536025736	0.185894471	0	0	0	0	0	3
103	160	0	0.924094896	0.419422575	0.406934877	0.280202894	0.536025736	0.18027489	0	0	0	0	0	3
104	161	0	0.933066691	0.403968288	0.408736019	0.280202894	0.536025736	0.174806482	0	0	0	0	0	3
105	163	0	0.942038486	0.391972046	0.410391365	0.280202894	0.536025736	0.169441651	0	0	0	0	0	3
106	164	0	0.951010281	0.368243153	0.411725802	0.280202894	0.536025736	0.164324539	0	0	0	0	0	3
107	166	0	0.959982076	0.368481909	0.413030503	0.280202894	0.536025736	0.159240499	0	0	0	0	0	3
108	167	0	0.968953871	0.348846792	0.41413662	0.280202894	0.536025736	0.154301743	0	0	0	0	0	3
109	168	0	0.977925667	0.357219999	0.415436331	0.280202894	0.536025736	0.14946751	0	0	0	0	0	3
110	170	0	0.986897462	0.350021703	0.416683096	0.288002601	0.536025736	0.144950879	0	0	0	0	0	3
111	171	0	0.995869257	0.365464451	0.418066343	0.314436276	0.536025736	0.141067587	0	0	0	0	0	3
112	173	0	1.00484105	0.352462088	0.418745375	0.345590304	0.536025736	0.112850916	0.0338982026	0	30	0	0	3
113	174	0	1.01381285	0.370293355	0.419152316	0.345590304	0.536025736	0.0693780143	0.0338982026	0	48.8	0	0	3
114	176	0	1.02278464	0.371991699	0.419133316	0.345590304	0.536025736	0.0543637888	0.0338982026	0	62.3	0	0	3
115	177	0	1.03175644	0.408688242	0.41895367	0.345590304	0.536025736	0.0543637888	0.0338982026	0	62.3	0	0	3
116	179	0	1.04072823	0.428369459	0.418948822	0.345590304	0.536025736	0.0543637888	0.0338982026	0	62.3	0	0	3
117	180	0	1.04970003	0.464396778	0.41946608	0.345590304	0.536025736	0.0543637888	0.0338982026	0	62.3	0	0	3
118	181	0	1.05867182	0.465068031	0.41984462	0.345590304	0.536025736	0.0543637888	0.0338982026	0	62.3	0	0	3
119	183	0	1.06764362	0.477631991	0.420227747	0.345590304	0.536025736	0.0543637888	0.0338982026	0	62.3	0	0	3
120	184	0	1.07661541	0.456129645	0.420057078	0.345590304	0.536025736	0.0543637888	0.0338982026	0	62.3	0	0	3
121	186	0	1.08558721	0.449119581	0.419895077	0.345590304	0.536025736	0.0543637888	0.0338982026	0	62.3	0	0	3
122	187	0	1.094559	0.418616111	0.419469503	0.345590304	0.536025736	0.0543637888	0.0338982026	0	62.3	0	0	3
123	189	0	1.1035308	0.41566206	0.419303809	0.345590304	0.536025736	0.0543637888	0.0338982026	0	62.3	0	0	3
124	190	0	1.11250259	0.397381073	0.419194752	0.345590304	0.536025736	0.0543637888	0.0338982026	0	62.3	0	0	3
125	191	0	1.12147439	0.404944008	0.419162075	0.345590304	0.536025736	0.0534623548	0.0338982026	0	63.4	0	0	3
126	193	0	1.13044618	0.385997265	0.419150631	0.345590304	0.536025736	0.0463834219	0.0338982026	0	73	0	0	3
127	194	0	1.13941798	0.388372489	0.419246359	0.345590304	0.536025736	0.0445007956	0.0338982026	0	76.1	0	0	3
128	196	0	1.14838977	0.369933526	0.419216572	0.345590304	0.536025736	0.0410515238	0.0338982026	0	82.5	0	0	3
129	197	0	1.15736157	0.382578922	0.41947226	0.345590304	0.536025736	0.0388902111	0.0338982026	0	87.1	0	0	3
130	198	0	1.16633336	0.376776168	0.419867633	0.345590304	0.536025736	0.0353037244	0.0338982026	0	96	0	0	3
131	200	0	1.17530516	0.40329104	0.420697915	0.345590304	0.536025736	0.0337481612	0.0338982026	0	100	0	0	3
132	201	0	1.18427695	0.408644611	0.421823885	0.348846792	0.536025736	0.034874131	0.0338982026	0	97.2	0	0	3
133	202	0	1.19324875	0.429034277	0.423121516	0.348846792	0.536025736	0.0361717615	0.0338982026	0	93.7	0	0	3
134	204	0	1.20222054	0.41606657	0.424139495	0.348846792	0.536025736	0.0371897414	0.0338982026	0	91.1	0	0	3
135	205	0	1.21119234	0.415827098	0.424732498	0.348846792	0.536025736	0.0377827444	0.0338982026	0	89.7	0	0	3
136	207	0	1.22016413	0.388531042	0.424730197	0.348846792	0.536025736	0.0377827444	0.0338982026	0	89.7	0	0	3
137	208	0	1.22913593	0.3861541	0.424251467	0.348846792	0.536025736	0.0377827444	0.0338982026	0	89.7	0	0	3
138	209	0	1.23810772	0.36997954	0.423357619	0.348846792	0.536025736	0.0377827444	0.0338982026	0	89.7	0	0	3
139	211	0	1.24707952	0.38210482	0.421995024	0.348846792	0.536025736	0.0377827444	0.0338982026	0	89.7	0	0	3
140	212	0	1.25605131	0.385288838	0.42068779	0.348846792	0.536025736	0.0377827444	0.0338982026	0	89.7	0	0	3
141	213	0	1.26502311	0.412853872	0.419670757	0.348846792	0.536025736	0.0377827444	0.0338982026	0	89.7	0	0	3
142	215	0	1.2739949	0.417362293	0.418726596	0.348846792	0.536025736	0.0377827444	0.0338982026	0	89.7	0	0	3
143	216	0	1.2829667	0.442403527	0.418035905	0.348846792	0.536025736	0.0377827444	0.0338982026	0	89.7	0	0	3
144	218	0	1.2919385	0.442625799	0.417290363	0.348846792	0.536025736	0.0377827444	0.0338982026	0	89.7	0	0	3
145	219	0	1.30091029	0.459871497	0.416557234	0.348846792	0.536025736	0.0370787358	0.0338982026	0	91.4	0	0	3
146	220	0	1.30988209	0.452735326	0.41565784	0.348846792	0.536025736	0.0360622766	0.0338982026	0	93.9	0	0	3
147	221	0	1.31885388	0.469734948	0.414738004	0.348846792	0.536025736	0.03437231	0.0338982026	0	98.6	0	0	3
148	223	0	1.32782568	0.460339199	0.413652047	0.348846792	0.536025736	0.0324104127	0.0338982026	0	100	0	0	3
149	224	0	1.33679747	0.47349547	0.412535436	0.348846792	0.514515366	0.0305369837	0.0338982026	0	100	0	0	3
150	226	0	1.34576927	0.464469605	0.411711429	0.348846792	0.514515366	0.0288290873	0.0338982026	0	100	0	0	3
151	227	0	1.35474106	0.469244394	0.410903019	0.348846792	0.477631991	0.0276018403	0.0338982026	0	100	0	0	3
152	228	0	1.36371286	0.445326278	0.410535697	0.348846792	0.477631991	0.0264818504	0.0338982026	0	100	0	0	3
153	229	0	1.37268465	0.446257189	0.410553447	0.348846792	0.477631991	0.0255691608	0.0338982026	0	100	0	0	3
154	231	0	1.38165645	0.417524276	0.410817256	0.348846792	0.477631991	0.0245251192	0.0338982026	0	100	0	0	3
155	232	0	1.39062824	0.417128383	0.411262402	0.348846792	0.477631991	0.0233651114	0.0338982026	0	100	0	0	3
156	234	0	1.39960004	0.391316368	0.411392078	0.348846792	0.477631991	0.0216830854	0.0338982026	0	100	0	0	3
157	235	0	1.40857183	0.392414608	0.411158443	0.348846792	0.477631991	0.019844847	0.0338982026	0	100	0	0	3
158	236	0	1.41754363	0.366309192	0.410435492	0.348846792	0.477631991	0.0177976211	0.0338982026	0	100	0	0	3
159	238	0	1.42651542	0.3644082	0.409453093	0.348846792	0.477631991	0.0159964792	0.0338982026	0	100	0	0	3
160	239	0	1.43548722	0.339383226	0.408299788	0.339383226	0.477631991	0.0164327104	0.0338982026	0	100	0	0	3
161	240	0	1.44445901	0.345494832	0.407469838	0.339383226	0.477631991	0.0172626606	0.0338982026	0	100	0	0	3
162	242	0	1.45343081	0.322735278	0.406657197	0.322735278	0.477631991	0.0180753013	0.0338982026	0	100	0	0	3
163	243	0	1.4624026	0.330182148	0.405973273	0.322735278	0.477631991	0.0187592256	0.0338982026	0	100	0	0	3
164	244	0	1.4713744	0.323277209	0.405516673	0.322735278	0.477631991	0.0192158253	0.0338982026	0	100	0	0	3
165	246	0	1.48034619	0.335786582	0.405133934	0.322735278	0.477631991	0.0195985649	0.0338982026	0	100	0	0	3
166	247	0	1.48931799	0.320730565	0.404610878	0.320730565	0.477631991	0.0201216209	0.0338982026	0	100	0	0	3
167	248	0	1.49828978	0.333754376	0.404044626	0.320730565	0.477631991	0.0206878722	0.0338982026	0	100	0	0	3
168	250	0	1.50726158	0.32348276	0.403527138	0.320730565	0.477631991	0.0212053602	0.0338982026	0	100	0	0	3
169	251	0	1.51623337	0.328971706	0.402789252	0.320730565	0.477631991	0.0219432468	0.0338982026	0	100	0	0	3
170	252	0	1.52520517	0.308204215	0.401650189	0.308204215	0.477631991	0.023082309	0.0338982026	0	100	0	0	3
171	253	0	1.53417696	0.310325662	0.399893715	0.308204215	0.477631991	0.0248387837	0.0338982026	0	100	0	0	3
172	255	0	1.54314876	0.291916996	0.397457064	0.291916996	0.477631991	0.0272754348	0.0338982026	0	100	0	0	3
173	256	0	1.55212055	0.302052369	0.394558056	0.291916996	0.477631991	0.0301744421	0.0338982026	0	100	0	0	3
174	257	0	1.56109235	0.289871167	0.391429541	0.289871167	0.477631991	0.0333029575	0.0338982026	0	100	0	0	3
175	258	0	1.57006414	0.307163981	0.388385469	0.289871167	0.47349547	0.0363470291	0.0338982026	0	93.2	0	0	3
176	260	0	1.57903594	0.300544864	0.38560717	0.289871167	0.47349547	0.0391253288	0.0338982026	0	86.6	0	0	3
177	261	0	1.58800773	0.317781244	0.383261842	0.289871167	0.47349547	0.0414706562	0.0338982026	0	81.7	0	0	3
178	262	0	1.59697953	0.301794821	0.381175748	0.289871167	0.47349547	0.0435567507	0.0338982026	0	77.8	0	0	3
179	264	0	1.60595132	0.31079832	0.379303181	0.289871167	0.47349547	0.0454293175	0.0338982026	0	74.6	0	0	3
180	265	0	1.61492312	0.288665412	0.37736183	0.288665412	0.47349547	0.0473706686	0.0338982026	0	71.5	0	0	3
181	266	0	1.62389491	0.291212993	0.375330919	0.288665412	0.47349547	0.0494015796	0.0338982026	0	68.6	0	0	3
182	267	0	1.63286671	0.267675073	0.373218023	0.267675073	0.47349547	0.0515144759	0.0338982026	0	65.8	0	0	3
183	269	0	1.6418385	0.273900361	0.371173877	0.267675073	0.47349547	0.053558621	0.0338982026	0	63.2	0	0	3
184	270	0	1.6508103	0.257972088	0.369174566	0.257972088	0.47349547	0.0555579324	0.0338982026	0	61	0	0	3
185	271	0	1.65978209	0.280398608	0.367349918	0.257972088	0.47349547	0.0573825808	0.0338982026	0	59	0	0	3
186	273	0	1.66875389	0.277601192	0.365578936	0.257972088	0.47349547	0.0591535625	0.0338982026	0	57.3	0	0	3
187	274	0	1.67772568	0.297320928	0.363686612	0.257972088	0.47349547	0.061045886	0.0338982026	0	55.5	0	0	3
188	275	0	1.68669748	0.282046623	0.361425934	0.257972088	0.47349547	0.0633065643	0.0338982026	0	53.5	0	0	3
189	277	0	1.69566927	0.296146802	0.359052943	0.257972088	0.47349547	0.065679555	0.0338982026	0	51.6	0	0	3
190	278	0	1.70464107	0.284070577	0.356695872	0.257972088	0.47349547	0.0680366263	0.0338982026	0	49.8	0	0	3
191	279	0	1.71361287	0.299346747	0.354615866	0.257972088	0.47349547	0.070114331	0.0338982026	0	48.3	0	0	3
192	281	0	1.72258466	0.282095177	0.352715225	0.257972088	0.47349547	0.0715362419	0.0338982026	0	47.3	0	0	3
193	282	0	1.73155646	0.296909117	0.351121565	0.257972088	0.47349547	0.0722360535	0.0338982026	0	46.9	0	0	3
194	283	0	1.74052825	0.28161806	0.349543681	0.257972088	0.47349547	0.0724513427	0.0338982026	0	46.7	0	0	3
195	285	0	1.74950005	0.293579018	0.347962864	0.257972088	0.47349547	0.0727249267	0.0338982026	0	46.6	0	0	3
196	286	0	1.75847184	0.282430778	0.346126113	0.257972088	0.47349547	0.0735446444	0.0338982026	0	46	0	0	3
197	287	0	1.76744364	0.308025651	0.34425418	0.257972088	0.47349547	0.0744724155	0.0338982026	0	45.5	0	0	3
198	288	0	1.77641543	0.315259659	0.342430919	0.257972088	0.47349547	0.075604986	0.0338982026	0	44.8	0	0	3
199	290	0	1.78538723	0.355714681	0.340882904	0.257972088	0.47349547	0.076407459	0.0338982026	0	44.3	0	0	3
200	291	0	1.79435902	0.363409177	0.339468321	0.257972088	0.47349547	0.0770889133	0.0338982026	0	43.9	0	0	3
201	295	0	1.80333082	0.379265677	0.338028931	0.257972088	0.47349547	0.0776289089	0.0338982026	0	43.6	0	0	3
202	297	0	1.81230261	0.375590186	0.33665134	0.257972088	0.47349547	0.0780866641	0.0338982026	0	43.4	0	0	3
203	298	0	1.82127441	0.380378915	0.335055696	0.257972088	0.47349547	0.0785963513	0.0338982026	0	43.1	0	0	3
204	299	0	1.8302462	0.368587377	0.333417271	0.257972088	0.47349547	0.0791181648	0.0338982026	0	42.8	0	0	3
205	301	0	1.839218	0.374136011	0.331642995	0.257972088	0.469244394	0.0800684341	0.0338982026	0	42.3	0	0	3
206	302	0	1.84818979	0.367886965	0.329918305	0.257972088	0.469244394	0.0814737735	0.0338982026	0	41.6	0	0	3
207	304	0	1.85716159	0.375006447	0.328235484	0.257972088	0.446257189	0.0831565939	0.0338982026	0	40.7	0	0	3
208	305	0	1.86613338	0.367730545	0.326849846	0.257972088	0.446257189	0.084542232	0.0338982026	0	40	0	0	3
209	307	0	1.87510518	0.376242006	0.325599575	0.257972088	0.417524276	0.0857925032	0.0338982026	0	39.5	0	0	3
210	308	0	1.88407697	0.365633758	0.324672959	0.257972088	0.417128383	0.0867191196	0.0338982026	0	39	0	0	3
211	309	0	1.89304877	0.380089903	0.324011557	0.257972088	0.392414608	0.087380521	0.0338982026	0	38.7	0	0	3
212	311	0	1.90202056	0.373912188	0.323700768	0.257972088	0.392414608	0.0874576753	0.0338982026	0	38.7	0	0	3
213	312	0	1.91099236	0.380044574	0.323479875	0.257972088	0.380378915	0.0869556175	0.0338982026	0	38.9	0	0	3
214	314	0	1.91996415	0.37376423	0.323613	0.257972088	0.380378915	0.085973218	0.0338982026	0	39.4	0	0	3
215	315	0	1.92893595	0.390512342	0.324079146	0.257972088	0.390512342	0.0848199133	0.0338982026	0	39.9	0	0	3
216	318	0	1.93790774	0.39329466	0.32504185	0.257972088	0.39329466	0.083989963	0.0338982026	0	40.3	0	0	3
217	319	0	1.94687954	0.417877019	0.326334389	0.257972088	0.417877019	0.0831773224	0.0338982026	0	40.7	0	0	3
218	320	0	1.95585133	0.427563886	0.328206329	0.257972088	0.427563886	0.0824933981	0.0338982026	0	41	0	0	3
219	322	0	1.96482313	0.453640567	0.330410943	0.257972088	0.453640567	0.0820367984	0.0338982026	0	41.3	0	0	3
220	323	0	1.97379492	0.452423698	0.33271713	0.257972088	0.453640567	0.0816540588	0.0338982026	0	41.5	0	0	3
221	325	0	1.98276672	0.472249646	0.335153971	0.257972088	0.472249646	0.0811310028	0.0338982026	0	41.7	0	0	3
222	327	0	1.99173851	0.459586114	0.337633534	0.257972088	0.472249646	0.0805647515	0.0338982026	0	42	0	0	3
223	329	0	2.00071031	0.467763596	0.340026556	0.257972088	0.472249646	0.0800472634	0.0338982026	0	42.3	0	0	3
224	330	0	2.0096821	0.448468119	0.342258437	0.257972088	0.472249646	0.0793093769	0.0338982026	0	42.7	0	0	3
225	332	0	2.0186539	0.448335849	0.34438994	0.257972088	0.472249646	0.0781703146	0.0338982026	0	43.3	0	0	3
226	333	0	2.02762569	0.435928598	0.346670733	0.257972088	0.472249646	0.07641384	0.0338982026	0	44.3	0	0	3
227	336	0	2.03659749	0.454036495	0.349236997	0.257972088	0.472249646	0.0739771889	0.0338982026	0	45.8	0	0	3
228	337	0	2.04556928	0.445085385	0.351972147	0.257972088	0.472249646	0.0710781816	0.0338982026	0	47.6	0	0	3
229	339	0	2.05454108	0.482722859	0.355198406	0.257972088	0.482722859	0.0679496661	0.0338982026	0	49.8	0	0	3
230	341	0	2.06351287	0.482308646	0.35863479	0.257972088	0.482722859	0.0649055945	0.0338982026	0	52.2	0	0	3
231	342	0	2.07248467	0.506755529	0.362198924	0.257972088	0.506755529	0.0621272949	0.0338982026	0	54.5	0	0	3
232	344	0	2.08145646	0.4901144	0.365584095	0.257972088	0.506755529	0.0597819674	0.0338982026	0	56.7	0	0	3
233	345	0	2.09042826	0.508565326	0.368990953	0.257972088	0.508565326	0.057695873	0.0338982026	0	58.7	0	0	3
234	347	0	2.09940005	0.485923339	0.372278962	0.257972088	0.508565326	0.0558233062	0.0338982026	0	60.7	0	0	3
235	348	0	2.10837185	0.494087554	0.375551984	0.257972088	0.508565326	0.0538819551	0.0338982026	0	62.9	0	0	3
236	350	0	2.11734364	0.467023115	0.378736943	0.257972088	0.508565326	0.0552570687	0.0338982026	0	61.3	0	0	3
237	351	0	2.12631544	0.468415605	0.381901276	0.257972088	0.508565326	0.0584214011	0.0338982026	0	58	0	0	3
238	353	0	2.13528724	0.446052216	0.385086582	0.257972088	0.508565326	0.0616067072	0.0338982026	0	55	0	0	3
239	354	0	2.14425903	0.449468963	0.388221736	0.257972088	0.508565326	0.0647418608	0.0338982026	0	52.3	0	0	3
240	356	0	2.15323083	0.426990173	0.391239916	0.277601192	0.508565326	0.0677600409	0.0338982026	0	50	0	0	3
241	357	0	2.16220262	0.4476938	0.39422733	0.277601192	0.508565326	0.070747455	0.0338982026	0	47.9	0	0	3
242	359	0	2.17117442	0.441104178	0.397147026	0.28161806	0.508565326	0.0736671512	0.0338982026	0	46	0	0	3
243	360	0	2.18014621	0.478401907	0.400380615	0.28161806	0.508565326	0.0769007401	0.0338982026	0	44	0	0	3
244	362	0	2.18911801	0.47847717	0.403888303	0.28161806	0.508565326	0.0804084284	0.0338982026	0	42.1	0	0	3
245	363	0	2.1980898	0.514442514	0.407786441	0.28161806	0.514442514	0.0843065661	0.0338982026	0	40.2	0	0	3
246	365	0	2.2070616	0.510368349	0.411827473	0.28161806	0.514442514	0.0883475978	0.0338982026	0	38.3	0	0	3
247	367	0	2.21603339	0.540488005	0.416133566	0.28161806	0.540488005	0.0926536917	0.0338982026	0	36.5	0	0	3
248	368	0	2.22500519	0.530198069	0.420563975	0.28161806	0.540488005	0.0970841004	0.0338982026	0	34.9	0	0	3
249	370	0	2.23397698	0.54687851	0.425027714	0.28161806	0.54687851	0.10154784	0.0338982026	0	33.3	0	0	3
250	371	0	2.24294878	0.531450944	0.429489016	0.282430778	0.54687851	0.106009141	0.0338982026	0	31.9	0	0	3
251	373	0	2.25192057	0.536848961	0.433833122	0.282430778	0.54687851	0.110353247	0.0338982026	0	30.7	0	0	3
252	374	0	2.26089237	0.506083035	0.437826912	0.308025651	0.54687851	0.114347038	0.0338982026	0	29.6	0	0	3
253	376	0	2.26986416	0.511083074	0.441452938	0.315259659	0.54687851	0.117973063	0.0338982026	0	28.7	0	0	3
254	377	0	2.27883596	0.487665711	0.444531617	0.355714681	0.54687851	0.121051742	0.0338982026	0	28	0	0	3
255	379	0	2.28780775	0.510416872	0.447294156	0.363409177	0.54687851	0.123814282	0.0338982026	0	27.3	0	0	3
256	381	0	2.29677955	0.507376195	0.449864996	0.365633758	0.54687851	0.126385121	0.0338982026	0	26.8	0	0	3
257	382	0	2.30575134	0.545017429	0.452824849	0.365633758	0.54687851	0.129344974	0.0338982026	0	26.2	0	0	3
258	384	0	2.31472314	0.548004658	0.455903679	0.365633758	0.548004658	0.132423804	0.0338982026	0	25.5	0	0	3
259	386	0	2.32369493	0.575257984	0.459383662	0.365633758	0.575257984	0.135903787	0.0338982026	0	24.9	0	0	3
260	387	0	2.33266673	0.556717508	0.462743129	0.365633758	0.575257984	0.139263254	0.0338982026	0	24.3	0	0	3
261	389	0	2.34163852	0.559758992	0.466057825	0.365633758	0.575257984	0.14257795	0.0338982026	0	23.7	0	0	3
262	391	0	2.35061032	0.523986259	0.468845312	0.365633758	0.575257984	0.145365437	0.0338982026	0	23.3	0	0	3
263	392	0	2.35958211	0.504351064	0.471155037	0.365633758	0.575257984	0.147675163	0.0338982026	0	22.9	0	0	3
264	394	0	2.36855391	0.450854252	0.472639389	0.365633758	0.575257984	0.149159515	0.0338982026	0	22.7	0	0	3
265	395	0	2.3775257	0.424261064	0.473496872	0.365633758	0.575257984	0.150016998	0.0338982026	0	22.5	0	0	3
266	397	0	2.3864975	0.38628894	0.473865715	0.37376423	0.575257984	0.15038584	0.0338982026	0	22.5	0	0	3
267	399	0	2.39546929	0.393028212	0.474096756	0.37376423	0.575257984	0.150616881	0.0338982026	0	22.5	0	0	3
268	401	0	2.40444109	0.374603689	0.474109104	0.37376423	0.575257984	0.15062923	0.0338982026	0	22.5	0	0	3
269	402	0	2.41341288	0.39115196	0.474307451	0.37376423	0.575257984	0.15069445	0.0338982026	0	22.4	0	0	3
270	404	0	2.42238468	0.37939856	0.474408064	0.374603689	0.575257984	0.150328918	0.0338982026	0	22.5	0	0	3
271	406	0	2.43135647	0.404817491	0.474663513	0.374603689	0.575257984	0.149621663	0.0338982026	0	22.6	0	0	3
272	407	0	2.44032827	0.399066393	0.474766579	0.374603689	0.575257984	0.14843219	0.0338982026	0	22.8	0	0	3
273	409	0	2.44930006	0.415699845	0.474727701	0.374603689	0.575257984	0.146560251	0.0338982026	0	23.1	0	0	3
274	411	0	2.45827186	0.404442599	0.474314821	0.374603689	0.575257984	0.144355636	0.0338982026	0	23.4	0	0	3
275	412	0	2.46724365	0.413870812	0.473604647	0.374603689	0.575257984	0.142049449	0.0338982026	0	23.8	0	0	3
276	414	0	2.47621545	0.404840849	0.472754953	0.374603689	0.575257984	0.139612609	0.0338982026	0	24.2	0	0	3
277	416	0	2.48518724	0.426969	0.47194637	0.374603689	0.575257984	0.137133045	0.0338982026	0	24.7	0	0	3
278	417	0	2.49415904	0.432460109	0.471461977	0.374603689	0.575257984	0.134740023	0.0338982026	0	25.1	0	0	3
279	419	0	2.50313083	0.46942749	0.47149169	0.374603689	0.575257984	0.132508142	0.0338982026	0	25.5	0	0	3
280	421	0	2.51210263	0.477662516	0.472013018	0.374603689	0.575257984	0.130376639	0.0338982026	0	26	0	0	3
281	422	0	2.52107442	0.509963036	0.473113504	0.374603689	0.575257984	0.128095847	0.0338982026	0	26.4	0	0	3
282	424	0	2.53004622	0.500690689	0.47426997	0.374603689	0.575257984	0.125529582	0.0338982026	0	27	0	0	3
283	426	0	2.53901801	0.516954439	0.475393504	0.374603689	0.575257984	0.123421357	0.0338982026	0	27.4	0	0	3
284	427	0	2.54798981	0.502090689	0.476411456	0.374603689	0.575257984	0.12121305	0.0338982026	0	27.9	0	0	3
285	429	0	2.55696161	0.503479968	0.476782119	0.374603689	0.575257984	0.118147329	0.0338982026	0	28.6	0	0	3
286	431	0	2.5659334	0.483922446	0.476810937	0.374603689	0.575257984	0.114612012	0.0338982026	0	29.5	0	0	3
287	432	0	2.5749052	0.495770295	0.476614772	0.374603689	0.575257984	0.111226842	0.0338982026	0	30.4	0	0	3
288	434	0	2.58387699	0.481476949	0.476460532	0.374603689	0.575257984	0.107819984	0.0338982026	0	31.4	0	0	3
289	436	0	2.59284879	0.493483713	0.476191217	0.374603689	0.575257984	0.104531974	0.0338982026	0	32.4	0	0	3
290	437	0	2.60182058	0.475139295	0.475998645	0.374603689	0.575257984	0.101258952	0.0338982026	0	33.4	0	0	3
291	439	0	2.61079238	0.485763139	0.475849995	0.374603689	0.575257984	0.0980739933	0.0338982026	0	34.5	0	0	3
292	441	0	2.61976417	0.468887456	0.475883286	0.374603689	0.575257984	0.0949096609	0.0338982026	0	35.7	0	0	3
293	442	0	2.62873597	0.476212581	0.476022518	0.374603689	0.575257984	0.0917243548	0.0338982026	0	36.9	0	0	3
294	444	0	2.63770776	0.456123497	0.476202362	0.374603689	0.575257984	0.0885892012	0.0338982026	0	38.2	0	0	3
295	446	0	2.64667956	0.470549481	0.4765788	0.374603689	0.575257984	0.0855710211	0.0338982026	0	39.6	0	0	3
296	447	0	2.65565135	0.465791493	0.477271681	0.374603689	0.575257984	0.0830443512	0.0338982026	0	40.8	0	0	3
297	449	0	2.66462315	0.491339305	0.478051065	0.374603689	0.575257984	0.0809040391	0.0338982026	0	41.8	0	0	3
298	450	0	2.67359494	0.480905072	0.478761795	0.374603689	0.575257984	0.0783811804	0.0338982026	0	43.2	0	0	3
299	452	0	2.68256674	0.491622673	0.47899788	0.374603689	0.575257984	0.0751095772	0.0338982026	0	45.1	0	0	3
300	454	0	2.69153853	0.466989111	0.478792736	0.374603689	0.575257984	0.0712114395	0.0338982026	0	47.6	0	0	3
301	459	0	2.70051033	0.468079336	0.477964823	0.374603689	0.575257984	0.0671704079	0.0338982026	0	50.4	0	0	3
302	461	0	2.70948212	0.432585389	0.476575841	0.374603689	0.575257984	0.062864314	0.0338982026	0	53.9	0	0	3
303	463	0	2.71845392	0.432161822	0.474641445	0.374603689	0.575257984	0.0584339052	0.0338982026	0	58	0	0	3
304	464	0	2.72742571	0.407226187	0.472445519	0.374603689	0.575257984	0.053970166	0.0338982026	0	62.8	0	0	3
305	466	0	2.73639751	0.421291152	0.470202887	0.374603689	0.575257984	0.0495088645	0.0338982026	0	68.4	0	0	3
306	467	0	2.7453693	0.404546329	0.467936733	0.374603689	0.575257984	0.0451647584	0.0338982026	0	75	0	0	3
307	469	0	2.7543411	0.420584461	0.465860582	0.374603689	0.575257984	0.0411709681	0.0338982026	0	82.3	0	0	3
308	470	0	2.76331289	0.405009202	0.464055692	0.374603689	0.575257984	0.0375449427	0.0338982026	0	90.2	0	0	3
309	472	0	2.77228469	0.417561391	0.462385662	0.374603689	0.575257984	0.0344662632	0.0338982026	0	98.3	0	0	3
310	474	0	2.78125648	0.398718732	0.460797323	0.374603689	0.575257984	0.031703724	0.0338982026	0	100	0	0	3
311	475	0	2.79022828	0.412969622	0.459057193	0.374603689	0.575257984	0.0291328844	0.0338982026	0	100	0	0	3
312	477	0	2.79920007	0.407464329	0.457273053	0.374603689	0.575257984	0.0261730317	0.0338982026	0	100	0	0	3
313	478	0	2.80817187	0.434681622	0.455302771	0.374603689	0.575257984	0.0236951099	0.0338982026	0	100	0	0	3
314	480	0	2.81714366	0.431899742	0.453229468	0.374603689	0.575257984	0.025768412	0.0338982026	0	100	0	0	3
315	481	0	2.82611546	0.45147362	0.451019033	0.374603689	0.559758992	0.027978847	0.0338982026	0	100	0	0	3
316	483	0	2.83508725	0.435874307	0.448861119	0.374603689	0.559758992	0.0301367613	0.0338982026	0	100	0	0	3
317	484	0	2.84405905	0.424469298	0.446445232	0.374603689	0.523986259	0.0325526487	0.0338982026	0	100	0	0	3
318	486	0	2.85303084	0.378079455	0.443839753	0.374603689	0.516954439	0.0351581274	0.0338982026	0	96.4	0	0	3
319	487	0	2.86200264	0.351673883	0.441113375	0.351673883	0.516954439	0.0378845056	0.0338982026	0	89.4	0	0	3
320	489	0	2.87097443	0.309928387	0.438596841	0.309928387	0.516954439	0.0404010389	0.0338982026	0	83.9	0	0	3
321	490	0	2.87994623	0.306708059	0.436497681	0.306708059	0.516954439	0.0425001997	0.0338982026	0	79.7	0	0	3
322	492	0	2.88891802	0.296162719	0.434888284	0.296162719	0.516954439	0.0441095965	0.0338982026	0	76.8	0	0	3
323	493	0	2.89788982	0.322334115	0.433625889	0.296162719	0.516954439	0.0453719911	0.0338982026	0	74.7	0	0	3
324	495	0	2.90686161	0.32134937	0.432674919	0.296162719	0.516954439	0.0463229611	0.0338982026	0	73.1	0	0	3
325	496	0	2.91583341	0.337175341	0.431711051	0.296162719	0.516954439	0.0472868293	0.0338982026	0	71.6	0	0	3
326	498	0	2.9248052	0.33485358	0.430915605	0.296162719	0.516954439	0.0480822753	0.0338982026	0	70.5	0	0	3
327	499	0	2.933777	0.337624213	0.429715725	0.296162719	0.516954439	0.0492821553	0.0338982026	0	68.7	0	0	3
328	500	0	2.94274879	0.32444492	0.428383199	0.296162719	0.516954439	0.0506146816	0.0338982026	0	66.9	0	0	3
329	502	0	2.95172059	0.3273773	0.42680601	0.296162719	0.516954439	0.0521918699	0.0338982026	0	64.9	0	0	3
330	503	0	2.96069238	0.316354462	0.425233008	0.296162719	0.516954439	0.0537648724	0.0338982026	0	63	0	0	3
331	505	0	2.96966418	0.330375322	0.423742017	0.296162719	0.516954439	0.0552558632	0.0338982026	0	61.3	0	0	3
332	506	0	2.97863598	0.324693164	0.422310808	0.296162719	0.516954439	0.0566870719	0.0338982026	0	59.7	0	0	3
333	508	0	2.98760777	0.344529432	0.420838673	0.296162719	0.516954439	0.0581592071	0.0338982026	0	58.2	0	0	3
334	509	0	2.99657957	0.342959479	0.419240448	0.296162719	0.516954439	0.0597574326	0.0338982026	0	56.7	0	0	3
335	511	0	3.00555136	0.347829506	0.417069055	0.296162719	0.516954439	0.0619288251	0.0338982026	0	54.7	0	0	3
336	512	0	3.01452316	0.331365981	0.414456617	0.296162719	0.516954439	0.0645412633	0.0338982026	0	52.5	0	0	3
337	514	0	3.02349495	0.323925668	0.411134521	0.296162719	0.516954439	0.0678633591	0.0338982026	0	49.9	0	0	3
338	515	0	3.03246675	0.29117099	0.407393098	0.29117099	0.516954439	0.0716047823	0.0338982026	0	47.3	0	0	3
339	516	0	3.04143854	0.293344472	0.403400063	0.29117099	0.503479968	0.0755978174	0.0338982026	0	44.8	0	0	3
340	518	0	3.05041034	0.277113831	0.399382619	0.277113831	0.503479968	0.0796152613	0.0338982026	0	42.5	0	0	3
341	519	0	3.05938213	0.290701588	0.395583005	0.277113831	0.495770295	0.0834148753	0.0338982026	0	40.6	0	0	3
342	521	0	3.06835393	0.290237291	0.392124342	0.277113831	0.495770295	0.0868735388	0.0338982026	0	39	0	0	3
343	522	0	3.07732572	0.30201838	0.388664486	0.277113831	0.493483713	0.0903333944	0.0338982026	0	37.5	0	0	3
344	524	0	3.08629752	0.298532935	0.385397629	0.277113831	0.493483713	0.0936002518	0.0338982026	0	36.2	0	0	3
345	525	0	3.09526931	0.304497012	0.382022866	0.277113831	0.491622673	0.0969750143	0.0338982026	0	34.9	0	0	3
346	527	0	3.10424111	0.285448357	0.378635528	0.277113831	0.491622673	0.100362352	0.0338982026	0	33.7	0	0	3
347	528	0	3.1132129	0.28255565	0.375006823	0.277113831	0.491622673	0.103991058	0.0338982026	0	32.5	0	0	3
348	529	0	3.1221847	0.265730781	0.371379025	0.265730781	0.491622673	0.107618855	0.0338982026	0	31.4	0	0	3
349	531	0	3.13115649	0.273145656	0.36775283	0.265730781	0.491622673	0.11124505	0.0338982026	0	30.4	0	0	3
350	532	0	3.14012829	0.273108519	0.364484705	0.265730781	0.491622673	0.114513175	0.0338982026	0	29.6	0	0	3
351	533	0	3.14910008	0.292121162	0.361298485	0.265730781	0.491622673	0.117699395	0.0338982026	0	28.8	0	0	3
352	535	0	3.15807188	0.294451482	0.358238842	0.265730781	0.491622673	0.120759038	0.0338982026	0	28	0	0	3
353	536	0	3.16704367	0.311365006	0.355025015	0.265730781	0.491622673	0.123972865	0.0338982026	0	27.3	0	0	3
354	537	0	3.17601547	0.30152504	0.351821801	0.265730781	0.491622673	0.12717608	0.0338982026	0	26.6	0	0	3
355	539	0	3.18498726	0.302279455	0.348440672	0.265730781	0.468079336	0.130352065	0.0338982026	0	26	0	0	3
356	540	0	3.19395906	0.282467335	0.34514564	0.265730781	0.468079336	0.132819183	0.0338982026	0	25.5	0	0	3
357	542	0	3.20293085	0.285817609	0.341890966	0.265730781	0.45147362	0.134684875	0.0338982026	0	25.1	0	0	3
358	543	0	3.21190265	0.276565766	0.339104902	0.265730781	0.45147362	0.135536543	0.0338982026	0	25	0	0	3
359	544	0	3.22087444	0.297628668	0.336702524	0.265730781	0.45147362	0.135742995	0.0338982026	0	24.9	0	0	3
360	546	0	3.22984624	0.301074304	0.334806955	0.265730781	0.45147362	0.135395933	0.0338982026	0	25	0	0	3
361	547	0	3.23881803	0.320531877	0.333007682	0.265730781	0.45147362	0.134929052	0.0338982026	0	25.1	0	0	3
362	548	0	3.24778983	0.319456057	0.331488213	0.265730781	0.45147362	0.134372369	0.0338982026	0	25.2	0	0	3
363	550	0	3.25676162	0.334023363	0.329942479	0.265730781	0.45147362	0.134113213	0.0338982026	0	25.2	0	0	3
364	551	0	3.26573342	0.332574661	0.328649005	0.265730781	0.45147362	0.133736657	0.0338982026	0	25.3	0	0	3
365	553	0	3.27470521	0.358301247	0.327590788	0.265730781	0.45147362	0.133206535	0.0338982026	0	25.4	0	0	3
366	554	0	3.28367701	0.365635127	0.327000009	0.265730781	0.45147362	0.132057184	0.0338982026	0	25.6	0	0	3
367	555	0	3.2926488	0.383748671	0.326478207	0.265730781	0.45147362	0.130794846	0.0338982026	0	25.9	0	0	3
368	557	0	3.3016206	0.379192133	0.325973346	0.265730781	0.45147362	0.129329425	0.0338982026	0	26.2	0	0	3
369	558	0	3.31059239	0.390047495	0.325176308	0.265730781	0.45147362	0.12805316	0.0338982026	0	26.4	0	0	3
370	559	0	3.31956419	0.384653815	0.324332631	0.265730781	0.45147362	0.126686403	0.0338982026	0	26.7	0	0	3
371	561	0	3.32853598	0.410260202	0.323596677	0.265730781	0.435874307	0.125264442	0.0338982026	0	27	0	0	3
372	562	0	3.33750778	0.425114102	0.32340453	0.265730781	0.425114102	0.123040701	0.0338982026	0	27.5	0	0	3
373	563	0	3.34647957	0.454971333	0.323949209	0.265730781	0.454971333	0.120435223	0.0338982026	0	28.1	0	0	3
374	565	0	3.35545137	0.465564304	0.325511439	0.265730781	0.465564304	0.117708845	0.0338982026	0	28.7	0	0	3
375	566	0	3.36442316	0.487634329	0.327939304	0.265730781	0.487634329	0.115192311	0.0338982026	0	29.4	0	0	3
376	568	0	3.37339496	0.488472001	0.331127583	0.265730781	0.488472001	0.11309315	0.0338982026	0	29.9	0	0	3
377	569	0	3.38236675	0.503241522	0.334637109	0.265730781	0.503241522	0.111483754	0.0338982026	0	30.4	0	0	3
378	570	0	3.39133855	0.49264233	0.338145673	0.265730781	0.503241522	0.110221359	0.0338982026	0	30.7	0	0	3
379	572	0	3.40031035	0.494372761	0.341217792	0.265730781	0.503241522	0.109270389	0.0338982026	0	31	0	0	3
380	573	0	3.40928214	0.481017343	0.344069006	0.265730781	0.503241522	0.108306521	0.0338982026	0	31.2	0	0	3
381	575	0	3.41825394	0.484894134	0.346706842	0.265730781	0.503241522	0.107511075	0.0338982026	0	31.5	0	0	3
382	576	0	3.42722573	0.47399662	0.349191539	0.265730781	0.503241522	0.106311195	0.0338982026	0	31.8	0	0	3
383	577	0	3.43619753	0.483350986	0.351793802	0.265730781	0.503241522	0.104978669	0.0338982026	0	32.2	0	0	3
384	579	0	3.44516932	0.468528786	0.354366729	0.265730781	0.503241522	0.10340148	0.0338982026	0	32.7	0	0	3
385	580	0	3.45414112	0.465839844	0.356839274	0.265730781	0.503241522	0.101828478	0.0338982026	0	33.2	0	0	3
386	582	0	3.46311291	0.432276079	0.358909303	0.265730781	0.503241522	0.100337487	0.0338982026	0	33.7	0	0	3
387	583	0	3.47208471	0.421354709	0.360533935	0.265730781	0.503241522	0.0989062782	0.0338982026	0	34.2	0	0	3
388	584	0	3.4810565	0.386368459	0.361635279	0.265730781	0.503241522	0.0974341431	0.0338982026	0	34.7	0	0	3
389	586	0	3.4900283	0.37634708	0.362203452	0.265730781	0.503241522	0.0958359175	0.0338982026	0	35.3	0	0	3
390	587	0	3.49900009	0.344562734	0.362232081	0.265730781	0.503241522	0.093664525	0.0338982026	0	36.1	0	0	3
391	588	0	3.50797189	0.342354688	0.362134317	0.265730781	0.503241522	0.0910520868	0.0338982026	0	37.2	0	0	3
392	590	0	3.51694368	0.328374441	0.362080896	0.265730781	0.503241522	0.087729991	0.0338982026	0	38.6	0	0	3
393	591	0	3.52591548	0.346940351	0.362491873	0.265730781	0.503241522	0.0839885678	0.0338982026	0	40.3	0	0	3
394	593	0	3.53488727	0.34063638	0.363375183	0.265730781	0.503241522	0.0799955327	0.0338982026	0	42.3	0	0	3
395	594	0	3.54385907	0.376829171	0.364865981	0.265730781	0.503241522	0.0759780888	0.0338982026	0	44.6	0	0	3
396	595	0	3.55283086	0.386142148	0.366812916	0.265730781	0.503241522	0.0721784749	0.0338982026	0	46.9	0	0	3
397	597	0	3.56180266	0.412007105	0.368979086	0.265730781	0.503241522	0.0687198114	0.0338982026	0	49.3	0	0	3
398	598	0	3.57077445	0.395191567	0.370853269	0.265730781	0.503241522	0.0652599557	0.0338982026	0	51.9	0	0	3
399	600	0	3.57974625	0.394056917	0.372496814	0.265730781	0.503241522	0.0619930983	0.0338982026	0	54.6	0	0	3
400	601	0	3.58871804	0.361182429	0.373615555	0.265730781	0.503241522	0.0586183358	0.0338982026	0	57.8	0	0	3
401	606	0	3.59768984	0.355012957	0.374517626	0.265730781	0.503241522	0.0552309977	0.0338982026	0	61.3	0	0	3
402	607	0	3.60666163	0.32369962	0.375200684	0.265730781	0.503241522	0.0517961539	0.0338982026	0	65.4	0	0	3
403	608	0	3.61563343	0.323561541	0.375932932	0.265730781	0.503241522	0.0525284019	0.0338982026	0	64.5	0	0	3
404	610	0	3.62460522	0.293013903	0.376420131	0.273108519	0.503241522	0.0530156005	0.0338982026	0	63.9	0	0	3
405	611	0	3.63357702	0.28869098	0.376697726	0.273108519	0.503241522	0.0532931956	0.0338982026	0	63.6	0	0	3
406	612	0	3.64254881	0.252604668	0.376331586	0.252604668	0.503241522	0.0532931956	0.0338982026	0	63.6	0	0	3
407	614	0	3.65152061	0.2401078	0.375402776	0.2401078	0.503241522	0.0532931956	0.0338982026	0	63.6	0	0	3
408	615	0	3.6604924	0.195296388	0.373632149	0.195296388	0.503241522	0.0532931956	0.0338982026	0	63.6	0	0	3
409	616	0	3.6694642	0.171761399	0.371139227	0.171761399	0.503241522	0.0532931956	0.0338982026	0	63.6	0	0	3
410	618	0	3.67843599	0.135107298	0.368167482	0.135107298	0.503241522	0.0532931956	0.0338982026	0	63.6	0	0	3
411	619	0	3.68740779	0.123989975	0.364983741	0.123989975	0.503241522	0.0532931956	0.0338982026	0	63.6	0	0	3
412	620	0	3.69637958	0.103696185	0.361791399	0.103696185	0.503241522	0.0532931956	0.0338982026	0	63.6	0	0	3
413	622	0	3.70535138	0.116135522	0.358761362	0.103696185	0.503241522	0.0532931956	0.0338982026	0	63.6	0	0	3
414	623	0	3.71432317	0.108856512	0.355766554	0.103696185	0.503241522	0.0532931956	0.0338982026	0	63.6	0	0	3
415	624	0	3.72329497	0.120842989	0.352609667	0.103696185	0.503241522	0.0532931956	0.0338982026	0	63.6	0	0	3
416	625	0	3.73226676	0.104305921	0.349095946	0.103696185	0.503241522	0.0532931956	0.0338982026	0	63.6	0	0	3
417	627	0	3.74123856	0.107867753	0.345298372	0.103696185	0.503241522	0.0532931956	0.0338982026	0	63.6	0	0	3
418	628	0	3.75021035	0.0937000165	0.341267014	0.0937000165	0.503241522	0.0532931956	0.0338982026	0	63.6	0	0	3
419	629	0	3.75918215	0.116664679	0.337385609	0.0937000165	0.503241522	0.0532931956	0.0338982026	0	63.6	0	0	3
420	631	0	3.76815394	0.130409527	0.333775517	0.0937000165	0.503241522	0.0532931956	0.0338982026	0	63.6	0	0	3
421	632	0	3.77712574	0.174096829	0.330486153	0.0937000165	0.503241522	0.0532931956	0.0338982026	0	63.6	0	0	3
422	633	0	3.78609753	0.186151037	0.32728108	0.0937000165	0.503241522	0.0532931956	0.0338982026	0	63.6	0	0	3
423	634	0	3.79506933	0.216968756	0.324302867	0.0937000165	0.503241522	0.0532931956	0.0338982026	0	63.6	0	0	3
424	636	0	3.80404112	0.222124758	0.321498092	0.0937000165	0.503241522	0.0551996334	0.0338982026	0	61.4	0	0	3
425	637	0	3.81301292	0.257839904	0.319137243	0.0937000165	0.503241522	0.0575604832	0.0338982026	0	58.8	0	0	3
426	638	0	3.82198471	0.265925378	0.317017092	0.0937000165	0.503241522	0.0596806339	0.0338982026	0	56.7	0	0	3
427	640	0	3.83095651	0.300697093	0.315060608	0.0937000165	0.503241522	0.061637118	0.0338982026	0	54.9	0	0	3
428	641	0	3.83992831	0.306516413	0.312942792	0.0937000165	0.503241522	0.0637549339	0.0338982026	0	53.1	0	0	3
429	642	0	3.8489001	0.340966546	0.310906992	0.0937000165	0.503241522	0.0657907336	0.0338982026	0	51.5	0	0	3
430	644	0	3.8578719	0.348403161	0.308814829	0.0937000165	0.503241522	0.0678828969	0.0338982026	0	49.9	0	0	3
431	645	0	3.86684369	0.380044927	0.30689359	0.0937000165	0.503241522	0.0698041362	0.0338982026	0	48.5	0	0	3
432	646	0	3.87581549	0.379551348	0.304948578	0.0937000165	0.503241522	0.0717491479	0.0338982026	0	47.2	0	0	3
433	648	0	3.88478728	0.39885597	0.30308455	0.0937000165	0.494372761	0.0736131756	0.0338982026	0	46	0	0	3
434	649	0	3.89375908	0.391416595	0.301276948	0.0937000165	0.494372761	0.075420778	0.0338982026	0	44.9	0	0	3
435	650	0	3.90273087	0.402320753	0.299633162	0.0937000165	0.484894134	0.0770645638	0.0338982026	0	43.9	0	0	3
436	652	0	3.91170267	0.37936687	0.297817975	0.0937000165	0.484894134	0.0788797509	0.0338982026	0	42.9	0	0	3
437	653	0	3.92067446	0.372444567	0.295809947	0.0937000165	0.483350986	0.0808877789	0.0338982026	0	41.9	0	0	3
438	655	0	3.92964626	0.343928481	0.293487302	0.0937000165	0.483350986	0.0832104242	0.0338982026	0	40.7	0	0	3
439	656	0	3.93861805	0.340486454	0.290936149	0.0937000165	0.468528786	0.0857615765	0.0338982026	0	39.5	0	0	3
440	658	0	3.94758985	0.322437476	0.288327376	0.0937000165	0.465839844	0.0883703499	0.0338982026	0	38.3	0	0	3
441	659	0	3.95656164	0.33206671	0.28593857	0.0937000165	0.432276079	0.0907591559	0.0338982026	0	37.3	0	0	3
442	660	0	3.96553344	0.329865032	0.284109801	0.0937000165	0.421354709	0.0925879246	0.0338982026	0	36.6	0	0	3
443	662	0	3.97450523	0.34326296	0.282715306	0.0937000165	0.412007105	0.0939824201	0.0338982026	0	36	0	0	3
444	663	0	3.98347703	0.325527	0.281628851	0.0937000165	0.412007105	0.0950688747	0.0338982026	0	35.6	0	0	3
445	665	0	3.99244882	0.317967301	0.280586355	0.0937000165	0.412007105	0.0961113708	0.0338982026	0	35.2	0	0	3
446	666	0	4.00142062	0.286879926	0.279556305	0.0937000165	0.412007105	0.0971414209	0.0338982026	0	34.8	0	0	3
