Iteration	CPUTime	PhysTime	Travels	Value	AvValue	MinValue	MaxValue	Delta	Criteria	PrevAvRefValue	Progress	CriteriaType	CriteriaVarType	CriteriaPercentage
1	7	0	0.00897271101	0.0247647944	0.0247647944	0.0247647944	0.0247647944	0	0	0	0	0	0	3
2	8	0	0.017945422	0.00604420454	0.0154044995	0.00604420454	0.0247647944	0.00936029492	0	0	0	0	0	3
3	9	0	0.026918133	0.00441798845	0.0117423291	0.00441798845	0.0247647944	0.0130224653	0	0	0	0	0	3
4	11	0	0.035890844	0.00226439544	0.0093728457	0.00226439544	0.0247647944	0.0153919487	0	0	0	0	0	3
5	12	0	0.0448635551	0.00276486462	0.00805124949	0.00226439544	0.0247647944	0.0167135449	0	0	0	0	0	3
6	13	0	0.0538362661	0.00247644785	0.00712211588	0.00226439544	0.0247647944	0.0176426785	0	0	0	0	0	3
7	14	0	0.0628089771	0.00255310482	0.00646940002	0.00226439544	0.0247647944	0.0182953944	0	0	0	0	0	3
8	15	0	0.0717816881	0.00250746084	0.00597415762	0.00226439544	0.0247647944	0.0187906368	0	0	0	0	0	3
9	17	0	0.0807543991	0.00257783427	0.00559678836	0.00226439544	0.0247647944	0.019168006	0	0	0	0	0	3
10	18	0	0.0897271101	0.0031224903	0.00534935855	0.00226439544	0.0247647944	0.0194154358	0	0	0	0	0	3
11	19	0	0.0986998211	0.00294038684	0.00513036112	0.00226439544	0.0247647944	0.0196344333	0	0	0	0	0	3
12	20	0	0.107672532	0.00289569931	0.00494413931	0.00226439544	0.0247647944	0.0198206551	0	0	0	0	0	3
13	21	0	0.116645243	0.00272074291	0.00477310881	0.00226439544	0.0247647944	0.0199916856	0	0	0	0	0	3
14	22	0	0.125617954	0.00270030397	0.00462505132	0.00226439544	0.0247647944	0.0201397431	0	0	0	0	0	3
15	24	0	0.134590665	0.00256393109	0.00448764331	0.00226439544	0.0247647944	0.0202771511	0	0	0	0	0	3
16	25	0	0.143563376	0.00264751885	0.00437263553	0.00226439544	0.0247647944	0.0203921588	0	0	0	0	0	3
17	26	0	0.152536087	0.00244091721	0.00425900504	0.00226439544	0.0247647944	0.0205057893	0	0	0	0	0	3
18	27	0	0.161508798	0.00248136393	0.0041602472	0.00226439544	0.0247647944	0.0206045472	0	0	0	0	0	3
19	28	0	0.170481509	0.00238111981	0.00406660892	0.00226439544	0.0247647944	0.0206981855	0	0	0	0	0	3
20	30	0	0.17945422	0.0024574935	0.00398615315	0.00226439544	0.0247647944	0.0207786412	0	0	0	0	0	3
21	31	0	0.188426931	0.00240784013	0.00391099538	0.00226439544	0.0247647944	0.020853799	0	0	0	0	0	3
22	32	0	0.197399642	0.00247309672	0.00384563635	0.00226439544	0.0247647944	0.020919158	0	0	0	0	0	3
23	33	0	0.206372353	0.00244296133	0.00378465048	0.00226439544	0.0247647944	0.0209801439	0	0	0	0	0	3
24	34	0	0.215345064	0.00247469761	0.00373006911	0.00226439544	0.0247647944	0.0210347253	0	0	0	0	0	3
25	36	0	0.224317775	0.00245571088	0.00367909478	0.00226439544	0.0247647944	0.0210856996	0	0	0	0	0	3
26	37	0	0.233290486	0.00247224837	0.00363267761	0.00226439544	0.0247647944	0.0211321168	0	0	0	0	0	3
27	38	0	0.242263197	0.00247801691	0.0035899124	0.00226439544	0.0247647944	0.021174882	0	0	0	0	0	3
28	40	0	0.251235908	0.0025069723	0.00355123597	0.00226439544	0.0247647944	0.0212135584	0	0	0	0	0	3
29	41	0	0.260208619	0.00257607343	0.00351760968	0.00226439544	0.0247647944	0.0212471847	0	0	0	0	0	3
30	42	0	0.26918133	0.00260550324	0.00348720613	0.00226439544	0.0247647944	0.0212775883	0	0	0	0	0	3
31	43	0	0.278154041	0.00261708122	0.00345913758	0.00226439544	0.0247647944	0.0213056568	0	0	0	0	0	3
32	45	0	0.287126752	0.00263108104	0.00343326082	0.00226439544	0.0247647944	0.0213315336	0	0	0	0	0	3
33	46	0	0.296099463	0.00263643204	0.00340911449	0.00226439544	0.0247647944	0.0213556799	0	0	0	0	0	3
34	47	0	0.305072174	0.00264496714	0.00338663957	0.00226439544	0.0247647944	0.0213781548	0	0	0	0	0	3
35	48	0	0.314044885	0.00263496754	0.00336516322	0.00226439544	0.0247647944	0.0213996312	0	0	0	0	0	3
36	50	0	0.323017596	0.00263771821	0.00334495642	0.00226439544	0.0247647944	0.021419838	0	0	0	0	0	3
37	51	0	0.331990307	0.00262360981	0.00332546056	0.00226439544	0.0247647944	0.0214393338	0	0	0	0	0	3
38	52	0	0.340963018	0.00262285437	0.00330697093	0.00226439544	0.0247647944	0.0214578235	0	0	0	0	0	3
39	54	0	0.349935729	0.00260715674	0.00328902697	0.00226439544	0.0247647944	0.0214757674	0	0	0	0	0	3
40	55	0	0.35890844	0.00260969248	0.00327204361	0.00226439544	0.0247647944	0.0214927508	0	0	0	0	0	3
41	56	0	0.367881151	0.00259256893	0.00325547106	0.00226439544	0.0247647944	0.0215093233	0	0	0	0	0	3
42	58	0	0.376853862	0.00258927935	0.00323960935	0.00226439544	0.0247647944	0.021525185	0	0	0	0	0	3
43	59	0	0.385826573	0.00257657137	0.00322418986	0.00226439544	0.0247647944	0.0215406045	0	0	0	0	0	3
44	61	0	0.394799284	0.00257092356	0.0032093429	0.00226439544	0.0247647944	0.0215554515	0	0	0	0	0	3
45	62	0	0.403771995	0.00257029806	0.0031951419	0.00226439544	0.0247647944	0.0215696525	0	0	0	0	0	3
46	64	0	0.412744707	0.00257204385	0.00318159629	0.00226439544	0.0247647944	0.0215831981	0	0	0	0	0	3
47	65	0	0.421717418	0.0025378468	0.0031678995	0.00226439544	0.0247647944	0.0215968949	0	0	0	0	0	3
48	66	0	0.430690129	0.00254834488	0.00315499211	0.00226439544	0.0247647944	0.0216098023	0	0	0	0	0	3
49	67	0	0.43966284	0.00254777523	0.00314259993	0.00226439544	0.0247647944	0.0216221945	0	0	0	0	0	3
50	69	0	0.448635551	0.00253778779	0.00313050369	0.00226439544	0.0247647944	0.0216342907	0	0	0	0	0	3
51	70	0	0.457608262	0.00253460143	0.00311881933	0.00226439544	0.0247647944	0.0216459751	0	0	0	0	0	3
52	72	0	0.466580973	0.00253637507	0.00310761848	0.00226439544	0.0247647944	0.0216571759	0	0	0	0	0	3
53	73	0	0.475553684	0.0025163945	0.00309646331	0.00226439544	0.0247647944	0.0216683311	0	0	0	0	0	3
54	74	0	0.484526395	0.00250985425	0.00308560018	0.00226439544	0.0247647944	0.0216791942	0	0	0	0	0	3
55	76	0	0.493499106	0.00250150415	0.00307498025	0.00226439544	0.0247647944	0.0216898141	0	0	0	0	0	3
56	77	0	0.502471817	0.00250158381	0.00306474103	0.00226439544	0.0247647944	0.0217000534	0	0	0	0	0	3
57	79	0	0.511444528	0.00249751381	0.00266711102	0.00226439544	0.00604420454	0.0037798091	0	0	0	0	0	3
58	80	0	0.520417239	0.00247872006	0.00260344165	0.00226439544	0.00441798845	0.00215359301	0	0	0	0	0	3
59	81	0	0.52938995	0.00246845159	0.00256862849	0.00226439544	0.0031224903	0.000858094854	0	0	0	0	0	3
60	83	0	0.538362661	0.00248852847	0.00257263087	0.00238111981	0.0031224903	0.000741370489	0	0	0	0	0	3
61	84	0	0.547335372	0.00246399866	0.00256725826	0.00238111981	0.0031224903	0.000741370489	0	0	0	0	0	3
62	85	0	0.556308083	0.00246221396	0.00256700408	0.00238111981	0.0031224903	0.000741370489	0	0	0	0	0	3
63	87	0	0.565280794	0.00247305317	0.00256557459	0.00238111981	0.0031224903	0.000741370489	0	0	0	0	0	3
64	88	0	0.574253505	0.00246870526	0.00256488253	0.00238111981	0.0031224903	0.000741370489	0	0	0	0	0	3
65	89	0	0.583226216	0.00245942914	0.00256276815	0.00238111981	0.0031224903	0.000741370489	0	0	0	0	0	3
66	91	0	0.592198927	0.00245231103	0.00255080066	0.00238111981	0.00294038684	0.000559267032	0	0	0	0	0	3
67	92	0	0.601171638	0.0024688788	0.00254238088	0.00238111981	0.00289569931	0.000514579506	0	0	0	0	0	3
68	93	0	0.610144349	0.00244766551	0.00253438027	0.00238111981	0.00272074291	0.000339623101	0	0	0	0	0	3
69	95	0	0.61911706	0.00245101239	0.00252956366	0.00238111981	0.00270030397	0.000319184162	0	0	0	0	0	3
70	96	0	0.628089771	0.00243519226	0.00252482952	0.00238111981	0.00264751885	0.000266399038	0	0	0	0	0	3
71	97	0	0.637062482	0.00246562519	0.00252307406	0.00238111981	0.00264751885	0.000266399038	0	0	0	0	0	3
72	99	0	0.646035193	0.00244330002	0.00251942729	0.00238111981	0.00264496714	0.000263847335	0	0	0	0	0	3
73	100	0	0.655007904	0.00244941034	0.00251957895	0.00238111981	0.00264496714	0.000263847335	0	0	0	0	0	3
74	101	0	0.663980615	0.00242900809	0.00251864403	0.00238111981	0.00264496714	0.000263847335	0	0	0	0	0	3
75	103	0	0.672953326	0.00245681091	0.00251999566	0.00240784013	0.00264496714	0.00023712701	0	0	0	0	0	3
76	104	0	0.681926037	0.00241621221	0.00251925849	0.00240784013	0.00264496714	0.00023712701	0	0	0	0	0	3
77	105	0	0.690898748	0.00244064617	0.00251984431	0.00241621221	0.00264496714	0.000228754929	0	0	0	0	0	3
78	106	0	0.699871459	0.00243063261	0.00251908602	0.00241621221	0.00264496714	0.000228754929	0	0	0	0	0	3
79	108	0	0.70884417	0.00245229177	0.00251925264	0.00241621221	0.00264496714	0.000228754929	0	0	0	0	0	3
80	109	0	0.717816881	0.00242722637	0.00251840494	0.00241621221	0.00264496714	0.000228754929	0	0	0	0	0	3
81	110	0	0.726789592	0.00243637016	0.00251805957	0.00241621221	0.00264496714	0.000228754929	0	0	0	0	0	3
82	112	0	0.735762303	0.00241927997	0.0025171137	0.00241621221	0.00264496714	0.000228754929	0	0	0	0	0	3
83	113	0	0.744735014	0.00245199742	0.00251664907	0.00241621221	0.00264496714	0.000228754929	0	0	0	0	0	3
84	114	0	0.753707725	0.0024420151	0.00251548912	0.00241621221	0.00264496714	0.000228754929	0	0	0	0	0	3
85	116	0	0.762680436	0.00247072567	0.00251360791	0.00241621221	0.00264496714	0.000228754929	0	0	0	0	0	3
86	117	0	0.771653147	0.00245769225	0.00251096843	0.00241621221	0.00264496714	0.000228754929	0	0	0	0	0	3
87	118	0	0.780625858	0.00246633322	0.0025082765	0.00241621221	0.00264496714	0.000228754929	0	0	0	0	0	3
88	120	0	0.789598569	0.0024515058	0.0025050698	0.00241621221	0.00264496714	0.000228754929	0	0	0	0	0	3
89	121	0	0.79857128	0.00248041303	0.00250228375	0.00241621221	0.00264496714	0.000228754929	0	0	0	0	0	3
90	123	0	0.807543991	0.00246450902	0.00249906128	0.00241621221	0.00263771821	0.000221505993	0	0	0	0	0	3
91	124	0	0.816516702	0.00248717239	0.00249642208	0.00241621221	0.00263771821	0.000221505993	0	0	0	0	0	3
92	125	0	0.825489413	0.00246654314	0.00249336538	0.00241621221	0.00262360981	0.000207397595	0	0	0	0	0	3
93	127	0	0.834462124	0.00247140885	0.00249064751	0.00241621221	0.00262285437	0.000206642152	0	0	0	0	0	3
94	128	0	0.843434835	0.00245559517	0.00248766074	0.00241621221	0.00260969248	0.000193480265	0	0	0	0	0	3
95	129	0	0.852407546	0.00248301031	0.00248544384	0.00241621221	0.00260969248	0.000193480265	0	0	0	0	0	3
96	131	0	0.861380257	0.00246548142	0.00248286864	0.00241621221	0.00259256893	0.000176356716	0	0	0	0	0	3
97	132	0	0.870352968	0.00248605926	0.00248096668	0.00241621221	0.00258927935	0.000173067139	0	0	0	0	0	3
98	134	0	0.879325679	0.00246477255	0.00247874334	0.00241621221	0.00257657137	0.000160359153	0	0	0	0	0	3
99	135	0	0.88829839	0.00246857643	0.00247681486	0.00241621221	0.00257204385	0.000155831635	0	0	0	0	0	3
100	137	0	0.897271101	0.00245051741	0.00247466475	0.00241621221	0.00257204385	0.000155831635	0	0	0	0	0	3
101	142	0	0.906243812	0.00247762154	0.00247300982	0.00241621221	0.00257204385	0.000155831635	0	0	0	0	0	3
102	143	0	0.915216523	0.00245783782	0.00247097042	0.00241621221	0.00254834488	0.000132132667	0	0	0	0	0	3
103	144	0	0.924189234	0.00248087824	0.00246995313	0.00241621221	0.00254834488	0.000132132667	0	0	0	0	0	3
104	146	0	0.933161945	0.00246120003	0.00246839697	0.00241621221	0.00254777523	0.000131563013	0	0	0	0	0	3
105	147	0	0.942134656	0.00246911618	0.00246699234	0.00241621221	0.00253778779	0.000121575571	0	0	0	0	0	3
106	149	0	0.951107367	0.00245427695	0.00246550108	0.00241621221	0.00253637507	0.000120162857	0	0	0	0	0	3
107	150	0	0.960080078	0.00248524801	0.00246461977	0.00241621221	0.00253637507	0.000120162857	0	0	0	0	0	3
108	152	0	0.969052789	0.00246940395	0.00246342385	0.00241621221	0.0025163945	0.000100182289	0	0	0	0	0	3
109	153	0	0.9780255	0.00249355988	0.00246301609	0.00241621221	0.00250985425	9.36420405e-05	0	0	0	0	0	3
110	155	0	0.986998211	0.00247137167	0.0024623289	0.00241621221	0.00250158381	8.53715938e-05	0	0	0	0	0	3
111	156	0	0.995970922	0.00247556779	0.00246186575	0.00241621221	0.00250158381	8.53715938e-05	0	0	0	0	0	3
112	157	0	1.00494363	0.00245805415	0.00246108844	0.00241621221	0.00249751381	8.13015975e-05	6.46077903e-05	0	79.4	0	0	3
113	159	0	1.01391634	0.0024869659	0.00246090008	0.00241621221	0.00249355988	7.73476636e-05	6.46077903e-05	0	83.5	0	0	3
114	160	0	1.02288906	0.00247374946	0.00246081132	0.00241621221	0.00249355988	7.73476636e-05	6.46077903e-05	0	83.5	0	0	3
115	162	0	1.03186177	0.00249454701	0.00246127731	0.00241621221	0.00249454701	7.83347997e-05	6.46077903e-05	0	82.4	0	0	3
116	164	0	1.04083448	0.00247469306	0.00246103025	0.00241621221	0.00249454701	7.83347997e-05	6.46077903e-05	0	82.4	0	0	3
117	165	0	1.04980719	0.00247935662	0.0024613045	0.00241621221	0.00249454701	7.83347997e-05	6.46077903e-05	0	82.4	0	0	3
118	166	0	1.0587799	0.00246387137	0.0024613341	0.00241621221	0.00249454701	7.83347997e-05	6.46077903e-05	0	82.4	0	0	3
119	168	0	1.06775261	0.00248465892	0.00246154134	0.00241621221	0.00249454701	7.83347997e-05	6.46077903e-05	0	82.4	0	0	3
120	170	0	1.07672532	0.00246417092	0.00246146037	0.00241621221	0.00249454701	7.83347997e-05	6.46077903e-05	0	82.4	0	0	3
121	171	0	1.08569803	0.00248505527	0.00246191798	0.00241621221	0.00249454701	7.83347997e-05	6.46077903e-05	0	82.4	0	0	3
122	172	0	1.09467074	0.00246795114	0.00246219727	0.00241621221	0.00249454701	7.83347997e-05	6.46077903e-05	0	82.4	0	0	3
123	174	0	1.10364345	0.00247122201	0.00246223911	0.00241621221	0.00249454701	7.35689497e-05	6.46077903e-05	0	87.8	0	0	3
124	175	0	1.11261617	0.00245513456	0.00246237249	0.00241621221	0.00249454701	6.87523334e-05	6.46077903e-05	0	93.9	0	0	3
125	177	0	1.12158888	0.00248294942	0.00246294279	0.00241621221	0.00249454701	6.40181958e-05	6.46077903e-05	0	100	0	0	3
126	178	0	1.13056159	0.00246820429	0.00246353229	0.00241621221	0.00249454701	6.22627333e-05	6.46077903e-05	0	100	0	0	3
127	180	0	1.1395343	0.00248810598	0.00246393374	0.00241621221	0.00249454701	5.91843329e-05	6.46077903e-05	0	100	0	0	3
128	181	0	1.14850701	0.00246753764	0.00246436655	0.00241621221	0.00249454701	5.91843329e-05	6.46077903e-05	0	100	0	0	3
129	183	0	1.15747972	0.00247292143	0.00246478639	0.00241621221	0.00249454701	5.91843329e-05	6.46077903e-05	0	100	0	0	3
130	184	0	1.16645243	0.00245937046	0.00246532858	0.00241621221	0.00249454701	5.91843329e-05	6.46077903e-05	0	100	0	0	3
131	185	0	1.17542514	0.00248150038	0.00246576946	0.00241621221	0.00249454701	5.90329891e-05	6.46077903e-05	0	100	0	0	3
132	187	0	1.18439785	0.00246231466	0.00246659272	0.00241927997	0.00249454701	5.90329891e-05	6.46077903e-05	0	100	0	0	3
133	188	0	1.19337056	0.00248327765	0.00246735399	0.00241927997	0.00249454701	5.84413163e-05	6.46077903e-05	0	100	0	0	3
134	190	0	1.20234328	0.00246361427	0.00246794295	0.00241927997	0.00249454701	5.84413163e-05	6.46077903e-05	0	100	0	0	3
135	191	0	1.21131599	0.0024690755	0.00246824266	0.00241927997	0.00249454701	5.75936155e-05	6.46077903e-05	0	100	0	0	3
136	193	0	1.2202887	0.00245241173	0.0024686924	0.00241927997	0.00249454701	5.72482455e-05	6.46077903e-05	0	100	0	0	3
137	194	0	1.22926141	0.00247944046	0.00246946151	0.00241927997	0.00249454701	5.63023812e-05	6.46077903e-05	0	100	0	0	3
138	196	0	1.23823412	0.00246107115	0.00247020778	0.0024420151	0.00249454701	5.25319142e-05	6.46077903e-05	0	100	0	0	3
139	197	0	1.24720683	0.00248361747	0.00247077243	0.0024420151	0.00249454701	5.25319142e-05	6.46077903e-05	0	100	0	0	3
140	198	0	1.25617954	0.00246373097	0.00247116021	0.00245051741	0.00249454701	4.40296028e-05	6.46077903e-05	0	100	0	0	3
141	200	0	1.26515225	0.00246867216	0.00247112354	0.00245051741	0.00249454701	4.40296028e-05	6.46077903e-05	0	100	0	0	3
142	201	0	1.27412496	0.00245344551	0.00247104771	0.00245051741	0.00249454701	4.40296028e-05	6.46077903e-05	0	100	0	0	3
143	203	0	1.28309767	0.0024810081	0.00247130976	0.00245051741	0.00249454701	4.40296028e-05	6.46077903e-05	0	100	0	0	3
144	204	0	1.29207039	0.00246464235	0.00247154434	0.00245051741	0.00249454701	4.14724226e-05	6.46077903e-05	0	100	0	0	3
145	205	0	1.3010431	0.00249007323	0.00247171684	0.00245051741	0.00249454701	3.82499561e-05	6.46077903e-05	0	100	0	0	3
146	207	0	1.31001581	0.00247195804	0.00247184986	0.00245051741	0.00249454701	3.56107571e-05	6.46077903e-05	0	100	0	0	3
147	208	0	1.31898852	0.0024794722	0.00247171236	0.00245051741	0.00249454701	3.25540594e-05	6.46077903e-05	0	100	0	0	3
148	210	0	1.32796123	0.00246428495	0.00247167203	0.00245051741	0.00249454701	2.98361852e-05	6.46077903e-05	0	100	0	0	3
149	211	0	1.33693394	0.002491159	0.00247202471	0.00245051741	0.00249454701	2.68494138e-05	6.46077903e-05	0	100	0	0	3
150	213	0	1.34590665	0.00247471698	0.00247236618	0.00245051741	0.00249454701	2.46325131e-05	6.46077903e-05	0	100	0	0	3
151	214	0	1.35487936	0.00249920272	0.00247265533	0.00245051741	0.00249920272	2.20573156e-05	6.46077903e-05	0	100	0	0	3
152	215	0	1.36385207	0.00248105203	0.00247293337	0.00245051741	0.00249920272	2.01553572e-05	6.46077903e-05	0	100	0	0	3
153	217	0	1.37282478	0.0024873055	0.00247295563	0.00245051741	0.00249920272	1.79320213e-05	6.46077903e-05	0	100	0	0	3
154	218	0	1.3817975	0.0024704491	0.00247305699	0.00245051741	0.00249920272	1.60035403e-05	6.46077903e-05	0	100	0	0	3
155	220	0	1.39077021	0.0024939671	0.0024735104	0.00245051741	0.00249920272	1.38534305e-05	6.46077903e-05	0	100	0	0	3
156	221	0	1.39974292	0.00247423581	0.00247393394	0.00245241173	0.00249920272	1.31226179e-05	6.46077903e-05	0	100	0	0	3
157	222	0	1.40871563	0.0024891342	0.00247413952	0.00245241173	0.00249920272	1.3328201e-05	6.46077903e-05	0	100	0	0	3
158	224	0	1.41768834	0.0024658844	0.00247428321	0.00245241173	0.00249920272	1.34718899e-05	6.46077903e-05	0	100	0	0	3
159	225	0	1.42666105	0.00247114383	0.00247410938	0.00245241173	0.00249920272	1.34718899e-05	6.46077903e-05	0	100	0	0	3
160	227	0	1.43563376	0.00245799	0.00247405206	0.00245241173	0.00249920272	1.34718899e-05	6.46077903e-05	0	100	0	0	3
161	228	0	1.44460647	0.00248242832	0.00247428978	0.00245241173	0.00249920272	1.34784559e-05	6.46077903e-05	0	100	0	0	3
162	230	0	1.45357918	0.00246458294	0.00247447381	0.00245241173	0.00249920272	1.36624914e-05	6.46077903e-05	0	100	0	0	3
163	231	0	1.46255189	0.00248709646	0.00247450682	0.00245241173	0.00249920272	1.36954994e-05	6.46077903e-05	0	100	0	0	3
164	232	0	1.47152461	0.00246775683	0.00247447741	0.00245241173	0.00249920272	1.36954994e-05	6.46077903e-05	0	100	0	0	3
165	234	0	1.48049732	0.00247498618	0.00247414574	0.00245241173	0.00249920272	1.36954994e-05	6.46077903e-05	0	100	0	0	3
166	235	0	1.48947003	0.00246164556	0.00247397206	0.00245241173	0.00249920272	1.36954994e-05	6.46077903e-05	0	100	0	0	3
167	237	0	1.49844274	0.00249133234	0.00247425357	0.00245241173	0.00249920272	1.36954994e-05	6.46077903e-05	0	100	0	0	3
168	238	0	1.50741545	0.00247717869	0.00247459508	0.00245241173	0.00249920272	1.37837524e-05	6.46077903e-05	0	100	0	0	3
169	240	0	1.51638816	0.00249718965	0.00247477764	0.00245241173	0.00249920272	1.39663195e-05	6.46077903e-05	0	100	0	0	3
170	241	0	1.52536087	0.00247625903	0.00247482246	0.00245241173	0.00249920272	1.37922044e-05	6.46077903e-05	0	100	0	0	3
171	243	0	1.53433358	0.00247904517	0.00247454564	0.00245241173	0.00249920272	1.37922044e-05	6.46077903e-05	0	100	0	0	3
172	244	0	1.54330629	0.00246007459	0.00247428459	0.00245241173	0.00249920272	1.35179551e-05	6.46077903e-05	0	100	0	0	3
173	246	0	1.552279	0.00248443748	0.00247437532	0.00245241173	0.00249920272	1.34883585e-05	6.46077903e-05	0	100	0	0	3
174	247	0	1.56125172	0.00246630297	0.00247441874	0.00245241173	0.00249920272	1.33620834e-05	6.46077903e-05	0	100	0	0	3
175	249	0	1.57022443	0.00248355706	0.00247439907	0.00245241173	0.00249920272	1.33620834e-05	6.46077903e-05	0	100	0	0	3
176	250	0	1.57919714	0.00246156013	0.00247435245	0.00245241173	0.00249920272	1.29044738e-05	6.46077903e-05	0	100	0	0	3
177	251	0	1.58816985	0.00246574584	0.00247400764	0.00245241173	0.00249920272	1.26251862e-05	6.46077903e-05	0	100	0	0	3
178	253	0	1.59714256	0.00245164995	0.00247371654	0.00245164995	0.00249920272	1.25833433e-05	6.46077903e-05	0	100	0	0	3
179	254	0	1.60611527	0.00247384265	0.00247376334	0.00245164995	0.00249920272	1.24499674e-05	6.46077903e-05	0	100	0	0	3
180	256	0	1.61508798	0.00245503653	0.00247376159	0.00245164995	0.00249920272	1.18796634e-05	6.46077903e-05	0	100	0	0	3
181	257	0	1.62406069	0.0024769096	0.00247365374	0.00245164995	0.00249920272	1.12901628e-05	6.46077903e-05	0	100	0	0	3
182	258	0	1.6330334	0.00246101293	0.00247352532	0.00245164995	0.00249920272	1.08887203e-05	6.46077903e-05	0	100	0	0	3
183	260	0	1.64200612	0.00246343515	0.00247308477	0.00245164995	0.00249920272	1.04559057e-05	6.46077903e-05	0	100	0	0	3
184	261	0	1.65097883	0.00244650531	0.00247270919	0.00244650531	0.00249920272	1.00360649e-05	6.46077903e-05	0	100	0	0	3
185	263	0	1.65995154	0.00247303545	0.00247271123	0.00244650531	0.00249920272	9.49387979e-06	6.46077903e-05	0	100	0	0	3
186	264	0	1.66892425	0.00245828833	0.0024726919	0.00244650531	0.00249920272	9.05299635e-06	6.46077903e-05	0	100	0	0	3
187	265	0	1.67789696	0.00247867785	0.0024726415	0.00244650531	0.00249920272	8.22973837e-06	6.46077903e-05	0	100	0	0	3
188	267	0	1.68686967	0.00246007595	0.00247260152	0.00244650531	0.00249920272	7.46846181e-06	6.46077903e-05	0	100	0	0	3
189	268	0	1.69584238	0.00246710777	0.00247231278	0.00244650531	0.00249920272	6.87950359e-06	6.46077903e-05	0	100	0	0	3
190	269	0	1.70481509	0.00245520295	0.00247216257	0.00244650531	0.00249920272	6.57979411e-06	6.46077903e-05	0	100	0	0	3
191	271	0	1.7137878	0.00248055794	0.00247236762	0.00244650531	0.00249920272	6.13005539e-06	6.46077903e-05	0	100	0	0	3
192	272	0	1.72276051	0.00246502649	0.00247259288	0.00244650531	0.00249920272	5.36094296e-06	6.46077903e-05	0	100	0	0	3
193	274	0	1.73173323	0.00248968761	0.00247277587	0.00244650531	0.00249920272	4.61467184e-06	6.46077903e-05	0	100	0	0	3
194	275	0	1.74070594	0.00247073957	0.00247294852	0.00244650531	0.00249920272	4.05002817e-06	6.46077903e-05	0	100	0	0	3
195	276	0	1.74967865	0.0024788395	0.0024728632	0.00244650531	0.00249920272	3.77474924e-06	6.46077903e-05	0	100	0	0	3
196	278	0	1.75865136	0.002465689	0.00247289816	0.00244650531	0.00249920272	3.77474924e-06	6.46077903e-05	0	100	0	0	3
197	279	0	1.76762407	0.00249541321	0.00247337568	0.00244650531	0.00249920272	3.77474924e-06	6.46077903e-05	0	100	0	0	3
198	280	0	1.77659678	0.0024766981	0.0024737909	0.00244650531	0.00249920272	3.51269786e-06	6.46077903e-05	0	100	0	0	3
199	282	0	1.78556949	0.00249805249	0.00247409527	0.00244650531	0.00249920272	3.27811655e-06	6.46077903e-05	0	100	0	0	3
200	283	0	1.7945422	0.00247588808	0.00247429608	0.00244650531	0.00249920272	3.15042309e-06	6.46077903e-05	0	100	0	0	3
201	288	0	1.80351491	0.00248003117	0.00247411676	0.00244650531	0.00249920272	3.15042309e-06	6.46077903e-05	0	100	0	0	3
202	289	0	1.81248762	0.00246227734	0.00247394389	0.00244650531	0.00249920272	3.15042309e-06	6.46077903e-05	0	100	0	0	3
203	290	0	1.82146034	0.00248848834	0.00247410489	0.00244650531	0.00249920272	3.15042309e-06	6.46077903e-05	0	100	0	0	3
204	292	0	1.83043305	0.00247356765	0.00247427066	0.00244650531	0.00249920272	2.7977419e-06	6.46077903e-05	0	100	0	0	3
205	293	0	1.83940576	0.00249387445	0.00247431915	0.00244650531	0.00249920272	2.65988237e-06	6.46077903e-05	0	100	0	0	3
206	295	0	1.84837847	0.00247450901	0.00247431543	0.00244650531	0.00249920272	2.65988237e-06	6.46077903e-05	0	100	0	0	3
207	296	0	1.85735118	0.00247874094	0.00247395004	0.00244650531	0.00249805249	2.65988237e-06	6.46077903e-05	0	100	0	0	3
208	297	0	1.86632389	0.00246332771	0.00247363354	0.00244650531	0.00249805249	2.65988237e-06	6.46077903e-05	0	100	0	0	3
209	299	0	1.8752966	0.00248005434	0.00247350405	0.00244650531	0.00249805249	2.65988237e-06	6.46077903e-05	0	100	0	0	3
210	300	0	1.88426931	0.00246719837	0.00247344601	0.00244650531	0.00249805249	2.65988237e-06	6.46077903e-05	0	100	0	0	3
211	301	0	1.89324202	0.00245624603	0.00247277241	0.00244650531	0.00249805249	2.65988237e-06	6.46077903e-05	0	100	0	0	3
212	303	0	1.90221473	0.00245049652	0.0024723485	0.00244650531	0.00249805249	2.65988237e-06	6.46077903e-05	0	100	0	0	3
213	304	0	1.91118745	0.00248271038	0.00247223379	0.00244650531	0.00249805249	2.65988237e-06	6.46077903e-05	0	100	0	0	3
214	306	0	1.92016016	0.00246249248	0.00247217322	0.00244650531	0.00249805249	2.65988237e-06	6.46077903e-05	0	100	0	0	3
215	307	0	1.92913287	0.0024810109	0.00247234942	0.00244650531	0.00249805249	2.65988237e-06	6.46077903e-05	0	100	0	0	3
216	309	0	1.93810558	0.00245405748	0.00247227919	0.00244650531	0.00249805249	2.65988237e-06	6.46077903e-05	0	100	0	0	3
217	310	0	1.94707829	0.00245593421	0.00247180608	0.00244650531	0.00249805249	3.01637335e-06	6.46077903e-05	0	100	0	0	3
218	311	0	1.956051	0.002435983	0.00247129537	0.002435983	0.00249805249	3.5270866e-06	6.46077903e-05	0	100	0	0	3
219	313	0	1.96502371	0.00245714654	0.00247076055	0.002435983	0.00249805249	4.06190659e-06	6.46077903e-05	0	100	0	0	3
220	314	0	1.97399642	0.00242394556	0.00246997821	0.00242394556	0.00249805249	4.84425067e-06	6.46077903e-05	0	100	0	0	3
221	315	0	1.98296913	0.00244530392	0.00246944817	0.00242394556	0.00249805249	5.37429111e-06	6.46077903e-05	0	100	0	0	3
222	317	0	1.99194184	0.00244062519	0.0024690728	0.00242394556	0.00249805249	5.74965495e-06	6.46077903e-05	0	100	0	0	3
223	318	0	2.00091456	0.00245497248	0.00246842352	0.00242394556	0.00249805249	6.39893816e-06	6.46077903e-05	0	100	0	0	3
224	320	0	2.00988727	0.00243700038	0.00246770605	0.00242394556	0.00249805249	7.11640813e-06	6.46077903e-05	0	100	0	0	3
225	321	0	2.01885998	0.00243617743	0.00246661654	0.00242394556	0.00249805249	8.2059122e-06	6.46077903e-05	0	100	0	0	3
226	322	0	2.02783269	0.00241776705	0.00246557204	0.00241776705	0.00249805249	8.97359312e-06	6.46077903e-05	0	100	0	0	3
227	323	0	2.0368054	0.00243192666	0.00246473064	0.00241776705	0.00249805249	9.68810229e-06	6.46077903e-05	0	100	0	0	3
228	325	0	2.04577811	0.00243514078	0.0024642854	0.00241776705	0.00249805249	1.01333489e-05	6.46077903e-05	0	100	0	0	3
229	326	0	2.05475082	0.00241064167	0.00246296761	0.00241064167	0.00249805249	1.14511312e-05	6.46077903e-05	0	100	0	0	3
230	328	0	2.06372353	0.00241843409	0.00246211281	0.00241064167	0.00249805249	1.22862567e-05	6.46077903e-05	0	100	0	0	3
231	329	0	2.07269624	0.00242702572	0.00246110332	0.00241064167	0.00249805249	1.32491237e-05	6.46077903e-05	0	100	0	0	3
232	330	0	2.08166895	0.00242234191	0.002460403	0.00241064167	0.00249805249	1.39161491e-05	6.46077903e-05	0	100	0	0	3
233	332	0	2.09064167	0.00240387155	0.0024592981	0.00240387155	0.00249805249	1.5021047e-05	6.46077903e-05	0	100	0	0	3
234	333	0	2.09961438	0.00240032024	0.0024583815	0.00240032024	0.00249805249	1.59376489e-05	6.46077903e-05	0	100	0	0	3
235	334	0	2.10858709	0.00241063818	0.00245725285	0.00240032024	0.00249805249	1.70663003e-05	6.46077903e-05	0	100	0	0	3
236	336	0	2.1175598	0.00241151945	0.00245647576	0.00240032024	0.00249805249	1.78433911e-05	6.46077903e-05	0	100	0	0	3
237	337	0	2.12653251	0.00240160843	0.00245513109	0.00240032024	0.00249805249	1.91880549e-05	6.46077903e-05	0	100	0	0	3
238	339	0	2.13550522	0.00240465954	0.00245412478	0.00240032024	0.00249805249	2.01943654e-05	6.46077903e-05	0	100	0	0	3
239	340	0	2.14447793	0.00241685298	0.00245329296	0.00240032024	0.00249805249	2.10261898e-05	6.46077903e-05	0	100	0	0	3
240	341	0	2.15345064	0.00241625952	0.00245275285	0.00240032024	0.00249805249	2.15662932e-05	6.46077903e-05	0	100	0	0	3
241	343	0	2.16242335	0.00240125134	0.002451471	0.00240032024	0.00249805249	2.28481522e-05	6.46077903e-05	0	100	0	0	3
242	344	0	2.17139606	0.00239877192	0.0024504082	0.00239877192	0.00249805249	2.39109451e-05	6.46077903e-05	0	100	0	0	3
243	345	0	2.18036878	0.00240560777	0.00244910338	0.00239877192	0.00249805249	2.52157679e-05	6.46077903e-05	0	100	0	0	3
244	347	0	2.18934149	0.00240077938	0.00244804451	0.00239877192	0.00249805249	2.62746352e-05	6.46077903e-05	0	100	0	0	3
245	348	0	2.1983142	0.00238410409	0.0024465623	0.00238410409	0.00249805249	2.77568438e-05	6.46077903e-05	0	100	0	0	3
246	349	0	2.20728691	0.0023856129	0.00244531962	0.00238410409	0.00249805249	2.89995232e-05	6.46077903e-05	0	100	0	0	3
247	351	0	2.21625962	0.0023994933	0.00244387204	0.00238410409	0.00249805249	3.04471061e-05	6.46077903e-05	0	100	0	0	3
248	352	0	2.22523233	0.0024013372	0.00244273473	0.00238410409	0.00249805249	3.15844147e-05	6.46077903e-05	0	100	0	0	3
249	354	0	2.23420504	0.00240539591	0.00244122952	0.00238410409	0.00249805249	3.30896237e-05	6.46077903e-05	0	100	0	0	3
250	355	0	2.24317775	0.00240899554	0.00244012695	0.00238410409	0.00249805249	3.41921956e-05	6.46077903e-05	0	100	0	0	3
251	356	0	2.25215046	0.00239926579	0.00243870599	0.00238410409	0.00249805249	3.56131547e-05	6.46077903e-05	0	100	0	0	3
252	358	0	2.26112317	0.00240089252	0.00243754891	0.00238410409	0.00249805249	3.67702347e-05	6.46077903e-05	0	100	0	0	3
253	359	0	2.27009589	0.00241168217	0.00243605372	0.00238410409	0.00249805249	3.82654318e-05	6.46077903e-05	0	100	0	0	3
254	360	0	2.2790686	0.00241241125	0.00243490574	0.00238410409	0.00249805249	3.94134112e-05	6.46077903e-05	0	100	0	0	3
255	362	0	2.28804131	0.00241868067	0.00243348838	0.00238410409	0.00249387445	4.08307651e-05	6.46077903e-05	0	100	0	0	3
256	363	0	2.29701402	0.0024250154	0.00243257994	0.00238410409	0.00249387445	4.17392058e-05	6.46077903e-05	0	100	0	0	3
257	364	0	2.30598673	0.00241553956	0.00243142831	0.00238410409	0.00249387445	4.28908417e-05	6.46077903e-05	0	100	0	0	3
258	366	0	2.31495944	0.00241473247	0.00243057929	0.00238410409	0.00249387445	4.37398572e-05	6.46077903e-05	0	100	0	0	3
259	367	0	2.32393215	0.00242287174	0.00242940757	0.00238410409	0.00249387445	4.49115822e-05	6.46077903e-05	0	100	0	0	3
260	368	0	2.33290486	0.00242050763	0.00242846007	0.00238410409	0.00249387445	4.58590825e-05	6.46077903e-05	0	100	0	0	3
261	370	0	2.34187757	0.00240507249	0.00242687432	0.00238410409	0.00248271038	4.7441118e-05	6.46077903e-05	0	100	0	0	3
262	371	0	2.35085028	0.00240817384	0.00242568976	0.00238410409	0.00248271038	4.82602858e-05	6.46077903e-05	0	100	0	0	3
263	372	0	2.359823	0.00242041157	0.00242464816	0.00238410409	0.00248271038	4.8985376e-05	6.46077903e-05	0	100	0	0	3
264	373	0	2.36879571	0.00242151206	0.00242390146	0.00238410409	0.00248271038	4.96025988e-05	6.46077903e-05	0	100	0	0	3
265	375	0	2.37776842	0.00240819001	0.00242261816	0.00238410409	0.00248271038	5.08278417e-05	6.46077903e-05	0	100	0	0	3
266	376	0	2.38674113	0.00240613277	0.00242152771	0.00238410409	0.00248271038	5.12447083e-05	6.46077903e-05	0	100	0	0	3
267	378	0	2.39571384	0.00241493625	0.00242079003	0.00238410409	0.00248271038	5.15593836e-05	6.46077903e-05	0	100	0	0	3
268	379	0	2.40468655	0.00241722674	0.00242019593	0.00238410409	0.00248271038	5.21534868e-05	6.46077903e-05	0	100	0	0	3
269	380	0	2.41365926	0.00240268293	0.00241876687	0.00238410409	0.0024810109	5.35825484e-05	6.46077903e-05	0	100	0	0	3
270	382	0	2.42263197	0.00240181357	0.00241768332	0.00238410409	0.0024810109	5.46661003e-05	6.46077903e-05	0	100	0	0	3
271	383	0	2.43160468	0.0024223485	0.00241663577	0.00238410409	0.00245714654	5.56434198e-05	6.46077903e-05	0	100	0	0	3
272	384	0	2.4405774	0.00238627513	0.00241542537	0.00238410409	0.00245714654	5.63807096e-05	6.46077903e-05	0	100	0	0	3
273	386	0	2.44955011	0.00240205	0.00241446316	0.00238410409	0.00245714654	5.68322144e-05	6.46077903e-05	0	100	0	0	3
274	387	0	2.45852282	0.00239289459	0.00241369372	0.00238410409	0.00245714654	5.70668302e-05	6.46077903e-05	0	100	0	0	3
275	388	0	2.46749553	0.00241135961	0.0024128761	0.00238410409	0.00245497248	5.71021098e-05	6.46077903e-05	0	100	0	0	3
276	390	0	2.47646824	0.00239657671	0.00241238737	0.00238410409	0.00245497248	5.70607989e-05	6.46077903e-05	0	100	0	0	3
277	391	0	2.48544095	0.00239908436	0.00241156202	0.00238410409	0.00245497248	5.75107844e-05	6.46077903e-05	0	100	0	0	3
278	393	0	2.49441366	0.00238565473	0.0024105804	0.00238410409	0.00245497248	5.78431166e-05	6.46077903e-05	0	100	0	0	3
279	394	0	2.50338637	0.00241338909	0.00240983784	0.00238410409	0.00243700038	5.28962885e-05	6.46077903e-05	0	100	0	0	3
280	395	0	2.51235908	0.00239950085	0.00240916821	0.00238410409	0.00243617743	5.20733388e-05	6.46077903e-05	0	100	0	0	3
281	397	0	2.52133179	0.0024156026	0.0024088008	0.00238410409	0.00243514078	5.10366942e-05	6.46077903e-05	0	100	0	0	3
282	398	0	2.53030451	0.00238586046	0.00240823104	0.00238410409	0.00243514078	5.10366942e-05	6.46077903e-05	0	100	0	0	3
283	399	0	2.53927722	0.00240647901	0.00240777662	0.00238410409	0.00243514078	5.10366942e-05	6.46077903e-05	0	100	0	0	3
284	401	0	2.54824993	0.0023991918	0.00240713467	0.00238410409	0.00242702572	4.29216328e-05	6.46077903e-05	0	100	0	0	3
285	402	0	2.55722264	0.00241348848	0.00240718551	0.00238410409	0.00242702572	4.29216328e-05	6.46077903e-05	0	100	0	0	3
286	403	0	2.56619535	0.0024013303	0.00240688008	0.00238410409	0.00242702572	4.29216328e-05	6.46077903e-05	0	100	0	0	3
287	405	0	2.57516806	0.00240868903	0.00240655264	0.00238410409	0.0024250154	4.09113136e-05	6.46077903e-05	0	100	0	0	3
288	406	0	2.58414077	0.00239598148	0.00240608192	0.00238410409	0.0024250154	4.09113136e-05	6.46077903e-05	0	100	0	0	3
289	407	0	2.59311348	0.0024206143	0.0024063809	0.00238410409	0.0024250154	4.09113136e-05	6.46077903e-05	0	100	0	0	3
290	409	0	2.60208619	0.00240912576	0.00240653814	0.00238410409	0.0024250154	4.09113136e-05	6.46077903e-05	0	100	0	0	3
291	410	0	2.6110589	0.00243184055	0.00240691675	0.00238410409	0.00243184055	4.77364673e-05	6.46077903e-05	0	100	0	0	3
292	411	0	2.62003162	0.00241294323	0.00240694218	0.00238410409	0.00243184055	4.77364673e-05	6.46077903e-05	0	100	0	0	3
293	413	0	2.62900433	0.00242176964	0.0024073022	0.00238410409	0.00243184055	4.77364673e-05	6.46077903e-05	0	100	0	0	3
294	414	0	2.63797704	0.0024151623	0.00240748975	0.00238410409	0.00243184055	4.72110393e-05	6.46077903e-05	0	100	0	0	3
295	415	0	2.64694975	0.00244243664	0.0024079466	0.00238410409	0.00244243664	4.66709359e-05	6.46077903e-05	0	100	0	0	3
296	417	0	2.65592246	0.00243003446	0.00240819258	0.00238410409	0.00244243664	4.53890769e-05	6.46077903e-05	0	100	0	0	3
297	418	0	2.66489517	0.00244630526	0.00240899711	0.00238410409	0.00244630526	4.4326284e-05	6.46077903e-05	0	100	0	0	3
298	419	0	2.67386788	0.00241701816	0.00240932294	0.00238410409	0.00244630526	4.30214612e-05	6.46077903e-05	0	100	0	0	3
299	421	0	2.68284059	0.00243951653	0.00240992845	0.00238410409	0.00244630526	4.19625939e-05	6.46077903e-05	0	100	0	0	3
300	422	0	2.6918133	0.00242823758	0.00241041878	0.00238410409	0.00244630526	4.04803853e-05	6.46077903e-05	0	100	0	0	3
301	426	0	2.70078601	0.00244891721	0.00241157615	0.0023856129	0.00244891721	3.92377059e-05	6.46077903e-05	0	100	0	0	3
302	428	0	2.70975873	0.00243710578	0.00241249567	0.00238565473	0.00244891721	3.7790123e-05	6.46077903e-05	0	100	0	0	3
303	429	0	2.71873144	0.00243894585	0.00241320018	0.00238565473	0.00244891721	3.66528144e-05	6.46077903e-05	0	100	0	0	3
304	430	0	2.72770415	0.0024180842	0.00241349923	0.00238565473	0.00244891721	3.51476054e-05	6.46077903e-05	0	100	0	0	3
305	431	0	2.73667686	0.00244051516	0.00241412636	0.00238565473	0.00244891721	3.40450336e-05	6.46077903e-05	0	100	0	0	3
306	433	0	2.74564957	0.00243872657	0.00241465727	0.00238565473	0.00244891721	3.26240745e-05	6.46077903e-05	0	100	0	0	3
307	434	0	2.75462228	0.0024469955	0.00241550959	0.00238565473	0.00244891721	3.14669944e-05	6.46077903e-05	0	100	0	0	3
308	435	0	2.76359499	0.00244033487	0.00241621392	0.00238565473	0.00244891721	2.99717974e-05	6.46077903e-05	0	100	0	0	3
309	436	0	2.7725677	0.00244725738	0.00241684919	0.00238565473	0.00244891721	2.88238179e-05	6.46077903e-05	0	100	0	0	3
310	438	0	2.78154041	0.00243361026	0.00241722774	0.00238565473	0.00244891721	2.7406464e-05	6.46077903e-05	0	100	0	0	3
311	439	0	2.79051312	0.00246095508	0.00241798264	0.00238565473	0.00246095508	2.64980233e-05	6.46077903e-05	0	100	0	0	3
312	440	0	2.79948584	0.0024458059	0.0024183539	0.00238565473	0.00246095508	2.53463874e-05	6.46077903e-05	0	100	0	0	3
313	442	0	2.80845855	0.00246724312	0.00241927718	0.00238565473	0.00246724312	2.44973719e-05	6.46077903e-05	0	100	0	0	3
314	443	0	2.81743126	0.00245392517	0.00241997705	0.00238565473	0.00246724312	2.33256469e-05	6.46077903e-05	0	100	0	0	3
315	444	0	2.82640397	0.00245210846	0.00242049913	0.00238565473	0.00246724312	2.23781466e-05	6.46077903e-05	0	100	0	0	3
316	445	0	2.83537668	0.00243115315	0.00242068923	0.00238565473	0.00246724312	2.07923974e-05	6.46077903e-05	0	100	0	0	3
317	447	0	2.84434939	0.00245576696	0.00242159449	0.00238565473	0.00246724312	1.96078407e-05	6.46077903e-05	0	100	0	0	3
318	448	0	2.8533221	0.00244427361	0.00242223913	0.00238565473	0.00246724312	1.85662448e-05	6.46077903e-05	0	100	0	0	3
319	449	0	2.86229481	0.00245870802	0.002422923	0.00238565473	0.00246724312	1.78195368e-05	6.46077903e-05	0	100	0	0	3
320	451	0	2.87126752	0.0024475223	0.00242338746	0.00238565473	0.00246724312	1.73055453e-05	6.46077903e-05	0	100	0	0	3
321	452	0	2.88024023	0.00243777014	0.00242391568	0.00238565473	0.00246724312	1.78337618e-05	6.46077903e-05	0	100	0	0	3
322	453	0	2.88921295	0.00243755743	0.00242447683	0.00238565473	0.00246724312	1.83949164e-05	6.46077903e-05	0	100	0	0	3
323	455	0	2.89818566	0.00246137345	0.00242530607	0.00238565473	0.00246724312	1.92241521e-05	6.46077903e-05	0	100	0	0	3
324	456	0	2.90715837	0.00244692496	0.0024258364	0.00238565473	0.00246724312	1.97544774e-05	6.46077903e-05	0	100	0	0	3
325	457	0	2.91613108	0.00245777196	0.00242682013	0.00238565473	0.00246724312	2.07382102e-05	6.46077903e-05	0	100	0	0	3
326	458	0	2.92510379	0.00244329467	0.00242756086	0.00238565473	0.00246724312	2.14789441e-05	6.46077903e-05	0	100	0	0	3
327	460	0	2.9340765	0.00243426489	0.00242777366	0.00238565473	0.00246724312	2.16917369e-05	6.46077903e-05	0	100	0	0	3
328	461	0	2.94304921	0.00243290723	0.00242860637	0.00238565473	0.00246724312	2.25244528e-05	6.46077903e-05	0	100	0	0	3
329	462	0	2.95202192	0.00245320038	0.00242951977	0.00238565473	0.00246724312	2.34378524e-05	6.46077903e-05	0	100	0	0	3
330	463	0	2.96099463	0.00243627932	0.0024302945	0.00238565473	0.00246724312	2.42125797e-05	6.46077903e-05	0	100	0	0	3
331	465	0	2.96996734	0.0024549518	0.00243107293	0.00238565473	0.00246724312	2.49910116e-05	6.46077903e-05	0	100	0	0	3
332	466	0	2.97894006	0.00245126717	0.00243204955	0.00238565473	0.00246724312	2.5967627e-05	6.46077903e-05	0	100	0	0	3
333	468	0	2.98791277	0.00243839708	0.00243275156	0.00238565473	0.00246724312	2.66696398e-05	6.46077903e-05	0	100	0	0	3
334	469	0	2.99688548	0.0024308212	0.0024335581	0.00238586046	0.00246724312	2.74761839e-05	6.46077903e-05	0	100	0	0	3
335	470	0	3.00585819	0.00245825072	0.0024343592	0.00238586046	0.00246724312	2.82772843e-05	6.46077903e-05	0	100	0	0	3
336	472	0	3.0148309	0.00244740356	0.00243521461	0.00238586046	0.00246724312	2.91326899e-05	6.46077903e-05	0	100	0	0	3
337	473	0	3.02380361	0.00246220514	0.0024360468	0.00238586046	0.00246724312	2.99648781e-05	6.46077903e-05	0	100	0	0	3
338	474	0	3.03277632	0.00244770215	0.00243715111	0.00239598148	0.00246724312	3.10691939e-05	6.46077903e-05	0	100	0	0	3
339	476	0	3.04174903	0.00243815125	0.00243771669	0.00239598148	0.00246724312	3.16347696e-05	6.46077903e-05	0	100	0	0	3
340	477	0	3.05072174	0.00243678621	0.00243838802	0.00239598148	0.00246724312	3.23060985e-05	6.46077903e-05	0	100	0	0	3
341	478	0	3.05969445	0.00246119534	0.00243923993	0.00239598148	0.00246724312	3.31580067e-05	6.46077903e-05	0	100	0	0	3
342	480	0	3.06866717	0.00244648378	0.00244004624	0.00239598148	0.00246724312	3.39643188e-05	6.46077903e-05	0	100	0	0	3
343	481	0	3.07763988	0.00245902543	0.0024409451	0.00239598148	0.00246724312	3.48631831e-05	6.46077903e-05	0	100	0	0	3
344	482	0	3.08661259	0.00244754924	0.00244186595	0.00240912576	0.00246724312	3.54850584e-05	6.46077903e-05	0	100	0	0	3
345	484	0	3.0955853	0.00243635206	0.00244214699	0.00240912576	0.00246724312	3.56088485e-05	6.46077903e-05	0	100	0	0	3
346	485	0	3.10455801	0.00242718893	0.00244246954	0.00241294323	0.00246724312	3.55527913e-05	6.46077903e-05	0	100	0	0	3
347	487	0	3.11353072	0.00245061061	0.00244280472	0.00241294323	0.00246724312	3.58625462e-05	6.46077903e-05	0	100	0	0	3
348	488	0	3.12250343	0.00243205218	0.00244314595	0.0024151623	0.00246724312	3.58437557e-05	6.46077903e-05	0	100	0	0	3
349	489	0	3.13147614	0.00244928037	0.00244363722	0.0024151623	0.00246724312	3.61474696e-05	6.46077903e-05	0	100	0	0	3
350	490	0	3.14044885	0.00243047116	0.00244391059	0.00241701816	0.00246724312	3.59639911e-05	6.46077903e-05	0	100	0	0	3
351	492	0	3.14942156	0.00243467562	0.002443772	0.00241701816	0.00246724312	3.571801e-05	6.46077903e-05	0	100	0	0	3
352	493	0	3.15839428	0.00241560163	0.00244351427	0.00241560163	0.00246724312	3.49134757e-05	6.46077903e-05	0	100	0	0	3
353	495	0	3.16736699	0.00244141677	0.00244342698	0.00241560163	0.00246724312	3.45876501e-05	6.46077903e-05	0	100	0	0	3
354	496	0	3.1763397	0.00242400036	0.00244355166	0.00241560163	0.00246724312	3.39821367e-05	6.46077903e-05	0	100	0	0	3
355	497	0	3.18531241	0.00244352653	0.00244362327	0.00241560163	0.00246724312	3.34918117e-05	6.46077903e-05	0	100	0	0	3
356	499	0	3.19428512	0.00242571559	0.00244357823	0.00241560163	0.00246724312	3.23344346e-05	6.46077903e-05	0	100	0	0	3
357	500	0	3.20325783	0.0024306644	0.00244325229	0.00241560163	0.00246724312	3.14149189e-05	6.46077903e-05	0	100	0	0	3
358	502	0	3.21223054	0.00241784887	0.00244290841	0.00241560163	0.00246724312	3.07104089e-05	6.46077903e-05	0	100	0	0	3
359	503	0	3.22120325	0.00244451781	0.00244300791	0.00241560163	0.00246724312	3.04113554e-05	6.46077903e-05	0	100	0	0	3
360	504	0	3.23017596	0.0024324321	0.00244326412	0.00241560163	0.00246724312	2.97842259e-05	6.46077903e-05	0	100	0	0	3
361	506	0	3.23914867	0.0024569515	0.00244355763	0.00241560163	0.00246724312	2.92533147e-05	6.46077903e-05	0	100	0	0	3
362	508	0	3.24812139	0.00244349631	0.0024436428	0.00241560163	0.00246724312	2.84009984e-05	6.46077903e-05	0	100	0	0	3
363	509	0	3.2570941	0.0024476418	0.00244365435	0.00241560163	0.00246724312	2.76966707e-05	6.46077903e-05	0	100	0	0	3
364	511	0	3.26606681	0.00243097546	0.00244348721	0.00241560163	0.00246724312	2.70613992e-05	6.46077903e-05	0	100	0	0	3
365	512	0	3.27503952	0.00245687068	0.00244365888	0.00241560163	0.00246724312	2.66828455e-05	6.46077903e-05	0	100	0	0	3
366	514	0	3.28401223	0.00244131709	0.0024437965	0.00241560163	0.00246724312	2.59279454e-05	6.46077903e-05	0	100	0	0	3
367	515	0	3.29298494	0.00246015654	0.00244378224	0.00241560163	0.00246724312	2.55566864e-05	6.46077903e-05	0	100	0	0	3
368	517	0	3.30195765	0.00244345885	0.00244374033	0.00241560163	0.00246724312	2.46334085e-05	6.46077903e-05	0	100	0	0	3
369	519	0	3.31093036	0.00244840445	0.00244340393	0.00241560163	0.00246220514	2.39335389e-05	6.46077903e-05	0	100	0	0	3
370	520	0	3.31990307	0.00243460641	0.00244305895	0.00241560163	0.00246220514	2.34114547e-05	6.46077903e-05	0	100	0	0	3
371	522	0	3.32887579	0.00245900694	0.00244318214	0.00241560163	0.00246220514	2.32213561e-05	6.46077903e-05	0	100	0	0	3
372	523	0	3.3378485	0.00244850245	0.00244349194	0.00241560163	0.00246220514	2.23160977e-05	6.46077903e-05	0	100	0	0	3
