Iteration	CPUTime	PhysTime	Travels	Value	AvValue	MinValue	MaxValue	Delta	Criteria	PrevAvRefValue	Progress	CriteriaType	CriteriaVarType	CriteriaPercentage
1	7	0	0.00897271101	-0.0086898382	-0.0086898382	-0.0086898382	-0.0086898382	0	0	0	0	0	0	3
2	8	0	0.017945422	-0.0016745141	-0.00518217615	-0.0086898382	-0.0016745141	0.00350766205	0	0	0	0	0	3
3	9	0	0.026918133	-0.0012253143	-0.0038632222	-0.0086898382	-0.0012253143	0.004826616	0	0	0	0	0	3
4	11	0	0.035890844	-0.000468074885	-0.00301443537	-0.0086898382	-0.000468074885	0.00567540283	0	0	0	0	0	3
5	12	0	0.0448635551	-0.000628409038	-0.0025372301	-0.0086898382	-0.000468074885	0.00615260809	0	0	0	0	0	3
6	13	0	0.0538362661	-0.000544341986	-0.00220508208	-0.0086898382	-0.000468074885	0.00648475611	0	0	0	0	0	3
7	14	0	0.0628089771	-0.000498285167	-0.00196125395	-0.0086898382	-0.000468074885	0.00672858424	0	0	0	0	0	3
8	15	0	0.0717816881	-0.000479373273	-0.00177601887	-0.0086898382	-0.000468074885	0.00691381933	0	0	0	0	0	3
9	17	0	0.0807543991	-0.000488706238	-0.00163298413	-0.0086898382	-0.000468074885	0.00705685406	0	0	0	0	0	3
10	18	0	0.0897271101	-0.000680883047	-0.00153777402	-0.0086898382	-0.000468074885	0.00715206417	0	0	0	0	0	3
11	19	0	0.0986998211	-0.000600669496	-0.0014525827	-0.0086898382	-0.000468074885	0.00723725549	0	0	0	0	0	3
12	20	0	0.107672532	-0.0006105887	-0.00138241654	-0.0086898382	-0.000468074885	0.00730742166	0	0	0	0	0	3
13	21	0	0.116645243	-0.00054069724	-0.0013176689	-0.0086898382	-0.000468074885	0.0073721693	0	0	0	0	0	3
14	22	0	0.125617954	-0.000546986275	-0.00126262014	-0.0086898382	-0.000468074885	0.00742721806	0	0	0	0	0	3
15	24	0	0.134590665	-0.00049511728	-0.00121145328	-0.0086898382	-0.000468074885	0.00747838492	0	0	0	0	0	3
16	25	0	0.143563376	-0.000560064514	-0.00117074148	-0.0086898382	-0.000468074885	0.00751909671	0	0	0	0	0	3
17	26	0	0.152536087	-0.000472289014	-0.00112965604	-0.0086898382	-0.000468074885	0.00756018215	0	0	0	0	0	3
18	27	0	0.161508798	-0.000488628185	-0.00109404339	-0.0086898382	-0.000468074885	0.00759579481	0	0	0	0	0	3
19	28	0	0.170481509	-0.000445489653	-0.00105990898	-0.0086898382	-0.000445489653	0.00762992922	0	0	0	0	0	3
20	30	0	0.17945422	-0.000482409666	-0.00103103401	-0.0086898382	-0.000445489653	0.00765880418	0	0	0	0	0	3
21	31	0	0.188426931	-0.00045963793	-0.00100382468	-0.0086898382	-0.000445489653	0.00768601352	0	0	0	0	0	3
22	32	0	0.197399642	-0.000489089738	-0.000980427633	-0.0086898382	-0.000445489653	0.00770941056	0	0	0	0	0	3
23	33	0	0.206372353	-0.000478382767	-0.000958599595	-0.0086898382	-0.000445489653	0.0077312386	0	0	0	0	0	3
24	34	0	0.215345064	-0.000492039764	-0.000939159602	-0.0086898382	-0.000445489653	0.00775067859	0	0	0	0	0	3
25	36	0	0.224317775	-0.000483794108	-0.000920944982	-0.0086898382	-0.000445489653	0.00776889321	0	0	0	0	0	3
26	37	0	0.233290486	-0.000488295813	-0.00090430463	-0.0086898382	-0.000445489653	0.00778553357	0	0	0	0	0	3
27	38	0	0.242263197	-0.000486603452	-0.000888834216	-0.0086898382	-0.000445489653	0.00780100398	0	0	0	0	0	3
28	40	0	0.251235908	-0.000494508224	-0.000874751145	-0.0086898382	-0.000445489653	0.00781508705	0	0	0	0	0	3
29	41	0	0.260208619	-0.000512325751	-0.000862253717	-0.0086898382	-0.000445489653	0.00782758448	0	0	0	0	0	3
30	42	0	0.26918133	-0.000523439816	-0.000850959921	-0.0086898382	-0.000445489653	0.00783887828	0	0	0	0	0	3
31	43	0	0.278154041	-0.000523227471	-0.000840387906	-0.0086898382	-0.000445489653	0.00784945029	0	0	0	0	0	3
32	45	0	0.287126752	-0.000529275147	-0.000830665632	-0.0086898382	-0.000445489653	0.00785917256	0	0	0	0	0	3
33	46	0	0.296099463	-0.000525845826	-0.000821428668	-0.0086898382	-0.000445489653	0.00786840953	0	0	0	0	0	3
34	47	0	0.305072174	-0.000530839608	-0.000812881931	-0.0086898382	-0.000445489653	0.00787695627	0	0	0	0	0	3
35	48	0	0.314044885	-0.000521593834	-0.000804559414	-0.0086898382	-0.000445489653	0.00788527878	0	0	0	0	0	3
36	50	0	0.323017596	-0.00052292953	-0.000796736362	-0.0086898382	-0.000445489653	0.00789310183	0	0	0	0	0	3
37	51	0	0.331990307	-0.000511873214	-0.000789037358	-0.0086898382	-0.000445489653	0.00790080084	0	0	0	0	0	3
38	52	0	0.340963018	-0.00051153907	-0.000781734771	-0.0086898382	-0.000445489653	0.00790810343	0	0	0	0	0	3
39	54	0	0.349935729	-0.000500858203	-0.000774532808	-0.0086898382	-0.000445489653	0.00791530539	0	0	0	0	0	3
40	55	0	0.35890844	-0.000501828949	-0.000767715212	-0.0086898382	-0.000445489653	0.00792212298	0	0	0	0	0	3
41	56	0	0.367881151	-0.000493052241	-0.000761016115	-0.0086898382	-0.000445489653	0.00792882208	0	0	0	0	0	3
42	58	0	0.376853862	-0.000491338308	-0.000754595215	-0.0086898382	-0.000445489653	0.00793524298	0	0	0	0	0	3
43	59	0	0.385826573	-0.00048514544	-0.000748328941	-0.0086898382	-0.000445489653	0.00794150926	0	0	0	0	0	3
44	61	0	0.394799284	-0.000481109746	-0.000742255777	-0.0086898382	-0.000445489653	0.00794758242	0	0	0	0	0	3
45	62	0	0.403771995	-0.000479964412	-0.00073642708	-0.0086898382	-0.000445489653	0.00795341112	0	0	0	0	0	3
46	64	0	0.412744707	-0.000482919175	-0.000730916039	-0.0086898382	-0.000445489653	0.00795892216	0	0	0	0	0	3
47	65	0	0.421717418	-0.000468171521	-0.00072532573	-0.0086898382	-0.000445489653	0.00796451247	0	0	0	0	0	3
48	66	0	0.430690129	-0.000473045819	-0.000720069899	-0.0086898382	-0.000445489653	0.0079697683	0	0	0	0	0	3
49	67	0	0.43966284	-0.000474241724	-0.000715052997	-0.0086898382	-0.000445489653	0.0079747852	0	0	0	0	0	3
50	69	0	0.448635551	-0.000467250406	-0.000710096945	-0.0086898382	-0.000445489653	0.00797974125	0	0	0	0	0	3
51	70	0	0.457608262	-0.000465233243	-0.000705295696	-0.0086898382	-0.000445489653	0.0079845425	0	0	0	0	0	3
52	72	0	0.466580973	-0.00046653083	-0.000700704064	-0.0086898382	-0.000445489653	0.00798913413	0	0	0	0	0	3
53	73	0	0.475553684	-0.00045604413	-0.000696087839	-0.0086898382	-0.000445489653	0.00799375036	0	0	0	0	0	3
54	74	0	0.484526395	-0.000457108777	-0.000691662301	-0.0086898382	-0.000445489653	0.0079981759	0	0	0	0	0	3
55	76	0	0.493499106	-0.000453623718	-0.000687334326	-0.0086898382	-0.000445489653	0.00800250387	0	0	0	0	0	3
56	77	0	0.502471817	-0.000452401896	-0.000683139105	-0.0086898382	-0.000445489653	0.00800669909	0	0	0	0	0	3
57	79	0	0.511444528	-0.00045018964	-0.000536002523	-0.0016745141	-0.000445489653	0.00122902445	0	0	0	0	0	3
58	80	0	0.520417239	-0.000445639978	-0.000514058342	-0.0012253143	-0.000445489653	0.000779824646	0	0	0	0	0	3
59	81	0	0.52938995	-0.000438229487	-0.000500003256	-0.000680883047	-0.000438229487	0.00024265356	0	0	0	0	0	3
60	83	0	0.538362661	-0.000448164845	-0.00049964772	-0.000680883047	-0.000438229487	0.00024265356	0	0	0	0	0	3
61	84	0	0.547335372	-0.000440777291	-0.000496297153	-0.000680883047	-0.000438229487	0.00024265356	0	0	0	0	0	3
62	85	0	0.556308083	-0.000438307598	-0.000494403682	-0.000680883047	-0.000438229487	0.00024265356	0	0	0	0	0	3
63	87	0	0.565280794	-0.000443826673	-0.000493431209	-0.000680883047	-0.000438229487	0.00024265356	0	0	0	0	0	3
64	88	0	0.574253505	-0.000440804383	-0.000492742479	-0.000680883047	-0.000438229487	0.00024265356	0	0	0	0	0	3
65	89	0	0.583226216	-0.000439855301	-0.00049187014	-0.000680883047	-0.000438229487	0.00024265356	0	0	0	0	0	3
66	91	0	0.592198927	-0.000435086895	-0.000487480923	-0.0006105887	-0.000435086895	0.000175501805	0	0	0	0	0	3
67	92	0	0.601171638	-0.000442861157	-0.000484662917	-0.0006105887	-0.000435086895	0.000175501805	0	0	0	0	0	3
68	93	0	0.610144349	-0.000432388396	-0.000481480769	-0.000560064514	-0.000432388396	0.000127676118	0	0	0	0	0	3
69	95	0	0.61911706	-0.000438762015	-0.000479660497	-0.000560064514	-0.000432388396	0.000127676118	0	0	0	0	0	3
70	96	0	0.628089771	-0.000428812101	-0.000477550244	-0.000560064514	-0.000428812101	0.000131252412	0	0	0	0	0	3
71	97	0	0.637062482	-0.000443129501	-0.000476621891	-0.000560064514	-0.000428812101	0.000131252412	0	0	0	0	0	3
72	99	0	0.646035193	-0.000431029457	-0.000474317694	-0.000530839608	-0.000428812101	0.000102027507	0	0	0	0	0	3
73	100	0	0.655007904	-0.000437614918	-0.000473698513	-0.000530839608	-0.000428812101	0.000102027507	0	0	0	0	0	3
74	101	0	0.663980615	-0.000426005507	-0.000472580251	-0.000530839608	-0.000426005507	0.000104834101	0	0	0	0	0	3
75	103	0	0.672953326	-0.000439287971	-0.000472469507	-0.000530839608	-0.000426005507	0.000104834101	0	0	0	0	0	3
76	104	0	0.681926037	-0.000422003606	-0.000471390827	-0.000530839608	-0.000422003606	0.000108836002	0	0	0	0	0	3
77	105	0	0.690898748	-0.000432933463	-0.000470913962	-0.000530839608	-0.000422003606	0.000108836002	0	0	0	0	0	3
78	106	0	0.699871459	-0.000426232205	-0.000469791506	-0.000530839608	-0.000422003606	0.000108836002	0	0	0	0	0	3
79	108	0	0.70884417	-0.000436831092	-0.000469049512	-0.000530839608	-0.000422003606	0.000108836002	0	0	0	0	0	3
80	109	0	0.717816881	-0.000426443256	-0.000467878145	-0.000530839608	-0.000422003606	0.000108836002	0	0	0	0	0	3
81	110	0	0.726789592	-0.000434434017	-0.000466996715	-0.000530839608	-0.000422003606	0.000108836002	0	0	0	0	0	3
82	112	0	0.735762303	-0.000425859279	-0.000465881777	-0.000530839608	-0.000422003606	0.000108836002	0	0	0	0	0	3
83	113	0	0.744735014	-0.000441554759	-0.000465077336	-0.000530839608	-0.000422003606	0.000108836002	0	0	0	0	0	3
84	114	0	0.753707725	-0.000434094363	-0.000463998517	-0.000530839608	-0.000422003606	0.000108836002	0	0	0	0	0	3
85	116	0	0.762680436	-0.000447346381	-0.000462838171	-0.000530839608	-0.000422003606	0.000108836002	0	0	0	0	0	3
86	117	0	0.771653147	-0.000439688001	-0.000461342603	-0.000530839608	-0.000422003606	0.000108836002	0	0	0	0	0	3
87	118	0	0.780625858	-0.000447210995	-0.000459985166	-0.000530839608	-0.000422003606	0.000108836002	0	0	0	0	0	3
88	120	0	0.789598569	-0.000438023427	-0.000458355671	-0.000530839608	-0.000422003606	0.000108836002	0	0	0	0	0	3
89	121	0	0.79857128	-0.000451945881	-0.000457036029	-0.000530839608	-0.000422003606	0.000108836002	0	0	0	0	0	3
90	123	0	0.807543991	-0.000442249883	-0.00045545407	-0.00052292953	-0.000422003606	0.000100925924	0	0	0	0	0	3
91	124	0	0.816516702	-0.000453061719	-0.000454230282	-0.00052292953	-0.000422003606	0.000100925924	0	0	0	0	0	3
92	125	0	0.825489413	-0.000442386037	-0.000452792005	-0.000511873214	-0.000422003606	8.9869608e-05	0	0	0	0	0	3
93	127	0	0.834462124	-0.000448340568	-0.000451657494	-0.00051153907	-0.000422003606	8.95354635e-05	0	0	0	0	0	3
94	128	0	0.843434835	-0.000438862473	-0.000450359697	-0.000501828949	-0.000422003606	7.98253421e-05	0	0	0	0	0	3
95	129	0	0.852407546	-0.000452276133	-0.00044949216	-0.000501828949	-0.000422003606	7.98253421e-05	0	0	0	0	0	3
96	131	0	0.861380257	-0.000442043453	-0.000448424562	-0.000493052241	-0.000422003606	7.10486345e-05	0	0	0	0	0	3
97	132	0	0.870352968	-0.000451948798	-0.000447690572	-0.000491338308	-0.000422003606	6.93347019e-05	0	0	0	0	0	3
98	134	0	0.879325679	-0.000440953845	-0.00044679085	-0.00048514544	-0.000422003606	6.31418331e-05	0	0	0	0	0	3
99	135	0	0.88829839	-0.000446483608	-0.00044610046	-0.000482919175	-0.000422003606	6.09155688e-05	0	0	0	0	0	3
100	137	0	0.897271101	-0.000436015469	-0.000445295205	-0.000482919175	-0.000422003606	6.09155688e-05	0	0	0	0	0	3
101	142	0	0.906243812	-0.000449450825	-0.000444750319	-0.000482919175	-0.000422003606	6.09155688e-05	0	0	0	0	0	3
102	143	0	0.915216523	-0.000438455759	-0.00044395633	-0.000474241724	-0.000422003606	5.22381179e-05	0	0	0	0	0	3
103	144	0	0.924189234	-0.000449795117	-0.00044362818	-0.000474241724	-0.000422003606	5.22381179e-05	0	0	0	0	0	3
104	146	0	0.933161945	-0.000439771401	-0.000443033994	-0.000474241724	-0.000422003606	5.22381179e-05	0	0	0	0	0	3
105	147	0	0.942134656	-0.000447335866	-0.000442553532	-0.000467250406	-0.000422003606	4.52467992e-05	0	0	0	0	0	3
106	149	0	0.951107367	-0.000438237396	-0.000442035443	-0.00046653083	-0.000422003606	4.45272234e-05	0	0	0	0	0	3
107	150	0	0.960080078	-0.000453404938	-0.000441824223	-0.00046653083	-0.000422003606	4.45272234e-05	0	0	0	0	0	3
108	152	0	0.969052789	-0.000443913268	-0.000441420338	-0.000457108777	-0.000422003606	3.5105171e-05	0	0	0	0	0	3
109	153	0	0.9780255	-0.00045575496	-0.000441415174	-0.000457108777	-0.000422003606	3.5105171e-05	0	0	0	0	0	3
110	155	0	0.986998211	-0.000444730966	-0.000441194142	-0.00045575496	-0.000422003606	3.37513535e-05	0	0	0	0	0	3
111	156	0	0.995970922	-0.000450842064	-0.000441144469	-0.00045575496	-0.000422003606	3.37513535e-05	0	0	0	0	0	3
112	157	0	1.00494363	-0.000440868825	-0.000440938522	-0.00045575496	-0.000422003606	3.37513535e-05	2.40993208e-05	0	71.4	0	0	3
113	159	0	1.01391634	-0.000455308905	-0.000441029937	-0.00045575496	-0.000422003606	3.37513535e-05	2.40993208e-05	0	71.4	0	0	3
114	160	0	1.02288906	-0.00044729098	-0.000441059419	-0.00045575496	-0.000422003606	3.37513535e-05	2.40993208e-05	0	71.4	0	0	3
115	162	0	1.03186177	-0.000457816634	-0.00044140919	-0.000457816634	-0.000422003606	3.58130279e-05	2.40993208e-05	0	67.2	0	0	3
116	164	0	1.04083448	-0.000447899683	-0.000441404455	-0.000457816634	-0.000422003606	3.58130279e-05	2.40993208e-05	0	67.2	0	0	3
117	165	0	1.04980719	-0.000454226121	-0.000441644612	-0.000457816634	-0.000422003606	3.58130279e-05	2.40993208e-05	0	67.2	0	0	3
118	166	0	1.0587799	-0.000445212656	-0.000441767917	-0.000457816634	-0.000422003606	3.58130279e-05	2.40993208e-05	0	67.2	0	0	3
119	168	0	1.06775261	-0.000456251102	-0.000441989782	-0.000457816634	-0.000422003606	3.58130279e-05	2.40993208e-05	0	67.2	0	0	3
120	170	0	1.07672532	-0.000445132012	-0.000442067061	-0.000457816634	-0.000422003606	3.58130279e-05	2.40993208e-05	0	67.2	0	0	3
121	171	0	1.08569803	-0.000455786494	-0.000442351546	-0.000457816634	-0.000422003606	3.58130279e-05	2.40993208e-05	0	67.2	0	0	3
122	172	0	1.09467074	-0.000446990874	-0.000442564117	-0.000457816634	-0.000422003606	3.58130279e-05	2.40993208e-05	0	67.2	0	0	3
123	174	0	1.10364345	-0.00045262126	-0.000442738405	-0.000457816634	-0.000422003606	3.58130279e-05	2.40993208e-05	0	67.2	0	0	3
124	175	0	1.11261617	-0.000443274546	-0.000442932801	-0.000457816634	-0.000422003606	3.58130279e-05	2.40993208e-05	0	67.2	0	0	3
125	177	0	1.12158888	-0.00045702971	-0.000443259009	-0.000457816634	-0.000422003606	3.58130279e-05	2.40993208e-05	0	67.2	0	0	3
126	178	0	1.13056159	-0.000448094275	-0.000443603334	-0.000457816634	-0.000422003606	3.56833693e-05	2.40993208e-05	0	67.5	0	0	3
127	180	0	1.1395343	-0.000457991188	-0.000443868721	-0.000457991188	-0.000422003606	3.33791719e-05	2.40993208e-05	0	72.1	0	0	3
128	181	0	1.14850701	-0.000447528425	-0.000444163346	-0.000457991188	-0.000422003606	3.27599916e-05	2.40993208e-05	0	73.5	0	0	3
129	183	0	1.15747972	-0.000453977977	-0.000444455543	-0.000457991188	-0.000422003606	3.16417295e-05	2.40993208e-05	0	76.1	0	0	3
130	184	0	1.16645243	-0.000445508105	-0.000444803804	-0.000457991188	-0.000422003606	3.15309852e-05	2.40993208e-05	0	76.4	0	0	3
131	185	0	1.17542514	-0.000456883159	-0.000445118004	-0.000457991188	-0.000422003606	3.04523056e-05	2.40993208e-05	0	79.1	0	0	3
132	187	0	1.18439785	-0.000446062359	-0.000445547624	-0.000457991188	-0.000425859279	2.99754401e-05	2.40993208e-05	0	80.3	0	0	3
133	188	0	1.19337056	-0.000456396832	-0.000445966613	-0.000457991188	-0.000425859279	2.88529841e-05	2.40993208e-05	0	83.5	0	0	3
134	190	0	1.20234328	-0.000446158762	-0.000446322444	-0.000457991188	-0.000425859279	2.81109899e-05	2.40993208e-05	0	85.7	0	0	3
135	191	0	1.21131599	-0.000452601849	-0.000446604065	-0.000457991188	-0.000425859279	2.69396237e-05	2.40993208e-05	0	89.4	0	0	3
136	193	0	1.2202887	-0.000442680735	-0.00044689402	-0.000457991188	-0.000425859279	2.60581935e-05	2.40993208e-05	0	92.4	0	0	3
137	194	0	1.22926141	-0.00045617745	-0.000447282296	-0.000457991188	-0.000425859279	2.49432554e-05	2.40993208e-05	0	96.6	0	0	3
138	196	0	1.23823412	-0.000445654477	-0.000447635781	-0.000457991188	-0.000434094363	2.3896825e-05	2.40993208e-05	0	100	0	0	3
139	197	0	1.24720683	-0.000456700902	-0.000447906248	-0.000457991188	-0.000434094363	2.30599955e-05	2.40993208e-05	0	100	0	0	3
140	198	0	1.25617954	-0.000446425954	-0.000448126455	-0.000457991188	-0.000436015469	2.18996496e-05	2.40993208e-05	0	100	0	0	3
141	200	0	1.26515225	-0.00045259057	-0.000448220101	-0.000457991188	-0.000436015469	2.04040815e-05	2.40993208e-05	0	100	0	0	3
142	201	0	1.27412496	-0.000443145002	-0.000448281833	-0.000457991188	-0.000436015469	1.90466444e-05	2.40993208e-05	0	100	0	0	3
143	203	0	1.28309767	-0.000456690925	-0.000448451118	-0.000457991188	-0.000436015469	1.74171494e-05	2.40993208e-05	0	100	0	0	3
144	204	0	1.29207039	-0.000446800845	-0.000448607857	-0.000457991188	-0.000436015469	1.60975076e-05	2.40993208e-05	0	100	0	0	3
145	205	0	1.3010431	-0.000458861434	-0.000448731349	-0.000458861434	-0.000436015469	1.45155482e-05	2.40993208e-05	0	100	0	0	3
146	207	0	1.31001581	-0.000449316689	-0.000448857542	-0.000458861434	-0.000436015469	1.32917604e-05	2.40993208e-05	0	100	0	0	3
147	208	0	1.31898852	-0.000456553795	-0.000448919901	-0.000458861434	-0.000436015469	1.18534837e-05	2.40993208e-05	0	100	0	0	3
148	210	0	1.32796123	-0.000447137131	-0.000449004742	-0.000458861434	-0.000436015469	1.07189722e-05	2.40993208e-05	0	100	0	0	3
149	211	0	1.33693394	-0.000460365559	-0.000449219474	-0.000460365559	-0.000436015469	9.42117584e-06	2.40993208e-05	0	100	0	0	3
150	213	0	1.34590665	-0.000450376501	-0.000449425082	-0.000460365559	-0.000436015469	8.55363887e-06	2.40993208e-05	0	100	0	0	3
151	214	0	1.35487936	-0.00046195128	-0.000449597852	-0.00046195128	-0.000436015469	8.65933044e-06	2.40993208e-05	0	100	0	0	3
152	215	0	1.36385207	-0.000452313284	-0.000449781242	-0.00046195128	-0.000436015469	8.84272028e-06	2.40993208e-05	0	100	0	0	3
153	217	0	1.37282478	-0.000458932259	-0.000449905947	-0.00046195128	-0.000436015469	8.96742494e-06	2.40993208e-05	0	100	0	0	3
154	218	0	1.3817975	-0.000448891056	-0.000450047682	-0.00046195128	-0.000436015469	9.10916086e-06	2.40993208e-05	0	100	0	0	3
155	220	0	1.39077021	-0.000460853432	-0.000450304286	-0.00046195128	-0.000436015469	9.36576486e-06	2.40993208e-05	0	100	0	0	3
156	221	0	1.39974292	-0.000449806002	-0.000450550546	-0.00046195128	-0.000438237396	9.61202437e-06	2.40993208e-05	0	100	0	0	3
157	222	0	1.40871563	-0.000457558052	-0.000450695318	-0.00046195128	-0.000438237396	9.75679628e-06	2.40993208e-05	0	100	0	0	3
158	224	0	1.41768834	-0.000445900762	-0.000450828264	-0.00046195128	-0.000438237396	9.88974276e-06	2.40993208e-05	0	100	0	0	3
159	225	0	1.42666105	-0.000452265759	-0.000450872383	-0.00046195128	-0.000438237396	9.93386136e-06	2.40993208e-05	0	100	0	0	3
160	227	0	1.43563376	-0.000444081801	-0.000450949354	-0.00046195128	-0.000438237396	1.00108328e-05	2.40993208e-05	0	100	0	0	3
161	228	0	1.44460647	-0.000456567191	-0.000451114199	-0.00046195128	-0.000438237396	1.01756779e-05	2.40993208e-05	0	100	0	0	3
162	230	0	1.45357918	-0.000446470106	-0.000451261212	-0.00046195128	-0.000440868825	1.03226905e-05	2.40993208e-05	0	100	0	0	3
163	231	0	1.46255189	-0.000457590655	-0.000451335957	-0.00046195128	-0.000440868825	1.03974355e-05	2.40993208e-05	0	100	0	0	3
164	232	0	1.47152461	-0.00044754305	-0.000451400775	-0.00046195128	-0.000440868825	1.0462253e-05	2.40993208e-05	0	100	0	0	3
165	234	0	1.48049732	-0.000454733818	-0.00045138254	-0.00046195128	-0.000440868825	1.0462253e-05	2.40993208e-05	0	100	0	0	3
166	235	0	1.48947003	-0.000446137655	-0.000451407659	-0.00046195128	-0.000440868825	1.04691378e-05	2.40993208e-05	0	100	0	0	3
167	237	0	1.49844274	-0.000460684187	-0.000451583412	-0.00046195128	-0.000440868825	1.064489e-05	2.40993208e-05	0	100	0	0	3
168	238	0	1.50741545	-0.000451942949	-0.000451781164	-0.00046195128	-0.000442680735	1.07512267e-05	2.40993208e-05	0	100	0	0	3
169	240	0	1.51638816	-0.000461763581	-0.000451896426	-0.00046195128	-0.000442680735	1.08370066e-05	2.40993208e-05	0	100	0	0	3
170	241	0	1.52536087	-0.000451072147	-0.000451963947	-0.00046195128	-0.000442680735	1.0559492e-05	2.40993208e-05	0	100	0	0	3
171	243	0	1.53433358	-0.00045626208	-0.000451936187	-0.00046195128	-0.000442680735	1.0559492e-05	2.40993208e-05	0	100	0	0	3
172	244	0	1.54330629	-0.000445262887	-0.000451889101	-0.00046195128	-0.000442680735	1.03193344e-05	2.40993208e-05	0	100	0	0	3
173	246	0	1.552279	-0.000457575768	-0.000451948916	-0.00046195128	-0.000442680735	1.01960298e-05	2.40993208e-05	0	100	0	0	3
174	247	0	1.56125172	-0.000447196799	-0.000451984347	-0.00046195128	-0.000442680735	9.99456568e-06	2.40993208e-05	0	100	0	0	3
175	249	0	1.57022443	-0.00045601924	-0.000451980207	-0.00046195128	-0.000442680735	9.91728659e-06	2.40993208e-05	0	100	0	0	3
176	250	0	1.57919714	-0.000444954552	-0.000451977038	-0.00046195128	-0.000442680735	9.632801e-06	2.40993208e-05	0	100	0	0	3
177	251	0	1.58816985	-0.000450808299	-0.000451888142	-0.00046195128	-0.000442680735	9.42022994e-06	2.40993208e-05	0	100	0	0	3
178	253	0	1.59714256	-0.000442165723	-0.000451801978	-0.00046195128	-0.000442165723	9.2459424e-06	2.40993208e-05	0	100	0	0	3
179	254	0	1.60611527	-0.000453622464	-0.000451819857	-0.00046195128	-0.000442165723	9.05154685e-06	2.40993208e-05	0	100	0	0	3
180	256	0	1.61508798	-0.000443015051	-0.000451815223	-0.00046195128	-0.000442165723	8.725338e-06	2.40993208e-05	0	100	0	0	3
181	257	0	1.62406069	-0.000453796486	-0.000451757487	-0.00046195128	-0.000442165723	8.38101348e-06	2.40993208e-05	0	100	0	0	3
182	258	0	1.6330334	-0.000445378434	-0.00045170899	-0.00046195128	-0.000442165723	8.11562621e-06	2.40993208e-05	0	100	0	0	3
183	260	0	1.64200612	-0.000450527112	-0.000451575703	-0.00046195128	-0.000442165723	7.82100179e-06	2.40993208e-05	0	100	0	0	3
184	261	0	1.65097883	-0.000440633329	-0.000451452576	-0.00046195128	-0.000440633329	7.52880429e-06	2.40993208e-05	0	100	0	0	3
185	263	0	1.65995154	-0.00045384012	-0.000451450114	-0.00046195128	-0.000440633329	7.18054362e-06	2.40993208e-05	0	100	0	0	3
186	264	0	1.66892425	-0.000444761347	-0.000451436779	-0.00046195128	-0.000440633329	6.86634383e-06	2.40993208e-05	0	100	0	0	3
187	265	0	1.67789696	-0.000454804928	-0.000451399668	-0.00046195128	-0.000440633329	6.43672325e-06	2.40993208e-05	0	100	0	0	3
188	267	0	1.68686967	-0.00044504553	-0.00045138151	-0.00046195128	-0.000440633329	6.01773451e-06	2.40993208e-05	0	100	0	0	3
189	268	0	1.69584238	-0.000452042945	-0.000451303762	-0.00046195128	-0.000440633329	5.66190312e-06	2.40993208e-05	0	100	0	0	3
190	269	0	1.70481509	-0.000444266059	-0.000451269964	-0.00046195128	-0.000440633329	5.38028247e-06	2.40993208e-05	0	100	0	0	3
191	271	0	1.7137878	-0.000456986745	-0.000451348266	-0.00046195128	-0.000440633329	5.09032749e-06	2.40993208e-05	0	100	0	0	3
192	272	0	1.72276051	-0.000447654545	-0.000451437084	-0.00046195128	-0.000440633329	4.7020519e-06	2.40993208e-05	0	100	0	0	3
193	274	0	1.73173323	-0.000459477825	-0.000451496019	-0.00046195128	-0.000440633329	4.34856622e-06	2.40993208e-05	0	100	0	0	3
194	275	0	1.74070594	-0.000449427312	-0.000451563391	-0.00046195128	-0.000440633329	4.0780994e-06	2.40993208e-05	0	100	0	0	3
195	276	0	1.74967865	-0.00045680694	-0.000451565285	-0.00046195128	-0.000440633329	3.85789243e-06	2.40993208e-05	0	100	0	0	3
196	278	0	1.75865136	-0.000448216408	-0.000451597257	-0.00046195128	-0.000440633329	3.76424619e-06	2.40993208e-05	0	100	0	0	3
197	279	0	1.76762407	-0.000462619098	-0.000451776338	-0.000462619098	-0.000440633329	3.70251402e-06	2.40993208e-05	0	100	0	0	3
198	280	0	1.77659678	-0.000451744756	-0.000451929905	-0.000462619098	-0.000440633329	3.53322956e-06	2.40993208e-05	0	100	0	0	3
199	282	0	1.78556949	-0.000461985557	-0.000452024452	-0.000462619098	-0.000440633329	3.4165946e-06	2.40993208e-05	0	100	0	0	3
200	283	0	1.7945422	-0.000450662302	-0.000452093407	-0.000462619098	-0.000440633329	3.36205718e-06	2.40993208e-05	0	100	0	0	3
201	288	0	1.80351491	-0.000456362961	-0.000452048791	-0.000462619098	-0.000440633329	3.23586421e-06	2.40993208e-05	0	100	0	0	3
202	289	0	1.81248762	-0.000445917291	-0.000451988088	-0.000462619098	-0.000440633329	3.1735057e-06	2.40993208e-05	0	100	0	0	3
203	290	0	1.82146034	-0.000458963704	-0.000452031122	-0.000462619098	-0.000440633329	3.08866474e-06	2.40993208e-05	0	100	0	0	3
204	292	0	1.83043305	-0.00044997184	-0.000452081741	-0.000462619098	-0.000440633329	2.87393277e-06	2.40993208e-05	0	100	0	0	3
205	293	0	1.83940576	-0.000459979891	-0.000452074855	-0.000462619098	-0.000440633329	2.66832512e-06	2.40993208e-05	0	100	0	0	3
206	295	0	1.84837847	-0.000449957012	-0.000452067364	-0.000462619098	-0.000440633329	2.49555463e-06	2.40993208e-05	0	100	0	0	3
207	296	0	1.85735118	-0.000455774476	-0.000451957064	-0.000462619098	-0.000440633329	2.31216479e-06	2.40993208e-05	0	100	0	0	3
208	297	0	1.86632389	-0.000446404299	-0.000451851546	-0.000462619098	-0.000440633329	2.18746013e-06	2.40993208e-05	0	100	0	0	3
209	299	0	1.8752966	-0.000455146517	-0.000451783943	-0.000462619098	-0.000440633329	2.04572422e-06	2.40993208e-05	0	100	0	0	3
210	300	0	1.88426931	-0.000446557046	-0.000451742265	-0.000462619098	-0.000440633329	1.78912022e-06	2.40993208e-05	0	100	0	0	3
211	301	0	1.89324202	-0.000445887634	-0.000451475018	-0.000462619098	-0.000440633329	1.54286071e-06	2.40993208e-05	0	100	0	0	3
212	303	0	1.90221473	-0.00043998992	-0.000451299731	-0.000462619098	-0.00043998992	1.39808879e-06	2.40993208e-05	0	100	0	0	3
213	304	0	1.91118745	-0.000455893813	-0.000451270013	-0.000462619098	-0.00043998992	1.26514231e-06	2.40993208e-05	0	100	0	0	3
214	306	0	1.92016016	-0.000445371836	-0.000451260568	-0.000462619098	-0.00043998992	1.22102371e-06	2.40993208e-05	0	100	0	0	3
215	307	0	1.92913287	-0.000455342242	-0.000451315505	-0.000462619098	-0.00043998992	1.14405229e-06	2.40993208e-05	0	100	0	0	3
216	309	0	1.93810558	-0.000442759265	-0.000451291888	-0.000462619098	-0.00043998992	9.79207212e-07	2.40993208e-05	0	100	0	0	3
217	310	0	1.94707829	-0.000448485946	-0.00045114758	-0.000462619098	-0.00043998992	9.4582663e-07	2.40993208e-05	0	100	0	0	3
218	311	0	1.956051	-0.000439190444	-0.000451017586	-0.000462619098	-0.000439190444	1.07582059e-06	2.40993208e-05	0	100	0	0	3
219	313	0	1.96502371	-0.000450869049	-0.000450897557	-0.000462619098	-0.000439190444	1.19584926e-06	2.40993208e-05	0	100	0	0	3
220	314	0	1.97399642	-0.000438149892	-0.000450729822	-0.000462619098	-0.000438149892	1.36358422e-06	2.40993208e-05	0	100	0	0	3
221	315	0	1.98296913	-0.000448664515	-0.000450621442	-0.000462619098	-0.000438149892	1.47196464e-06	2.40993208e-05	0	100	0	0	3
222	317	0	1.99194184	-0.000445875857	-0.000450616767	-0.000462619098	-0.000438149892	1.47663961e-06	2.40993208e-05	0	100	0	0	3
223	318	0	2.00091456	-0.000453632533	-0.000450490845	-0.000462619098	-0.000438149892	1.60256199e-06	2.40993208e-05	0	100	0	0	3
224	320	0	2.00988727	-0.000444730617	-0.000450362053	-0.000462619098	-0.000438149892	1.73135363e-06	2.40993208e-05	0	100	0	0	3
225	321	0	2.01885998	-0.000448522386	-0.000450125603	-0.000462619098	-0.000438149892	1.96780352e-06	2.40993208e-05	0	100	0	0	3
226	322	0	2.02783269	-0.000439674543	-0.000449922074	-0.000462619098	-0.000438149892	2.17133218e-06	2.40993208e-05	0	100	0	0	3
227	323	0	2.0368054	-0.000447346863	-0.000449762874	-0.000462619098	-0.000438149892	2.33053248e-06	2.40993208e-05	0	100	0	0	3
228	325	0	2.04577811	-0.000448315848	-0.000449817391	-0.000462619098	-0.000438149892	2.33053248e-06	2.40993208e-05	0	100	0	0	3
229	326	0	2.05475082	-0.000441538992	-0.00044953102	-0.000462619098	-0.000438149892	2.56238633e-06	2.40993208e-05	0	100	0	0	3
230	328	0	2.06372353	-0.000444383408	-0.000449480781	-0.000462619098	-0.000438149892	2.61262546e-06	2.40993208e-05	0	100	0	0	3
231	329	0	2.07269624	-0.000449042015	-0.000449356188	-0.000462619098	-0.000438149892	2.73721876e-06	2.40993208e-05	0	100	0	0	3
232	330	0	2.08166895	-0.000446253533	-0.000449379384	-0.000462619098	-0.000438149892	2.73721876e-06	2.40993208e-05	0	100	0	0	3
233	332	0	2.09064167	-0.000441467566	-0.000449212585	-0.000462619098	-0.000438149892	2.88082149e-06	2.40993208e-05	0	100	0	0	3
234	333	0	2.09961438	-0.0004393659	-0.000449162588	-0.000462619098	-0.000438149892	2.93081833e-06	2.40993208e-05	0	100	0	0	3
235	334	0	2.10858709	-0.000444284182	-0.000448995833	-0.000462619098	-0.000438149892	3.09757336e-06	2.40993208e-05	0	100	0	0	3
236	336	0	2.1175598	-0.000443829504	-0.000449010377	-0.000462619098	-0.000438149892	3.09757336e-06	2.40993208e-05	0	100	0	0	3
237	337	0	2.12653251	-0.000442741641	-0.000448812969	-0.000462619098	-0.000438149892	3.28043749e-06	2.40993208e-05	0	100	0	0	3
238	339	0	2.13550522	-0.00044298323	-0.000448770198	-0.000462619098	-0.000438149892	3.32320898e-06	2.40993208e-05	0	100	0	0	3
239	340	0	2.14447793	-0.00044849875	-0.000448733977	-0.000462619098	-0.000438149892	3.35942974e-06	2.40993208e-05	0	100	0	0	3
240	341	0	2.15345064	-0.000447052409	-0.000448848603	-0.000462619098	-0.000438149892	3.35942974e-06	2.40993208e-05	0	100	0	0	3
241	343	0	2.16242335	-0.000443678591	-0.000448667147	-0.000462619098	-0.000438149892	3.4262592e-06	2.40993208e-05	0	100	0	0	3
242	344	0	2.17139606	-0.00044164264	-0.000448611456	-0.000462619098	-0.000438149892	3.48195038e-06	2.40993208e-05	0	100	0	0	3
243	345	0	2.18036878	-0.000445027748	-0.000448436864	-0.000462619098	-0.000438149892	3.65654287e-06	2.40993208e-05	0	100	0	0	3
244	347	0	2.18934149	-0.000442066022	-0.000448383658	-0.000462619098	-0.000438149892	3.70974838e-06	2.40993208e-05	0	100	0	0	3
245	348	0	2.1983142	-0.000438113791	-0.000448134923	-0.000462619098	-0.000438113791	3.95848327e-06	2.40993208e-05	0	100	0	0	3
246	349	0	2.20728691	-0.000437753266	-0.000448018624	-0.000462619098	-0.000437753266	4.07478315e-06	2.40993208e-05	0	100	0	0	3
247	351	0	2.21625962	-0.000443871697	-0.000447784426	-0.000462619098	-0.000437753266	4.30898042e-06	2.40993208e-05	0	100	0	0	3
248	352	0	2.22523233	-0.000442782413	-0.000447697424	-0.000462619098	-0.000437753266	4.39598277e-06	2.40993208e-05	0	100	0	0	3
249	354	0	2.23420504	-0.000444533367	-0.000447430559	-0.000462619098	-0.000437753266	4.66284809e-06	2.40993208e-05	0	100	0	0	3
250	355	0	2.24317775	-0.00044484281	-0.000447348692	-0.000462619098	-0.000437753266	4.74471421e-06	2.40993208e-05	0	100	0	0	3
251	356	0	2.25215046	-0.000443172857	-0.000447105227	-0.000462619098	-0.000437753266	4.98817998e-06	2.40993208e-05	0	100	0	0	3
252	358	0	2.26112317	-0.000442845296	-0.000447009314	-0.000462619098	-0.000437753266	5.0840927e-06	2.40993208e-05	0	100	0	0	3
253	359	0	2.27009589	-0.000447815157	-0.000446744958	-0.000461985557	-0.000437753266	5.34844878e-06	2.40993208e-05	0	100	0	0	3
254	360	0	2.2790686	-0.000446117133	-0.000446644465	-0.000461985557	-0.000437753266	5.44894205e-06	2.40993208e-05	0	100	0	0	3
255	362	0	2.28804131	-0.000448600608	-0.000446405448	-0.000459979891	-0.000437753266	5.68795899e-06	2.40993208e-05	0	100	0	0	3
256	363	0	2.29701402	-0.000449737092	-0.000446388926	-0.000459979891	-0.000437753266	5.69281536e-06	2.40993208e-05	0	100	0	0	3
257	364	0	2.30598673	-0.000447965351	-0.000446238969	-0.000459979891	-0.000437753266	5.84277269e-06	2.40993208e-05	0	100	0	0	3
258	366	0	2.31495944	-0.000446530181	-0.000446249913	-0.000459979891	-0.000437753266	5.84277269e-06	2.40993208e-05	0	100	0	0	3
259	367	0	2.32393215	-0.000450392979	-0.000446096865	-0.000459979891	-0.000437753266	5.98487688e-06	2.40993208e-05	0	100	0	0	3
260	368	0	2.33290486	-0.000447452815	-0.000446051882	-0.000459979891	-0.000437753266	6.02297255e-06	2.40993208e-05	0	100	0	0	3
261	370	0	2.34187757	-0.000443635298	-0.000445760014	-0.000455893813	-0.000437753266	6.30734941e-06	2.40993208e-05	0	100	0	0	3
262	371	0	2.35085028	-0.000443089961	-0.000445637388	-0.000455893813	-0.000437753266	6.31967525e-06	2.40993208e-05	0	100	0	0	3
263	372	0	2.359823	-0.00044830616	-0.000445504026	-0.000455893813	-0.000437753266	6.34752046e-06	2.40993208e-05	0	100	0	0	3
264	373	0	2.36879571	-0.000447361642	-0.000445521121	-0.000455893813	-0.000437753266	6.27991794e-06	2.40993208e-05	0	100	0	0	3
265	375	0	2.37776842	-0.000444673507	-0.000445334103	-0.000455893813	-0.000437753266	6.40816184e-06	2.40993208e-05	0	100	0	0	3
266	376	0	2.38674113	-0.000442544402	-0.000445262449	-0.000455893813	-0.000437753266	6.21256982e-06	2.40993208e-05	0	100	0	0	3
267	378	0	2.39571384	-0.000446588257	-0.00044527496	-0.000455893813	-0.000437753266	6.05305617e-06	2.40993208e-05	0	100	0	0	3
268	379	0	2.40468655	-0.000445381794	-0.000445371243	-0.000455893813	-0.000437753266	6.05305617e-06	2.40993208e-05	0	100	0	0	3
269	380	0	2.41365926	-0.000441825805	-0.000445120029	-0.000455342242	-0.000437753266	6.19547603e-06	2.40993208e-05	0	100	0	0	3
270	382	0	2.42263197	-0.000440342527	-0.00044503022	-0.000455342242	-0.000437753266	6.28528512e-06	2.40993208e-05	0	100	0	0	3
271	383	0	2.43160468	-0.000451051495	-0.000444953599	-0.000453632533	-0.000437753266	6.33828889e-06	2.40993208e-05	0	100	0	0	3
272	384	0	2.4405774	-0.000435368383	-0.000444821619	-0.000453632533	-0.000435368383	6.32596099e-06	2.40993208e-05	0	100	0	0	3
273	386	0	2.44955011	-0.000442025739	-0.000444706258	-0.000453632533	-0.000435368383	6.31132788e-06	2.40993208e-05	0	100	0	0	3
274	387	0	2.45852282	-0.000435752846	-0.000444644873	-0.000453632533	-0.000435368383	6.2526849e-06	2.40993208e-05	0	100	0	0	3
275	388	0	2.46749553	-0.000444190864	-0.000444525619	-0.000453632533	-0.000435368383	6.20420324e-06	2.40993208e-05	0	100	0	0	3
276	390	0	2.47646824	-0.000435573885	-0.000444479619	-0.000453632533	-0.000435368383	6.14182294e-06	2.40993208e-05	0	100	0	0	3
277	391	0	2.48544095	-0.000439804713	-0.000444321408	-0.000453632533	-0.000435368383	6.29535873e-06	2.40993208e-05	0	100	0	0	3
278	393	0	2.49441366	-0.000431261637	-0.00044406044	-0.000453632533	-0.000431261637	6.43040454e-06	2.40993208e-05	0	100	0	0	3
279	394	0	2.50338637	-0.000444260027	-0.000443893074	-0.000451051495	-0.000431261637	6.46897908e-06	2.40993208e-05	0	100	0	0	3
280	395	0	2.51235908	-0.000435305876	-0.000443724775	-0.000451051495	-0.000431261637	6.40082813e-06	2.40993208e-05	0	100	0	0	3
281	397	0	2.52133179	-0.000443681684	-0.000443638334	-0.000451051495	-0.000431261637	6.28374059e-06	2.40993208e-05	0	100	0	0	3
282	398	0	2.53030451	-0.000431194297	-0.000443486901	-0.000451051495	-0.000431194297	6.3304904e-06	2.40993208e-05	0	100	0	0	3
283	399	0	2.53927722	-0.000440238465	-0.000443359965	-0.000451051495	-0.000431194297	6.45742608e-06	2.40993208e-05	0	100	0	0	3
284	401	0	2.54824993	-0.000434987106	-0.000443121952	-0.000451051495	-0.000431194297	6.40906832e-06	2.40993208e-05	0	100	0	0	3
285	402	0	2.55722264	-0.000441950175	-0.000443129295	-0.000451051495	-0.000431194297	6.35882919e-06	2.40993208e-05	0	100	0	0	3
286	403	0	2.56619535	-0.000434516584	-0.000442953101	-0.000451051495	-0.000431194297	6.42628269e-06	2.40993208e-05	0	100	0	0	3
287	405	0	2.57516806	-0.000441190924	-0.000442812903	-0.000451051495	-0.000431194297	6.56648075e-06	2.40993208e-05	0	100	0	0	3
288	406	0	2.58414077	-0.000433172617	-0.000442579315	-0.000451051495	-0.000431194297	6.63326973e-06	2.40993208e-05	0	100	0	0	3
289	407	0	2.59311348	-0.000444880982	-0.000442640269	-0.000451051495	-0.000431194297	6.58327289e-06	2.40993208e-05	0	100	0	0	3
290	409	0	2.60208619	-0.000436940276	-0.000442596955	-0.000451051495	-0.000431194297	6.43106167e-06	2.40993208e-05	0	100	0	0	3
291	410	0	2.6110589	-0.000447274839	-0.000442650359	-0.000451051495	-0.000431194297	6.43106167e-06	2.40993208e-05	0	100	0	0	3
292	411	0	2.62003162	-0.000437005011	-0.000442528493	-0.000451051495	-0.000431194297	6.32011013e-06	2.40993208e-05	0	100	0	0	3
293	413	0	2.62900433	-0.000444437635	-0.000442558779	-0.000451051495	-0.000431194297	6.32011013e-06	2.40993208e-05	0	100	0	0	3
294	414	0	2.63797704	-0.000438933424	-0.000442486461	-0.000451051495	-0.000431194297	6.36214248e-06	2.40993208e-05	0	100	0	0	3
295	415	0	2.64694975	-0.000451948525	-0.000442548064	-0.000451948525	-0.000431194297	6.36214248e-06	2.40993208e-05	0	100	0	0	3
296	417	0	2.65592246	-0.000444049639	-0.000442494443	-0.000451948525	-0.000431194297	6.1806866e-06	2.40993208e-05	0	100	0	0	3
297	418	0	2.66489517	-0.000452685849	-0.000442655287	-0.000452685849	-0.000431194297	6.12499542e-06	2.40993208e-05	0	100	0	0	3
298	419	0	2.67386788	-0.000440519295	-0.000442635227	-0.000452685849	-0.000431194297	5.95040293e-06	2.40993208e-05	0	100	0	0	3
299	421	0	2.68284059	-0.00045043329	-0.000442731755	-0.000452685849	-0.000431194297	5.89719742e-06	2.40993208e-05	0	100	0	0	3
300	422	0	2.6918133	-0.000443448909	-0.000442756449	-0.000452685849	-0.000431194297	5.64846253e-06	2.40993208e-05	0	100	0	0	3
301	426	0	2.70078601	-0.000453258247	-0.000443026886	-0.000453258247	-0.000431194297	5.53216265e-06	2.40993208e-05	0	100	0	0	3
302	428	0	2.70975873	-0.000446140252	-0.000443176654	-0.000453258247	-0.000431194297	5.29796538e-06	2.40993208e-05	0	100	0	0	3
303	429	0	2.71873144	-0.000450377366	-0.000443292826	-0.000453258247	-0.000431194297	5.21096303e-06	2.40993208e-05	0	100	0	0	3
304	430	0	2.72770415	-0.000439037003	-0.000443225944	-0.000453258247	-0.000431194297	4.94409771e-06	2.40993208e-05	0	100	0	0	3
305	431	0	2.73667686	-0.000449770825	-0.00044331947	-0.000453258247	-0.000431194297	4.86223159e-06	2.40993208e-05	0	100	0	0	3
306	433	0	2.74564957	-0.000445795022	-0.000443336474	-0.000453258247	-0.000431194297	4.61876582e-06	2.40993208e-05	0	100	0	0	3
307	434	0	2.75462228	-0.000450085794	-0.000443459919	-0.000453258247	-0.000431194297	4.5228531e-06	2.40993208e-05	0	100	0	0	3
308	435	0	2.76359499	-0.000444994657	-0.0004434983	-0.000453258247	-0.000431194297	4.25849702e-06	2.40993208e-05	0	100	0	0	3
309	436	0	2.7725677	-0.000452187257	-0.000443576374	-0.000453258247	-0.000431194297	4.15800375e-06	2.40993208e-05	0	100	0	0	3
310	438	0	2.78154041	-0.000443945079	-0.000443537587	-0.000453258247	-0.000431194297	3.91898681e-06	2.40993208e-05	0	100	0	0	3
311	439	0	2.79051312	-0.000457150534	-0.000443690264	-0.000457150534	-0.000431194297	3.9024652e-06	2.40993208e-05	0	100	0	0	3
312	440	0	2.79948584	-0.000448122017	-0.000443661424	-0.000457150534	-0.000431194297	3.76345235e-06	2.40993208e-05	0	100	0	0	3
313	442	0	2.80845855	-0.000458430073	-0.000443848294	-0.000458430073	-0.000431194297	3.76345235e-06	2.40993208e-05	0	100	0	0	3
314	443	0	2.81743126	-0.000451586404	-0.000443938583	-0.000458430073	-0.000431194297	3.61040369e-06	2.40993208e-05	0	100	0	0	3
315	444	0	2.82640397	-0.000454769568	-0.000444016737	-0.000458430073	-0.000431194297	3.5654211e-06	2.40993208e-05	0	100	0	0	3
316	445	0	2.83537668	-0.00044362755	-0.000443948428	-0.000458430073	-0.000431194297	3.27355336e-06	2.40993208e-05	0	100	0	0	3
317	447	0	2.84434939	-0.000455730901	-0.000444164421	-0.000458430073	-0.000431194297	3.15092745e-06	2.40993208e-05	0	100	0	0	3
318	448	0	2.8533221	-0.000448101639	-0.000444253916	-0.000458430073	-0.000431194297	3.03466006e-06	2.40993208e-05	0	100	0	0	3
319	449	0	2.86229481	-0.000455073048	-0.000444374753	-0.000458430073	-0.000431194297	3.03466006e-06	2.40993208e-05	0	100	0	0	3
320	451	0	2.87126752	-0.000448329207	-0.000444392031	-0.000458430073	-0.000431194297	2.88478223e-06	2.40993208e-05	0	100	0	0	3
321	452	0	2.88024023	-0.00044763367	-0.000444444891	-0.000458430073	-0.000431194297	2.88478223e-06	2.40993208e-05	0	100	0	0	3
322	453	0	2.88921295	-0.000444585342	-0.000444481336	-0.000458430073	-0.000431194297	2.88478223e-06	2.40993208e-05	0	100	0	0	3
323	455	0	2.89818566	-0.000456614376	-0.000444660374	-0.000458430073	-0.000431194297	2.88478223e-06	2.40993208e-05	0	100	0	0	3
324	456	0	2.90715837	-0.000448488369	-0.000444715849	-0.000458430073	-0.000431194297	2.63356779e-06	2.40993208e-05	0	100	0	0	3
325	457	0	2.91613108	-0.000454008042	-0.000444933389	-0.000458430073	-0.000431194297	2.5437587e-06	2.40993208e-05	0	100	0	0	3
326	458	0	2.92510379	-0.000445836791	-0.0004450315	-0.000458430073	-0.000431194297	2.54503957e-06	2.40993208e-05	0	100	0	0	3
327	460	0	2.9340765	-0.000445415354	-0.000444930855	-0.000458430073	-0.000431194297	2.54503957e-06	2.40993208e-05	0	100	0	0	3
328	461	0	2.94304921	-0.000442050097	-0.000445050171	-0.000458430073	-0.000431194297	2.56371051e-06	2.40993208e-05	0	100	0	0	3
329	462	0	2.95202192	-0.000452475243	-0.00044523677	-0.000458430073	-0.000431194297	2.75030881e-06	2.40993208e-05	0	100	0	0	3
330	463	0	2.96099463	-0.00044299347	-0.000445366067	-0.000458430073	-0.000431194297	2.87960566e-06	2.40993208e-05	0	100	0	0	3
331	465	0	2.96996734	-0.000451922448	-0.000445504131	-0.000458430073	-0.000431194297	3.01766964e-06	2.40993208e-05	0	100	0	0	3
332	466	0	2.97894006	-0.000449421516	-0.00044575141	-0.000458430073	-0.000431194297	3.26494876e-06	2.40993208e-05	0	100	0	0	3
333	468	0	2.98791277	-0.000447771178	-0.000445893668	-0.000458430073	-0.000431194297	3.40720707e-06	2.40993208e-05	0	100	0	0	3
334	469	0	2.99688548	-0.000441994159	-0.00044608532	-0.000458430073	-0.000431194297	3.59885925e-06	2.40993208e-05	0	100	0	0	3
335	470	0	3.00585819	-0.000455646437	-0.000446288649	-0.000458430073	-0.000431194297	3.80218799e-06	2.40993208e-05	0	100	0	0	3
336	472	0	3.0148309	-0.000448682059	-0.000446527509	-0.000458430073	-0.000431194297	4.0410484e-06	2.40993208e-05	0	100	0	0	3
337	473	0	3.02380361	-0.000455688145	-0.00044674191	-0.000458430073	-0.000431194297	4.25544949e-06	2.40993208e-05	0	100	0	0	3
338	474	0	3.03277632	-0.000447675299	-0.000447036214	-0.000458430073	-0.000433172617	4.54975309e-06	2.40993208e-05	0	100	0	0	3
339	476	0	3.04174903	-0.000447051163	-0.000447157869	-0.000458430073	-0.000433172617	4.67140841e-06	2.40993208e-05	0	100	0	0	3
340	477	0	3.05072174	-0.000443718874	-0.000447313794	-0.000458430073	-0.000433172617	4.82733284e-06	2.40993208e-05	0	100	0	0	3
341	478	0	3.05969445	-0.000456016944	-0.000447564986	-0.000458430073	-0.000433172617	5.07852513e-06	2.40993208e-05	0	100	0	0	3
342	480	0	3.06866717	-0.000447861771	-0.000447803293	-0.000458430073	-0.000433172617	5.31683204e-06	2.40993208e-05	0	100	0	0	3
343	481	0	3.07763988	-0.000454072806	-0.000448033327	-0.000458430073	-0.000433172617	5.54686565e-06	2.40993208e-05	0	100	0	0	3
344	482	0	3.08661259	-0.000447840789	-0.000448295258	-0.000458430073	-0.000436940276	5.8087973e-06	2.40993208e-05	0	100	0	0	3
345	484	0	3.0955853	-0.000446545543	-0.000448324982	-0.000458430073	-0.000436940276	5.83852161e-06	2.40993208e-05	0	100	0	0	3
346	485	0	3.10455801	-0.000440572648	-0.000448389846	-0.000458430073	-0.000437005011	5.90338541e-06	2.40993208e-05	0	100	0	0	3
347	487	0	3.11353072	-0.000452477769	-0.000448482756	-0.000458430073	-0.000437005011	5.99629487e-06	2.40993208e-05	0	100	0	0	3
348	488	0	3.12250343	-0.000442533642	-0.000448581481	-0.000458430073	-0.000438933424	6.09502044e-06	2.40993208e-05	0	100	0	0	3
349	489	0	3.13147614	-0.000450984267	-0.000448698385	-0.000458430073	-0.000438933424	6.21192457e-06	2.40993208e-05	0	100	0	0	3
350	490	0	3.14044885	-0.000441687501	-0.000448747565	-0.000458430073	-0.000439037003	6.25312227e-06	2.40993208e-05	0	100	0	0	3
351	492	0	3.14942156	-0.000447365714	-0.000448665729	-0.000458430073	-0.000439037003	6.25312227e-06	2.40993208e-05	0	100	0	0	3
352	493	0	3.15839428	-0.000437670944	-0.000448551824	-0.000458430073	-0.000437670944	6.11233811e-06	2.40993208e-05	0	100	0	0	3
353	495	0	3.16736699	-0.000450376165	-0.00044851058	-0.000458430073	-0.000437670944	6.11233811e-06	2.40993208e-05	0	100	0	0	3
354	496	0	3.1763397	-0.000440689444	-0.000448513618	-0.000458430073	-0.000437670944	6.01581058e-06	2.40993208e-05	0	100	0	0	3
355	497	0	3.18531241	-0.000450383877	-0.000448512736	-0.000458430073	-0.000437670944	5.99111617e-06	2.40993208e-05	0	100	0	0	3
356	499	0	3.19428512	-0.000441387479	-0.000448475925	-0.000458430073	-0.000437670944	5.72067946e-06	2.40993208e-05	0	100	0	0	3
357	500	0	3.20325783	-0.000447479755	-0.000448372737	-0.000458430073	-0.000437670944	5.57091185e-06	2.40993208e-05	0	100	0	0	3
358	502	0	3.21223054	-0.000439843819	-0.000448260301	-0.000458430073	-0.000437670944	5.52162151e-06	2.40993208e-05	0	100	0	0	3
359	503	0	3.22120325	-0.000452876031	-0.00044830492	-0.000458430073	-0.000437670944	5.52162151e-06	2.40993208e-05	0	100	0	0	3
360	504	0	3.23017596	-0.000445284468	-0.000448416482	-0.000458430073	-0.000437670944	5.42809547e-06	2.40993208e-05	0	100	0	0	3
361	506	0	3.23914867	-0.00045702835	-0.00044854608	-0.000458430073	-0.000437670944	5.41109168e-06	2.40993208e-05	0	100	0	0	3
362	508	0	3.24812139	-0.000449516135	-0.000448612529	-0.000458430073	-0.000437670944	5.28764638e-06	2.40993208e-05	0	100	0	0	3
363	509	0	3.2570941	-0.000454981812	-0.000448699958	-0.000458430073	-0.000437670944	5.24926493e-06	2.40993208e-05	0	100	0	0	3
364	511	0	3.26606681	-0.000446062363	-0.000448719024	-0.000458430073	-0.000437670944	5.2099784e-06	2.40993208e-05	0	100	0	0	3
365	512	0	3.27503952	-0.000458649166	-0.000448834415	-0.000458649166	-0.000437670944	5.29682825e-06	2.40993208e-05	0	100	0	0	3
366	514	0	3.28401223	-0.000449161657	-0.000448927568	-0.000458649166	-0.000437670944	5.26614481e-06	2.40993208e-05	0	100	0	0	3
367	515	0	3.29298494	-0.000458200257	-0.000448946313	-0.000458649166	-0.000437670944	5.28488986e-06	2.40993208e-05	0	100	0	0	3
368	517	0	3.30195765	-0.000449524497	-0.000448971358	-0.000458649166	-0.000437670944	5.12306411e-06	2.40993208e-05	0	100	0	0	3
369	519	0	3.31093036	-0.000455477684	-0.000448918637	-0.000458649166	-0.000437670944	5.03277442e-06	2.40993208e-05	0	100	0	0	3
370	520	0	3.31990307	-0.000447112521	-0.000448838746	-0.000458649166	-0.000437670944	5.02292936e-06	2.40993208e-05	0	100	0	0	3
371	522	0	3.32887579	-0.000458975727	-0.000448913856	-0.000458975727	-0.000437670944	5.02292936e-06	2.40993208e-05	0	100	0	0	3
372	523	0	3.3378485	-0.000452165794	-0.000449066324	-0.000458975727	-0.000437670944	4.90190308e-06	2.40993208e-05	0	100	0	0	3
