Iteration	CPUTime	PhysTime	Travels	Value	AvValue	MinValue	MaxValue	Delta	Criteria	PrevAvRefValue	Progress	CriteriaType	CriteriaVarType	CriteriaPercentage
1	5	0	0.00897167416	0.0956714238	0.0956714238	0.0956714238	0.0956714238	0	0	0	0	0	0	3
2	6	0	0.0179433483	0.0285338677	0.0621026458	0.0285338677	0.0956714238	0.0335687781	0	0	0	0	0	3
3	7	0	0.0269150225	0.0180881198	0.0474311371	0.0180881198	0.0956714238	0.0482402867	0	0	0	0	0	3
4	8	0	0.0358866967	0.0116259005	0.0384798279	0.0116259005	0.0956714238	0.0571915959	0	0	0	0	0	3
5	8	0	0.0448583708	0.0122307509	0.0332300125	0.0116259005	0.0956714238	0.0624414113	0	0	0	0	0	3
6	9	0	0.053830045	0.0115401013	0.0296150273	0.0115401013	0.0956714238	0.0660563965	0	0	0	0	0	3
7	10	0	0.0628017192	0.0115856834	0.0270394068	0.0115401013	0.0956714238	0.0686320171	0	0	0	0	0	3
8	11	0	0.0717733933	0.0116231769	0.025112378	0.0115401013	0.0956714238	0.0705590458	0	0	0	0	0	3
9	11	0	0.0807450675	0.0116260062	0.0236138923	0.0115401013	0.0956714238	0.0720575316	0	0	0	0	0	3
10	12	0	0.0897167416	0.0135760926	0.0226101123	0.0115401013	0.0956714238	0.0730613115	0	0	0	0	0	3
11	13	0	0.0986884158	0.013129283	0.0217482187	0.0115401013	0.0956714238	0.0739232051	0	0	0	0	0	3
12	14	0	0.10766009	0.0130800655	0.0210258726	0.0115401013	0.0956714238	0.0746455512	0	0	0	0	0	3
13	14	0	0.116631764	0.0121977044	0.0203467828	0.0115401013	0.0956714238	0.0753246411	0	0	0	0	0	3
14	15	0	0.125603438	0.0123099127	0.0197727206	0.0115401013	0.0956714238	0.0758987032	0	0	0	0	0	3
15	16	0	0.134575112	0.0119159601	0.0192489366	0.0115401013	0.0956714238	0.0764224873	0	0	0	0	0	3
16	16	0	0.143546787	0.0119854072	0.018794966	0.0115401013	0.0956714238	0.0768764579	0	0	0	0	0	3
17	17	0	0.152518461	0.0117340343	0.0183796171	0.0115401013	0.0956714238	0.0772918068	0	0	0	0	0	3
18	18	0	0.161490135	0.0120253977	0.0180266049	0.0115401013	0.0956714238	0.077644819	0	0	0	0	0	3
19	19	0	0.170461809	0.0119003389	0.0177041698	0.0115401013	0.0956714238	0.077967254	0	0	0	0	0	3
20	19	0	0.179433483	0.0120309096	0.0174205068	0.0115401013	0.0956714238	0.078250917	0	0	0	0	0	3
21	20	0	0.188405157	0.0119850281	0.0171616745	0.0115401013	0.0956714238	0.0785097494	0	0	0	0	0	3
22	21	0	0.197376832	0.0122840317	0.0169399635	0.0115401013	0.0956714238	0.0787314604	0	0	0	0	0	3
23	22	0	0.206348506	0.0124455546	0.0167445544	0.0115401013	0.0956714238	0.0789268695	0	0	0	0	0	3
24	22	0	0.21532018	0.012634545	0.016573304	0.0115401013	0.0956714238	0.0790981199	0	0	0	0	0	3
25	23	0	0.224291854	0.0126638012	0.0164169239	0.0115401013	0.0956714238	0.0792545	0	0	0	0	0	3
26	24	0	0.233263528	0.0127909615	0.0162774638	0.0115401013	0.0956714238	0.0793939601	0	0	0	0	0	3
27	25	0	0.242235202	0.012753945	0.0161469631	0.0115401013	0.0956714238	0.0795244608	0	0	0	0	0	3
28	26	0	0.251206877	0.0128369854	0.0160287496	0.0115401013	0.0956714238	0.0796426742	0	0	0	0	0	3
29	26	0	0.260178551	0.0127911742	0.0159171091	0.0115401013	0.0956714238	0.0797543148	0	0	0	0	0	3
30	27	0	0.269150225	0.0128774685	0.0158157877	0.0115401013	0.0956714238	0.0798556361	0	0	0	0	0	3
31	28	0	0.278121899	0.0128560206	0.0157203114	0.0115401013	0.0956714238	0.0799511125	0	0	0	0	0	3
32	28	0	0.287093573	0.0128986932	0.0156321358	0.0115401013	0.0956714238	0.0800392881	0	0	0	0	0	3
33	29	0	0.296065247	0.012841918	0.0155475837	0.0115401013	0.0956714238	0.0801238401	0	0	0	0	0	3
34	30	0	0.305036922	0.0128746963	0.0154689694	0.0115401013	0.0956714238	0.0802024544	0	0	0	0	0	3
35	31	0	0.314008596	0.0128073033	0.0153929218	0.0115401013	0.0956714238	0.0802785021	0	0	0	0	0	3
36	32	0	0.32298027	0.0128097842	0.015321168	0.0115401013	0.0956714238	0.0803502559	0	0	0	0	0	3
37	32	0	0.331951944	0.0126923207	0.0152501181	0.0115401013	0.0956714238	0.0804213058	0	0	0	0	0	3
38	33	0	0.340923618	0.0126372582	0.0151813586	0.0115401013	0.0956714238	0.0804900653	0	0	0	0	0	3
39	34	0	0.349895292	0.0125081163	0.0151128139	0.0115401013	0.0956714238	0.0805586099	0	0	0	0	0	3
40	35	0	0.358866967	0.0124972275	0.0150474242	0.0115401013	0.0956714238	0.0806239996	0	0	0	0	0	3
41	36	0	0.367838641	0.0123868141	0.0149825313	0.0115401013	0.0956714238	0.0806888925	0	0	0	0	0	3
42	36	0	0.376810315	0.0123883349	0.0149207647	0.0115401013	0.0956714238	0.0807506591	0	0	0	0	0	3
43	37	0	0.385781989	0.0122594452	0.0148588736	0.0115401013	0.0956714238	0.0808125503	0	0	0	0	0	3
44	38	0	0.394753663	0.0122536549	0.0147996641	0.0115401013	0.0956714238	0.0808717598	0	0	0	0	0	3
45	39	0	0.403725337	0.0121287005	0.0147403093	0.0115401013	0.0956714238	0.0809311145	0	0	0	0	0	3
46	39	0	0.412697012	0.0122056293	0.0146852076	0.0115401013	0.0956714238	0.0809862163	0	0	0	0	0	3
47	40	0	0.421668686	0.0120867489	0.0146299212	0.0115401013	0.0956714238	0.0810415026	0	0	0	0	0	3
48	41	0	0.43064036	0.0121217618	0.0145776679	0.0115401013	0.0956714238	0.0810937559	0	0	0	0	0	3
49	42	0	0.439612034	0.0120366134	0.0145258097	0.0115401013	0.0956714238	0.0811456142	0	0	0	0	0	3
50	43	0	0.448583708	0.0120152356	0.0144755982	0.0115401013	0.0956714238	0.0811958257	0	0	0	0	0	3
51	43	0	0.457555382	0.0119211202	0.0144255104	0.0115401013	0.0956714238	0.0812459135	0	0	0	0	0	3
52	44	0	0.466527057	0.0119452793	0.0143778136	0.0115401013	0.0956714238	0.0812936102	0	0	0	0	0	3
53	45	0	0.475498731	0.0117993638	0.0143291636	0.0115401013	0.0956714238	0.0813422602	0	0	0	0	0	3
54	46	0	0.484470405	0.0117863302	0.0142820741	0.0115401013	0.0956714238	0.0813893497	0	0	0	0	0	3
55	47	0	0.493442079	0.0116960506	0.0142350555	0.0115401013	0.0956714238	0.0814363683	0	0	0	0	0	3
56	47	0	0.502413753	0.0117109924	0.0141899829	0.0115401013	0.0956714238	0.0814814409	0	0	0	0	0	3
57	48	0	0.511385427	0.0116532536	0.0126896585	0.0115401013	0.0285338677	0.0169937664	0	0	0	0	0	3
58	49	0	0.520357102	0.0116080612	0.0123874119	0.0115401013	0.0180881198	0.00654801848	0	0	0	0	0	3
59	50	0	0.529328776	0.0116481715	0.0122724129	0.0115401013	0.0135760926	0.0020359913	0	0	0	0	0	3
60	50	0	0.53830045	0.0115764987	0.0122715307	0.0115401013	0.0135760926	0.0020359913	0	0	0	0	0	3
61	51	0	0.547272124	0.0116209428	0.0122606413	0.0115401013	0.0135760926	0.0020359913	0	0	0	0	0	3
62	52	0	0.556243798	0.0115634509	0.0122610582	0.0115634509	0.0135760926	0.00201264174	0	0	0	0	0	3
63	53	0	0.565215472	0.0116474954	0.012262162	0.0115634509	0.0135760926	0.00201264174	0	0	0	0	0	3
64	54	0	0.574187147	0.0115367778	0.0122606192	0.0115367778	0.0135760926	0.0020393148	0	0	0	0	0	3
65	54	0	0.583158821	0.0116380769	0.0122608347	0.0115367778	0.0135760926	0.0020393148	0	0	0	0	0	3
66	55	0	0.592130495	0.0115432712	0.0122245343	0.0115367778	0.013129283	0.00159250515	0	0	0	0	0	3
67	56	0	0.601102169	0.0116518856	0.0121981522	0.0115367778	0.0130800655	0.00154328768	0	0	0	0	0	3
68	57	0	0.610073843	0.0115230738	0.0121703488	0.0115230738	0.0128986932	0.00137561941	0	0	0	0	0	3
69	58	0	0.619045517	0.011605604	0.0121597756	0.0115230738	0.0128986932	0.00137561941	0	0	0	0	0	3
70	58	0	0.628017192	0.0115616965	0.0121464146	0.0115230738	0.0128986932	0.00137561941	0	0	0	0	0	3
71	59	0	0.636988866	0.0115830247	0.0121404693	0.0115230738	0.0128986932	0.00137561941	0	0	0	0	0	3
72	60	0	0.64596054	0.0115482609	0.0121326631	0.0115230738	0.0128986932	0.00137561941	0	0	0	0	0	3
73	61	0	0.654932214	0.01149235	0.0121283473	0.01149235	0.0128986932	0.00140634322	0	0	0	0	0	3
74	61	0	0.663903888	0.0114850775	0.0121186988	0.0114850775	0.0128986932	0.00141361569	0	0	0	0	0	3
75	62	0	0.672875562	0.0114598511	0.0121108329	0.0114598511	0.0128986932	0.00143884209	0	0	0	0	0	3
76	63	0	0.681847237	0.0114266864	0.0121000432	0.0114266864	0.0128986932	0.00147200681	0	0	0	0	0	3
77	64	0	0.690818911	0.0114397299	0.0120903057	0.0114266864	0.0128986932	0.00147200681	0	0	0	0	0	3
78	65	0	0.699790585	0.0114245105	0.0120749571	0.0114245105	0.0128986932	0.00147418273	0	0	0	0	0	3
79	65	0	0.708762259	0.0114707362	0.0120575497	0.0114245105	0.0128986932	0.00147418273	0	0	0	0	0	3
80	66	0	0.717733933	0.0114406449	0.01203623	0.0114245105	0.0128986932	0.00147418273	0	0	0	0	0	3
81	67	0	0.726705607	0.0114320255	0.012014234	0.0114245105	0.0128986932	0.00147418273	0	0	0	0	0	3
82	68	0	0.735677282	0.0114001727	0.0119893985	0.0114001727	0.0128986932	0.00149852045	0	0	0	0	0	3
83	68	0	0.744648956	0.0113704399	0.0119646931	0.0113704399	0.0128986932	0.00152825326	0	0	0	0	0	3
84	69	0	0.75362063	0.011357672	0.0119382768	0.011357672	0.0128986932	0.00154102124	0	0	0	0	0	3
85	70	0	0.762592304	0.011327715	0.0119121436	0.011327715	0.0128986932	0.00157097823	0	0	0	0	0	3
86	71	0	0.771563978	0.0113530304	0.0118849214	0.011327715	0.0128986932	0.00157097823	0	0	0	0	0	3
87	72	0	0.780535652	0.0113754937	0.0118584835	0.011327715	0.0128986932	0.00157097823	0	0	0	0	0	3
88	72	0	0.789507327	0.011336909	0.0118305945	0.011327715	0.0128746963	0.00154698135	0	0	0	0	0	3
89	73	0	0.798479001	0.0113174442	0.0118033717	0.0113174442	0.0128746963	0.0015572521	0	0	0	0	0	3
90	74	0	0.807450675	0.0112935077	0.0117751362	0.0112935077	0.0128097842	0.00151627653	0	0	0	0	0	3
91	75	0	0.816422349	0.0112796909	0.0117478574	0.0112796909	0.0128097842	0.00153009332	0	0	0	0	0	3
92	76	0	0.825394023	0.0112878591	0.0117206802	0.0112796909	0.0126923207	0.00141262981	0	0	0	0	0	3
93	76	0	0.834365697	0.0112877782	0.0116955991	0.0112796909	0.0126372582	0.00135756724	0	0	0	0	0	3
94	77	0	0.843337372	0.0113029826	0.0116717727	0.0112796909	0.0125081163	0.00122842535	0	0	0	0	0	3
95	78	0	0.852309046	0.0113072368	0.0116503284	0.0112796909	0.0124972275	0.00121753662	0	0	0	0	0	3
96	79	0	0.86128072	0.0113092385	0.0116291143	0.0112796909	0.0123883349	0.00110864393	0	0	0	0	0	3
97	79	0	0.870252394	0.0113163883	0.0116099996	0.0112796909	0.0123883349	0.00110864393	0	0	0	0	0	3
98	80	0	0.879224068	0.0112602895	0.0115898559	0.0112602895	0.0122594452	0.000999155769	0	0	0	0	0	3
99	81	0	0.888195742	0.0112721388	0.0115722255	0.0112602895	0.0122536549	0.000993365454	0	0	0	0	0	3
100	82	0	0.897167416	0.0112487461	0.0115542807	0.0112487461	0.0122056293	0.000956883216	0	0	0	0	0	3
101	87	0	0.906139091	0.0112570721	0.0115387159	0.0112487461	0.0122056293	0.000956883216	0	0	0	0	0	3
102	87	0	0.915110765	0.0112615683	0.0115218576	0.0112487461	0.0121217618	0.000873015705	0	0	0	0	0	3
103	88	0	0.924082439	0.0112984192	0.0115077803	0.0112487461	0.0121217618	0.000873015705	0	0	0	0	0	3
104	89	0	0.933054113	0.0112822318	0.0114927887	0.0112487461	0.0120366134	0.000787867295	0	0	0	0	0	3
105	90	0	0.942025787	0.0112762774	0.0114792113	0.0112487461	0.0120152356	0.00076648949	0	0	0	0	0	3
106	91	0	0.950997461	0.0112590658	0.0114657082	0.0112487461	0.0119452793	0.0006965332	0	0	0	0	0	3
107	91	0	0.959969136	0.0112792773	0.0114542468	0.0112487461	0.0119452793	0.0006965332	0	0	0	0	0	3
108	92	0	0.96894081	0.0112619193	0.0114420439	0.0112487461	0.0117993638	0.000550617743	0	0	0	0	0	3
109	93	0	0.977912484	0.0112709286	0.0114326076	0.0112487461	0.0117863302	0.000537584058	0	0	0	0	0	3
110	94	0	0.986884158	0.0112667972	0.0114233302	0.0112487461	0.0117109924	0.00046224631	0	0	0	0	0	3
111	94	0	0.995855832	0.011292727	0.011416128	0.0112487461	0.0117109924	0.00046224631	0	0	0	0	0	3
112	95	0	1.00482751	0.0112641061	0.0114081479	0.0112487461	0.0116532536	0.000404507494	0.000205181211	0	50.7	0	0	3
113	96	0	1.01379918	0.0112569847	0.0114010716	0.0112487461	0.0116518856	0.000403139492	0.000205181211	0	50.8	0	0	3
114	97	0	1.02277085	0.0112383505	0.0113944697	0.0112383505	0.0116518856	0.000413535045	0.000205337144	0	49.6	0	0	3
115	98	0	1.03174253	0.0112603611	0.0113875445	0.0112383505	0.0116518856	0.000413535045	0.000205181211	0	49.6	0	0	3
116	99	0	1.0407142	0.0112413668	0.01138156	0.0112383505	0.0116518856	0.000413535045	0.000205181211	0	49.6	0	0	3
117	99	0	1.04968588	0.0112551986	0.0113750288	0.0112383505	0.0116518856	0.000413535045	0.000205181211	0	49.6	0	0	3
118	100	0	1.05865755	0.0112634158	0.0113696711	0.0112383505	0.0116518856	0.000413535045	0.000205181211	0	49.6	0	0	3
119	101	0	1.06762923	0.0113106714	0.0113636564	0.0112383505	0.0116518856	0.000413535045	0.000205181211	0	49.6	0	0	3
120	102	0	1.0766009	0.0112607504	0.0113587273	0.0112383505	0.0116518856	0.000413535045	0.000205181211	0	49.6	0	0	3
121	103	0	1.08557257	0.0113223822	0.0113530899	0.0112383505	0.0116518856	0.000413535045	0.000205181211	0	49.6	0	0	3
122	104	0	1.09454425	0.0113067818	0.0113488669	0.0112383505	0.0116518856	0.000413535045	0.000205181211	0	49.6	0	0	3
123	105	0	1.10351592	0.0113079703	0.0113427255	0.0112383505	0.011605604	0.000367253418	0.000205181211	0	55.8	0	0	3
124	107	0	1.1124876	0.0113043143	0.0113388191	0.0112383505	0.011605604	0.000367253418	0.000205181211	0	55.8	0	0	3
125	108	0	1.12145927	0.011341473	0.0113341025	0.0112383505	0.0115830247	0.000344674169	0.000205181211	0	59.5	0	0	3
126	109	0	1.13043094	0.011334691	0.0113300488	0.0112383505	0.0115830247	0.000344674169	0.000205181211	0	59.5	0	0	3
127	110	0	1.13940262	0.0113444032	0.0113257877	0.0112383505	0.0115482609	0.000309910353	0.000205181211	0	66.2	0	0	3
128	111	0	1.14837429	0.0113344906	0.0113219704	0.0112383505	0.01149235	0.000253999436	0.000205181211	0	80.7	0	0	3
129	112	0	1.15734597	0.011351837	0.0113194612	0.0112383505	0.0114850775	0.00024672697	0.000205181211	0	83.1	0	0	3
130	113	0	1.16631764	0.0113231038	0.0113165688	0.0112383505	0.0114707362	0.000232385653	0.000205181211	0	88.2	0	0	3
131	113	0	1.17528932	0.0113148712	0.0113139799	0.0112383505	0.0114707362	0.000232385653	0.000205181211	0	88.2	0	0	3
132	114	0	1.18426099	0.0112943781	0.0113116173	0.0112383505	0.0114707362	0.000232385653	0.000205181211	0	88.2	0	0	3
133	115	0	1.19323266	0.0113111016	0.0113093203	0.0112383505	0.0114707362	0.000232385653	0.000205181211	0	88.2	0	0	3
134	116	0	1.20220434	0.0112658438	0.011306487	0.0112383505	0.0114707362	0.000232385653	0.000205181211	0	88.2	0	0	3
135	117	0	1.21117601	0.0113003576	0.0113034445	0.0112383505	0.0114406449	0.000202294361	0.000205181211	0	100	0	0	3
136	118	0	1.22014769	0.0112536853	0.0113001059	0.0112383505	0.0114320255	0.000193674923	0.000205181211	0	100	0	0	3
137	118	0	1.22911936	0.0112870602	0.0112975173	0.0112383505	0.0114001727	0.000161822207	0.000205181211	0	100	0	0	3
138	119	0	1.23809103	0.0112845772	0.0112954531	0.0112383505	0.0113754937	0.000137143112	0.000205181211	0	100	0	0	3
139	120	0	1.24706271	0.0113086289	0.0112943493	0.0112383505	0.0113754937	0.000137143112	0.000205181211	0	100	0	0	3
140	121	0	1.25603438	0.0112559563	0.011292533	0.0112383505	0.0113754937	0.000137143112	0.000205181211	0	100	0	0	3
141	122	0	1.26500606	0.0112852254	0.0112917742	0.0112383505	0.0113754937	0.000137143112	0.000205181211	0	100	0	0	3
142	122	0	1.27397773	0.0112754218	0.0112903883	0.0112383505	0.0113754937	0.000137143112	0.000205181211	0	100	0	0	3
143	123	0	1.28294941	0.0112639363	0.0112883963	0.0112383505	0.011351837	0.000113486475	0.000205181211	0	100	0	0	3
144	124	0	1.29192108	0.0113001719	0.0112877402	0.0112383505	0.011351837	0.000113486475	0.000205181211	0	100	0	0	3
145	125	0	1.30089275	0.0113127363	0.0112876562	0.0112383505	0.011351837	0.000113486475	0.000205181211	0	100	0	0	3
146	126	0	1.30986443	0.0112959807	0.0112877003	0.0112383505	0.011351837	0.000113486475	0.000205181211	0	100	0	0	3
147	127	0	1.3188361	0.0113273976	0.0112885522	0.0112383505	0.011351837	0.000113486475	0.000205181211	0	100	0	0	3
148	127	0	1.32780778	0.0113004876	0.0112887777	0.0112383505	0.011351837	0.000113486475	0.000205181211	0	100	0	0	3
149	128	0	1.33677945	0.0113098855	0.0112891725	0.0112383505	0.011351837	0.000113486475	0.000205181211	0	100	0	0	3
150	129	0	1.34575112	0.01129154	0.0112889682	0.0112383505	0.011351837	0.000113486475	0.000205181211	0	100	0	0	3
151	130	0	1.3547228	0.0113269462	0.0112893201	0.0112383505	0.011351837	0.000113486475	0.000205181211	0	100	0	0	3
152	131	0	1.36369447	0.0112880641	0.011288942	0.0112383505	0.011351837	0.000113486475	0.000205181211	0	100	0	0	3
153	132	0	1.37266615	0.0112988493	0.0112886288	0.0112383505	0.011351837	0.000113486475	0.000205181211	0	100	0	0	3
154	132	0	1.38163782	0.0112925254	0.0112892045	0.0112383505	0.011351837	0.000113486475	0.000205181211	0	100	0	0	3
155	133	0	1.3906095	0.0113154333	0.0112899776	0.0112383505	0.011351837	0.000113486475	0.000205181211	0	100	0	0	3
156	134	0	1.39958117	0.0112721321	0.0112903952	0.0112383505	0.011351837	0.000113486475	0.000205181211	0	100	0	0	3
157	135	0	1.40855284	0.0113047578	0.0112912467	0.0112383505	0.011351837	0.000113486475	0.000205181211	0	100	0	0	3
158	136	0	1.41752452	0.011299707	0.0112919278	0.0112383505	0.011351837	0.000113486475	0.000205181211	0	100	0	0	3
159	136	0	1.42649619	0.0113055995	0.011292056	0.0112383505	0.011351837	0.000113486475	0.000205181211	0	100	0	0	3
160	137	0	1.43546787	0.0113055848	0.011292473	0.0112383505	0.011351837	0.000113486475	0.000205181211	0	100	0	0	3
161	138	0	1.44443954	0.011339046	0.0112935939	0.0112383505	0.011351837	0.000113486475	0.000205181211	0	100	0	0	3
162	139	0	1.45341121	0.0113279122	0.0112948233	0.0112383505	0.011351837	0.000113486475	0.000205181211	0	100	0	0	3
163	140	0	1.46238289	0.0113389288	0.0112958885	0.0112383505	0.011351837	0.000113486475	0.000205181211	0	100	0	0	3
164	140	0	1.47135456	0.0113376118	0.0112972401	0.0112383505	0.011351837	0.000113486475	0.000205181211	0	100	0	0	3
165	141	0	1.48032624	0.0113672632	0.0112989604	0.0112383505	0.0113672632	0.000128912612	0.000205181211	0	100	0	0	3
166	142	0	1.48929791	0.0113565266	0.0113005627	0.0112383505	0.0113672632	0.000128471821	0.000205181211	0	100	0	0	3
167	143	0	1.49826959	0.01136889	0.0113019228	0.0112383505	0.01136889	0.000120491708	0.000205181211	0	100	0	0	3
168	144	0	1.50724126	0.0113673025	0.0113037655	0.0112383505	0.01136889	0.000113415478	0.000205181211	0	100	0	0	3
169	144	0	1.51621293	0.0113991971	0.0113063051	0.0112383505	0.0113991971	0.000106813501	0.000205181211	0	100	0	0	3
170	145	0	1.52518461	0.0113834553	0.0113088962	0.0112413668	0.0113991971	9.98883171e-05	0.000205181211	0	100	0	0	3
171	146	0	1.53415628	0.0113853417	0.011311128	0.0112413668	0.0113991971	9.39038179e-05	0.000205181211	0	100	0	0	3
172	147	0	1.54312796	0.0113703761	0.0113134317	0.0112536853	0.0113991971	8.73726706e-05	0.000205181211	0	100	0	0	3
173	147	0	1.55209963	0.0113952289	0.0113159323	0.0112536853	0.0113991971	8.20149018e-05	0.000205181211	0	100	0	0	3
174	148	0	1.5610713	0.0113731922	0.0113178926	0.0112536853	0.0113991971	7.6000188e-05	0.000205181211	0	100	0	0	3
175	149	0	1.57004298	0.0113852711	0.0113192247	0.0112536853	0.0113991971	7.10711278e-05	0.000205181211	0	100	0	0	3
176	150	0	1.57901465	0.0113815808	0.0113213824	0.0112536853	0.0113991971	6.54337221e-05	0.000205181211	0	100	0	0	3
177	151	0	1.58798633	0.0114211665	0.0113231464	0.0112536853	0.0114211665	6.12106966e-05	0.000205181211	0	100	0	0	3
178	151	0	1.596958	0.0114048764	0.0113248981	0.0112536853	0.0114211665	5.50693527e-05	0.000205181211	0	100	0	0	3
179	152	0	1.60592968	0.0114223182	0.01132694	0.0112536853	0.0114223182	5.11629327e-05	0.000205181211	0	100	0	0	3
180	153	0	1.61490135	0.0114177158	0.0113289651	0.0112536853	0.0114223182	4.64463086e-05	0.000205181211	0	100	0	0	3
181	154	0	1.62387302	0.0114623261	0.0113311231	0.0112536853	0.0114623261	4.34669799e-05	0.000205181211	0	100	0	0	3
182	155	0	1.6328447	0.0114511929	0.0113332035	0.0112536853	0.0114623261	4.55473718e-05	0.000205181211	0	100	0	0	3
183	155	0	1.64181637	0.0114759813	0.0113355531	0.0112536853	0.0114759813	4.78969813e-05	0.000205181211	0	100	0	0	3
184	156	0	1.65078805	0.0114769032	0.0113380962	0.0112536853	0.0114769032	5.04400637e-05	0.000205181211	0	100	0	0	3
185	157	0	1.65975972	0.0115302034	0.0113412813	0.0112536853	0.0115302034	5.3625177e-05	0.000205181211	0	100	0	0	3
186	158	0	1.66873139	0.0115230848	0.0113448524	0.0112536853	0.0115302034	5.71962666e-05	0.000205181211	0	100	0	0	3
187	159	0	1.67770307	0.0115772803	0.0113495383	0.0112536853	0.0115772803	6.18821429e-05	0.000205181211	0	100	0	0	3
188	159	0	1.68667474	0.0115425316	0.0113539696	0.0112536853	0.0115772803	6.63134556e-05	0.000205181211	0	100	0	0	3
189	160	0	1.69564642	0.0116155035	0.0113594054	0.0112536853	0.0116155035	7.17492037e-05	0.000205181211	0	100	0	0	3
190	161	0	1.70461809	0.0116011717	0.0113653934	0.0112536853	0.0116155035	7.77372016e-05	0.000205181211	0	100	0	0	3
191	162	0	1.71358977	0.0116311552	0.0113713005	0.0112536853	0.0116311552	8.36443019e-05	0.000205181211	0	100	0	0	3
192	163	0	1.72256144	0.0115810226	0.0113771458	0.0112559563	0.0116311552	8.94896109e-05	0.000205181211	0	100	0	0	3
193	163	0	1.73153311	0.0116391908	0.0113834338	0.0112559563	0.0116391908	9.57776574e-05	0.000205181211	0	100	0	0	3
194	164	0	1.74050479	0.0115995875	0.011389059	0.0112559563	0.0116391908	0.000101402841	0.000205181211	0	100	0	0	3
195	165	0	1.74947646	0.0116535946	0.0113952191	0.0112559563	0.0116535946	0.000107562941	0.000205181211	0	100	0	0	3
196	166	0	1.75844814	0.0116171064	0.0114016682	0.0112639363	0.0116535946	0.000114012051	0.000205181211	0	100	0	0	3
197	167	0	1.76741981	0.0116667903	0.0114084819	0.0112639363	0.0116667903	0.000120825709	0.000205181211	0	100	0	0	3
198	167	0	1.77639148	0.0116267127	0.0114147549	0.0112639363	0.0116667903	0.000127098761	0.000205181211	0	100	0	0	3
199	168	0	1.78536316	0.0116745409	0.0114220871	0.0112721321	0.0116745409	0.000134430985	0.000205181211	0	100	0	0	3
200	169	0	1.79433483	0.0116339428	0.0114280473	0.0112721321	0.0116745409	0.000140391179	0.000205181211	0	100	0	0	3
201	174	0	1.80330651	0.0116870957	0.0114347323	0.0112721321	0.0116870957	0.000147032009	0.000205181211	0	100	0	0	3
202	174	0	1.81227818	0.0116362874	0.0114408092	0.0112721321	0.0116870957	0.000152257009	0.000205181211	0	100	0	0	3
203	175	0	1.82124986	0.011687415	0.0114472381	0.0112721321	0.011687415	0.000158609297	0.000205181211	0	100	0	0	3
204	176	0	1.83022153	0.0116324097	0.0114531653	0.0112721321	0.011687415	0.000164536479	0.000205181211	0	100	0	0	3
205	177	0	1.8391932	0.0116750129	0.0114596854	0.0112721321	0.011687415	0.000171056611	0.000205181211	0	100	0	0	3
206	178	0	1.84816488	0.0116061332	0.0114653032	0.0112721321	0.011687415	0.000176674346	0.000205181211	0	100	0	0	3
207	178	0	1.85713655	0.011670608	0.01147144	0.0112721321	0.011687415	0.000182811164	0.000205181211	0	100	0	0	3
208	179	0	1.86610823	0.0115698719	0.0114764723	0.0112721321	0.011687415	0.000187843446	0.000205181211	0	100	0	0	3
209	180	0	1.8750799	0.0116141628	0.0114821029	0.0112721321	0.011687415	0.000192898402	0.000205181211	0	100	0	0	3
210	181	0	1.88405157	0.0115474447	0.011486655	0.0112721321	0.011687415	0.000196677416	0.000205181211	0	100	0	0	3
211	182	0	1.89302325	0.0115948883	0.0114916453	0.0112721321	0.011687415	0.000201250075	0.000205181211	0	100	0	0	3
212	182	0	1.90199492	0.0114906335	0.0114955471	0.011299707	0.011687415	0.000204300357	0.000205181211	0	100	0	0	3
213	183	0	1.9109666	0.011502715	0.011499082	0.011299707	0.011687415	0.000207154259	0.000205181211	0	99	0	0	3
214	184	0	1.91993827	0.0114238195	0.0115012983	0.0113055848	0.011687415	0.000209242334	0.000205181211	0	98	0	0	3
215	185	0	1.92890995	0.0114739809	0.0115043051	0.0113055848	0.011687415	0.000211832127	0.000205181211	0	96.8	0	0	3
216	186	0	1.93788162	0.0113909213	0.011505829	0.0113279122	0.011687415	0.000212235124	0.000205181211	0	96.6	0	0	3
217	187	0	1.94685329	0.0114315382	0.0115074806	0.0113279122	0.011687415	0.000212657369	0.000205181211	0	96.4	0	0	3
218	187	0	1.95582497	0.0113650432	0.0115081437	0.0113376118	0.011687415	0.000212255218	0.000205181211	0	96.6	0	0	3
219	188	0	1.96479664	0.011424951	0.0115096798	0.0113376118	0.011687415	0.000212439676	0.000205181211	0	96.5	0	0	3
220	189	0	1.97376832	0.0113323799	0.0115095864	0.0113323799	0.011687415	0.000210719415	0.000205181211	0	97.3	0	0	3
221	190	0	1.98273999	0.0113361068	0.01150903	0.0113323799	0.011687415	0.000209117104	0.000205181211	0	98.1	0	0	3
222	191	0	1.99171166	0.011313493	0.0115082616	0.011313493	0.011687415	0.00020775705	0.000205181211	0	98.7	0	0	3
223	191	0	2.00068334	0.0113274716	0.0115075219	0.011313493	0.011687415	0.000205914257	0.000205181211	0	99.6	0	0	3
224	192	0	2.00965501	0.0113047757	0.0115064054	0.0113047757	0.011687415	0.00020337475	0.000205181211	0	100	0	0	3
225	193	0	2.01862669	0.0113154233	0.0115049094	0.0113047757	0.011687415	0.000200783593	0.000205181211	0	100	0	0	3
226	194	0	2.02759836	0.0113044977	0.0115034995	0.0113044977	0.011687415	0.000198551798	0.000205181211	0	100	0	0	3
227	195	0	2.03657004	0.0113390359	0.0115026726	0.0113044977	0.011687415	0.000196248059	0.000205181211	0	100	0	0	3
228	195	0	2.04554171	0.0113159301	0.0115017003	0.0113044977	0.011687415	0.000193747518	0.000205181211	0	100	0	0	3
229	196	0	2.05451338	0.0113336298	0.0115006004	0.0113044977	0.011687415	0.000191787225	0.000205181211	0	100	0	0	3
230	197	0	2.06348506	0.0113260473	0.0114997585	0.0113044977	0.011687415	0.000190455089	0.000205181211	0	100	0	0	3
231	198	0	2.07245673	0.0113623069	0.0114993484	0.0113044977	0.011687415	0.000188297404	0.000205181211	0	100	0	0	3
232	199	0	2.08142841	0.0113405378	0.0114986155	0.0113044977	0.011687415	0.000186533398	0.000205181211	0	100	0	0	3
233	199	0	2.09040008	0.0113475717	0.0114973013	0.0113044977	0.011687415	0.000184781709	0.000205181211	0	100	0	0	3
234	200	0	2.09937175	0.0113367199	0.0114960842	0.0113044977	0.011687415	0.000182739782	0.000205181211	0	100	0	0	3
235	201	0	2.10834343	0.01133947	0.0114946048	0.0113044977	0.011687415	0.000180714754	0.000205181211	0	100	0	0	3
236	202	0	2.1173151	0.0113106249	0.0114926924	0.0113044977	0.011687415	0.000178556662	0.000205181211	0	100	0	0	3
237	203	0	2.12628678	0.0113096593	0.0114899663	0.0113044977	0.011687415	0.00017647627	0.000205181211	0	100	0	0	3
238	203	0	2.13525845	0.0113037692	0.0114873337	0.0113037692	0.011687415	0.000174126661	0.000205181211	0	100	0	0	3
239	204	0	2.14423013	0.0112106267	0.0114825952	0.0112106267	0.011687415	0.000171583578	0.000205181211	0	100	0	0	3
240	205	0	2.1532018	0.0112808746	0.0114790947	0.0112106267	0.011687415	0.000168398465	0.000205181211	0	100	0	0	3
241	206	0	2.16217347	0.0112578495	0.0114742312	0.0112106267	0.011687415	0.000164827376	0.000205181211	0	100	0	0	3
242	207	0	2.17114515	0.011274559	0.0114697933	0.0112106267	0.011687415	0.000160141499	0.000205181211	0	100	0	0	3
243	207	0	2.18011682	0.0113238364	0.0114652675	0.0112106267	0.011687415	0.000155710187	0.000205181211	0	100	0	0	3
244	208	0	2.1890885	0.011267927	0.0114603638	0.0112106267	0.011687415	0.000150274439	0.000205181211	0	100	0	0	3
245	209	0	2.19806017	0.0113062449	0.0114548414	0.0112106267	0.011687415	0.000144286441	0.000205181211	0	100	0	0	3
246	210	0	2.20703184	0.011296149	0.0114493945	0.0112106267	0.011687415	0.00013837934	0.000205181211	0	100	0	0	3
247	211	0	2.21600352	0.0112130121	0.0114419277	0.0112106267	0.011687415	0.000132534031	0.000205181211	0	100	0	0	3
248	212	0	2.22497519	0.0112592949	0.0114361826	0.0112106267	0.011687415	0.000126245985	0.000205181211	0	100	0	0	3
249	213	0	2.23394687	0.0112319806	0.0114289109	0.0112106267	0.011687415	0.000120620801	0.000205181211	0	100	0	0	3
250	214	0	2.24291854	0.0112345884	0.0114223931	0.0112106267	0.011687415	0.000114460701	0.000205181211	0	100	0	0	3
251	215	0	2.25189022	0.0112887411	0.0114158779	0.0112106267	0.011687415	0.000108011591	0.000205181211	0	100	0	0	3
252	216	0	2.26086189	0.0112374775	0.0114090988	0.0112106267	0.011687415	0.000101197933	0.000205181211	0	100	0	0	3
253	216	0	2.26983356	0.0112799122	0.0114021902	0.0112106267	0.011687415	0.000107489567	0.000205181211	0	100	0	0	3
254	217	0	2.27880524	0.0112690522	0.0113958034	0.0112106267	0.011687415	0.000113876363	0.000205181211	0	100	0	0	3
255	218	0	2.28777691	0.0112022213	0.0113873692	0.0112022213	0.011687415	0.00012231064	0.000205181211	0	100	0	0	3
256	219	0	2.29674859	0.0112469299	0.0113804582	0.0112022213	0.011687415	0.000129221583	0.000205181211	0	100	0	0	3
257	220	0	2.30572026	0.0112235264	0.0113721802	0.0112022213	0.011687415	0.000137499606	0.000205181211	0	100	0	0	3
258	220	0	2.31469193	0.0112098028	0.0113645644	0.0112022213	0.011687415	0.000145115402	0.000205181211	0	100	0	0	3
259	221	0	2.32366361	0.01125314	0.0113568095	0.0112022213	0.0116750129	0.000152870312	0.000205181211	0	100	0	0	3
260	222	0	2.33263528	0.0112320909	0.0113496609	0.0112022213	0.0116750129	0.000160018862	0.000205181211	0	100	0	0	3
261	223	0	2.34160696	0.0112054793	0.0113412764	0.0112022213	0.011670608	0.000168403392	0.000205181211	0	100	0	0	3
262	223	0	2.35057863	0.0112483541	0.0113348875	0.0112022213	0.011670608	0.000174792304	0.000205181211	0	100	0	0	3
263	224	0	2.35955031	0.0112171656	0.0113267903	0.0112022213	0.0116141628	0.00018288949	0.000205181211	0	100	0	0	3
264	225	0	2.36852198	0.0112056868	0.011320287	0.0112022213	0.0116141628	0.000189392796	0.000205181211	0	100	0	0	3
265	226	0	2.37749365	0.011232034	0.0113134633	0.0112022213	0.0115948883	0.000196216523	0.000205181211	0	100	0	0	3
266	227	0	2.38646533	0.0112287894	0.011307773	0.0112022213	0.0115948883	0.000201906795	0.000205181211	0	100	0	0	3
267	227	0	2.395437	0.0112686709	0.0113019477	0.0112022213	0.011502715	0.000207732105	0.000205181211	0	98.7	0	0	3
268	228	0	2.40440868	0.0112238933	0.0112971845	0.0112022213	0.011502715	0.000212495324	0.000205181211	0	96.5	0	0	3
269	229	0	2.41338035	0.0112656046	0.0112929504	0.0112022213	0.0114739809	0.000216729437	0.000205181211	0	94.6	0	0	3
270	230	0	2.42235202	0.0112678196	0.0112901647	0.0112022213	0.0114739809	0.00021951515	0.000205181211	0	93.4	0	0	3
271	231	0	2.4313237	0.0112043397	0.0112853496	0.0112022213	0.0114315382	0.000224330172	0.000205181211	0	91.4	0	0	3
272	231	0	2.44029537	0.0112596751	0.011283006	0.0112022213	0.0114315382	0.000226673853	0.000205181211	0	90.5	0	0	3
273	232	0	2.44926705	0.011256806	0.0112798857	0.0112022213	0.011424951	0.000222729657	0.000205181211	0	92.1	0	0	3
274	233	0	2.45823872	0.0112490474	0.0112778144	0.0112022213	0.011424951	0.000222729657	0.000205181211	0	92.1	0	0	3
275	234	0	2.4672104	0.0112832354	0.0112752837	0.0112022213	0.0113623069	0.00016008563	0.000205181211	0	100	0	0	3
276	234	0	2.47618207	0.0112660892	0.0112741	0.0112022213	0.0113623069	0.00016008563	0.000205181211	0	100	0	0	3
277	235	0	2.48515374	0.0113196343	0.0112738058	0.0112022213	0.0113623069	0.00016008563	0.000205181211	0	100	0	0	3
278	236	0	2.49412542	0.0113250527	0.0112740123	0.0112022213	0.0113623069	0.00016008563	0.000205181211	0	100	0	0	3
279	237	0	2.50309709	0.0112611753	0.0112728284	0.0112022213	0.0113623069	0.00016008563	0.000205181211	0	100	0	0	3
280	238	0	2.51206877	0.0113063332	0.0112728562	0.0112022213	0.0113623069	0.00016008563	0.000205181211	0	100	0	0	3
281	238	0	2.52104044	0.011296736	0.0112725225	0.0112022213	0.0113623069	0.00016008563	0.000205181211	0	100	0	0	3
282	239	0	2.53001211	0.0112794866	0.0112720759	0.0112022213	0.0113623069	0.00016008563	0.000205181211	0	100	0	0	3
283	240	0	2.53898379	0.0112965817	0.0112713178	0.0112022213	0.0113623069	0.00016008563	0.000205181211	0	100	0	0	3
284	241	0	2.54795546	0.0112615541	0.0112703468	0.0112022213	0.0113623069	0.00016008563	0.000205181211	0	100	0	0	3
285	242	0	2.55692714	0.0113045353	0.0112698272	0.0112022213	0.0113623069	0.00016008563	0.000205181211	0	100	0	0	3
286	242	0	2.56589881	0.0113062069	0.0112694729	0.0112022213	0.0113623069	0.00016008563	0.000205181211	0	100	0	0	3
287	243	0	2.57487049	0.0112957414	0.0112682843	0.0112022213	0.0113475717	0.000145350342	0.000205181211	0	100	0	0	3
288	244	0	2.58384216	0.0113287823	0.0112680743	0.0112022213	0.0113475717	0.000145350342	0.000205181211	0	100	0	0	3
289	245	0	2.59281383	0.0112757728	0.0112667922	0.0112022213	0.01133947	0.000137248697	0.000205181211	0	100	0	0	3
290	246	0	2.60178551	0.0113297013	0.0112666669	0.0112022213	0.01133947	0.000137248697	0.000205181211	0	100	0	0	3
291	246	0	2.61075718	0.0112763439	0.0112655396	0.0112022213	0.0113297013	0.000127479945	0.000205181211	0	100	0	0	3
292	247	0	2.61972886	0.0113281713	0.011265853	0.0112022213	0.0113297013	0.000127479945	0.000205181211	0	100	0	0	3
293	248	0	2.62870053	0.0112572495	0.0112649171	0.0112022213	0.0113297013	0.000127479945	0.000205181211	0	100	0	0	3
294	249	0	2.6376722	0.0113151039	0.0112651195	0.0112022213	0.0113297013	0.000127479945	0.000205181211	0	100	0	0	3
295	250	0	2.64664388	0.0113060289	0.0112668231	0.0112022213	0.0113297013	0.000127479945	0.000205181211	0	100	0	0	3
296	250	0	2.65561555	0.0113270101	0.0112676469	0.0112022213	0.0113297013	0.000127479945	0.000205181211	0	100	0	0	3
297	251	0	2.66458723	0.0112802957	0.0112680478	0.0112022213	0.0113297013	0.000127479945	0.000205181211	0	100	0	0	3
298	252	0	2.6735589	0.0113349546	0.0112691263	0.0112022213	0.0113349546	0.000132733338	0.000205181211	0	100	0	0	3
299	253	0	2.68253058	0.0113291614	0.0112692213	0.0112022213	0.0113349546	0.000132733338	0.000205181211	0	100	0	0	3
300	254	0	2.69150225	0.0113112789	0.0112699955	0.0112022213	0.0113349546	0.000132733338	0.000205181211	0	100	0	0	3
301	259	0	2.70047392	0.0113201543	0.0112702439	0.0112022213	0.0113349546	0.000132733338	0.000205181211	0	100	0	0	3
302	259	0	2.7094456	0.0113234316	0.0112707311	0.0112022213	0.0113349546	0.000132733338	0.000205181211	0	100	0	0	3
303	260	0	2.71841727	0.0112873005	0.0112720576	0.0112022213	0.0113349546	0.000132733338	0.000205181211	0	100	0	0	3
304	261	0	2.72738895	0.0112989624	0.011272766	0.0112022213	0.0113349546	0.000132733338	0.000205181211	0	100	0	0	3
305	262	0	2.73636062	0.0112535421	0.011273151	0.0112022213	0.0113349546	0.000132733338	0.000205181211	0	100	0	0	3
306	263	0	2.74533229	0.0112940675	0.0112742131	0.0112022213	0.0113349546	0.000132733338	0.000205181211	0	100	0	0	3
307	263	0	2.75430397	0.0112251592	0.0112730777	0.0112022213	0.0113349546	0.000132733338	0.000205181211	0	100	0	0	3
308	264	0	2.76327564	0.0112802851	0.0112738422	0.0112022213	0.0113349546	0.000132733338	0.000205181211	0	100	0	0	3
309	265	0	2.77224732	0.01124171	0.01127316	0.0112022213	0.0113349546	0.00013088637	0.000205181211	0	100	0	0	3
310	266	0	2.78121899	0.0112815272	0.0112733828	0.0112022213	0.0113349546	0.000122452093	0.000205181211	0	100	0	0	3
311	267	0	2.79019067	0.0112141856	0.0112735964	0.0112043397	0.0113349546	0.00011554115	0.000205181211	0	100	0	0	3
312	267	0	2.79916234	0.0112650347	0.0112739197	0.0112043397	0.0113349546	0.000107263127	0.000205181211	0	100	0	0	3
313	268	0	2.80813401	0.0112203951	0.0112738638	0.0112043397	0.0113349546	9.96473305e-05	0.000205181211	0	100	0	0	3
314	269	0	2.81710569	0.0112605643	0.0112747702	0.0112043397	0.0113349546	9.18924203e-05	0.000205181211	0	100	0	0	3
315	270	0	2.82607736	0.0112040038	0.0112738928	0.0112040038	0.0113349546	8.47438705e-05	0.000205181211	0	100	0	0	3
316	271	0	2.83504904	0.0112666663	0.0112745102	0.0112040038	0.0113349546	7.6359341e-05	0.000205181211	0	100	0	0	3
317	271	0	2.84402071	0.0112355598	0.0112750474	0.0112040038	0.0113349546	6.99704285e-05	0.000205181211	0	100	0	0	3
318	272	0	2.85299238	0.0112870706	0.0112757387	0.0112040038	0.0113349546	6.18732426e-05	0.000205181211	0	100	0	0	3
319	273	0	2.86196406	0.0112293587	0.0112759565	0.0112040038	0.0113349546	5.53699368e-05	0.000205181211	0	100	0	0	3
320	274	0	2.87093573	0.0112886958	0.0112774388	0.0112040038	0.0113349546	4.85462094e-05	0.000205181211	0	100	0	0	3
321	275	0	2.87990741	0.0112221934	0.0112772631	0.0112040038	0.0113349546	4.28559375e-05	0.000205181211	0	100	0	0	3
322	276	0	2.88887908	0.0113020955	0.0112785721	0.0112040038	0.0113349546	3.70306273e-05	0.000205181211	0	100	0	0	3
323	276	0	2.89785076	0.0112512504	0.011278261	0.0112040038	0.0113349546	3.2267409e-05	0.000205181211	0	100	0	0	3
324	277	0	2.90682243	0.0112828566	0.0112793139	0.0112040038	0.0113349546	2.80332959e-05	0.000205181211	0	100	0	0	3
325	278	0	2.9157941	0.0112391832	0.0112788421	0.0112040038	0.0113349546	2.52475826e-05	0.000205181211	0	100	0	0	3
326	279	0	2.92476578	0.0112323472	0.0112782087	0.0112040038	0.0113349546	2.04325608e-05	0.000205181211	0	100	0	0	3
327	280	0	2.93373745	0.0112025497	0.0112781767	0.0112025497	0.0113349546	1.80888794e-05	0.000205181211	0	100	0	0	3
328	280	0	2.94270913	0.0112421522	0.0112778638	0.0112025497	0.0113349546	1.49686612e-05	0.000205181211	0	100	0	0	3
329	281	0	2.9516808	0.011203582	0.0112769134	0.0112025497	0.0113349546	1.43968528e-05	0.000205181211	0	100	0	0	3
330	282	0	2.96065247	0.0112720784	0.0112773246	0.0112025497	0.0113349546	1.43968528e-05	0.000205181211	0	100	0	0	3
331	283	0	2.96962415	0.0112583217	0.0112768798	0.0112025497	0.0113349546	1.43968528e-05	0.000205181211	0	100	0	0	3
332	284	0	2.97859582	0.0113009899	0.011277503	0.0112025497	0.0113349546	1.43968528e-05	0.000205181211	0	100	0	0	3
333	285	0	2.9875675	0.0112444232	0.0112761599	0.0112025497	0.0113349546	1.43968528e-05	0.000205181211	0	100	0	0	3
334	285	0	2.99653917	0.0112819496	0.0112753902	0.0112025497	0.0113349546	1.43968528e-05	0.000205181211	0	100	0	0	3
335	286	0	3.00551085	0.011249097	0.0112751745	0.0112025497	0.0113349546	1.43968528e-05	0.000205181211	0	100	0	0	3
336	287	0	3.01448252	0.0112902233	0.0112748869	0.0112025497	0.0113349546	1.43968528e-05	0.000205181211	0	100	0	0	3
337	288	0	3.02345419	0.0112497621	0.0112740481	0.0112025497	0.0113349546	1.43968528e-05	0.000205181211	0	100	0	0	3
338	288	0	3.03242587	0.0113081709	0.0112745603	0.0112025497	0.0113349546	1.43968528e-05	0.000205181211	0	100	0	0	3
339	289	0	3.04139754	0.011281637	0.0112742934	0.0112025497	0.0113349546	1.43968528e-05	0.000205181211	0	100	0	0	3
340	290	0	3.05036922	0.0113163826	0.0112752725	0.0112025497	0.0113349546	1.43968528e-05	0.000205181211	0	100	0	0	3
341	291	0	3.05934089	0.0112530827	0.0112743537	0.0112025497	0.0113349546	1.43968528e-05	0.000205181211	0	100	0	0	3
342	292	0	3.06831256	0.0112956219	0.0112741647	0.0112025497	0.0113349546	1.43968528e-05	0.000205181211	0	100	0	0	3
343	293	0	3.07728424	0.0113028433	0.0112742915	0.0112025497	0.0113349546	1.43968528e-05	0.000205181211	0	100	0	0	3
344	293	0	3.08625591	0.0112784603	0.0112733929	0.0112025497	0.0113349546	1.43968528e-05	0.000205181211	0	100	0	0	3
345	294	0	3.09522759	0.011322735	0.0112742315	0.0112025497	0.0113349546	1.43968528e-05	0.000205181211	0	100	0	0	3
346	295	0	3.10419926	0.0112957129	0.0112736246	0.0112025497	0.0113349546	1.43968528e-05	0.000205181211	0	100	0	0	3
347	296	0	3.11317094	0.0113512597	0.0112749623	0.0112025497	0.0113512597	1.43968528e-05	0.000205181211	0	100	0	0	3
348	297	0	3.12214261	0.0113032366	0.0112745171	0.0112025497	0.0113512597	1.43968528e-05	0.000205181211	0	100	0	0	3
349	297	0	3.13111428	0.0113194926	0.0112756286	0.0112025497	0.0113512597	1.41944474e-05	0.000205181211	0	100	0	0	3
350	298	0	3.14008596	0.0112847168	0.0112750859	0.0112025497	0.0113512597	1.24908362e-05	0.000205181211	0	100	0	0	3
351	299	0	3.14905763	0.0113292708	0.011275501	0.0112025497	0.0113512597	1.16669865e-05	0.000205181211	0	100	0	0	3
352	300	0	3.15802931	0.0113021274	0.0112750566	0.0112025497	0.0113512597	1.12661624e-05	0.000205181211	0	100	0	0	3
353	301	0	3.16700098	0.0113315759	0.0112759724	0.0112025497	0.0113512597	1.01876681e-05	0.000205181211	0	100	0	0	3
354	301	0	3.17597265	0.0113157216	0.0112756289	0.0112025497	0.0113512597	1.00925797e-05	0.000205181211	0	100	0	0	3
355	302	0	3.18494433	0.0113581622	0.0112761468	0.0112025497	0.0113581622	9.31843838e-06	0.000205181211	0	100	0	0	3
356	303	0	3.193916	0.0113181684	0.0112762698	0.0112025497	0.0113581622	9.07005585e-06	0.000205181211	0	100	0	0	3
357	304	0	3.20288768	0.0113150725	0.0112761791	0.0112025497	0.0113581622	8.58286807e-06	0.000205181211	0	100	0	0	3
358	305	0	3.21185935	0.0112726028	0.0112752714	0.0112025497	0.0113581622	7.25628943e-06	0.000205181211	0	100	0	0	3
359	305	0	3.22083103	0.0112898218	0.0112753164	0.0112025497	0.0113581622	6.54793989e-06	0.000205181211	0	100	0	0	3
360	306	0	3.2298027	0.0112531697	0.0112744987	0.0112025497	0.0113581622	6.23617792e-06	0.000205181211	0	100	0	0	3
361	307	0	3.23877437	0.0112711649	0.0112748134	0.0112025497	0.0113581622	6.23617792e-06	0.000205181211	0	100	0	0	3
362	308	0	3.24774605	0.0112611884	0.0112742263	0.0112025497	0.0113581622	6.23617792e-06	0.000205181211	0	100	0	0	3
363	309	0	3.25671772	0.0113027822	0.0112756124	0.0112025497	0.0113581622	6.15393971e-06	0.000205181211	0	100	0	0	3
364	309	0	3.2656894	0.0112461554	0.0112750029	0.0112025497	0.0113581622	6.15393971e-06	0.000205181211	0	100	0	0	3
365	310	0	3.27466107	0.0112747692	0.0112755933	0.0112025497	0.0113581622	5.93117157e-06	0.000205181211	0	100	0	0	3
366	311	0	3.28363274	0.0112376456	0.0112748097	0.0112025497	0.0113581622	5.92104591e-06	0.000205181211	0	100	0	0	3
367	312	0	3.29260442	0.0112437114	0.0112753369	0.0112025497	0.0113581622	5.92104591e-06	0.000205181211	0	100	0	0	3
368	313	0	3.30157609	0.0112330998	0.0112747666	0.0112025497	0.0113581622	5.92104591e-06	0.000205181211	0	100	0	0	3
369	313	0	3.31054777	0.0112743531	0.0112757302	0.0112025497	0.0113581622	5.92104591e-06	0.000205181211	0	100	0	0	3
370	314	0	3.31951944	0.0112516228	0.0112755705	0.0112025497	0.0113581622	5.92104591e-06	0.000205181211	0	100	0	0	3
371	315	0	3.32849112	0.0112930815	0.0112771612	0.0112025497	0.0113581622	5.92104591e-06	0.000205181211	0	100	0	0	3
372	316	0	3.33746279	0.0112885341	0.0112775517	0.0112025497	0.0113581622	5.92104591e-06	0.000205181211	0	100	0	0	3
373	317	0	3.34643446	0.0112824256	0.0112783886	0.0112025497	0.0113581622	5.92104591e-06	0.000205181211	0	100	0	0	3
374	318	0	3.35540614	0.011267093	0.0112780318	0.0112025497	0.0113581622	5.92104591e-06	0.000205181211	0	100	0	0	3
375	318	0	3.36437781	0.011253255	0.0112784586	0.0112025497	0.0113581622	5.92104591e-06	0.000205181211	0	100	0	0	3
376	319	0	3.37334949	0.0112355145	0.0112775089	0.0112025497	0.0113581622	5.92104591e-06	0.000205181211	0	100	0	0	3
377	320	0	3.38232116	0.0112474009	0.011277959	0.0112025497	0.0113581622	5.92104591e-06	0.000205181211	0	100	0	0	3
378	321	0	3.39129283	0.0111964439	0.0112760724	0.0111964439	0.0113581622	5.92104591e-06	0.000205181211	0	100	0	0	3
379	322	0	3.40026451	0.01123744	0.0112758258	0.0111964439	0.0113581622	5.92104591e-06	0.000205181211	0	100	0	0	3
380	322	0	3.40923618	0.0112107315	0.0112745378	0.0111964439	0.0113581622	5.44923498e-06	0.000205181211	0	100	0	0	3
381	323	0	3.41820786	0.0112225001	0.0112742399	0.0111964439	0.0113581622	5.06567246e-06	0.000205181211	0	100	0	0	3
382	324	0	3.42717953	0.0112126141	0.0112738875	0.0111964439	0.0113581622	5.06567246e-06	0.000205181211	0	100	0	0	3
383	325	0	3.43615121	0.0112448399	0.0112746427	0.0111964439	0.0113581622	5.06567246e-06	0.000205181211	0	100	0	0	3
384	326	0	3.44512288	0.0112287085	0.0112744026	0.0111964439	0.0113581622	5.06567246e-06	0.000205181211	0	100	0	0	3
385	326	0	3.45409455	0.0112021801	0.0112743776	0.0111964439	0.0113581622	5.06567246e-06	0.000205181211	0	100	0	0	3
386	327	0	3.46306623	0.0112369598	0.0112737505	0.0111964439	0.0113581622	5.06567246e-06	0.000205181211	0	100	0	0	3
387	328	0	3.4720379	0.0112765795	0.0112740765	0.0111964439	0.0113581622	5.06567246e-06	0.000205181211	0	100	0	0	3
388	329	0	3.48100958	0.0112653771	0.0112734406	0.0111964439	0.0113581622	5.06567246e-06	0.000205181211	0	100	0	0	3
389	330	0	3.48998125	0.011249119	0.0112735244	0.0111964439	0.0113581622	5.06567246e-06	0.000205181211	0	100	0	0	3
390	331	0	3.49895292	0.0112835528	0.0112735531	0.0111964439	0.0113581622	5.06567246e-06	0.000205181211	0	100	0	0	3
391	331	0	3.5079246	0.0113321577	0.0112750363	0.0111964439	0.0113581622	5.06567246e-06	0.000205181211	0	100	0	0	3
392	332	0	3.51689627	0.0113071685	0.0112753389	0.0111964439	0.0113581622	5.06567246e-06	0.000205181211	0	100	0	0	3
393	333	0	3.52586795	0.0112856622	0.01127598	0.0111964439	0.0113581622	5.06567246e-06	0.000205181211	0	100	0	0	3
394	334	0	3.53483962	0.0113088025	0.0112759912	0.0111964439	0.0113581622	5.06567246e-06	0.000205181211	0	100	0	0	3
395	335	0	3.5438113	0.0113482855	0.0112771814	0.0111964439	0.0113581622	5.06567246e-06	0.000205181211	0	100	0	0	3
396	336	0	3.55278297	0.0113062421	0.0112770003	0.0111964439	0.0113581622	5.06567246e-06	0.000205181211	0	100	0	0	3
397	336	0	3.56175464	0.0113191592	0.0112781802	0.0111964439	0.0113581622	5.06567246e-06	0.000205181211	0	100	0	0	3
398	337	0	3.57072632	0.0112836741	0.0112779669	0.0111964439	0.0113581622	5.06567246e-06	0.000205181211	0	100	0	0	3
399	338	0	3.57969799	0.0113123372	0.0112781364	0.0111964439	0.0113581622	5.06567246e-06	0.000205181211	0	100	0	0	3
400	339	0	3.58866967	0.0112502998	0.0112776336	0.0111964439	0.0113581622	5.01796849e-06	0.000205181211	0	100	0	0	3
401	343	0	3.59764134	0.0112962875	0.0112771613	0.0111964439	0.0113581622	5.01796849e-06	0.000205181211	0	100	0	0	3
402	344	0	3.60661301	0.0112642658	0.0112765997	0.0111964439	0.0113581622	5.01796849e-06	0.000205181211	0	100	0	0	3
403	345	0	3.61558469	0.0112671263	0.0112750973	0.0111964439	0.0113581622	5.01796849e-06	0.000205181211	0	100	0	0	3
404	346	0	3.62455636	0.0112393598	0.0112739567	0.0111964439	0.0113581622	5.01796849e-06	0.000205181211	0	100	0	0	3
405	347	0	3.63352804	0.0112610158	0.0112729125	0.0111964439	0.0113581622	5.54609625e-06	0.000205181211	0	100	0	0	3
406	347	0	3.64249971	0.011231552	0.0112719631	0.0111964439	0.0113581622	6.49546736e-06	0.000205181211	0	100	0	0	3
407	348	0	3.65147139	0.0112434036	0.0112704297	0.0111964439	0.0113581622	8.02881013e-06	0.000205181211	0	100	0	0	3
408	349	0	3.66044306	0.011245586	0.0112694201	0.0111964439	0.0113581622	9.03847908e-06	0.000205181211	0	100	0	0	3
409	350	0	3.66941473	0.0112866784	0.0112686183	0.0111964439	0.0113581622	9.84022113e-06	0.000205181211	0	100	0	0	3
410	351	0	3.67838641	0.0112709205	0.0112678183	0.0111964439	0.0113581622	1.06402417e-05	0.000205181211	0	100	0	0	3
411	352	0	3.68735808	0.011275187	0.0112663366	0.0111964439	0.0113482855	1.21219408e-05	0.000205181211	0	100	0	0	3
412	352	0	3.69632976	0.0112592858	0.0112652851	0.0111964439	0.0113482855	1.31734157e-05	0.000205181211	0	100	0	0	3
413	353	0	3.70530143	0.0112806576	0.0112646706	0.0111964439	0.0113482855	1.37879664e-05	0.000205181211	0	100	0	0	3
414	354	0	3.7142731	0.0112586862	0.0112644221	0.0111964439	0.0113482855	1.40364773e-05	0.000205181211	0	100	0	0	3
415	355	0	3.72324478	0.0112671154	0.0112640166	0.0111964439	0.0113482855	1.4441949e-05	0.000205181211	0	100	0	0	3
416	356	0	3.73221645	0.01127648	0.0112644329	0.0111964439	0.0113482855	1.4441949e-05	0.000205181211	0	100	0	0	3
417	356	0	3.74118813	0.0113128346	0.011265177	0.0111964439	0.0113482855	1.4441949e-05	0.000205181211	0	100	0	0	3
418	357	0	3.7501598	0.011293534	0.0112657546	0.0111964439	0.0113482855	1.4441949e-05	0.000205181211	0	100	0	0	3
419	358	0	3.75913148	0.0112879603	0.0112654899	0.0111964439	0.0113482855	1.4441949e-05	0.000205181211	0	100	0	0	3
420	359	0	3.76810315	0.0112607336	0.0112657502	0.0111964439	0.0113482855	1.4441949e-05	0.000205181211	0	100	0	0	3
421	360	0	3.77707482	0.0112747961	0.0112657507	0.0111964439	0.0113482855	1.4441949e-05	0.000205181211	0	100	0	0	3
422	361	0	3.7860465	0.0112377447	0.0112657525	0.0111964439	0.0113482855	1.4441949e-05	0.000205181211	0	100	0	0	3
423	361	0	3.79501817	0.0112837808	0.011266468	0.0111964439	0.0113482855	1.4441949e-05	0.000205181211	0	100	0	0	3
424	362	0	3.80398985	0.011286266	0.0112674174	0.0111964439	0.0113482855	1.4441949e-05	0.000205181211	0	100	0	0	3
425	363	0	3.81296152	0.0112696935	0.0112673342	0.0111964439	0.0113482855	1.4441949e-05	0.000205181211	0	100	0	0	3
426	364	0	3.82193319	0.0113038419	0.0112682667	0.0111964439	0.0113482855	1.4441949e-05	0.000205181211	0	100	0	0	3
427	364	0	3.83090487	0.0113261103	0.0112688565	0.0111964439	0.0113482855	1.4441949e-05	0.000205181211	0	100	0	0	3
428	365	0	3.83987654	0.011287872	0.0112688446	0.0111964439	0.0113482855	1.4441949e-05	0.000205181211	0	100	0	0	3
429	366	0	3.84884822	0.0112787104	0.0112687783	0.0111964439	0.0113482855	1.4441949e-05	0.000205181211	0	100	0	0	3
430	367	0	3.85781989	0.0112585596	0.0112686259	0.0111964439	0.0113482855	1.4441949e-05	0.000205181211	0	100	0	0	3
431	368	0	3.86679157	0.011283676	0.0112691691	0.0111964439	0.0113482855	1.41636429e-05	0.000205181211	0	100	0	0	3
432	368	0	3.87576324	0.0112525644	0.0112694736	0.0111964439	0.0113482855	1.41636429e-05	0.000205181211	0	100	0	0	3
433	369	0	3.88473491	0.0113014767	0.0112704392	0.0111964439	0.0113482855	1.41636429e-05	0.000205181211	0	100	0	0	3
434	370	0	3.89370659	0.0112911858	0.0112721311	0.0112021801	0.0113482855	1.41636429e-05	0.000205181211	0	100	0	0	3
435	371	0	3.90267826	0.0112978735	0.0112732102	0.0112021801	0.0113482855	1.41636429e-05	0.000205181211	0	100	0	0	3
436	372	0	3.91164994	0.0112791318	0.0112744317	0.0112021801	0.0113482855	1.41636429e-05	0.000205181211	0	100	0	0	3
437	373	0	3.92062161	0.0112931099	0.0112756926	0.0112021801	0.0113482855	1.41636429e-05	0.000205181211	0	100	0	0	3
438	373	0	3.92959328	0.0112633569	0.0112765987	0.0112021801	0.0113482855	1.41636429e-05	0.000205181211	0	100	0	0	3
439	374	0	3.93856496	0.0112626211	0.0112769162	0.0112021801	0.0113482855	1.41636429e-05	0.000205181211	0	100	0	0	3
440	375	0	3.94753663	0.0112585801	0.0112774496	0.0112021801	0.0113482855	1.41636429e-05	0.000205181211	0	100	0	0	3
441	376	0	3.95650831	0.0112942428	0.0112790936	0.011231552	0.0113482855	1.50769951e-05	0.000205181211	0	100	0	0	3
442	377	0	3.96547998	0.0112680753	0.0112796492	0.011231552	0.0113482855	1.56326283e-05	0.000205181211	0	100	0	0	3
443	377	0	3.97445166	0.011312872	0.0112802973	0.011231552	0.0113482855	1.62807087e-05	0.000205181211	0	100	0	0	3
444	378	0	3.98342333	0.0112897044	0.0112807317	0.011231552	0.0113482855	1.67151249e-05	0.000205181211	0	100	0	0	3
445	379	0	3.992395	0.0112822286	0.011281323	0.011231552	0.0113482855	1.73063679e-05	0.000205181211	0	100	0	0	3
446	380	0	4.00136668	0.0112593397	0.0112808906	0.011231552	0.0113482855	1.73063679e-05	0.000205181211	0	100	0	0	3
